addr,status,reason,circ,guard_fp,middle_fp,exit_fp,hsdir_fp,start,end
cflareub6dtu7nvs3kqmoigcjdwap2azrkx5zohb2yk7gqjkwoyotwqd,received,,,,,,1CBFDCABD9012B06471FF868FE02B6BCC0133520,2020-08-26 21:31:41.024000,2020-08-26 21:31:41.760000
eqpr3yuynln7l2el,failed,not_found,6,14D57DEDF0A4554A2D21AD53CCCC43E31158C733,FE1AF5E909002134BFF834F4AD5E1DE723779002,A480D8C9F9B1112E47C24E33DAC0419CAF1A821A,1A6CD4A78BC5A4F19CF2F27C4AB32E44C8B20769,2020-08-26 21:31:42.040000,2020-08-26 21:31:42.738000
eqpr3yuynln7l2el,failed,not_found,12,14D57DEDF0A4554A2D21AD53CCCC43E31158C733,605EE4375EE4C38215C8949F5808863749FD4F4A,04DFE047ACDF7A6620ACA782FAFC5EF1AE7F4754,1A90B9C24AAF9564D23761977E496A1066E0AD67,2020-08-26 21:31:42.739000,2020-08-26 21:31:44.279000
eqpr3yuynln7l2el,failed,not_found,22,14D57DEDF0A4554A2D21AD53CCCC43E31158C733,68F175CCABE727AA2D2309BCD8789499CEE36ED7,3CE90527D5712296B58E7EB7CD57F7D388D25FBB,C55AC4238C66CE8D00838572D563A284DBEF0228,2020-08-26 21:31:44.279000,2020-08-26 21:31:45.286000
eqpr3yuynln7l2el,failed,not_found,32,14D57DEDF0A4554A2D21AD53CCCC43E31158C733,25B62C177559D53BDFC26C6EC31CBC25307196B1,DCE5AA5B2287663BE7DBE9C87635FA846138D9A6,1AAC19D892F84910AB94C45092241ABA3CFC4C89,2020-08-26 21:31:45.287000,2020-08-26 21:31:46.476000
eqpr3yuynln7l2el,failed,not_found,43,14D57DEDF0A4554A2D21AD53CCCC43E31158C733,82ED9AEC94184EC6DD299A5CDB3378B04BB17489,A9406A006D6E7B5DA30F2C6D4E42A338B5E340B2,C59E079437340E3AD14E6785C0A91A5B6F328566,2020-08-26 21:31:46.476000,2020-08-26 21:31:47.448000
eqpr3yuynln7l2el,failed,not_found,59,14D57DEDF0A4554A2D21AD53CCCC43E31158C733,FA1845C313B88EF49E8BE1F23B02CD0AC702B636,CE6813FEA256EE63BCD2A178E453202BFAA64FA7,C577C56EAD654C829D1FF2F86133F89A1A59AA89,2020-08-26 21:31:47.449000,2020-08-26 21:31:48.238000
lv7rfyagjqleq7pa,failed,not_found,115,14D57DEDF0A4554A2D21AD53CCCC43E31158C733,C2F7FD58C2798CB4534540763B506D7C943F64AA,090D9C16DC1A1A9402E7945E389DD445BB239BED,651FBC7D8C75C86CF9609E8B572DB7715E3FE1DA,2020-08-26 21:31:42.046000,2020-08-26 21:31:53.999000
lv7rfyagjqleq7pa,failed,not_found,196,14D57DEDF0A4554A2D21AD53CCCC43E31158C733,E7EF73B4722CFAF0E8AA2151D3AA78701DE5F19B,0042B9F5B608D06DBFF5C075C84F2BBB9B294A5B,669E5034B6DE2E2C7CFBCF9EAC8D9F5A47757996,2020-08-26 21:31:54,2020-08-26 21:31:55.396000
lv7rfyagjqleq7pa,failed,not_found,214,14D57DEDF0A4554A2D21AD53CCCC43E31158C733,C2C2B839F4CFFA5F7B7A40CB0BE84F7D948CB510,63BF46A63F9C21FD315CD061B3EAA3EB05283A0A,66905A83A4858A4DD075AEA0514377A9F59E110D,2020-08-26 21:31:55.396000,2020-08-26 21:31:56.068000
lv7rfyagjqleq7pa,failed,not_found,226,14D57DEDF0A4554A2D21AD53CCCC43E31158C733,177AA760E7F76B259CF26023D793188AE8DC9A6E,169535CC4C75FF79C6D548D41720064EE4FE61D2,66983A6D2B17AF134C28FC1A950A22AC88546593,2020-08-26 21:31:56.069000,2020-08-26 21:31:57.425000
lv7rfyagjqleq7pa,failed,not_found,253,14D57DEDF0A4554A2D21AD53CCCC43E31158C733,7272FA27A7F99E88D59BE2018E3F14FB88BF9786,61004152C709672EE739F2667B56EF5550A51332,64FC9B3852BA7EC74E79BD4099D850C338009E77,2020-08-26 21:31:57.426000,2020-08-26 21:31:58.230000
lv7rfyagjqleq7pa,failed,not_found,275,14D57DEDF0A4554A2D21AD53CCCC43E31158C733,9E4CC64C4F94C359D43C5BA09094323FDBEFD975,101C18886B30BB23B36CBAAD159261188852E112,651A05E6651DDA283B85223303A01066B1FFAEF8,2020-08-26 21:31:58.231000,2020-08-26 21:31:59.116000
lvnryswpjb6vym5f,failed,not_found,10,14D57DEDF0A4554A2D21AD53CCCC43E31158C733,A2F7674E837C4131D70A840262AFC269801F14BA,8CDF2F3A8ABD834CF9F3E8FC202DF64625BFB443,1AE039EE0B11DB79E4B4B29CBA9F752864A0259E,2020-08-26 21:31:42.049000,2020-08-26 21:31:42.781000
lvnryswpjb6vym5f,failed,not_found,13,14D57DEDF0A4554A2D21AD53CCCC43E31158C733,0CB40D12177CBABAB87652BBFC00A7E6F4434D3E,65E40F7EDD28E2CF28684E30E0BAB7706819CFC3,1AE180250D80A692077EDA35CC8E7387A9FDF220,2020-08-26 21:31:42.782000,2020-08-26 21:31:43.619000
lvnryswpjb6vym5f,failed,not_found,18,14D57DEDF0A4554A2D21AD53CCCC43E31158C733,F641F043D50CEFA07EE41EB284466458788808ED,CB72A74E8197DF3B33EE6A0895E5BB871D10CF92,CD5316A75554C2DADB87EF3624E95D848C309CE8,2020-08-26 21:31:43.619000,2020-08-26 21:31:44.528000
lvnryswpjb6vym5f,failed,not_found,23,14D57DEDF0A4554A2D21AD53CCCC43E31158C733,8BE79CE3261C027CE94F84D6CBE45F03BE9B8B59,99339F3E68BCCC1391BF14C821D80766FE0C5956,CD39C258265B25EAA4ABA4FDCB2DF98104CAA362,2020-08-26 21:31:44.529000,2020-08-26 21:31:45.432000
lvnryswpjb6vym5f,,,,,,,1ADD9341344FC0B459D467A5E4351BB9A3CA16AA,2020-08-26 21:31:45.433000,
cgydmv4ylpz3zhru,failed,not_found,11,14D57DEDF0A4554A2D21AD53CCCC43E31158C733,5EF0AAAEEE7B1282DA0DBAB94669B73E39DD51B6,58F3E2956EABB81F673E2FB90E16E001DB4AC3AE,A123F404BD9A15D96CC7930C2BE28103341AC68B,2020-08-26 21:31:43.043000,2020-08-26 21:31:43.442000
cgydmv4ylpz3zhru,failed,not_found,16,14D57DEDF0A4554A2D21AD53CCCC43E31158C733,539ABCC9AF0FD80278E89457A1663DABAEBF81DD,4E98AA295B7171996D18DD1F6A19F64AB4036B4A,ECD596275BBD4B19157001E84C5726DB44783DA5,2020-08-26 21:31:43.442000,2020-08-26 21:31:44.673000
cgydmv4ylpz3zhru,failed,not_found,25,14D57DEDF0A4554A2D21AD53CCCC43E31158C733,0CE3B73DDFF92FF6653A9C7F9003A32BB6C2364D,225A8EA367DF3073433E0A845DDDA26D2357E4C6,ECF1B53C3096AD1E75C1995F575F490B0F61AA97,2020-08-26 21:31:44.673000,2020-08-26 21:31:45.654000
cgydmv4ylpz3zhru,failed,not_found,116,14D57DEDF0A4554A2D21AD53CCCC43E31158C733,1FDF4D0660A7497222C3BA24FEEA316244093CD7,5D2A8CAA119D0528722C2438350FAB0C8DE01AB7,ED0BBC5BDDEB3EEF837B7F13BD8BB6AC64D084BB,2020-08-26 21:31:45.655000,2020-08-26 21:31:51.889000
cgydmv4ylpz3zhru,failed,not_found,150,14D57DEDF0A4554A2D21AD53CCCC43E31158C733,745369332749021C6FAF100D327BC3BF1DF4707B,20FD9F93C8C67E198929FD9A0B8ED84134877FBB,A10C4F666D27364036B562823E5830BC448E046A,2020-08-26 21:31:51.890000,2020-08-26 21:31:53.718000
cgydmv4ylpz3zhru,failed,not_found,192,14D57DEDF0A4554A2D21AD53CCCC43E31158C733,D8EA105E79803FB0040A8C2A676D93DAEA2CFFF0,6B9EA8927AB6E94E216067E65372182343A5AFA2,A13281DBD8F8E484E95DD273B3EE7FC14C1B0A7A,2020-08-26 21:31:53.718000,2020-08-26 21:31:54.548000
lrjbkln5sg32qglx,failed,not_found,14,14D57DEDF0A4554A2D21AD53CCCC43E31158C733,AE236568ED01527850FA0D5BEFBBF6C6BDA47AF0,6976F96B04FC4CF21AE277C54F582E76C714B686,987D0706D42070F1E2142A9FCCB56B3887808D34,2020-08-26 21:31:43.048000,2020-08-26 21:31:46.994000
lrjbkln5sg32qglx,failed,not_found,53,14D57DEDF0A4554A2D21AD53CCCC43E31158C733,3DC748C2DFF1F8E9DA5626BB3CBAAFF31D706C10,B22C4BF9747DBBC843F1BBBA272FDB7B6045EB01,00342C0E155D4542E55391788B2D779F14578DEB,2020-08-26 21:31:46.995000,2020-08-26 21:31:48.795000
lrjbkln5sg32qglx,failed,not_found,82,14D57DEDF0A4554A2D21AD53CCCC43E31158C733,5A224EFAC453F7EF2D0435E336890DECDC5CEBFD,98325A5EBC4ABD0C94C11B43C254102BE19C5AAB,003BFA1B6CC5CBEFD5D0082F8FC9AF2A8868A8FB,2020-08-26 21:31:48.796000,2020-08-26 21:31:50.358000
lrjbkln5sg32qglx,failed,not_found,112,14D57DEDF0A4554A2D21AD53CCCC43E31158C733,0C6CA58153400FA077EABB14773E36FD61BF0D75,E5507444DAC04539B8DC624299616141B0DB64D5,98867F5242505A2DD581C85B1CE256090B87F138,2020-08-26 21:31:50.358000,2020-08-26 21:31:51.092000
lrjbkln5sg32qglx,failed,not_found,134,14D57DEDF0A4554A2D21AD53CCCC43E31158C733,8A41E7DE5113D0877FD335EE84670DFC0A9C3FA2,EC4AD91674B5AFECCA117A396776F120651E55BF,0020D8A204A81FC8C8A1D79E2324621705DE4F2F,2020-08-26 21:31:51.092000,2020-08-26 21:31:52.062000
lrjbkln5sg32qglx,failed,not_found,152,14D57DEDF0A4554A2D21AD53CCCC43E31158C733,27B90919AADA44C9B6C74E2A437F37730129E0C3,43FF3346A3F8E4ED27F631DC956C4CD8D6173D7A,988625BFD9E9B23B35C590250407486F28FF8FFC,2020-08-26 21:31:52.062000,2020-08-26 21:31:52.811000
dr7t7quelezqxx7s,failed,not_found,15,14D57DEDF0A4554A2D21AD53CCCC43E31158C733,08E9530B399F7A71936066586B31A66877066458,8E39881472946D5BBE41765470D9E3099A0EB4C7,52E4804A8DB55F79604AC03611226820AEDA1BFA,2020-08-26 21:31:43.051000,2020-08-26 21:31:44.152000
dr7t7quelezqxx7s,failed,not_found,21,14D57DEDF0A4554A2D21AD53CCCC43E31158C733,C5BF27560E4B007365FBA96D32F9E74614218C8E,F94A7BAC5D1E3D9372437141E10695A625B8B533,C86F7CB21341970DEDF4B6017CCE5F41D7179289,2020-08-26 21:31:44.152000,2020-08-26 21:31:44.989000
dr7t7quelezqxx7s,failed,not_found,27,14D57DEDF0A4554A2D21AD53CCCC43E31158C733,44BD70C13DAA7513D6F47773804178B009F21ED5,3DC748C2DFF1F8E9DA5626BB3CBAAFF31D706C10,530756463FC7C1C012C47C87347397CAEFE3F9CB,2020-08-26 21:31:44.990000,2020-08-26 21:31:46.567000
dr7t7quelezqxx7s,failed,not_found,52,14D57DEDF0A4554A2D21AD53CCCC43E31158C733,50C7B836942F14BDF1541B017CF21FD03F354E13,2D70583AFDE90C7C3D9CFF9F0C076F0C022CC29C,C81B6B1A13CC474700D0F3FCAE9533E2BAFAC3DD,2020-08-26 21:31:46.568000,2020-08-26 21:31:47.647000
dr7t7quelezqxx7s,failed,not_found,66,14D57DEDF0A4554A2D21AD53CCCC43E31158C733,58FC2AAB3792AC37897D34331F4F4E00341DEC0C,1D54F7CCB7C7A185EE8AA5616C079DD923EB57F2,530277866466A1425F43A73DBFCB5FC7410C9852,2020-08-26 21:31:47.648000,2020-08-26 21:31:48.650000
dr7t7quelezqxx7s,failed,not_found,80,14D57DEDF0A4554A2D21AD53CCCC43E31158C733,400C053623F36C5C3D1CFC73F1AB9DA6E24DEEB7,FC1E441E097BA36930AA2F615EFB325AF76D2595,C86C538EF0A24E010342F30DBCACC2A7EB7CA833,2020-08-26 21:31:48.651000,2020-08-26 21:31:49.344000
imayuxd4epuyhvld,failed,not_found,19,14D57DEDF0A4554A2D21AD53CCCC43E31158C733,FE1AF5E909002134BFF834F4AD5E1DE723779002,454BE75256A4A5EC2B7FE2EB2E1C62F2736AB175,56927E61B51E6F363FB55498150A6DDFCF7077F2,2020-08-26 21:31:44.046000,2020-08-26 21:31:44.739000
imayuxd4epuyhvld,failed,not_found,26,14D57DEDF0A4554A2D21AD53CCCC43E31158C733,9E6BA60AFBF9A4946A52770ABCDFC95703DAD6CB,CF6A6080091BB210AA3892FEFE2F6A396DA08DF3,56790A763A29243290D37D58F01E4F45776B0D7A,2020-08-26 21:31:44.740000,2020-08-26 21:31:45.518000
imayuxd4epuyhvld,failed,not_found,34,14D57DEDF0A4554A2D21AD53CCCC43E31158C733,562434D987CF49D45649B76ADCA993BEA8F78471,B5053ABFF845C96B1DD8F45DCF32E6BE1E63F127,568E434F725B7828D17EF2B33C2F5CC84F18FCE3,2020-08-26 21:31:45.519000,2020-08-26 21:31:46.761000
imayuxd4epuyhvld,failed,not_found,48,14D57DEDF0A4554A2D21AD53CCCC43E31158C733,33D88F331408141F2A2CC563239E54E48F7A211B,963879BB424D9A637A63105D5C26A2453C2C2272,322C6E3A973BC10FC36DE3037AD27BC89F14723B,2020-08-26 21:31:46.761000,2020-08-26 21:31:47.531000
imayuxd4epuyhvld,failed,not_found,61,14D57DEDF0A4554A2D21AD53CCCC43E31158C733,128D16508676598DC8C7465CC5A87A338208466C,3FE39429CB7077BBB13D2774591A1B80EE493742,322BB33F4887230B0767F54BA08A450B68D777F2,2020-08-26 21:31:47.532000,2020-08-26 21:31:48.514000
imayuxd4epuyhvld,failed,not_found,77,14D57DEDF0A4554A2D21AD53CCCC43E31158C733,AC6EB3329568ACBC9BD1CACE8668416AFAA6E8C3,0FF9E71478E9B35216D92F73A54969853EB5D4E9,3239007CE1FB2ECDFDF2067DF23B949295DC5EF6,2020-08-26 21:31:48.515000,2020-08-26 21:31:49.624000
nzfca6xge7fxzlyy,failed,not_found,17,14D57DEDF0A4554A2D21AD53CCCC43E31158C733,3A9443710224E5182895C342D1D36C1D460A1206,38DC78302D5CB107B6D5CCC02EE4D8773AA910DE,E7F857B4B22749220BB5F0316A0A38B713DC9DAB,2020-08-26 21:31:44.047000,2020-08-26 21:31:45.166000
nzfca6xge7fxzlyy,failed,not_found,31,14D57DEDF0A4554A2D21AD53CCCC43E31158C733,38DC78302D5CB107B6D5CCC02EE4D8773AA910DE,6164E556022205014682F3EDF7C06D3898309FEA,E7EF73B4722CFAF0E8AA2151D3AA78701DE5F19B,2020-08-26 21:31:45.167000,2020-08-26 21:31:46.536000
nzfca6xge7fxzlyy,failed,not_found,44,14D57DEDF0A4554A2D21AD53CCCC43E31158C733,AC00AEBA1AE2A80CF4184C4362157BF91487B902,EC4AD91674B5AFECCA117A396776F120651E55BF,4E0A9957FDBA7418AF82A3CBFCB53D8B8D97FC8E,2020-08-26 21:31:46.536000,2020-08-26 21:31:47.502000
nzfca6xge7fxzlyy,failed,not_found,60,14D57DEDF0A4554A2D21AD53CCCC43E31158C733,CBD0D1BD110EC52963082D839AC6A89D0AE243E7,0C41DC37946901C297626C0D1ABF68423947DDE5,E7C1FAFB7525149A0E911512F511D942BA5EEAAF,2020-08-26 21:31:47.503000,2020-08-26 21:31:49.157000
nzfca6xge7fxzlyy,failed,not_found,93,14D57DEDF0A4554A2D21AD53CCCC43E31158C733,0F6E56C326DC9719942E8BBA58C22F71332DA891,1CDCB48F64E21D5ACAFE2471912E2E76F600EDFA,4DD11C3F11F5E2891D57EF9F7DF43BEE1B514FCE,2020-08-26 21:31:49.158000,2020-08-26 21:31:50.203000
nzfca6xge7fxzlyy,failed,not_found,110,14D57DEDF0A4554A2D21AD53CCCC43E31158C733,447D9D775E89F81D512BBE4DCC0BC23BD078320B,D6C75D06698F08DBE77B56ECBD5216805B82068F,4DE4F06C019EC4814D486524C2A282C1DC7653DE,2020-08-26 21:31:50.204000,2020-08-26 21:31:51.225000
gzdyss3ry63shc7a,failed,not_found,20,14D57DEDF0A4554A2D21AD53CCCC43E31158C733,F2D6EB211744D41DC41CCB62BF1C3246D24B42A2,9DE28ADDA6032C504947F6F90CC686711D215A66,ADE226D8CEA7F9FABF69D24DCFF0BDEC5D4B2B6C,2020-08-26 21:31:44.050000,2020-08-26 21:31:45.104000
gzdyss3ry63shc7a,failed,not_found,30,14D57DEDF0A4554A2D21AD53CCCC43E31158C733,8C00FA7369A7A308F6A137600F0FA07990D9D451,003BFA1B6CC5CBEFD5D0082F8FC9AF2A8868A8FB,ADC4E832DC8A3D9242FFA6424A99BD55EBA1403B,2020-08-26 21:31:45.105000,2020-08-26 21:31:46.080000
gzdyss3ry63shc7a,failed,not_found,41,14D57DEDF0A4554A2D21AD53CCCC43E31158C733,8C9704A8068E46CD91287DE3C332EFE2E21C685A,F9674F45A25CAA977E7B872807E0A070C121F5FA,ADD35A22BF77D56AFC18CF58E5D8E2604B8985CF,2020-08-26 21:31:46.080000,2020-08-26 21:31:46.896000
gzdyss3ry63shc7a,failed,not_found,50,14D57DEDF0A4554A2D21AD53CCCC43E31158C733,F4F92D8B840C2D053197AC3EF9C58F3DCFBB20FE,3F43D0584A2613C9DB631382FF486DC6B95EA1C8,60685893A57D66562A0754BEE3B6A6E68082C8BE,2020-08-26 21:31:46.897000,2020-08-26 21:31:47.590000
gzdyss3ry63shc7a,failed,not_found,63,14D57DEDF0A4554A2D21AD53CCCC43E31158C733,BF7BFCB3096FC81FBD0B7ADA66164431EC7FD117,EC34FAA0410F22864DAAAFAD2188A5AAE80CB062,5FF02D4113F0A6888D0A2EE6C57C61A158B7550C,2020-08-26 21:31:47.592000,2020-08-26 21:31:50.393000
gzdyss3ry63shc7a,failed,not_found,113,14D57DEDF0A4554A2D21AD53CCCC43E31158C733,79E3B585803DE805CCBC00C1EF36B1E74372861D,CD39C258265B25EAA4ABA4FDCB2DF98104CAA362,5FE83AD106B498D5A3EA7A48FB73749AF2897E5B,2020-08-26 21:31:50.394000,2020-08-26 21:31:51.947000
zpyz7cglzn4bqz5q,failed,not_found,24,14D57DEDF0A4554A2D21AD53CCCC43E31158C733,A1BBCBEC113DAAC7F17E7A7E698AAA7B147D691A,71D15B4A7DD9FB70B0E1439F7D350B8FACCFC306,17C29FA0BF1CC9E25007C7029683576162C4E688,2020-08-26 21:31:45.046000,2020-08-26 21:31:45.573000
zpyz7cglzn4bqz5q,failed,not_found,35,14D57DEDF0A4554A2D21AD53CCCC43E31158C733,9BE181C94EB3675F69BE0919D48CD67DD6D0C277,9149A87E1C8AD684494580FBB3F65AD131A77C56,FF891D6EB596CD4E1CAD2F058EB4D1657260B525,2020-08-26 21:31:45.574000,2020-08-26 21:31:46.896000
zpyz7cglzn4bqz5q,failed,not_found,49,14D57DEDF0A4554A2D21AD53CCCC43E31158C733,28912DC1BB58E60F9F5A142B99B8EAEBBCF0F6C1,861BCFDD148973985E7FE97C7455C9E4AC4E13BE,180A5BCC01866E09E4D229B6C084CD1E3C75636F,2020-08-26 21:31:46.896000,2020-08-26 21:31:47.607000
zpyz7cglzn4bqz5q,failed,not_found,64,14D57DEDF0A4554A2D21AD53CCCC43E31158C733,0B58A95E539FFA6C05C010F5C1DA35FB8038E3A8,E00DFD54DC165D5452FBD3530D30186DAD016A0C,17DFC973552153CCB4FE02082FC19D5DB234128B,2020-08-26 21:31:47.607000,2020-08-26 21:31:49.065000
zpyz7cglzn4bqz5q,failed,not_found,88,14D57DEDF0A4554A2D21AD53CCCC43E31158C733,6D6EC2A2E2ED8BFF2D4834F8D669D82FC2A9FA8D,87EA8B42136D1F9014BE377B2B985459D19E6E70,FF87E49EF33078B04A5DE26AAE170DDF8BAE139F,2020-08-26 21:31:49.067000,2020-08-26 21:31:49.608000
zpyz7cglzn4bqz5q,failed,not_found,99,14D57DEDF0A4554A2D21AD53CCCC43E31158C733,63B32F7E5389E8DBC5E1BCEFE48312DA7CCEF5D6,AFF320BA96E4338B61A008D2CA250FFE0E23B09C,FF8F56B5E1A36341F84FF72927CEB3F0AC6BC6A9,2020-08-26 21:31:49.608000,2020-08-26 21:31:50.268000
rmppf6edosibk7sr,failed,not_found,28,14D57DEDF0A4554A2D21AD53CCCC43E31158C733,C87A4D8B534F78FDF0F4639B55F121401FEF259C,D5A2B3AE1E8047017A0BBC7209FD624DB84D47CE,0451F142D2EF187FABB9A9A17725DA6C51BA3978,2020-08-26 21:31:45.051000,2020-08-26 21:31:47.118000
rmppf6edosibk7sr,failed,not_found,46,14D57DEDF0A4554A2D21AD53CCCC43E31158C733,0BBEE90C814F9DFD2135890CA20FCD37C695BA64,10A5EFCCD2FB9C1A4AC20FB779A5DB11B58957A7,046F2D59A85FAE693676A87533717C57436261C2,2020-08-26 21:31:47.119000,2020-08-26 21:31:47.735000
rmppf6edosibk7sr,failed,not_found,68,14D57DEDF0A4554A2D21AD53CCCC43E31158C733,1FC89C159EA0F96D52D8A7092BF938C509DB6984,648E97719EDEC4F0E08F1CEB8D24F2C8F587344C,FFBC69467B37D6AC66598BBD295F9B0D74119ADC,2020-08-26 21:31:47.735000,2020-08-26 21:31:48.853000
rmppf6edosibk7sr,failed,not_found,85,14D57DEDF0A4554A2D21AD53CCCC43E31158C733,5DBAFEE3BF786896947F805EE3B3BD5C986506B0,4C79714A9BDDB6CF8F4C42AF0AFA6E2F12151FDE,FFA72BD683BC2FCF988356E6BEC1E490F313FB07,2020-08-26 21:31:48.853000,2020-08-26 21:31:49.729000
rmppf6edosibk7sr,failed,not_found,103,14D57DEDF0A4554A2D21AD53CCCC43E31158C733,201A38EB5484A1407436125753A316C81EF50678,D5C6F62A5D1B3C711CA5E6F9D3772A432E96F6C2,FFB3455EC1DD7EEF917BE944365C8C362746F7FD,2020-08-26 21:31:49.730000,2020-08-26 21:31:50.850000
rmppf6edosibk7sr,failed,not_found,126,14D57DEDF0A4554A2D21AD53CCCC43E31158C733,1A020A414D8AB25F54415C8C1E75A5562A9DD9A6,861BCFDD148973985E7FE97C7455C9E4AC4E13BE,0485027A0A349D454D978F6C1CECDD29EA17769A,2020-08-26 21:31:50.850000,2020-08-26 21:31:51.622000
67vnfj7sb2em2mtj,failed,not_found,29,14D57DEDF0A4554A2D21AD53CCCC43E31158C733,A663B92E46CBCA08DA8EC5207EEB29B34D3A803D,E577304251F48A85CC0039B659698C7673F721D3,68EBC7615E7DE318C6B9AA530EFD6E20FDE8DF9A,2020-08-26 21:31:45.055000,2020-08-26 21:31:46.741000
67vnfj7sb2em2mtj,failed,not_found,47,14D57DEDF0A4554A2D21AD53CCCC43E31158C733,3CE90527D5712296B58E7EB7CD57F7D388D25FBB,BD2A34ADE4E603A272FAAD23AEF389801BB223BB,0011BD2485AD45D984EC4159C88FC066E5E3300E,2020-08-26 21:31:46.742000,2020-08-26 21:31:47.547000
67vnfj7sb2em2mtj,failed,not_found,62,14D57DEDF0A4554A2D21AD53CCCC43E31158C733,4FF53BC47097B50DA5B68D72C5B25CC079F4A787,02928855BFAD787F8B363F21860D1E7D156E0655,FFF78C44BA6E6B6F7525095BBE14EF7CBEB89744,2020-08-26 21:31:47.547000,2020-08-26 21:31:48.290000
67vnfj7sb2em2mtj,failed,not_found,149,14D57DEDF0A4554A2D21AD53CCCC43E31158C733,C7E332093AD8D8CBBED8AA6136BDDBC337A87BF4,9E6BA60AFBF9A4946A52770ABCDFC95703DAD6CB,0006DE2E77E3C3EC5E1825B076E5257FD200ED0A,2020-08-26 21:31:48.290000,2020-08-26 21:31:52.547000
67vnfj7sb2em2mtj,failed,not_found,165,14D57DEDF0A4554A2D21AD53CCCC43E31158C733,103336165A0D2EFCAD3605339843A0A7710B8B92,0D99F89BBB92BF5557F8D3F895DB218A72871089,68773D3FF7B8CEFCEEFCA32AE72015E2D38C62C1,2020-08-26 21:31:52.547000,2020-08-26 21:31:53.231000
67vnfj7sb2em2mtj,failed,not_found,168,14D57DEDF0A4554A2D21AD53CCCC43E31158C733,D10B9112E59DEAA4C6FA507521E61EB86D2C2A7E,71A05B576836F54050348AA0D63185B12DBA51E3,68701181F3F08C0D13E6460CFB149E010104EF03,2020-08-26 21:31:53.231000,2020-08-26 21:31:53.897000
tflckz5zpxmggwf6,failed,not_found,117,14D57DEDF0A4554A2D21AD53CCCC43E31158C733,32A43B0C153C2298FDBD24A3B298DA9368DC73B8,7185B69E3267E71D0E4CBE30209677205DEA5E67,0117D6DA66BB4E528DC7B8B9DFED98180FE7BB12,2020-08-26 21:31:46.046000,2020-08-26 21:31:51.408000
tflckz5zpxmggwf6,failed,not_found,137,14D57DEDF0A4554A2D21AD53CCCC43E31158C733,31419A64188BC8070EE89F3CEE6AA98EAAC7E8E8,7B7C7F31205D7AEB5DFFEDA08E00282A78CD76E0,0111BA9B604669E636FFD5B503F382A4B7AD6E80,2020-08-26 21:31:51.409000,2020-08-26 21:31:52.263000
tflckz5zpxmggwf6,failed,not_found,155,14D57DEDF0A4554A2D21AD53CCCC43E31158C733,ACA0B8702A6A0B890217A3D26B7220EB6E1CFFD1,F9674F45A25CAA977E7B872807E0A070C121F5FA,01181B31BE5860C7D66DA88F88AD522C06470FD9,2020-08-26 21:31:52.263000,2020-08-26 21:31:52.787000
tflckz5zpxmggwf6,failed,not_found,171,14D57DEDF0A4554A2D21AD53CCCC43E31158C733,853246C4EBF7FD27C2EBE31E2DF37B2B5F13A39C,5C4A1682FADF221DF46FFA32FE65826DCF79185F,D405FCCF06ADEDF898DF2F29C9348DCB623031BA,2020-08-26 21:31:52.788000,2020-08-26 21:31:53.615000
tflckz5zpxmggwf6,failed,not_found,187,14D57DEDF0A4554A2D21AD53CCCC43E31158C733,9A7417BA401B8C7EFDE24945E18145A1EDA730E7,453E51CBAA4C2169EBCB05583247DD6201E87FAD,D408EA531AA2FA90F25BD14283D38FDBB2094BA3,2020-08-26 21:31:53.617000,2020-08-26 21:31:54.471000
tflckz5zpxmggwf6,failed,not_found,202,14D57DEDF0A4554A2D21AD53CCCC43E31158C733,B0335F7872A698A86E5E9AC3CF323B50AEF9C081,19D353B8AA0927DF82CB26E0396C57BE27C0ACC5,D426B3F7FF144AAE24AECD72ED96820DDB338055,2020-08-26 21:31:54.472000,2020-08-26 21:31:55.592000
k6bepbzuyydivkkh,failed,not_found,39,14D57DEDF0A4554A2D21AD53CCCC43E31158C733,4060BE838E47FDFFFEB045CAF6630AC663AE2AD2,890480E14E634C8B4467C475E355A6FBF3D99CD5,27D668BFB3839D8C6E36193FFC3DF4DD6D79B513,2020-08-26 21:31:46.049000,2020-08-26 21:31:47.003000
k6bepbzuyydivkkh,failed,not_found,54,14D57DEDF0A4554A2D21AD53CCCC43E31158C733,2CE96A8A1DA032664C90F574AFFBECE18A6E8DFC,72A33E374DE5AD1E617394896F0FD8B092D3E7C4,0C039F35C2E40DCB71CD8A07E97C7FD7787D42D6,2020-08-26 21:31:47.004000,2020-08-26 21:31:47.855000
k6bepbzuyydivkkh,failed,not_found,70,14D57DEDF0A4554A2D21AD53CCCC43E31158C733,12D552E8AF7AA2B71B218B5BBF6A5FEFA6F26BA0,62A60158A2C302E3DA792D7A4F5339F41321E5D9,27D02579AD5F3E32895D99C38E482D1DC6CBAE5E,2020-08-26 21:31:47.855000,2020-08-26 21:31:49.017000
k6bepbzuyydivkkh,failed,not_found,79,14D57DEDF0A4554A2D21AD53CCCC43E31158C733,504F23DC734459DBBA58B2F11A4799EB945188A3,E3D61BAEA0B7CB12CACEDC8821C520557BDFCEA3,27C69411CFFE9043D7C9B29CE65339B92A54D35D,2020-08-26 21:31:49.017000,2020-08-26 21:31:49.389000
k6bepbzuyydivkkh,failed,not_found,95,14D57DEDF0A4554A2D21AD53CCCC43E31158C733,24352D30196BEFE5BB29A50923F79A2804527611,035396269F6D00503D1765DF36ED1B203A028D74,0C3599079EF21C4994AD6DDE91F72A48F16E8A98,2020-08-26 21:31:49.389000,2020-08-26 21:31:50.692000
k6bepbzuyydivkkh,failed,not_found,122,14D57DEDF0A4554A2D21AD53CCCC43E31158C733,9684C4D6C71131EEEF2E5C23C3EA234A684CD501,FE1AF5E909002134BFF834F4AD5E1DE723779002,0BF606DE836D4C794CAFF7CA78720F8C87660998,2020-08-26 21:31:50.692000,2020-08-26 21:31:51.360000
22j7d6bwqdjxuuct,failed,not_found,40,14D57DEDF0A4554A2D21AD53CCCC43E31158C733,1D81272219B679D511930499AD8286BCD8F6C445,CACD9D63B759B35555D8C965A3E01071E9DFB44C,C3799054BC7F0D201FB7C0F9DE31BF1F3D868A37,2020-08-26 21:31:46.053000,2020-08-26 21:31:46.897000
22j7d6bwqdjxuuct,failed,not_found,51,14D57DEDF0A4554A2D21AD53CCCC43E31158C733,42B4F52C5B11E4D39855F654955425B0D5A0598B,86C3D279DE1903DF24AA33D1D1581F2AA9464626,0A58B05D403A2663EB56124F8C7AAB0CABFAA115,2020-08-26 21:31:46.897000,2020-08-26 21:31:47.743000
22j7d6bwqdjxuuct,failed,not_found,69,14D57DEDF0A4554A2D21AD53CCCC43E31158C733,1B9FACF25E17D26E307EA7CFA7D455B144B032E5,0B85617241252517E8ECF2CFC7F4C1A32DCD153F,C37F87C0125E26E6ACF54366FA2198209E856ABE,2020-08-26 21:31:47.743000,2020-08-26 21:31:48.578000
22j7d6bwqdjxuuct,failed,not_found,78,14D57DEDF0A4554A2D21AD53CCCC43E31158C733,27C61AE08EBDD8B26B78992C7647D890269E9E03,91DDE492833DA13509B2ABEF3E8F6D5161153385,0A6001B1E3A9F5365BD3C2988BD69BB8EAD71289,2020-08-26 21:31:48.580000,2020-08-26 21:31:49.578000
22j7d6bwqdjxuuct,failed,not_found,97,14D57DEDF0A4554A2D21AD53CCCC43E31158C733,BDDF8187EA4419951CFD0A54088B634564F63AF3,8127FEAAF63A37CDB3CF0D1DA75D1B8D6DA90AD9,0A592CE8A53AECDF9130D37245C6460B238728DF,2020-08-26 21:31:49.578000,2020-08-26 21:31:51.086000
22j7d6bwqdjxuuct,failed,not_found,178,14D57DEDF0A4554A2D21AD53CCCC43E31158C733,198F12E2DEFBE6BEEBC38B2FEDD615AECB38DA7A,856B7EFB7E09D02A29DD2FF024B7E1EFE21FE9EB,C36A434DB54C66E1A97A5653858CE36024352C4D,2020-08-26 21:31:51.087000,2020-08-26 21:31:56.077000
v2mlwaso4pujx3w7,failed,not_found,55,14D57DEDF0A4554A2D21AD53CCCC43E31158C733,CE035C7946CEE68425CD2358E620E408A9C823FD,745369332749021C6FAF100D327BC3BF1DF4707B,563C8868165186D2F7BA1FCF982EB20DEB82B350,2020-08-26 21:31:47.045000,2020-08-26 21:31:48.853000
v2mlwaso4pujx3w7,failed,not_found,84,14D57DEDF0A4554A2D21AD53CCCC43E31158C733,A2E6BB5C391CD46B38C55B4329C35304540771F1,40711843922575CFB306E81C856B8BD8C3F2417C,15CBD7508DDCBA816975565787D38403BB32D40C,2020-08-26 21:31:48.853000,2020-08-26 21:31:50.011000
v2mlwaso4pujx3w7,failed,not_found,105,14D57DEDF0A4554A2D21AD53CCCC43E31158C733,ECAA097324262B60394FE6F3CD446A66A331956E,5DE37A3371AAE7638748EB43C9F1CE66E09D4470,5628495D9939A8C139DD441402DE42F7012B7092,2020-08-26 21:31:50.011000,2020-08-26 21:31:50.683000
v2mlwaso4pujx3w7,failed,not_found,120,14D57DEDF0A4554A2D21AD53CCCC43E31158C733,E9A6E1549300C3551071B71AC547E2568D9F7CEE,508773E7A34F3BE17DD0372446798FACB8BF1EAA,15BE17C99FACE24470D40AF782D6A9C692AB36D6,2020-08-26 21:31:50.683000,2020-08-26 21:31:51.753000
v2mlwaso4pujx3w7,failed,not_found,145,14D57DEDF0A4554A2D21AD53CCCC43E31158C733,8C3AD2C2AAF7F7B7E92B81F13C1A9267B39416DA,828112B80D28A92311A8C6C7CCF369B316C40744,15C3F39B273727B6AEF44975C5E6F8FA341C2F4B,2020-08-26 21:31:51.754000,2020-08-26 21:31:53.895000
v2mlwaso4pujx3w7,failed,not_found,262,14D57DEDF0A4554A2D21AD53CCCC43E31158C733,039003C320D9980E0A740F107A1A9C13C99C5FE3,8358BDDA9C9A680B4E3A2809E5C24F5B3624D5C2,5645739E8EF72CA7D9EE1E12678B51A6FF8711C1,2020-08-26 21:31:53.896000,2020-08-26 21:31:58.919000
vpba2ayobqozthio,failed,not_found,56,14D57DEDF0A4554A2D21AD53CCCC43E31158C733,0F89912E6A4C4A8ACE43C58FF8B83CA299BFF74F,543F96D0C17CDBAC326F644DB0C8A17193BCCFC9,5368AB8D9033A357729D3578617A6493AB5DA3A8,2020-08-26 21:31:47.058000,2020-08-26 21:31:48.099000
vpba2ayobqozthio,failed,not_found,73,14D57DEDF0A4554A2D21AD53CCCC43E31158C733,22204A65735CC47DF0376A9A7C7B79EA4B77F215,EC4AD91674B5AFECCA117A396776F120651E55BF,531BE6C3195A757C116B9566B944DD0B2B6A23B0,2020-08-26 21:31:48.099000,2020-08-26 21:31:49.577000
vpba2ayobqozthio,failed,not_found,96,14D57DEDF0A4554A2D21AD53CCCC43E31158C733,903A2A7991C838E70FF5A586CD387749B3589669,85A3AC041E3FCD796AF5D653953D5E27A56E3719,53412DCC555335B400DB72750ED0BE08D034D779,2020-08-26 21:31:49.578000,2020-08-26 21:31:50.757000
vpba2ayobqozthio,failed,not_found,124,14D57DEDF0A4554A2D21AD53CCCC43E31158C733,ED2BF11CB3C0205CADC94596DC688A5153FCAB35,A08B3E65331F29C960A8EB6F5D90B66A05D26CB5,901B90EC8B96C6451854C325229E8B37EB5819BB,2020-08-26 21:31:50.758000,2020-08-26 21:31:51.602000
vpba2ayobqozthio,failed,not_found,142,14D57DEDF0A4554A2D21AD53CCCC43E31158C733,066735D43FB476FA64578C5D829E176DF53E5A00,03910F285A33F365838EC66EF2C2EF754D046760,900777F6E1307328D5C39826356925FDECB0790B,2020-08-26 21:31:51.603000,2020-08-26 21:31:52.487000
vpba2ayobqozthio,failed,not_found,162,14D57DEDF0A4554A2D21AD53CCCC43E31158C733,8C00FA7369A7A308F6A137600F0FA07990D9D451,3F065BB0B02FB2303E144383D16C47A7DED75AE7,901592FBE2A2335F5DC3A5434600B9A4F9D9C68E,2020-08-26 21:31:52.488000,2020-08-26 21:31:53.475000
ca3zc44wgmeesua4,failed,not_found,57,14D57DEDF0A4554A2D21AD53CCCC43E31158C733,4E81EA3528D6FB79B10B0F11C6FC96CE1C060021,2251E87A6CC2D9FF43068EF7B7413F63D0044D81,1F97BE0788A261FF978C082E0AB44ADD96AF1F7A,2020-08-26 21:31:47.059000,2020-08-26 21:31:48.187000
ca3zc44wgmeesua4,failed,not_found,74,14D57DEDF0A4554A2D21AD53CCCC43E31158C733,5DB9AE27A44EB7B476CC04A66C67A71C97A001E6,224C3DD1DFF6F11219604870D48953249EE3C26F,1FA44BC51BF2416D3E44C9AAD732F7B14C0D1C05,2020-08-26 21:31:48.188000,2020-08-26 21:31:49.067000
ca3zc44wgmeesua4,failed,not_found,89,14D57DEDF0A4554A2D21AD53CCCC43E31158C733,BF7A29C67B0502CF3082B1332BBFBCABAAC550D5,62A60158A2C302E3DA792D7A4F5339F41321E5D9,8C9704A8068E46CD91287DE3C332EFE2E21C685A,2020-08-26 21:31:49.068000,2020-08-26 21:31:49.693000
ca3zc44wgmeesua4,failed,not_found,102,14D57DEDF0A4554A2D21AD53CCCC43E31158C733,A09D20D85D0AA29C47C90ABEAFDB6B7A4BF7FD07,63B32F7E5389E8DBC5E1BCEFE48312DA7CCEF5D6,1F9BE9467BCA4D7502CDCCEE79BA3E666868EC1C,2020-08-26 21:31:49.694000,2020-08-26 21:31:50.357000
ca3zc44wgmeesua4,failed,not_found,111,14D57DEDF0A4554A2D21AD53CCCC43E31158C733,8E5F4EE45E0631A60E59CAA42E1464FD7120459D,6C282D35C674A036B79B5F30E90D19B363D3DAB2,8CA16E878293D11F0E0803E5FC09F93A5C666889,2020-08-26 21:31:50.357000,2020-08-26 21:31:51.311000
ca3zc44wgmeesua4,failed,not_found,135,14D57DEDF0A4554A2D21AD53CCCC43E31158C733,C414F28FD2BEC1553024299B31D4E726BEB8E788,AF7B4AA147DD4A42903B8078EB4C34A704D54114,8C9E4277399C612C2032CD3C98C052F0D6EA4961,2020-08-26 21:31:51.311000,2020-08-26 21:31:51.973000
2xbbjojtowolqz5l,failed,not_found,65,14D57DEDF0A4554A2D21AD53CCCC43E31158C733,543F96D0C17CDBAC326F644DB0C8A17193BCCFC9,06B308F54B4A779D74B30536964182A09C08AB8F,06E72526BBE040C51C5ADFBAA07ADD9AEB5E1FA1,2020-08-26 21:31:48.057000,2020-08-26 21:31:48.674000
2xbbjojtowolqz5l,failed,not_found,81,14D57DEDF0A4554A2D21AD53CCCC43E31158C733,58A7199712C0E52B3C5F2F8E8B27B5A62BE58BC8,19DEA2B8BBD3613C50CA24C96C4DE0C3ADAF4A3E,909656EA1BC5F45F6BA69FC6D11A8563D74F90B8,2020-08-26 21:31:48.675000,2020-08-26 21:31:49.578000
2xbbjojtowolqz5l,failed,not_found,98,14D57DEDF0A4554A2D21AD53CCCC43E31158C733,B55B11A739C43396B10CC621D9C9F9D7F3A8CDE4,98FB7574932DBD6FE9E75169982EDFBA50F86175,06D0FB9C6860E8D7FB99EA310A016707AFAA71CE,2020-08-26 21:31:49.578000,2020-08-26 21:31:50.850000
2xbbjojtowolqz5l,failed,not_found,127,14D57DEDF0A4554A2D21AD53CCCC43E31158C733,909656EA1BC5F45F6BA69FC6D11A8563D74F90B8,6E4B0D429CD87AB6C25D72E298294C583FF8BA4A,06D77E461C9814243DA2C6145544D5BB3B46B52E,2020-08-26 21:31:50.851000,2020-08-26 21:31:51.546000
2xbbjojtowolqz5l,failed,not_found,140,14D57DEDF0A4554A2D21AD53CCCC43E31158C733,041E3FCC0262E5AF1AA2EC89A135658C07C0D9A9,5127A719E495710CEBB0A446CD69207BA6E0D6D6,90A5D1355C4B5840E950EB61E673863A6AE3ACA1,2020-08-26 21:31:51.547000,2020-08-26 21:31:52.401000
2xbbjojtowolqz5l,failed,not_found,161,14D57DEDF0A4554A2D21AD53CCCC43E31158C733,B849824F8FCD7AEB130DF356F592BA40C686CA08,F17B5CE022C164202A00B3669EFCAB72CF80B93C,908423FE8C7222B2AC950C034470D2127DE8786F,2020-08-26 21:31:52.402000,2020-08-26 21:31:53.080000
okyx7mr2psrihz6n,failed,not_found,71,14D57DEDF0A4554A2D21AD53CCCC43E31158C733,A6E0F950CAC74AF867CA21976069529D6D4D3E30,74DA18F45DE195D9E920B0EC10BF6958E44B0CEB,2AB6F7D59DF6153F4DB1DB6479C3422F5724C4BA,2020-08-26 21:31:48.066000,2020-08-26 21:31:48.928000
okyx7mr2psrihz6n,failed,not_found,86,14D57DEDF0A4554A2D21AD53CCCC43E31158C733,DEA84F08432800346BADB35F1EAC1B2A4D5B165D,A35944904C0C18955AFB76539CF5EBF805C0A31D,2AB708BBC2D52C783F9FC821F7CA8E51A2CFBA98,2020-08-26 21:31:48.929000,2020-08-26 21:31:50.148000
okyx7mr2psrihz6n,failed,not_found,100,14D57DEDF0A4554A2D21AD53CCCC43E31158C733,ADE92B0150C933FFE00683E7492F1D930AFABB6D,D5C6F62A5D1B3C711CA5E6F9D3772A432E96F6C2,2ABA1345FC9975152372F42D06A1A7DCC870C2F5,2020-08-26 21:31:50.149000,2020-08-26 21:31:50.685000
okyx7mr2psrihz6n,failed,not_found,121,14D57DEDF0A4554A2D21AD53CCCC43E31158C733,C1B79C4CD9B713BBB6B0522155B46A7BFE3BFAAE,3BBF9D98C7D058D7C2E60F6BA5BD574CB4F3FE26,A2DB293FFC5A76A718863BF1AEDBC8DFB1CB1097,2020-08-26 21:31:50.685000,2020-08-26 21:31:51.501000
okyx7mr2psrihz6n,failed,not_found,139,14D57DEDF0A4554A2D21AD53CCCC43E31158C733,7BB70F8585DFC27E75D692970C0EEB0F22983A63,6FF440DFB1D0697B942357D747900CC308DD57CC,A2CD32D9D0668DB764AD68C745CE29693CA851B9,2020-08-26 21:31:51.501000,2020-08-26 21:31:52.268000
okyx7mr2psrihz6n,failed,not_found,159,14D57DEDF0A4554A2D21AD53CCCC43E31158C733,BE6CF26814BD1F35B76FE576702DBA9627EE8237,7B28971D4A29995784E3066B9D87E42E9C685F3A,A2CBEC70217814A9DFB21069F8510BE418ABB094,2020-08-26 21:31:52.268000,2020-08-26 21:31:53.494000
ezswpvbudu77epxt,failed,not_found,72,14D57DEDF0A4554A2D21AD53CCCC43E31158C733,AE95BDA37A5BB4685FEBB7F06649D6CE949B5316,42D47C736518BFA495CA31AEE40AE468F0BDA2A6,72270EB58EDEBE727AA29E67417628DBCE889FAE,2020-08-26 21:31:48.066000,2020-08-26 21:31:48.945000
ezswpvbudu77epxt,failed,not_found,87,14D57DEDF0A4554A2D21AD53CCCC43E31158C733,52BFADA8BEAA01BA46C8F767F83C18E2FE50C1B9,D39F66DE4910D3AE1C3415E4501219D3B99E184E,721E494B0E06554D8F9A169BDBF17282C07B2588,2020-08-26 21:31:48.945000,2020-08-26 21:31:51.342000
ezswpvbudu77epxt,failed,not_found,136,14D57DEDF0A4554A2D21AD53CCCC43E31158C733,F836446663F1EB816F13708955F105D0B2F5C8E0,A0E192213CF07EB069015E5C004B2C7EB525EF60,47A3D00525F041F382B398BF95BC58E0EC23276B,2020-08-26 21:31:51.343000,2020-08-26 21:31:52.796000
ezswpvbudu77epxt,failed,not_found,172,14D57DEDF0A4554A2D21AD53CCCC43E31158C733,67CDF7A4D06E98E55AAE595BBEBF38E64C4CCBF3,58F3E2956EABB81F673E2FB90E16E001DB4AC3AE,4790BABE24FA29BC4022888C8EB09696C7F7AFD4,2020-08-26 21:31:52.797000,2020-08-26 21:31:55.346000
ezswpvbudu77epxt,failed,not_found,213,14D57DEDF0A4554A2D21AD53CCCC43E31158C733,819C8AFEDAC733315A8F3DB80F043F13090C49F6,1F6ABD086F40B890A33C93CC4606EE68B31C9556,478B0E18930CA4117369679AF329FC49D9110966,2020-08-26 21:31:55.346000,2020-08-26 21:31:56.222000
ezswpvbudu77epxt,failed,not_found,232,14D57DEDF0A4554A2D21AD53CCCC43E31158C733,F8DE8132E599A194E20DDB738AF64A7200CD5949,DF7AA16E1A6037C5FCBB4DED4F3A6CD262CA3799,721F80504A717309A8EBA47729EB1E474A95A61F,2020-08-26 21:31:56.223000,2020-08-26 21:31:57.241000
qklfegy5hhhkwqy4,failed,not_found,90,14D57DEDF0A4554A2D21AD53CCCC43E31158C733,02928855BFAD787F8B363F21860D1E7D156E0655,4E81EA3528D6FB79B10B0F11C6FC96CE1C060021,8699371415DC052A60BCA3AAD68E55D9B759CAE0,2020-08-26 21:31:49.070000,2020-08-26 21:31:49.649000
qklfegy5hhhkwqy4,failed,not_found,101,14D57DEDF0A4554A2D21AD53CCCC43E31158C733,E0C1C9EA1A66B033BB4DAB5EFD4819044605EE54,12B1A5769D38FF47CF68C2235E1BDA315DF400F2,13A34AD03EE2DF8B7193851DD8E795ADDE280A3D,2020-08-26 21:31:49.649000,2020-08-26 21:31:50.703000
qklfegy5hhhkwqy4,failed,not_found,123,14D57DEDF0A4554A2D21AD53CCCC43E31158C733,93FFDC0C36C316208AC6291DE754D733B4D88A13,776FCB8F73F8D84407F5AF2460A75F9EEC982EB3,13B1322230E9D10C29F8AE631DA658AE5C3C7BA6,2020-08-26 21:31:50.703000,2020-08-26 21:31:51.462000
qklfegy5hhhkwqy4,failed,not_found,138,14D57DEDF0A4554A2D21AD53CCCC43E31158C733,4C5B8134341E66CB09246985E4039F9BFC0ADCE3,5043E5D2E9CE99066DF1FBF0B18E065B08131863,86999BBDE577083BCA6FE4EE2229BC3B1D58BD07,2020-08-26 21:31:51.464000,2020-08-26 21:31:52.267000
qklfegy5hhhkwqy4,failed,not_found,158,14D57DEDF0A4554A2D21AD53CCCC43E31158C733,5E7467C0E00AB25C56E0887271FEE69DFC1306CD,F83A64E0FA85BC224807919772FE14E1BA07CEF5,869E888715455ECCEDA1ECFEA8080C1DC39B17A3,2020-08-26 21:31:52.268000,2020-08-26 21:31:52.811000
qklfegy5hhhkwqy4,failed,not_found,235,14D57DEDF0A4554A2D21AD53CCCC43E31158C733,903A2A7991C838E70FF5A586CD387749B3589669,3E53D3979DB07EFD736661C934A1DED14127B684,13B2354C74CCE29815B4E1F692F2F0E86C7F13DD,2020-08-26 21:31:52.811000,2020-08-26 21:31:57.797000
gkmowridcocz5xuf,failed,not_found,91,14D57DEDF0A4554A2D21AD53CCCC43E31158C733,6E4B0D429CD87AB6C25D72E298294C583FF8BA4A,8EB722FA1AE9DDE1914BC21FEA22819D4DE99DB4,0367E1FFAB716AC3F418CFB7CBB3BDB9403CD9CB,2020-08-26 21:31:49.071000,2020-08-26 21:31:50.012000
gkmowridcocz5xuf,failed,not_found,106,14D57DEDF0A4554A2D21AD53CCCC43E31158C733,7961C9991F022C8A363FD440CA395D47DB5D44D5,F1855E09E867ECD00A4CB7D36D58170A7574C0FF,CC33FBAF8FC92A8EC28913F7C9B1B092BB2C9897,2020-08-26 21:31:50.012000,2020-08-26 21:31:51.774000
gkmowridcocz5xuf,failed,not_found,221,14D57DEDF0A4554A2D21AD53CCCC43E31158C733,5C01B2D72D75F109550963F810C2010BDA208549,0B555940D37DC849728841C0B290074E1A1BDCA8,CC2179A97D4EC55BFA56B27F2300C53162CEBB6E,2020-08-26 21:31:51.775000,2020-08-26 21:31:56.257000
gkmowridcocz5xuf,failed,not_found,233,14D57DEDF0A4554A2D21AD53CCCC43E31158C733,B00B6BA943600447CF72D58DB7A35B16754E43C8,38F0B34A86E19A2C65B20F95BFB0CBE40E3165C9,036EFD2E61DEA3D2FEE59861BA4245E4DE864112,2020-08-26 21:31:56.258000,2020-08-26 21:31:56.892000
gkmowridcocz5xuf,failed,not_found,246,14D57DEDF0A4554A2D21AD53CCCC43E31158C733,4E98AA295B7171996D18DD1F6A19F64AB4036B4A,45A5286454BA553FACF56CF4AE5F4CC6D2D095B0,CC2D8C3C2A4E5ECAAF027D0C9022C66B9ED58330,2020-08-26 21:31:56.893000,2020-08-26 21:31:57.794000
gkmowridcocz5xuf,failed,not_found,268,14D57DEDF0A4554A2D21AD53CCCC43E31158C733,F8DE8132E599A194E20DDB738AF64A7200CD5949,58A7199712C0E52B3C5F2F8E8B27B5A62BE58BC8,037B6C60DAD4DF32FDA29BF458D5C8C816AA8F3E,2020-08-26 21:31:57.795000,2020-08-26 21:31:58.629000
a7nhuk7tk3nxzgcx,failed,not_found,167,14D57DEDF0A4554A2D21AD53CCCC43E31158C733,37F6C543A7944CC88B52971705FA5B69AFC7E552,CAC998520D4B832628A607A83BE3A879C1A82E23,04DFE047ACDF7A6620ACA782FAFC5EF1AE7F4754,2020-08-26 21:31:49.071000,2020-08-26 21:31:53.769000
a7nhuk7tk3nxzgcx,failed,not_found,193,14D57DEDF0A4554A2D21AD53CCCC43E31158C733,38F0B34A86E19A2C65B20F95BFB0CBE40E3165C9,50A39337EC55FC25E863868E80771220E468FC4C,04D9CEA8D778ABA130B014F758C2BCADD31DA05E,2020-08-26 21:31:53.770000,2020-08-26 21:31:54.917000
a7nhuk7tk3nxzgcx,failed,not_found,209,14D57DEDF0A4554A2D21AD53CCCC43E31158C733,CD39C258265B25EAA4ABA4FDCB2DF98104CAA362,DC9564AE8BC7BF5F722E3677C897ED1B578C8D81,E7C1FAFB7525149A0E911512F511D942BA5EEAAF,2020-08-26 21:31:54.917000,2020-08-26 21:31:55.635000
a7nhuk7tk3nxzgcx,failed,not_found,220,14D57DEDF0A4554A2D21AD53CCCC43E31158C733,870D9148A25F84C138F72DC647ABC390ED34383B,118496882F58E787DC24F5C219B93F22BA5820D8,E778381BD386B4723877DE837A895F6E9C241607,2020-08-26 21:31:55.635000,2020-08-26 21:31:56.812000
a7nhuk7tk3nxzgcx,failed,not_found,245,14D57DEDF0A4554A2D21AD53CCCC43E31158C733,CA95B3584C44DED8107AF5B3D8C25C562CC64DD4,021DDCD687FD505B7EA7E75DA6CEF0D778AA07FB,E7882187F6FA695450719FD3738D640FBDFF5D48,2020-08-26 21:31:56.812000,2020-08-26 21:31:57.493000
a7nhuk7tk3nxzgcx,failed,not_found,255,14D57DEDF0A4554A2D21AD53CCCC43E31158C733,8E308CC5AD17064E56F1FA60ACACAEBADB79BF3E,40711843922575CFB306E81C856B8BD8C3F2417C,04C3468BE24740347CBCC00534C940DBCBCABC82,2020-08-26 21:31:57.494000,2020-08-26 21:31:58.752000
souf7shqi3szcl7p,failed,not_found,107,14D57DEDF0A4554A2D21AD53CCCC43E31158C733,211310CD09EC290505C1F24018AE5330076412A0,F3F3F4900B87CF4A6B4A7F9402502FC457B7B1FC,EB60A3BD25E01AF2564EF0397D8508E5D2AFD58A,2020-08-26 21:31:50.051000,2020-08-26 21:31:50.799000
souf7shqi3szcl7p,failed,not_found,125,14D57DEDF0A4554A2D21AD53CCCC43E31158C733,E97DAC45ED2AB46DD830A279BDCC7AFCE10EE674,DD7BD3E5BD0BA48A8C70B0CDF017FA5988B87E27,69A06CBBB6C16EEE3F1702A2413CE80F9E2906E2,2020-08-26 21:31:50.800000,2020-08-26 21:31:51.561000
souf7shqi3szcl7p,failed,not_found,141,14D57DEDF0A4554A2D21AD53CCCC43E31158C733,3CC2F6162A3E278F77FE4B413A2B67A7F07F28D1,E13F7EE1535ED8AEAB92A5EEAEE9A0C782ED33E2,EB44DEFA821E3672B955ED9B14E28C36F80C5FA8,2020-08-26 21:31:51.562000,2020-08-26 21:31:52.263000
souf7shqi3szcl7p,failed,not_found,156,14D57DEDF0A4554A2D21AD53CCCC43E31158C733,9E6BA60AFBF9A4946A52770ABCDFC95703DAD6CB,29A39144AD141242436D07901F7A8B91F7516A66,EB60858E074016216315AA6F6E8E3D4F17381D5D,2020-08-26 21:31:52.263000,2020-08-26 21:31:52.898000
souf7shqi3szcl7p,failed,not_found,175,14D57DEDF0A4554A2D21AD53CCCC43E31158C733,2AFF47D161619E32C21B90AE7C65DC2057150294,50C7B836942F14BDF1541B017CF21FD03F354E13,698B8708CF4EA02D27CA09274F3351B4F66A5834,2020-08-26 21:31:52.899000,2020-08-26 21:31:53.464000
souf7shqi3szcl7p,failed,not_found,185,14D57DEDF0A4554A2D21AD53CCCC43E31158C733,7ECF294C43DB959BDC0E7EFC913C3AC231DE7442,2AE2CA4BD2B7754F29432C25E03314D52AC4CAF1,699388030AFC5C110822C85DE97A51545B192987,2020-08-26 21:31:53.464000,2020-08-26 21:31:57.458000
no632ly6d25ay4iq,failed,not_found,108,14D57DEDF0A4554A2D21AD53CCCC43E31158C733,DC2B1E4348AF306326FA63EEDB76EA6139133485,F6CD4DBF5850AC4386DD9A424918AD3C6BA2716F,0ED0EA324C931CF41CB5272BFB1D015B3D5772A9,2020-08-26 21:31:50.052000,2020-08-26 21:31:50.678000
no632ly6d25ay4iq,failed,not_found,119,14D57DEDF0A4554A2D21AD53CCCC43E31158C733,5D8297658AD038178C820E5D673A224829053737,695D811B130673C2DE8DCFC5A9E742790BD25066,3FA93D41E9A7C4C47B77C0D7F617999B6D5D0B62,2020-08-26 21:31:50.678000,2020-08-26 21:31:52.767000
no632ly6d25ay4iq,failed,not_found,169,14D57DEDF0A4554A2D21AD53CCCC43E31158C733,71A05B576836F54050348AA0D63185B12DBA51E3,03CFF90060461087D34FFB7B485C3AD30143775C,0EB07340EF2D1608FC16F6268E1DA0C532EB3D11,2020-08-26 21:31:52.767000,2020-08-26 21:31:53.547000
no632ly6d25ay4iq,failed,not_found,186,14D57DEDF0A4554A2D21AD53CCCC43E31158C733,B55B11A739C43396B10CC621D9C9F9D7F3A8CDE4,D24FB714345D4B9061CEA89ACBAD343081F14928,3FA04DAFB39C8C2D3BB3568C4B7F84194691D9CB,2020-08-26 21:31:53.547000,2020-08-26 21:31:54.675000
no632ly6d25ay4iq,failed,not_found,205,14D57DEDF0A4554A2D21AD53CCCC43E31158C733,02758CD398E3F842EF82478078AAAE0273770DB2,5262556D44A7F2434990FDE1AE7973C67DF49E58,0ED06F12AF64D5027422169B61D1AC5366C6FFE9,2020-08-26 21:31:54.675000,2020-08-26 21:31:56.196000
no632ly6d25ay4iq,failed,not_found,230,14D57DEDF0A4554A2D21AD53CCCC43E31158C733,584C0B77BDB81DE767DA5BE396DA09C162F32223,D72B15450AF8715AAACD612C1151C48A988D9318,3FE39429CB7077BBB13D2774591A1B80EE493742,2020-08-26 21:31:56.197000,2020-08-26 21:31:57.960000
yqzm2y5umg2axawk,failed,not_found,109,14D57DEDF0A4554A2D21AD53CCCC43E31158C733,0C93559D6D7E95B41561424345B0B176FBE66F00,22775B953E662151549C114CB8EE5FBDBCBDAD02,BC1DD6E5C753F1B946C04DFEF8BD3C9042067ECF,2020-08-26 21:31:50.056000,2020-08-26 21:31:51.017000
yqzm2y5umg2axawk,failed,not_found,129,14D57DEDF0A4554A2D21AD53CCCC43E31158C733,E14D10669DD6E472235F8F0161544B4E7B7CB3C7,BBD1B1A22695396C75DFF338A8FF7A12804A607A,B5053ABFF845C96B1DD8F45DCF32E6BE1E63F127,2020-08-26 21:31:51.017000,2020-08-26 21:31:52.346000
yqzm2y5umg2axawk,failed,not_found,160,14D57DEDF0A4554A2D21AD53CCCC43E31158C733,BF37445EA2A9F3D04F4B87DFAC624AEF21B559D5,49791A9C1CD16463868F407C3968A3DCF1E9DC49,B4CAFD9CBFB34EC5DAAC146920DC7DFAFE91EA20,2020-08-26 21:31:52.346000,2020-08-26 21:31:53.021000
yqzm2y5umg2axawk,failed,not_found,236,14D57DEDF0A4554A2D21AD53CCCC43E31158C733,754CB99117E6ED570DFCFB7D9F12674B97A4E28E,6D6EC2A2E2ED8BFF2D4834F8D669D82FC2A9FA8D,BC5F00B573D277C4BFA8F0FBAA47E074D0994C1C,2020-08-26 21:31:53.022000,2020-08-26 21:31:57.697000
yqzm2y5umg2axawk,failed,not_found,264,14D57DEDF0A4554A2D21AD53CCCC43E31158C733,A09D20D85D0AA29C47C90ABEAFDB6B7A4BF7FD07,FDFD675D05216549EB7DA545E32ECFCEEAE805F2,BC238DA10F427C21685F766317F7E0946954B88F,2020-08-26 21:31:57.697000,2020-08-26 21:31:58.300000
yqzm2y5umg2axawk,failed,not_found,278,14D57DEDF0A4554A2D21AD53CCCC43E31158C733,D228AE265C966CA4E9A8C4B746A30A9737060A32,AE95BDA37A5BB4685FEBB7F06649D6CE949B5316,B50A98267A63713F37319D895EA1151C4B27BE4D,2020-08-26 21:31:58.301000,2020-08-26 21:31:59.064000
wrprafzys3tcoa34,failed,not_found,130,14D57DEDF0A4554A2D21AD53CCCC43E31158C733,1FC89C159EA0F96D52D8A7092BF938C509DB6984,3F065BB0B02FB2303E144383D16C47A7DED75AE7,D4DC70B25409B8E4B0FD482B8A70CA6A3F4A123C,2020-08-26 21:31:51.053000,2020-08-26 21:31:51.794000
wrprafzys3tcoa34,failed,not_found,147,14D57DEDF0A4554A2D21AD53CCCC43E31158C733,AB0CC19517476E610B86FF796B703643BFE21E89,CBD00958A3B897774E333D75C24E6A75F5220DCC,AC2BEDD0BAC72838EA7E6F113F856C4E8018ACDB,2020-08-26 21:31:51.795000,2020-08-26 21:31:52.528000
wrprafzys3tcoa34,failed,not_found,164,14D57DEDF0A4554A2D21AD53CCCC43E31158C733,BF37445EA2A9F3D04F4B87DFAC624AEF21B559D5,56781CCC9F6D29FEA148799AB588429C893A473C,D50101A2ABD09DC245F7E96C0818D003CDD62351,2020-08-26 21:31:52.528000,2020-08-26 21:31:53.638000
wrprafzys3tcoa34,failed,not_found,189,14D57DEDF0A4554A2D21AD53CCCC43E31158C733,A9406A006D6E7B5DA30F2C6D4E42A338B5E340B2,708A968F3644F8A547156368FEA3DB664110E631,AC28D573C16BD0C7D42AA70976BF36984A1E4DE0,2020-08-26 21:31:53.639000,2020-08-26 21:31:54.895000
wrprafzys3tcoa34,failed,not_found,207,14D57DEDF0A4554A2D21AD53CCCC43E31158C733,A48579D07B71F1DEA3E2C107ED3E834FA8EDC179,9B2BC7EFD661072AFADC533BE8DCF1C19D8C2DCC,D4E4D495A761B318F9FCDE7F93EA478C85F95420,2020-08-26 21:31:54.896000,2020-08-26 21:31:55.957000
wrprafzys3tcoa34,failed,not_found,225,14D57DEDF0A4554A2D21AD53CCCC43E31158C733,50C7B836942F14BDF1541B017CF21FD03F354E13,6E4B0D429CD87AB6C25D72E298294C583FF8BA4A,AC2275831607A95CD8B939C3B8DC466CCF48E2B9,2020-08-26 21:31:55.957000,2020-08-26 21:31:56.575000
fwbudlejixxvx2r2,failed,not_found,131,14D57DEDF0A4554A2D21AD53CCCC43E31158C733,F8DE8132E599A194E20DDB738AF64A7200CD5949,25B694EA95F825F156C5DAE5607B3375E86C0C4E,08C6EED76C8938B738316A34AA2923C432EC05B1,2020-08-26 21:31:51.061000,2020-08-26 21:31:51.799000
fwbudlejixxvx2r2,failed,not_found,148,14D57DEDF0A4554A2D21AD53CCCC43E31158C733,DBE82FA23B9FE3CB2462A6FCF5289DED3CBF4AEE,6DFEB41C04CCE846871338E85DD5ACF5CFB6C1DD,08E9530B399F7A71936066586B31A66877066458,2020-08-26 21:31:51.800000,2020-08-26 21:31:52.503000
fwbudlejixxvx2r2,failed,not_found,163,14D57DEDF0A4554A2D21AD53CCCC43E31158C733,7BB70F8585DFC27E75D692970C0EEB0F22983A63,0B85617241252517E8ECF2CFC7F4C1A32DCD153F,C86F7CB21341970DEDF4B6017CCE5F41D7179289,2020-08-26 21:31:52.504000,2020-08-26 21:31:53.338000
fwbudlejixxvx2r2,failed,not_found,260,14D57DEDF0A4554A2D21AD53CCCC43E31158C733,775B0FAFDE71AADC23FFC8782B7BEB1D5A92733E,44DC23661E05DEFD94398936D9334987ABCB6E5E,08CD9D4224058DC97A1F27679A5BEE5724C4C6EC,2020-08-26 21:31:53.338000,2020-08-26 21:31:58.358000
fwbudlejixxvx2r2,failed,not_found,282,14D57DEDF0A4554A2D21AD53CCCC43E31158C733,C1B79C4CD9B713BBB6B0522155B46A7BFE3BFAAE,372A38794527887333B52ED1D707609D808C0659,C81B6B1A13CC474700D0F3FCAE9533E2BAFAC3DD,2020-08-26 21:31:58.358000,2020-08-26 21:31:59.178000
fwbudlejixxvx2r2,failed,not_found,355,14D57DEDF0A4554A2D21AD53CCCC43E31158C733,B55B11A739C43396B10CC621D9C9F9D7F3A8CDE4,672A56A583C658372E63ACEB43E7F791C2819548,C86C538EF0A24E010342F30DBCACC2A7EB7CA833,2020-08-26 21:31:59.178000,2020-08-26 21:32:03.720000
dxop2xh2oa2mmq4e,failed,not_found,132,14D57DEDF0A4554A2D21AD53CCCC43E31158C733,A65E1523F313405BB60E4AA136A69EFA504C4F60,0ACD9B1271E95AC1743B9EC1299BB294BD3EBD90,5D88F3DA731A028B3D7C81252C7B6B981F3DDA27,2020-08-26 21:31:51.067000,2020-08-26 21:31:52.081000
dxop2xh2oa2mmq4e,failed,not_found,154,14D57DEDF0A4554A2D21AD53CCCC43E31158C733,79E3B585803DE805CCBC00C1EF36B1E74372861D,478B0E18930CA4117369679AF329FC49D9110966,E1BAB4F5B0E9D7891DCD9790C8F186D81728348F,2020-08-26 21:31:52.082000,2020-08-26 21:31:53.629000
dxop2xh2oa2mmq4e,failed,not_found,188,14D57DEDF0A4554A2D21AD53CCCC43E31158C733,4561FC085C3F3A7271FE960317F02DCD1E9C1188,B13C2C569F3FD0C530B7D96E5FF7933DF7A0E834,5D89C1CBF1F2E840CC48FC75A46090962A83F32F,2020-08-26 21:31:53.630000,2020-08-26 21:31:55.488000
dxop2xh2oa2mmq4e,failed,not_found,217,14D57DEDF0A4554A2D21AD53CCCC43E31158C733,CC651A7620A8129209BF865CA6ECC1F09023DD28,B204DE75B37064EF6A4C6BAF955C5724578D0B32,E19F193179F75B67137D15392C625503D50A4EA3,2020-08-26 21:31:55.489000,2020-08-26 21:31:56.717000
dxop2xh2oa2mmq4e,failed,not_found,241,14D57DEDF0A4554A2D21AD53CCCC43E31158C733,303509AB910EF207B7438C27435C4A2FD579F1B1,40CDE936B04B4573A47223396006443CA5EAC845,E1B54925C59ECE813269B9A3309B7A5EB57E9B98,2020-08-26 21:31:56.717000,2020-08-26 21:31:57.459000
dxop2xh2oa2mmq4e,failed,not_found,254,14D57DEDF0A4554A2D21AD53CCCC43E31158C733,F24F8BEA2779A79111F33F6832B062BED306B9CB,6BE5AA34A5C391724677A3FDC2AA77B3768F6E26,5DB9AE27A44EB7B476CC04A66C67A71C97A001E6,2020-08-26 21:31:57.459000,2020-08-26 21:31:58.300000
mh3nnvk5cly7ycns,failed,not_found,144,14D57DEDF0A4554A2D21AD53CCCC43E31158C733,4EBE3B18F7D38D0A2FDD67B47A55CB9069368723,8358BDDA9C9A680B4E3A2809E5C24F5B3624D5C2,D80A50EF9BFD77CFCEA5326F389E24F932D6F9DA,2020-08-26 21:31:52.052000,2020-08-26 21:31:52.606000
mh3nnvk5cly7ycns,failed,not_found,166,14D57DEDF0A4554A2D21AD53CCCC43E31158C733,ED2BF11CB3C0205CADC94596DC688A5153FCAB35,C3E0E9EA1FF3FCFC27E856BFE61533020DD7F090,D8056CAD4A3D6EE7D82748027474BF5C53E569D9,2020-08-26 21:31:52.607000,2020-08-26 21:31:53.369000
mh3nnvk5cly7ycns,failed,not_found,484,14D57DEDF0A4554A2D21AD53CCCC43E31158C733,94EC34B871936504BE70671B44760BC99242E1F3,CC35A0069EAD4DB32C21AA6BFE2F872FE30742FD,B891CB6370CF7C51C6FB24D80947AFB7ED463D00,2020-08-26 21:31:53.370000,2020-08-26 21:32:07.492000
mh3nnvk5cly7ycns,failed,not_found,591,14D57DEDF0A4554A2D21AD53CCCC43E31158C733,E2C3E5825E5BBDAFD5A8EF516B3CC600D5ACE12B,1CBA20ECB204FB968103CE5E5BA770B5ABD8AC4E,B87D46124FCB8BD887CC774349F335ED1F8419F6,2020-08-26 21:32:07.492000,2020-08-26 21:32:09.240000
mh3nnvk5cly7ycns,failed,not_found,708,14D57DEDF0A4554A2D21AD53CCCC43E31158C733,672A56A583C658372E63ACEB43E7F791C2819548,59EA74708A9C1A24D2EB1A2F150C27119A5FC2A6,B890CB3C5A05ED29625F872A1EE462788C7DFACB,2020-08-26 21:32:09.240000,2020-08-26 21:32:10.120000
mh3nnvk5cly7ycns,failed,not_found,761,14D57DEDF0A4554A2D21AD53CCCC43E31158C733,861BCFDD148973985E7FE97C7455C9E4AC4E13BE,3BADB3EFFB87534736BFAC9A2024AB78401BDBC3,D7E1B4F504FC22027FA06BA5F1F0F59C24FA2912,2020-08-26 21:32:10.120000,2020-08-26 21:32:11.305000
mmenayn2mtxrqw7j,failed,not_found,151,14D57DEDF0A4554A2D21AD53CCCC43E31158C733,02758CD398E3F842EF82478078AAAE0273770DB2,F35D115BDD5987D301BE0FD27DAB05F5F4B2ABAE,3B4C5729F829CA2E895B81AF834A63DB336D0FFE,2020-08-26 21:31:52.058000,2020-08-26 21:31:52.787000
mmenayn2mtxrqw7j,failed,not_found,170,14D57DEDF0A4554A2D21AD53CCCC43E31158C733,4BC874C290A1438E9FF3C684F1CAC2AC351A12EB,461D6EA15966C7F99B43D37ADC116B5B8E47D130,3B60AEB127F4A8CDE7F3798B799EBDC3463FB9C7,2020-08-26 21:31:52.787000,2020-08-26 21:31:53.417000
mmenayn2mtxrqw7j,failed,not_found,184,14D57DEDF0A4554A2D21AD53CCCC43E31158C733,6D163F649ECBE9DC20F016236EF36D7E1559E98E,20571FE948D23E8B62CEDE1B33298F1BF324EE17,3B5C6ED2C1DECEB32BF1AD9B7B272F4CE9CE0656,2020-08-26 21:31:53.417000,2020-08-26 21:31:54.785000
mmenayn2mtxrqw7j,failed,not_found,206,14D57DEDF0A4554A2D21AD53CCCC43E31158C733,3C79699D4FBC37DE1A212D5033B56DAE079AC0EF,E5CC91BAFE7CCD68003E873D32E38027638D49D7,8A5E7C2D09835974B4D58252BAD51FD8AD54F9CE,2020-08-26 21:31:54.786000,2020-08-26 21:31:55.489000
mmenayn2mtxrqw7j,failed,not_found,301,14D57DEDF0A4554A2D21AD53CCCC43E31158C733,F1B1E1267A9301244120EF7D47CD4174FD94FD60,EE7CD2A763435C7006095BD167C790ABE5BC4DEA,8A57DA2FFB5BA49C041EDE1A095E33E86EA756CC,2020-08-26 21:31:55.489000,2020-08-26 21:32:00.542000
mmenayn2mtxrqw7j,failed,not_found,314,14D57DEDF0A4554A2D21AD53CCCC43E31158C733,EAB20BD4083C820EC8329ED5AEBF12019A7749F3,25990FC54D7268C914170A118EE4EE75025451DA,8A6F5A21493685B50F1B46A87A2099D6C410F237,2020-08-26 21:32:00.543000,2020-08-26 21:32:01.260000
h6puwlgmvkagg4ly,failed,not_found,153,14D57DEDF0A4554A2D21AD53CCCC43E31158C733,ADE92B0150C933FFE00683E7492F1D930AFABB6D,7D8EBB86CF2EB560F938BEF018E1D8FD6B36B327,A65E1523F313405BB60E4AA136A69EFA504C4F60,2020-08-26 21:31:52.066000,2020-08-26 21:31:52.924000
h6puwlgmvkagg4ly,failed,not_found,176,14D57DEDF0A4554A2D21AD53CCCC43E31158C733,6DFEB41C04CCE846871338E85DD5ACF5CFB6C1DD,AE6A8C18E7499B586CD36246AC4BCAFFBBF93AB2,A478E421F83194C114F41E94F95999672AED51FE,2020-08-26 21:31:52.924000,2020-08-26 21:31:53.675000
h6puwlgmvkagg4ly,failed,not_found,191,14D57DEDF0A4554A2D21AD53CCCC43E31158C733,DA96AC308288FBFD4641F25F1FA44DDD62FFE42B,A0B05E1D852D874EFAF3603C83246E00AD65AF20,A466DC1C546053060940AB279F1EA967167ECACB,2020-08-26 21:31:53.675000,2020-08-26 21:31:56.421000
h6puwlgmvkagg4ly,failed,not_found,234,14D57DEDF0A4554A2D21AD53CCCC43E31158C733,A20CB2416BDECC60B681FEE20113361DB7DDE5DB,B0335F7872A698A86E5E9AC3CF323B50AEF9C081,A664577C394634C7BEB6040062144305CE4786FC,2020-08-26 21:31:56.422000,2020-08-26 21:31:57.291000
h6puwlgmvkagg4ly,failed,not_found,238,14D57DEDF0A4554A2D21AD53CCCC43E31158C733,EAA088440B100FF8407266B5D4853FFB16A8CB67,04A28A62F27D9C4A60F9ED0C4264E98B988C65A3,A66E5782FE6097D2824044466776FE912AEFD85B,2020-08-26 21:31:57.292000,2020-08-26 21:31:57.936000
h6puwlgmvkagg4ly,failed,not_found,269,14D57DEDF0A4554A2D21AD53CCCC43E31158C733,494E8307AE921E46CCD20BD91C4FACEA8E3CCC5F,77A56CB237740E24AEA2D61C8C8936232AFC1BD8,A462FACF2365D0BD14CD18B7CF66482B05DE9D7D,2020-08-26 21:31:57.936000,2020-08-26 21:32:00.458000
uu5d4y5gt2522qj4,failed,not_found,237,14D57DEDF0A4554A2D21AD53CCCC43E31158C733,D10B9112E59DEAA4C6FA507521E61EB86D2C2A7E,D60C2D85EAD93D23F1C00874D334BBF8A96CD529,E81978D79F5FBC67DD0E80F6EADCE88A97A79554,2020-08-26 21:31:53.054000,2020-08-26 21:31:57.542000
uu5d4y5gt2522qj4,failed,not_found,257,14D57DEDF0A4554A2D21AD53CCCC43E31158C733,A3AFBDEE30238E44899C9F8B7666D12B09C8EE32,2DF58694C18525A4892F514D01039BCF44A05433,68EC657DC8A587B38D5D7763D5C72E93C2CD456C,2020-08-26 21:31:57.542000,2020-08-26 21:31:58.274000
uu5d4y5gt2522qj4,failed,not_found,277,14D57DEDF0A4554A2D21AD53CCCC43E31158C733,5E7467C0E00AB25C56E0887271FEE69DFC1306CD,D710B8449C8EC4E3ED55B8C7483B6445ED9A0DBB,68EBC7615E7DE318C6B9AA530EFD6E20FDE8DF9A,2020-08-26 21:31:58.274000,2020-08-26 21:31:59.065000
uu5d4y5gt2522qj4,failed,not_found,291,14D57DEDF0A4554A2D21AD53CCCC43E31158C733,8B889E04C60E30D511013189D3C2ADCE522E1F3C,221546DAE86B003139B13BD6F6AE1B4B42B59DF8,68F175CCABE727AA2D2309BCD8789499CEE36ED7,2020-08-26 21:31:59.065000,2020-08-26 21:31:59.847000
uu5d4y5gt2522qj4,failed,not_found,305,14D57DEDF0A4554A2D21AD53CCCC43E31158C733,3C8609D996441A690BF31A7AB0374D9E33FA2210,3E04505D362AA324E6E4E1C8516CCD9EF4D41B9C,E81AE352A41ECB6C1C67A00816A7B22EDE206F01,2020-08-26 21:31:59.847000,2020-08-26 21:32:00.998000
uu5d4y5gt2522qj4,failed,not_found,323,14D57DEDF0A4554A2D21AD53CCCC43E31158C733,29A39144AD141242436D07901F7A8B91F7516A66,F836446663F1EB816F13708955F105D0B2F5C8E0,E81993EA52B73285CFFD02FEC003569D21483001,2020-08-26 21:32:00.999000,2020-08-26 21:32:01.693000
45gvja2lcqxeqprm,failed,not_found,180,14D57DEDF0A4554A2D21AD53CCCC43E31158C733,0122A605B7C170D6086143448273D9A9844B69E2,A59AD84F92B2E5A76EBFE3BE62D3B28AF9BFD127,F935633F907506C3327C9CEE2B7F39A54B88C375,2020-08-26 21:31:53.062000,2020-08-26 21:31:54.014000
45gvja2lcqxeqprm,failed,not_found,197,14D57DEDF0A4554A2D21AD53CCCC43E31158C733,F6740DEABFD5F62612FA025A5079EA72846B1F67,68773D3FF7B8CEFCEEFCA32AE72015E2D38C62C1,F9246DEF2B653807236DA134F2AEAB103D58ABFE,2020-08-26 21:31:54.015000,2020-08-26 21:31:54.624000
45gvja2lcqxeqprm,failed,not_found,203,14D57DEDF0A4554A2D21AD53CCCC43E31158C733,B42C797CC8CD63C60FB643E820A11D113DF4F5C8,6BE9FC8A297D896B23460F2FB15EF854DFCDC98B,19CEDE7CF85C2D1AE18FF331FFE066D251A55B77,2020-08-26 21:31:54.625000,2020-08-26 21:31:55.956000
45gvja2lcqxeqprm,failed,not_found,224,14D57DEDF0A4554A2D21AD53CCCC43E31158C733,00C22D3BC1822EB8EA380AF04245337399E796E2,A1B28D636A56AAFFE92ADCCA937AA4BD5333BB4C,F92819F9B74BDF438FA9DA2E0163C3A1B44B0CEA,2020-08-26 21:31:55.956000,2020-08-26 21:31:56.723000
45gvja2lcqxeqprm,failed,not_found,242,14D57DEDF0A4554A2D21AD53CCCC43E31158C733,71D15B4A7DD9FB70B0E1439F7D350B8FACCFC306,22775B953E662151549C114CB8EE5FBDBCBDAD02,19FFF04C4B4448A993F5C908C99704881DCD4767,2020-08-26 21:31:56.723000,2020-08-26 21:31:57.744000
45gvja2lcqxeqprm,failed,not_found,265,14D57DEDF0A4554A2D21AD53CCCC43E31158C733,9ECFD67230D09E5E8F3431BDC4FD8E52428AFC09,BA61B1ED4101F341622484C17A9BBE0EC5B70BF5,1A002B6E163D502F23381391718E11A568976403,2020-08-26 21:31:57.745000,2020-08-26 21:31:58.594000
t6wqly6i7kc3ejin,failed,not_found,181,14D57DEDF0A4554A2D21AD53CCCC43E31158C733,F663CA227B7D2B3C8556F7DDBFC6653A010A2C4F,A79F94117D73D4AFA4BCE340A3CB6E345C817594,EC8C36BC209BA499263E93D0826046667AAC14BA,2020-08-26 21:31:53.062000,2020-08-26 21:31:54.110000
t6wqly6i7kc3ejin,failed,not_found,200,14D57DEDF0A4554A2D21AD53CCCC43E31158C733,B22A56D8AE494A20CA0EB8457F3CAC54FC99ACCE,2EB3C230180694A1E848001E20F36F76A2287039,EC9C4CDB403204731122C9D3FA44DFAE667DC82D,2020-08-26 21:31:54.111000,2020-08-26 21:31:55.436000
t6wqly6i7kc3ejin,failed,not_found,215,14D57DEDF0A4554A2D21AD53CCCC43E31158C733,EA3616A0B9BBBDC74121D8D6F01EABDDCF6BE35D,43A57C27B11A2AB3897C145BAC4A3884D358E6EA,EC7DF86078FCD97796087E8A8D37131E74A37CBF,2020-08-26 21:31:55.437000,2020-08-26 21:31:58.140000
t6wqly6i7kc3ejin,failed,not_found,274,14D57DEDF0A4554A2D21AD53CCCC43E31158C733,D1B1A550FEE3A05E71CA9080D14CCA3B746C0C17,0C6D3655763B1A3A60FC42135CD60765AFE953BA,275EA42562624713B8B89A8F1557796C5F2AA24B,2020-08-26 21:31:58.140000,2020-08-26 21:31:59.024000
t6wqly6i7kc3ejin,failed,not_found,289,14D57DEDF0A4554A2D21AD53CCCC43E31158C733,45857D581CBB56A5012691E4F11695C66E3D88F8,FEDE31337E4E19E06B97D282F08B0A0E8B9C5526,2751A18D2966DB9A955FAE0BD7D7431B9E2FECA4,2020-08-26 21:31:59.024000,2020-08-26 21:32:00.838000
t6wqly6i7kc3ejin,failed,not_found,319,14D57DEDF0A4554A2D21AD53CCCC43E31158C733,A0BD104E35D36F5630B01EB5370597EB09204C99,EBB799FADD615E93CA97BE5583E5EB97DD21E10F,2757DFBECFF7B5B02680F5CE084A44FDBC08B196,2020-08-26 21:32:00.839000,2020-08-26 21:32:02.932000
ytnglvnon2vquawg,failed,not_found,2198,14D57DEDF0A4554A2D21AD53CCCC43E31158C733,40C773D9F2B16143CDB2ADB661DDC6BB12EF3E2C,03910F285A33F365838EC66EF2C2EF754D046760,320DB7BEA72C058BA2EEF098BF1AEFBA29371BE0,2020-08-26 21:31:54.043000,2020-08-26 21:32:36.778000
ytnglvnon2vquawg,failed,not_found,2252,14D57DEDF0A4554A2D21AD53CCCC43E31158C733,00042F1D198E9428A6800F2509C124A8DB6C8AD3,46A91ECF7C4F36F830E015EF484BE3B5A53B74DD,15FEE423DFF8AF9E2E081959B0C6326072C60DA1,2020-08-26 21:32:36.778000,2020-08-26 21:32:38.687000
ytnglvnon2vquawg,failed,not_found,2373,14D57DEDF0A4554A2D21AD53CCCC43E31158C733,CC100DC017A25E244C35C964BB518E4308415ACC,4C79714A9BDDB6CF8F4C42AF0AFA6E2F12151FDE,15FD9187ED210CDE1AD40475D305A9137F0F5959,2020-08-26 21:32:38.687000,2020-08-26 21:32:39.713000
ytnglvnon2vquawg,failed,not_found,2462,14D57DEDF0A4554A2D21AD53CCCC43E31158C733,7B0D94D348D9F98C50B6674C5CB17AF35EA2605F,0D7C69551F9186DB589BDF00858314AC136A33DA,15E5BBA49036203A360F00662E93A17D9430025A,2020-08-26 21:32:39.713000,2020-08-26 21:32:40.486000
ytnglvnon2vquawg,,,,,,,31F14A974160395DCCB748F944BA68A985607837,2020-08-26 21:32:40.486000,
efgricmnecrbdyxm,failed,not_found,198,14D57DEDF0A4554A2D21AD53CCCC43E31158C733,2935E0F03B71BE44F6F265FEF976E810BAAD6F4E,7D928720EC0CB5C2AFE04DF0EBC37BD59B00EAB4,9C900A7F6F5DD034CFFD192DAEC9CCAA813DB022,2020-08-26 21:31:54.050000,2020-08-26 21:31:55.333000
efgricmnecrbdyxm,failed,not_found,212,14D57DEDF0A4554A2D21AD53CCCC43E31158C733,D426B3F7FF144AAE24AECD72ED96820DDB338055,EC4AD91674B5AFECCA117A396776F120651E55BF,9D462FB499BA316E485ED80E0073802D2283FAAB,2020-08-26 21:31:55.334000,2020-08-26 21:31:57.378000
efgricmnecrbdyxm,failed,not_found,333,14D57DEDF0A4554A2D21AD53CCCC43E31158C733,0B343CDB8934729DC91B1CAD7BD2D05F705E90E0,96DAFDCE92BA94E4CC95F8314AE48E272A702FDC,9CA4AB2B042C173AC56479C69F5F436E9F1E0F94,2020-08-26 21:31:57.378000,2020-08-26 21:32:02.573000
efgricmnecrbdyxm,failed,not_found,349,14D57DEDF0A4554A2D21AD53CCCC43E31158C733,9E6BA60AFBF9A4946A52770ABCDFC95703DAD6CB,9413E5D74EFDCA7C36FCA9664B98C48C93FE33C7,8BB171D82DDEC2CC751C5B63BA5439FB448A24B2,2020-08-26 21:32:02.574000,2020-08-26 21:32:03.308000
efgricmnecrbdyxm,failed,not_found,368,14D57DEDF0A4554A2D21AD53CCCC43E31158C733,169535CC4C75FF79C6D548D41720064EE4FE61D2,FB879E9F83F885D35594F85C5E42EC9CADD8461F,8BE79CE3261C027CE94F84D6CBE45F03BE9B8B59,2020-08-26 21:32:03.308000,2020-08-26 21:32:04.103000
efgricmnecrbdyxm,failed,not_found,386,14D57DEDF0A4554A2D21AD53CCCC43E31158C733,169535CC4C75FF79C6D548D41720064EE4FE61D2,CA95B3584C44DED8107AF5B3D8C25C562CC64DD4,8BAFFAA25FA37A692869E522F5E4C80B37AFED90,2020-08-26 21:32:04.103000,2020-08-26 21:32:04.945000
5yduzcv34z72im7d,failed,not_found,199,14D57DEDF0A4554A2D21AD53CCCC43E31158C733,E3D61BAEA0B7CB12CACEDC8821C520557BDFCEA3,A597AC866E40CAB5A67759ADE4942192E99DE684,970CE6B17927F083ABF157E9BFA305FD39E062E5,2020-08-26 21:31:54.055000,2020-08-26 21:31:57.615000
5yduzcv34z72im7d,failed,not_found,259,14D57DEDF0A4554A2D21AD53CCCC43E31158C733,D1E706B9021A0BF8E9663DB207D9D9EC03A70DAC,AE236568ED01527850FA0D5BEFBBF6C6BDA47AF0,8DCB526722FBE2B3F4C0CE9D020B0589170F8BDA,2020-08-26 21:31:57.615000,2020-08-26 21:31:58.773000
5yduzcv34z72im7d,failed,not_found,287,14D57DEDF0A4554A2D21AD53CCCC43E31158C733,9BE181C94EB3675F69BE0919D48CD67DD6D0C277,44BD70C13DAA7513D6F47773804178B009F21ED5,8DC832ABDC9C97B8B71F74AB041D3CB3FA9578AA,2020-08-26 21:31:58.774000,2020-08-26 21:31:59.646000
5yduzcv34z72im7d,failed,not_found,300,14D57DEDF0A4554A2D21AD53CCCC43E31158C733,F75E47FBCACF99EC46821B9D0FF5D307338B11B6,874D84382C892F3F61CC9E106BF08843DE0B865A,97151BC6EB9D63C26A672D955EB6D66E3CCB9B9C,2020-08-26 21:31:59.646000,2020-08-26 21:32:01.987000
5yduzcv34z72im7d,failed,not_found,339,14D57DEDF0A4554A2D21AD53CCCC43E31158C733,F741E5124CB12700DA946B78C9B2DD175D6CD2A1,9F5068310818ED7C70B0BC4087AB55CB12CB4377,8E1EFE623F0BF0622F2A6F135E13EA6E3AE5826E,2020-08-26 21:32:01.988000,2020-08-26 21:32:02.759000
5yduzcv34z72im7d,failed,not_found,358,14D57DEDF0A4554A2D21AD53CCCC43E31158C733,0A58B05D403A2663EB56124F8C7AAB0CABFAA115,FE1AF5E909002134BFF834F4AD5E1DE723779002,9713321D477F315B5818A189B819DC97B3E4045D,2020-08-26 21:32:02.760000,2020-08-26 21:32:03.558000
ejyfbabinc6uba3l,failed,not_found,204,14D57DEDF0A4554A2D21AD53CCCC43E31158C733,9EA4649400C7D35E20C734FA737CF615E925F1E4,1034775A01EA629979D0A601EC85FDF2F584CC45,648F20B54CF719E6D02FAA07A8DA6CA1C7EEFEEE,2020-08-26 21:31:55.070000,2020-08-26 21:31:55.593000
ejyfbabinc6uba3l,failed,not_found,219,14D57DEDF0A4554A2D21AD53CCCC43E31158C733,40B9F180ECA8B49D7AB1CE3FFB544999D0759B74,0F89912E6A4C4A8ACE43C58FF8B83CA299BFF74F,7761DDC7EB1BE26D4155F74A15F12C32A36FE0F2,2020-08-26 21:31:55.594000,2020-08-26 21:31:56.711000
ejyfbabinc6uba3l,failed,not_found,432,14D57DEDF0A4554A2D21AD53CCCC43E31158C733,EAA823552F959DFD038E9AC8FA89345A738B6C00,7FF1A673A5E1F7E9D2495A36C185B890DBD96553,64AFFBBE017853193E190EF89D64602307B7C4D8,2020-08-26 21:31:56.711000,2020-08-26 21:32:05.703000
ejyfbabinc6uba3l,failed,not_found,483,14D57DEDF0A4554A2D21AD53CCCC43E31158C733,2A621A40FF3081F612946FDFB8DC781BCE859A05,0F19413E69DB6507EFDDEC9444C86E0574D6F471,648E97719EDEC4F0E08F1CEB8D24F2C8F587344C,2020-08-26 21:32:05.703000,2020-08-26 21:32:06.538000
ejyfbabinc6uba3l,failed,not_found,535,14D57DEDF0A4554A2D21AD53CCCC43E31158C733,0A58B05D403A2663EB56124F8C7AAB0CABFAA115,F740DDDB1A6B536B5CC47111BFE4E2F7CF9B4C28,7749943AC70AAAF5143638CA9B67786D28C1D39F,2020-08-26 21:32:06.538000,2020-08-26 21:32:07.401000
ejyfbabinc6uba3l,failed,not_found,849,14D57DEDF0A4554A2D21AD53CCCC43E31158C733,A59AD84F92B2E5A76EBFE3BE62D3B28AF9BFD127,BF37445EA2A9F3D04F4B87DFAC624AEF21B559D5,775B0FAFDE71AADC23FFC8782B7BEB1D5A92733E,2020-08-26 21:32:07.402000,2020-08-26 21:32:12.403000
3qnjh7ht6cwdrl5y,failed,not_found,210,14D57DEDF0A4554A2D21AD53CCCC43E31158C733,63DE54637F349FD686CF1C036827B5BE826B9F7C,10A1E225A56E02F66011BEA3CD51D9F694D22913,A4A6FFACED78B8ED756A9CE14B67B743068FA6F2,2020-08-26 21:31:55.085000,2020-08-26 21:31:56.710000
3qnjh7ht6cwdrl5y,failed,not_found,239,14D57DEDF0A4554A2D21AD53CCCC43E31158C733,58FC2AAB3792AC37897D34331F4F4E00341DEC0C,9684C4D6C71131EEEF2E5C23C3EA234A684CD501,5436FC72ABDEAC39BF58E64E5E12C462A7D3D088,2020-08-26 21:31:56.711000,2020-08-26 21:31:57.542000
3qnjh7ht6cwdrl5y,failed,not_found,334,14D57DEDF0A4554A2D21AD53CCCC43E31158C733,EF1A9BE231A6C3AC94B9E2BFC86990B16C923A45,D7829A21726220AF77401BE5B2B132963A0BE82B,A4A25EDAB880FF4200F4C21316F3B9E072C9F466,2020-08-26 21:31:57.542000,2020-08-26 21:32:02.544000
3qnjh7ht6cwdrl5y,failed,not_found,545,14D57DEDF0A4554A2D21AD53CCCC43E31158C733,625743FAF41B791AAFC2D4BF859DA4AAA2E81FE7,9EA4649400C7D35E20C734FA737CF615E925F1E4,A4C83C2BEB4F1B31D40E80D5524C66A117D77C50,2020-08-26 21:32:02.545000,2020-08-26 21:32:07.791000
3qnjh7ht6cwdrl5y,failed,not_found,618,14D57DEDF0A4554A2D21AD53CCCC43E31158C733,DEF35CE8FCC5B5ED35DEC379A9EDF420FF419677,0C6D3655763B1A3A60FC42135CD60765AFE953BA,5412D862C7625F145E16D3D831F6D33A9FAF5EE9,2020-08-26 21:32:07.792000,2020-08-26 21:32:08.965000
3qnjh7ht6cwdrl5y,failed,not_found,690,14D57DEDF0A4554A2D21AD53CCCC43E31158C733,A9BEA2E0699D1F60521C8A1167340945A419D102,322C6E3A973BC10FC36DE3037AD27BC89F14723B,54371D64F4AED8CD1EF8ED1B58C725C4063BDE42,2020-08-26 21:32:08.965000,2020-08-26 21:32:09.761000
djojvqoic6ubnbwh,failed,not_found,211,14D57DEDF0A4554A2D21AD53CCCC43E31158C733,ACF165754601059ED2E472F893AD0FA4CAF1142D,891FB8477529A6B2894B7A3129402E0FD5DD281F,C7106F0C6A7CF0F592CBAFF7C79BD81153B1B5F5,2020-08-26 21:31:55.098000,2020-08-26 21:31:55.863000
djojvqoic6ubnbwh,failed,not_found,223,14D57DEDF0A4554A2D21AD53CCCC43E31158C733,FDD40AA573AFABB54813BB65F023D75ED49A97E8,77A56CB237740E24AEA2D61C8C8936232AFC1BD8,C72934FA5238DDCD997D6353CB3F8189ACA9E5CC,2020-08-26 21:31:55.864000,2020-08-26 21:31:58.099000
djojvqoic6ubnbwh,failed,not_found,273,14D57DEDF0A4554A2D21AD53CCCC43E31158C733,95EFACA18E34C260DDF749596B977402594E6739,8701E70AC4C0C9E1FE47EA853FC997D29BE5D65C,C72E73566CB3377AAE5849F5926AD660E4AF82A2,2020-08-26 21:31:58.099000,2020-08-26 21:31:59.211000
djojvqoic6ubnbwh,failed,not_found,296,14D57DEDF0A4554A2D21AD53CCCC43E31158C733,6B5A63BFEEA8EF58DA812F4F05BE98C869809DFB,79D9E66BB2FDBF25E846B635D8248FE1194CFD26,D53AE170BF6650A2C6640484FE1B5DD1C0AB895B,2020-08-26 21:31:59.211000,2020-08-26 21:31:59.913000
djojvqoic6ubnbwh,failed,not_found,306,14D57DEDF0A4554A2D21AD53CCCC43E31158C733,71539D1911ECB826069A4D156771AC4F9F4632A7,A59AD84F92B2E5A76EBFE3BE62D3B28AF9BFD127,D52A160303C638D9FB03463F8A6B7934D5787F4C,2020-08-26 21:31:59.914000,2020-08-26 21:32:00.645000
djojvqoic6ubnbwh,failed,not_found,411,14D57DEDF0A4554A2D21AD53CCCC43E31158C733,BFA905EA10DFD54A38A0C119FAE00182DE4C173B,40C773D9F2B16143CDB2ADB661DDC6BB12EF3E2C,D5228FA5AA9FDB3825E6F199AFA9F9E6F9526A17,2020-08-26 21:32:00.645000,2020-08-26 21:32:05.111000
v23kyc77b4c2eymk,failed,not_found,227,14D57DEDF0A4554A2D21AD53CCCC43E31158C733,DD0C8EEC5CA402A9FA4478F10C31A440F71F6885,20462CBA5DA4C2D963567D17D0B7249718114A68,8E1EFE623F0BF0622F2A6F135E13EA6E3AE5826E,2020-08-26 21:31:56.086000,2020-08-26 21:31:56.736000
v23kyc77b4c2eymk,failed,not_found,243,14D57DEDF0A4554A2D21AD53CCCC43E31158C733,6B5A63BFEEA8EF58DA812F4F05BE98C869809DFB,509EAB4C5D10C9A9A24B4EA0CE402C047A2D64E6,8DC832ABDC9C97B8B71F74AB041D3CB3FA9578AA,2020-08-26 21:31:56.737000,2020-08-26 21:31:57.508000
v23kyc77b4c2eymk,failed,not_found,256,14D57DEDF0A4554A2D21AD53CCCC43E31158C733,68773D3FF7B8CEFCEEFCA32AE72015E2D38C62C1,C37F87C0125E26E6ACF54366FA2198209E856ABE,841DE1E065BCA8C1EBDC4A7140646F47A6257BD8,2020-08-26 21:31:57.508000,2020-08-26 21:31:58.056000
v23kyc77b4c2eymk,failed,not_found,263,14D57DEDF0A4554A2D21AD53CCCC43E31158C733,CC2179A97D4EC55BFA56B27F2300C53162CEBB6E,C1DCC470C80F6D702C5ED11515936444BD3A0255,843C4F774DA2653DADBA5B847A33CC646995F6A1,2020-08-26 21:31:58.057000,2020-08-26 21:31:58.358000
v23kyc77b4c2eymk,failed,not_found,281,14D57DEDF0A4554A2D21AD53CCCC43E31158C733,F00EC2E0A2CA79A57FE7A0918A087987747D772D,573051CAA3EEEE2B75EBD096BB1F70D3FDAC5F3A,84126C0974B2169B886B71B0531BEEBE2231F0B7,2020-08-26 21:31:58.358000,2020-08-26 21:31:59.645000
v23kyc77b4c2eymk,failed,not_found,299,14D57DEDF0A4554A2D21AD53CCCC43E31158C733,A5AF5D1904550DD27B1C50872D9496C73D916AEE,D6670FB54B21818CE7C13524AA003258B8E35D38,8DCB526722FBE2B3F4C0CE9D020B0589170F8BDA,2020-08-26 21:31:59.645000,2020-08-26 21:32:00.542000
ffcyhc3xiw77y4cy,failed,not_found,228,14D57DEDF0A4554A2D21AD53CCCC43E31158C733,81F59E8936D0B2105182E4B8200AC07D9274961F,401A66747713038CEEF6ED28C8AFEB70570EEBCC,C4FD2403CC929297B559A49E582516944F75C6A9,2020-08-26 21:31:56.091000,2020-08-26 21:31:58.542000
ffcyhc3xiw77y4cy,failed,not_found,283,14D57DEDF0A4554A2D21AD53CCCC43E31158C733,AA1E584251FCB7C62FEE3EAB480A5FC909A4493C,8FA37B93397015B2BC5A525C908485260BE9F422,373BF7A2CD16E86D4C5BEC591A41945C9AED392D,2020-08-26 21:31:58.543000,2020-08-26 21:31:59.312000
ffcyhc3xiw77y4cy,failed,not_found,285,14D57DEDF0A4554A2D21AD53CCCC43E31158C733,E75F2ACA1A18291AFE52E6BE0BAC1F805ABC1439,29A39144AD141242436D07901F7A8B91F7516A66,372082F3E01DE6A6333D30329C6903A19D0E8E87,2020-08-26 21:31:59.312000,2020-08-26 21:32:00.140000
ffcyhc3xiw77y4cy,failed,not_found,312,14D57DEDF0A4554A2D21AD53CCCC43E31158C733,9AB93B5422149E5DFF4BE6A3814E2F6D9648DB6A,F29A5D7E317934CDFFFA3DD9B26AC9AB48CB1C6C,372A38794527887333B52ED1D707609D808C0659,2020-08-26 21:32:00.140000,2020-08-26 21:32:01.228000
ffcyhc3xiw77y4cy,failed,not_found,485,14D57DEDF0A4554A2D21AD53CCCC43E31158C733,CAF57EB30FD17389954C9F2B43026734F80E39C0,9E1E4F5B5F94812D02C4D18CB4086CE71CA5C614,C4D43EC18179F7B2E8187D7E284D6D547217B39E,2020-08-26 21:32:01.229000,2020-08-26 21:32:08.177000
ffcyhc3xiw77y4cy,failed,not_found,609,14D57DEDF0A4554A2D21AD53CCCC43E31158C733,E75ABF29D4B417D3D3565AEDAF89E4F9D16E736F,B93503D458D9FE97DE5C12D211082871D08F1284,C4EF6DFB8A3C442B1A6F9A3CBE63D970E771BFB2,2020-08-26 21:32:08.178000,2020-08-26 21:32:08.834000
zjich6spt5cdiih5,failed,not_found,229,14D57DEDF0A4554A2D21AD53CCCC43E31158C733,EC4AD91674B5AFECCA117A396776F120651E55BF,F142793FBD6F8E9EC1FC972BCCD8A06009E3DAFC,C22BA9ED6DEE071D2B37B9718DCCFB6A53EAD5E6,2020-08-26 21:31:56.098000,2020-08-26 21:31:56.957000
zjich6spt5cdiih5,failed,not_found,247,14D57DEDF0A4554A2D21AD53CCCC43E31158C733,EA74330DE9BCAE0AA83388F8BA844A31DD20D7C4,66F8C32B94D73B51A5D2FA079C6A09047C9ABA71,69534B8B5FCCD0BF1124945B1D0F5A35FB0A3542,2020-08-26 21:31:56.958000,2020-08-26 21:31:58.308000
zjich6spt5cdiih5,failed,not_found,352,14D57DEDF0A4554A2D21AD53CCCC43E31158C733,0F6E5CA4BF5565D9AA9FDDCA165AFC6A5305763D,96CFE178A1D12489D9D59A0CAE17FE86F5A3A79F,C239952D0C8E4EABC3E6B0A8E0B623689174E3C6,2020-08-26 21:31:58.308000,2020-08-26 21:32:03.557000
zjich6spt5cdiih5,,,,,,,6940247E04C839D268543E7F62566A91E40567E3,2020-08-26 21:32:03.558000,
6is54tldsej3x4e2,failed,not_found,248,14D57DEDF0A4554A2D21AD53CCCC43E31158C733,6E4B5DBF0EE117085C50A8F0E07488A1EB30B562,0EFEAA8E74F9D9024A019702D31380C7B5CBDEEA,5E4D1E6D31413DCCC148A8050224578CBBF12883,2020-08-26 21:31:57.049000,2020-08-26 21:31:58.543000
6is54tldsej3x4e2,failed,not_found,313,14D57DEDF0A4554A2D21AD53CCCC43E31158C733,82405679E1F2AE258FBA8DD45BB2A52735EEED91,EEFFC0D532AB63BB3E9CAEADA822971F6D3AE8D6,60B1681670B185813E762B71F3C3B129A981F37B,2020-08-26 21:31:58.543000,2020-08-26 21:32:01.125000
6is54tldsej3x4e2,failed,not_found,302,14D57DEDF0A4554A2D21AD53CCCC43E31158C733,482A687F14182974926CE0B3ACFFC8D6247ED7DF,5D1E99998C3B3AE9FDDD26F13B81CE0549A5A786,60A5547B2203DD2E148EF9BDD6FF3891081C5DF4,2020-08-26 21:32:01.126000,2020-08-26 21:32:02.313000
6is54tldsej3x4e2,failed,not_found,344,14D57DEDF0A4554A2D21AD53CCCC43E31158C733,4FF53BC47097B50DA5B68D72C5B25CC079F4A787,D007C5B3FC015AD4F708CA2DBB443F9FB5915987,60685893A57D66562A0754BEE3B6A6E68082C8BE,2020-08-26 21:32:02.313000,2020-08-26 21:32:03.097000
6is54tldsej3x4e2,failed,not_found,548,14D57DEDF0A4554A2D21AD53CCCC43E31158C733,8FA37B93397015B2BC5A525C908485260BE9F422,D56A98D38FC3C75E0347EEF3DD9C12749AF7C7C5,5E16EF9247D192830EF696B554B5C633188FFE27,2020-08-26 21:32:03.097000,2020-08-26 21:32:07.415000
6is54tldsej3x4e2,failed,not_found,585,14D57DEDF0A4554A2D21AD53CCCC43E31158C733,0B25110BA3473A6DC04AB58A3A0D5E4D6922A0E0,098B3457ABA31AD65A3AF47F61B623E35B3FAB2D,5E1207FC5BE02728D9D0B540384EB081B53987E6,2020-08-26 21:32:07.415000,2020-08-26 21:32:08.262000
sm3xokrrtwygotar,failed,not_found,249,14D57DEDF0A4554A2D21AD53CCCC43E31158C733,FC27B667CEDF304E355B753C13C6B1130A1A165C,C2481FAAA5508F6C2A64873972281220E9778476,4CE6D83FFA8AD24767007E8C972F371F2468F09A,2020-08-26 21:31:57.054000,2020-08-26 21:31:58.318000
sm3xokrrtwygotar,failed,not_found,280,14D57DEDF0A4554A2D21AD53CCCC43E31158C733,5E7467C0E00AB25C56E0887271FEE69DFC1306CD,B33B994C8B9902B6F73957B2E61F71C932130C5D,4CDCC833FB70B9F3915522FDC90E52C531FEEC49,2020-08-26 21:31:58.318000,2020-08-26 21:31:59.440000
sm3xokrrtwygotar,failed,not_found,298,14D57DEDF0A4554A2D21AD53CCCC43E31158C733,2EB3C230180694A1E848001E20F36F76A2287039,AE9377C75CE822E839F15F74C9F346E68D7DB488,88CF8D42D49B7C8E9D03ABE5DAE7AF25E9902008,2020-08-26 21:31:59.440000,2020-08-26 21:32:01.259000
sm3xokrrtwygotar,failed,not_found,327,14D57DEDF0A4554A2D21AD53CCCC43E31158C733,8BB171D82DDEC2CC751C5B63BA5439FB448A24B2,1589600C48D2DFA5187ADD908B47CA7E381190CA,88A18960AF7735FD4489374AC411FBBFE9743A20,2020-08-26 21:32:01.260000,2020-08-26 21:32:02.692000
sm3xokrrtwygotar,failed,not_found,350,14D57DEDF0A4554A2D21AD53CCCC43E31158C733,900BA026079CF8AAC553D6636A5DFD275251F3B6,0C6D3655763B1A3A60FC42135CD60765AFE953BA,4CF05E75DD23A18E6E5681C4011E5254784A3EE0,2020-08-26 21:32:02.692000,2020-08-26 21:32:03.471000
sm3xokrrtwygotar,failed,not_found,375,14D57DEDF0A4554A2D21AD53CCCC43E31158C733,638D91FC9EF661348A6994D04C3499BC03F50BBE,CC651A7620A8129209BF865CA6ECC1F09023DD28,88DF5D708E931C431902AAABEA981E7951E00085,2020-08-26 21:32:03.471000,2020-08-26 21:32:04.283000
ogvp74vtgpwsmmya,failed,not_found,250,14D57DEDF0A4554A2D21AD53CCCC43E31158C733,1FC89C159EA0F96D52D8A7092BF938C509DB6984,98138DFD3E2C8C89D8F5AB11EF9B6BFF272D83B4,754CB99117E6ED570DFCFB7D9F12674B97A4E28E,2020-08-26 21:31:57.096000,2020-08-26 21:31:57.745000
ogvp74vtgpwsmmya,failed,not_found,266,14D57DEDF0A4554A2D21AD53CCCC43E31158C733,6962377722C4AA5E56540F4F9693DFA525449974,AAC6AE4A8ED164C3657D64E3EF980EEBB4BBC8A1,C3443C3A0F6FE548262EA987A955D5BD4FD27C24,2020-08-26 21:31:57.745000,2020-08-26 21:31:58.963000
ogvp74vtgpwsmmya,failed,not_found,288,14D57DEDF0A4554A2D21AD53CCCC43E31158C733,891FB8477529A6B2894B7A3129402E0FD5DD281F,7C22E89AB620E77DF1B4A33787A5EC3F2AB4A8D1,C33B36DBD576D4DE141443D28122575DA159D1B3,2020-08-26 21:31:58.963000,2020-08-26 21:31:59.802000
ogvp74vtgpwsmmya,failed,not_found,304,14D57DEDF0A4554A2D21AD53CCCC43E31158C733,E14D10669DD6E472235F8F0161544B4E7B7CB3C7,795790C25BDE834B836EA54DD96DB2610829573B,756A8DD40D4166E2863064C98069411559B16887,2020-08-26 21:31:59.803000,2020-08-26 21:32:01.602000
ogvp74vtgpwsmmya,failed,not_found,330,14D57DEDF0A4554A2D21AD53CCCC43E31158C733,F6CD4DBF5850AC4386DD9A424918AD3C6BA2716F,66905A83A4858A4DD075AEA0514377A9F59E110D,C333C56EAAD404ACDDE2FB3A675C5F5DA46A81E2,2020-08-26 21:32:01.602000,2020-08-26 21:32:02.406000
ogvp74vtgpwsmmya,failed,not_found,346,14D57DEDF0A4554A2D21AD53CCCC43E31158C733,CC4C2CB58527EA1C6421330EF3EFE3344E0D4A9E,1E1A7C9134637383BE653C41973995A229D81595,75258E755064AA2412BC6BAB885756A3201F8C73,2020-08-26 21:32:02.407000,2020-08-26 21:32:04.233000
iyljacr6mfsaxuha,failed,not_found,270,14D57DEDF0A4554A2D21AD53CCCC43E31158C733,1AEED3F99DD95D0726AC6CDC6F5E6B20C60FC34D,69B53A5AE5025DA8947F7C32F69CA90375ED2A4E,83B5DB940A719B67F5BF616FEEC9D8D4F764D1AB,2020-08-26 21:31:58.064000,2020-08-26 21:31:59.053000
iyljacr6mfsaxuha,failed,not_found,353,14D57DEDF0A4554A2D21AD53CCCC43E31158C733,3CEA56B817455E13C4B063E7D3E7726C286F7C9B,46E0487EEEFD694CE625CC6E12D032395C01DB82,83B48E68C31C13AA12E2A9F9C1CBE1D9B3F4E03A,2020-08-26 21:31:59.053000,2020-08-26 21:32:03.443000
iyljacr6mfsaxuha,failed,not_found,373,14D57DEDF0A4554A2D21AD53CCCC43E31158C733,C7E332093AD8D8CBBED8AA6136BDDBC337A87BF4,D08660B6D70B6249A57D89BB7A8F2EA2C952BD35,D7082DB97E7F0481CBF4B88CA5F5683399E196A3,2020-08-26 21:32:03.443000,2020-08-26 21:32:04.063000
iyljacr6mfsaxuha,failed,not_found,397,14D57DEDF0A4554A2D21AD53CCCC43E31158C733,DE8A58FCD4B84ADEC1F25078CD63F4BFC3DC9C80,20571FE948D23E8B62CEDE1B33298F1BF324EE17,83AEDBDB4BE3AD0ED91850BF1A521B843077759E,2020-08-26 21:32:04.063000,2020-08-26 21:32:05.244000
iyljacr6mfsaxuha,failed,not_found,435,14D57DEDF0A4554A2D21AD53CCCC43E31158C733,D54247E35545388D9C42E4716EDC59F67907789F,4A59FD3642C4D9F46A8D916AC9BC64390BCBC6AE,D6F03EFBE511417D77DCFC1A3F1EB5D4BF509F81,2020-08-26 21:32:05.245000,2020-08-26 21:32:05.599000
iyljacr6mfsaxuha,failed,not_found,476,14D57DEDF0A4554A2D21AD53CCCC43E31158C733,73DCA56424912F69F1478D6630DF27CFE8F41439,CC100DC017A25E244C35C964BB518E4308415ACC,D701ACAF86413E92529EA8E32088C7FC45EA6F69,2020-08-26 21:32:05.599000,2020-08-26 21:32:07.142000
xr62w4ahr5xlhzhv,failed,not_found,335,14D57DEDF0A4554A2D21AD53CCCC43E31158C733,B8C7D56B7E87B39BD0878C5D1D69130596D0BFAD,DD0AA66DD9E4E71FFAFAB658DF8300F1CEEA0364,ABF3D28988AE83BE5B967FACB370E909215F68D7,2020-08-26 21:31:58.071000,2020-08-26 21:32:02.726000
xr62w4ahr5xlhzhv,failed,not_found,357,14D57DEDF0A4554A2D21AD53CCCC43E31158C733,05B451C0562FDE23307AFA84FD6A37652E615233,0F977B4D6EBEECD578AC838A5FDDC81B636060A7,39F096961ED2576975C866D450373A9913AFDC92,2020-08-26 21:32:02.726000,2020-08-26 21:32:03.681000
xr62w4ahr5xlhzhv,failed,not_found,384,14D57DEDF0A4554A2D21AD53CCCC43E31158C733,3B953203AF332D8FE1452E1CE7CB50A3B5297DB2,B7C23613DF258A97D2F3FAA05ECCE683EF0E9B8D,39F91959416763AFD34DBEEC05474411B964B2DC,2020-08-26 21:32:03.681000,2020-08-26 21:32:04.460000
xr62w4ahr5xlhzhv,failed,not_found,424,14D57DEDF0A4554A2D21AD53CCCC43E31158C733,7B0D94D348D9F98C50B6674C5CB17AF35EA2605F,CBFE5D82189D932F62346729CD4C6F66D4B44EE6,AC00AEBA1AE2A80CF4184C4362157BF91487B902,2020-08-26 21:32:04.460000,2020-08-26 21:32:05.378000
xr62w4ahr5xlhzhv,failed,not_found,737,14D57DEDF0A4554A2D21AD53CCCC43E31158C733,68F175CCABE727AA2D2309BCD8789499CEE36ED7,638D91FC9EF661348A6994D04C3499BC03F50BBE,3A209C005F58AF0BCDDEDC4423CFFD3AB3B826F5,2020-08-26 21:32:05.379000,2020-08-26 21:32:11.490000
xr62w4ahr5xlhzhv,failed,not_found,798,14D57DEDF0A4554A2D21AD53CCCC43E31158C733,15FEE423DFF8AF9E2E081959B0C6326072C60DA1,3D5D6178C44537E3692853B344385F6572A55767,ABF940561A8E528559747D2237847E1BD823CDB8,2020-08-26 21:32:11.490000,2020-08-26 21:32:12.402000
4q5mvde24v3yd2tv,failed,not_found,272,14D57DEDF0A4554A2D21AD53CCCC43E31158C733,01384A5D9C6D34352701BF86D04E5F406CB256AE,A191F6309396DAD373FE7E4D1EF64B40F38A3637,E1382D287705E5197461F25039AD08A9B97D001F,2020-08-26 21:31:58.077000,2020-08-26 21:31:59.372000
4q5mvde24v3yd2tv,failed,not_found,297,14D57DEDF0A4554A2D21AD53CCCC43E31158C733,6EF78BB131DA33F9D266BC4BB5972261E34DBD13,BE40A5C8EB81704DBC1586190159AA7EDC1DA11D,E0F638ECCE918B5455CE29D2CD9ECC9DBD8F8B21,2020-08-26 21:31:59.372000,2020-08-26 21:32:00.119000
4q5mvde24v3yd2tv,failed,not_found,311,14D57DEDF0A4554A2D21AD53CCCC43E31158C733,30C0B4DE58CFBB350485B326A0D67352E0138CCF,7A3E534C033E3836BD5AF223B642853C502AB33A,E0E6DEEFAD77051EDF4719134C199AC4C9ED5756,2020-08-26 21:32:00.120000,2020-08-26 21:32:00.953000
4q5mvde24v3yd2tv,failed,not_found,322,14D57DEDF0A4554A2D21AD53CCCC43E31158C733,C013F6A7A2297FA4CD00D05EF4A1C5222B844B25,9A48EC8AAFB2E8C9E20408596383DB74F1196747,8EF8766E1645A41A2AE1565EB673A4957C8D5AD2,2020-08-26 21:32:00.953000,2020-08-26 21:32:01.850000
4q5mvde24v3yd2tv,failed,not_found,487,14D57DEDF0A4554A2D21AD53CCCC43E31158C733,5380653A53FAFFFF0599B69F9AC302CB4B6AAE0B,CF6A6080091BB210AA3892FEFE2F6A396DA08DF3,8F02FE5E233730A6AB4C982E18A2136E662A0B59,2020-08-26 21:32:01.851000,2020-08-26 21:32:06.616000
4q5mvde24v3yd2tv,failed,not_found,542,14D57DEDF0A4554A2D21AD53CCCC43E31158C733,2BB85DC5BD3C6F0D81A4F2B5882176C6BF7ECF5A,A597AC866E40CAB5A67759ADE4942192E99DE684,8EF748FCCF1A9E2B9651DC6ABD921F8EEB24FA73,2020-08-26 21:32:06.616000,2020-08-26 21:32:09.854000
rdvxp45tqgy7laja,failed,not_found,354,14D57DEDF0A4554A2D21AD53CCCC43E31158C733,B872BA6804C8C6E140AE1897B44CF32B42FD2397,08F4692B60862640F688B86826B66F30DEA7AB73,91517F219F7648E4B8BBF3C162C77DDC55315612,2020-08-26 21:31:59.082000,2020-08-26 21:32:03.544000
rdvxp45tqgy7laja,failed,not_found,607,14D57DEDF0A4554A2D21AD53CCCC43E31158C733,EC0ABA811E4EB33DAD8BC8B7037D862BF4F3AA28,AE08D159352237844C60E0153AC8578320922FB8,1A3AC11BF85CE386E19863F5CDF7769BA30E4A06,2020-08-26 21:32:03.545000,2020-08-26 21:32:09.146000
rdvxp45tqgy7laja,failed,not_found,704,14D57DEDF0A4554A2D21AD53CCCC43E31158C733,8ABC4D5F6182C7E79B087D1ED9E5CF652C83E52C,5665A3904C89E22E971305EE8C1997BCA4123C69,9155DBF11CA246908A5410EDA79FCF01DA44901B,2020-08-26 21:32:09.146000,2020-08-26 21:32:10.459000
rdvxp45tqgy7laja,failed,not_found,776,14D57DEDF0A4554A2D21AD53CCCC43E31158C733,42D47C736518BFA495CA31AEE40AE468F0BDA2A6,6B9EA8927AB6E94E216067E65372182343A5AFA2,1A90B9C24AAF9564D23761977E496A1066E0AD67,2020-08-26 21:32:10.459000,2020-08-26 21:32:11.981000
rdvxp45tqgy7laja,failed,not_found,863,14D57DEDF0A4554A2D21AD53CCCC43E31158C733,A69221A7EC7498D2F88A0FB795261013FA36CAAE,40A60D1F1E8AFBED22FCB30B3FBE2E275A14CF99,9149A87E1C8AD684494580FBB3F65AD131A77C56,2020-08-26 21:32:11.981000,2020-08-26 21:32:13.407000
rdvxp45tqgy7laja,failed,not_found,942,14D57DEDF0A4554A2D21AD53CCCC43E31158C733,72C2EB697C3CD4CE7408359B386DEE6B2888F714,6FB20BB05A841CDDB308E85A4D117FCFC911F5EA,1A6CD4A78BC5A4F19CF2F27C4AB32E44C8B20769,2020-08-26 21:32:13.407000,2020-08-26 21:32:14.181000
kpryumibg4lcvpzo,failed,not_found,293,14D57DEDF0A4554A2D21AD53CCCC43E31158C733,3F65766ADE067D9D08920E3B74DAB9040EDD26B2,E97D754577161C2BEF19042F6E1931D8F3E57DFE,EB44DEFA821E3672B955ED9B14E28C36F80C5FA8,2020-08-26 21:31:59.082000,2020-08-26 21:31:59.792000
kpryumibg4lcvpzo,failed,not_found,303,14D57DEDF0A4554A2D21AD53CCCC43E31158C733,605EE4375EE4C38215C8949F5808863749FD4F4A,BF0FB582E37F738CD33C3651125F2772705BB8E8,EB60A3BD25E01AF2564EF0397D8508E5D2AFD58A,2020-08-26 21:31:59.792000,2020-08-26 21:32:00.799000
kpryumibg4lcvpzo,failed,not_found,318,14D57DEDF0A4554A2D21AD53CCCC43E31158C733,F0F13714732C347312426EC2B8D5C4940EAA45BA,438DC9B6B5C5375D332BB338D7E5C1B9EF448960,47E1157F7DA6DF80EC00D745D73ACD7B0A380BCF,2020-08-26 21:32:00.800000,2020-08-26 21:32:01.545000
kpryumibg4lcvpzo,failed,not_found,735,14D57DEDF0A4554A2D21AD53CCCC43E31158C733,B204DE75B37064EF6A4C6BAF955C5724578D0B32,D14EC16949648CEE84EA1664445029EA4B597074,47E0EEB4E75C2C3633A7E294885F146B1E786DA9,2020-08-26 21:32:01.545000,2020-08-26 21:32:16.074000
kpryumibg4lcvpzo,failed,not_found,1089,14D57DEDF0A4554A2D21AD53CCCC43E31158C733,CBFE5D82189D932F62346729CD4C6F66D4B44EE6,8FA37B93397015B2BC5A525C908485260BE9F422,EB60858E074016216315AA6F6E8E3D4F17381D5D,2020-08-26 21:32:16.074000,2020-08-26 21:32:17.752000
kpryumibg4lcvpzo,failed,not_found,1158,14D57DEDF0A4554A2D21AD53CCCC43E31158C733,1E1A7C9134637383BE653C41973995A229D81595,ED0BBC5BDDEB3EEF837B7F13BD8BB6AC64D084BB,47E49319DD67784F1E65B5793371BE467365979E,2020-08-26 21:32:17.752000,2020-08-26 21:32:20.099000
7tzx6u3nwbxnr3l2,failed,not_found,294,14D57DEDF0A4554A2D21AD53CCCC43E31158C733,9E6BA60AFBF9A4946A52770ABCDFC95703DAD6CB,6245DC873D6F613C795D48663D65BD8A2266CAF6,296B2178FD742AB35AB20C9ADF04D5DFD3D407EB,2020-08-26 21:31:59.082000,2020-08-26 21:31:59.946000
7tzx6u3nwbxnr3l2,failed,not_found,307,14D57DEDF0A4554A2D21AD53CCCC43E31158C733,5856DB884578915E7C7A0B7B11E4145B1D2A4E2B,BEA635C89C057DB8E879572C6A2C188239CFAD68,4639FB5E5F4CD9A344CAE0337EDFE535E6808674,2020-08-26 21:31:59.946000,2020-08-26 21:32:00.933000
7tzx6u3nwbxnr3l2,failed,not_found,320,14D57DEDF0A4554A2D21AD53CCCC43E31158C733,0409605E8343562A790FFE846CB3BD7C04429F70,50537AE9C912C29968EF574C483A074F9F68D5D0,465D17C6FC297E3857B5C6F152006A1E212944EA,2020-08-26 21:32:00.934000,2020-08-26 21:32:02.315000
7tzx6u3nwbxnr3l2,failed,not_found,336,14D57DEDF0A4554A2D21AD53CCCC43E31158C733,3E53D3979DB07EFD736661C934A1DED14127B684,A394591E880EB3610E09D240AB63988491844FB6,2935E0F03B71BE44F6F265FEF976E810BAAD6F4E,2020-08-26 21:32:02.315000,2020-08-26 21:32:03.366000
7tzx6u3nwbxnr3l2,failed,not_found,369,14D57DEDF0A4554A2D21AD53CCCC43E31158C733,37535409102DFFE92F3DAC809E470E62BC27F1DF,CF6A6080091BB210AA3892FEFE2F6A396DA08DF3,4648DBC0DBDDF68664AF5B0831C0A83A8F0ADEF5,2020-08-26 21:32:03.366000,2020-08-26 21:32:04.507000
7tzx6u3nwbxnr3l2,failed,not_found,671,14D57DEDF0A4554A2D21AD53CCCC43E31158C733,708A968F3644F8A547156368FEA3DB664110E631,6406B69F95D06F6A94CFDD83E85EE9C410A05D47,296A9A2C96249BC5D8CA8CF196EF5E3FCC80488E,2020-08-26 21:32:04.507000,2020-08-26 21:32:09.490000
auzwufiz6kjsjb46,failed,not_found,308,14D57DEDF0A4554A2D21AD53CCCC43E31158C733,B204DE75B37064EF6A4C6BAF955C5724578D0B32,EA3616A0B9BBBDC74121D8D6F01EABDDCF6BE35D,C12B69DD87847DE8765B1C4335EFB4066FBFD880,2020-08-26 21:32:00.056000,2020-08-26 21:32:00.952000
auzwufiz6kjsjb46,failed,not_found,356,14D57DEDF0A4554A2D21AD53CCCC43E31158C733,CC35A0069EAD4DB32C21AA6BFE2F872FE30742FD,695D811B130673C2DE8DCFC5A9E742790BD25066,FAC70E0E2B41FF5DB186708D13C06985CCC116E3,2020-08-26 21:32:00.952000,2020-08-26 21:32:03.463000
auzwufiz6kjsjb46,failed,not_found,374,14D57DEDF0A4554A2D21AD53CCCC43E31158C733,08F06A0DDAFABF9A26FCB2E392A1435F9E048216,6A5B650B830F408286FF870718D3D00B568B7045,C1841E4BA7C4A1B6BA012E4320570ABEF66D60B0,2020-08-26 21:32:03.464000,2020-08-26 21:32:05.073000
auzwufiz6kjsjb46,failed,not_found,449,14D57DEDF0A4554A2D21AD53CCCC43E31158C733,A0DFB31231C718829FA18EAB4D0CD51DEDBAE08C,4A59FD3642C4D9F46A8D916AC9BC64390BCBC6AE,C1335B1DB938644FCD54EE744D91354F94EDD1BC,2020-08-26 21:32:05.073000,2020-08-26 21:32:05.797000
auzwufiz6kjsjb46,failed,not_found,496,14D57DEDF0A4554A2D21AD53CCCC43E31158C733,509EAB4C5D10C9A9A24B4EA0CE402C047A2D64E6,D5C33F3E203728EDF8361EA868B2939CCC43FAFB,FACC9EB242F4FDA0BD6508CCB86DABCE9E84677F,2020-08-26 21:32:05.797000,2020-08-26 21:32:07.084000
auzwufiz6kjsjb46,failed,not_found,568,14D57DEDF0A4554A2D21AD53CCCC43E31158C733,819C8AFEDAC733315A8F3DB80F043F13090C49F6,A9406A006D6E7B5DA30F2C6D4E42A338B5E340B2,FAB9D513D90CEC46FB269B5E57597766C1DCD96E,2020-08-26 21:32:07.085000,2020-08-26 21:32:07.828000
vjqe4ga7s4yz553g,failed,not_found,309,14D57DEDF0A4554A2D21AD53CCCC43E31158C733,A4DEEE8F4467621C0A3CB7F4E25CB6F7A11FAEE4,85A3AC041E3FCD796AF5D653953D5E27A56E3719,8FC7998C90FFBE05B1F31CB7A70D0BA71DB9C14F,2020-08-26 21:32:00.062000,2020-08-26 21:32:01.450000
vjqe4ga7s4yz553g,failed,not_found,328,14D57DEDF0A4554A2D21AD53CCCC43E31158C733,D0273C8566CC9AECE4C762376C9B066FE0F1DADD,9B2BC7EFD661072AFADC533BE8DCF1C19D8C2DCC,8FDEAE759A90C648863BED85D07113D3FA2AA6FF,2020-08-26 21:32:01.450000,2020-08-26 21:32:02.316000
vjqe4ga7s4yz553g,failed,not_found,345,14D57DEDF0A4554A2D21AD53CCCC43E31158C733,7B28971D4A29995784E3066B9D87E42E9C685F3A,A0C59410B9030AC1385C4CA44C8DBFE13AF4BC9B,CCF28BC8FB26C8C172DEE741702056914D2849BD,2020-08-26 21:32:02.316000,2020-08-26 21:32:03.081000
vjqe4ga7s4yz553g,failed,not_found,365,14D57DEDF0A4554A2D21AD53CCCC43E31158C733,795790C25BDE834B836EA54DD96DB2610829573B,0C8433B6B92E2F1C744F3CFBE49ADA7CBEFEEBFA,CCF38C8682E5936852F6F33A0A333AFF30CA453F,2020-08-26 21:32:03.081000,2020-08-26 21:32:04.062000
vjqe4ga7s4yz553g,failed,not_found,396,14D57DEDF0A4554A2D21AD53CCCC43E31158C733,09A70E396DE93F54D4541BBB0EC8E2B23761F34F,520952098AEC08A9FAF2802482A61AB1BF2EAC2A,8FA37B93397015B2BC5A525C908485260BE9F422,2020-08-26 21:32:04.063000,2020-08-26 21:32:05.312000
vjqe4ga7s4yz553g,failed,not_found,460,14D57DEDF0A4554A2D21AD53CCCC43E31158C733,8E5F4EE45E0631A60E59CAA42E1464FD7120459D,A55E513A283DF2CD89FC1DED396B0AF4FC8F25F4,CCF2FD0048FCC9A842BE881472CEC148BB4EF458,2020-08-26 21:32:05.312000,2020-08-26 21:32:06.245000
nhsotfnq2vszu5hm,failed,not_found,310,14D57DEDF0A4554A2D21AD53CCCC43E31158C733,645BE639E8D490A992B41F04B78B6104F8A1EE86,1B3E48D75E7F7E61D1B9BBE24BA15A38B454380D,C1335B1DB938644FCD54EE744D91354F94EDD1BC,2020-08-26 21:32:00.068000,2020-08-26 21:32:02.074000
nhsotfnq2vszu5hm,failed,not_found,343,14D57DEDF0A4554A2D21AD53CCCC43E31158C733,D7DB8E82604F806766FC3F80213CF719A0481D0B,1684B30AE2ADD371E5D3A8B3F28ACA4CE9CA2E00,C10649F04B9ACCCA6A6B46258A99D48D67DF6A64,2020-08-26 21:32:02.074000,2020-08-26 21:32:02.896000
nhsotfnq2vszu5hm,failed,not_found,360,14D57DEDF0A4554A2D21AD53CCCC43E31158C733,B70BD334FFEE23E653B75219AE12CF0236BCFCBB,16DB78459B845F4E728405EB694E32929E2B318A,4C79714A9BDDB6CF8F4C42AF0AFA6E2F12151FDE,2020-08-26 21:32:02.896000,2020-08-26 21:32:03.573000
nhsotfnq2vszu5hm,failed,not_found,379,14D57DEDF0A4554A2D21AD53CCCC43E31158C733,AE3C3B7165B912E1AA5EC4F177CA8E4DA7C8EC18,6A7479EB4378B946DC2A65A7F2C706B42BAE2EBD,4CA64E677ECFF23B138CFE70A6A02E94BDF3A805,2020-08-26 21:32:03.573000,2020-08-26 21:32:04.388000
nhsotfnq2vszu5hm,failed,not_found,417,14D57DEDF0A4554A2D21AD53CCCC43E31158C733,C00A6B7541A9491629CEEADF121DCA6BEBD1FC45,CA6A1295456D14F8C78CE623EB779EF2C1CCC7F0,4C5B8134341E66CB09246985E4039F9BFC0ADCE3,2020-08-26 21:32:04.388000,2020-08-26 21:32:05.326000
nhsotfnq2vszu5hm,failed,not_found,462,14D57DEDF0A4554A2D21AD53CCCC43E31158C733,1850585BE9BCA1F80D0A051909C94E49D1C49ED3,17ABA734572DBB1050CF3800F0DD145BAE7ED9A7,C12B69DD87847DE8765B1C4335EFB4066FBFD880,2020-08-26 21:32:05.326000,2020-08-26 21:32:06.227000
gz2k6oikqfiyk22e,failed,not_found,317,14D57DEDF0A4554A2D21AD53CCCC43E31158C733,4E81EA3528D6FB79B10B0F11C6FC96CE1C060021,CE34F2DA5B7B419D9D126530DCE86EA87D6D13EE,68701181F3F08C0D13E6460CFB149E010104EF03,2020-08-26 21:32:01.043000,2020-08-26 21:32:01.665000
gz2k6oikqfiyk22e,failed,not_found,331,14D57DEDF0A4554A2D21AD53CCCC43E31158C733,7600899E54FA28AABB1764548ED28CDEC96673B1,900777F6E1307328D5C39826356925FDECB0790B,AF51116B72FFF27806184BAC7DF61564AB7E5C9F,2020-08-26 21:32:01.665000,2020-08-26 21:32:02.896000
gz2k6oikqfiyk22e,failed,not_found,546,14D57DEDF0A4554A2D21AD53CCCC43E31158C733,10CA859C429A17EFF704CC53D0080940148D59DA,DBE82FA23B9FE3CB2462A6FCF5289DED3CBF4AEE,68773D3FF7B8CEFCEEFCA32AE72015E2D38C62C1,2020-08-26 21:32:02.896000,2020-08-26 21:32:07.503000
gz2k6oikqfiyk22e,failed,not_found,594,14D57DEDF0A4554A2D21AD53CCCC43E31158C733,356B94BAD3096790E409790898144A4030AC225C,BF37445EA2A9F3D04F4B87DFAC624AEF21B559D5,AF7094B62864DE941DCD88A2F0DBAFECF3997E47,2020-08-26 21:32:07.503000,2020-08-26 21:32:08.338000
gz2k6oikqfiyk22e,failed,not_found,907,14D57DEDF0A4554A2D21AD53CCCC43E31158C733,94890F37CE0CD5D020773CA7A0E397AA592E5AF3,708A968F3644F8A547156368FEA3DB664110E631,AF77AA5BD924319510F99B30CD0932D32B01B5C5,2020-08-26 21:32:08.338000,2020-08-26 21:32:14.393000
gz2k6oikqfiyk22e,failed,not_found,964,14D57DEDF0A4554A2D21AD53CCCC43E31158C733,67073A512A5C20C65416259FD40C434A7D01C4C2,05C621B44EF6833889AE7B7E2A0B476569C47E37,68130821819BEFF452938FA6629DC59A8D0433AE,2020-08-26 21:32:14.393000,2020-08-26 21:32:14.997000
c6yspqgt7kzwrcnz,failed,not_found,324,14D57DEDF0A4554A2D21AD53CCCC43E31158C733,77A56CB237740E24AEA2D61C8C8936232AFC1BD8,4FCF975D71A8663E8066BD1431D8E9459DBE2EAB,BA0071ABE4A5BEA669A8524C1CD8A6EEB9D5FC39,2020-08-26 21:32:01.052000,2020-08-26 21:32:02.440000
c6yspqgt7kzwrcnz,failed,not_found,347,14D57DEDF0A4554A2D21AD53CCCC43E31158C733,DA8D76F5F5819693B5C96F499BA19F7404014769,22E6FBDB8D77B4C0FA017D6C5F9B45BECDCBCFF8,B9E7A637B00BBB77853A639CC33245A2FEB8F033,2020-08-26 21:32:02.441000,2020-08-26 21:32:03.378000
c6yspqgt7kzwrcnz,failed,not_found,370,14D57DEDF0A4554A2D21AD53CCCC43E31158C733,1C8B3C3D8BC705883B7799C915B2FE1E0FEB006F,6A35EE13D4354FF0A03374C063B10290614BB6A9,B9DE57771D72238A0D8C8D3269A255BA448413B0,2020-08-26 21:32:03.378000,2020-08-26 21:32:04.377000
c6yspqgt7kzwrcnz,failed,not_found,414,14D57DEDF0A4554A2D21AD53CCCC43E31158C733,195A26A390C42A1CE9FA77D2FDC25FB65AE27D45,F7ACB36752F2D27A03800E505D1599F26C981B53,5ADA85FC78D694F57ADBDCDF3EA7CC39CA552A85,2020-08-26 21:32:04.377000,2020-08-26 21:32:06.190000
c6yspqgt7kzwrcnz,failed,not_found,516,14D57DEDF0A4554A2D21AD53CCCC43E31158C733,0EFF185569EC180F7027C060C5CB71272B5F8C44,1FC89C159EA0F96D52D8A7092BF938C509DB6984,5AEAA32FE69683F8B1271E4A331F16A21BF808B7,2020-08-26 21:32:06.190000,2020-08-26 21:32:07.084000
c6yspqgt7kzwrcnz,failed,not_found,566,14D57DEDF0A4554A2D21AD53CCCC43E31158C733,1C3C4AEF036D1202EEC623228EBA5FB71931E2A3,34133CC3192CF7538089B14511400DF21BA5A077,5AE12CAAA489A0739F56E79CC287526FAB55A6FB,2020-08-26 21:32:07.084000,2020-08-26 21:32:08.295000
irobri2u6mbbzwgw,failed,not_found,325,14D57DEDF0A4554A2D21AD53CCCC43E31158C733,B8805CBDBE91A5E68D268FC62DC617B5BD7CC9E7,EDB9C65B939940EC5E9DA800EE1574F1D68042B4,08030D75D691B04FEFCBADCD9B512DCC8DD7FC0F,2020-08-26 21:32:01.060000,2020-08-26 21:32:01.866000
irobri2u6mbbzwgw,failed,not_found,371,14D57DEDF0A4554A2D21AD53CCCC43E31158C733,E4A23FEACFA0D7064C6694BE91BF94805E3CE487,7FA3FA525901A91A1310B817943668BC2C16289E,081C9DF6A615A300B382C004DFE2CC37B561C9A0,2020-08-26 21:32:01.866000,2020-08-26 21:32:04.119000
irobri2u6mbbzwgw,failed,not_found,406,14D57DEDF0A4554A2D21AD53CCCC43E31158C733,F2ED5032B52021E7BADBBB82E6594F1A872FFD09,3076FB1CCEB8341322019AD26F69BFC0AA845334,6315278A91710062D90B288199EFA06E4AAA9E8F,2020-08-26 21:32:04.120000,2020-08-26 21:32:05.357000
irobri2u6mbbzwgw,failed,not_found,465,14D57DEDF0A4554A2D21AD53CCCC43E31158C733,5F58E9417DF94A66529864FA1134635614958A44,63DE54637F349FD686CF1C036827B5BE826B9F7C,636794E0F8F1067E550FA51BF457163FFE2AC335,2020-08-26 21:32:05.358000,2020-08-26 21:32:06.736000
irobri2u6mbbzwgw,failed,not_found,552,14D57DEDF0A4554A2D21AD53CCCC43E31158C733,D14EC16949648CEE84EA1664445029EA4B597074,AAAEFD0CB5443776F98971C3E0A854C989E2DA37,080BBF9B14454976FDEAD1AD620A04388F5A21F8,2020-08-26 21:32:06.736000,2020-08-26 21:32:07.643000
irobri2u6mbbzwgw,failed,not_found,602,14D57DEDF0A4554A2D21AD53CCCC43E31158C733,C5F214F7F9CCBF09324C9AA032760150243A196C,A35944904C0C18955AFB76539CF5EBF805C0A31D,63540827C4832D214984EA47B7A68C593F9F862F,2020-08-26 21:32:07.643000,2020-08-26 21:32:08.358000
tuludkkkr3ftewkl,failed,not_found,340,14D57DEDF0A4554A2D21AD53CCCC43E31158C733,8CDF2F3A8ABD834CF9F3E8FC202DF64625BFB443,ED36124515F71E2E2401D70D9EFC3CAEB08D611B,96211F57FA0A399EC48D1972BA3F8EE6E4D6978C,2020-08-26 21:32:02.058000,2020-08-26 21:32:02.994000
tuludkkkr3ftewkl,failed,not_found,796,14D57DEDF0A4554A2D21AD53CCCC43E31158C733,58F3E2956EABB81F673E2FB90E16E001DB4AC3AE,AE95BDA37A5BB4685FEBB7F06649D6CE949B5316,963074F6481D3F98C76D2F1A7B1FD9E1CBB4EC56,2020-08-26 21:32:02.994000,2020-08-26 21:32:12.055000
tuludkkkr3ftewkl,failed,not_found,869,14D57DEDF0A4554A2D21AD53CCCC43E31158C733,6FBD65C22C2996B2038A090BF5E55AA7AEDEE120,DF02E357B268BA6E9029FA6DFB8BC289E7763FCF,96275921105DC2D41B79AD75804A301738B51E47,2020-08-26 21:32:12.055000,2020-08-26 21:32:13.143000
tuludkkkr3ftewkl,failed,not_found,908,14D57DEDF0A4554A2D21AD53CCCC43E31158C733,8056080EE822B5CA1A8FFF52B7242A82C5E42FBB,81F59E8936D0B2105182E4B8200AC07D9274961F,28C52CDBB78DA46124DA62EC1D6796689E719210,2020-08-26 21:32:13.143000,2020-08-26 21:32:13.581000
tuludkkkr3ftewkl,failed,not_found,1048,14D57DEDF0A4554A2D21AD53CCCC43E31158C733,0C9B3C686421C5A8C20BAA0D7369CD929F43A174,77A56CB237740E24AEA2D61C8C8936232AFC1BD8,296A9A2C96249BC5D8CA8CF196EF5E3FCC80488E,2020-08-26 21:32:13.582000,2020-08-26 21:32:16.314000
tuludkkkr3ftewkl,failed,not_found,1084,14D57DEDF0A4554A2D21AD53CCCC43E31158C733,D1C60F9BCF2DBA07A775978F66C9927D3A9490BB,F91931C25343C1B073641B5C46D2BDDBFE04B9F1,2935E0F03B71BE44F6F265FEF976E810BAAD6F4E,2020-08-26 21:32:16.314000,2020-08-26 21:32:17.326000
bsgwh3t242hx7ucu,failed,not_found,341,14D57DEDF0A4554A2D21AD53CCCC43E31158C733,AE95BDA37A5BB4685FEBB7F06649D6CE949B5316,7992F172EDBE69B99F0190651BAC14DD0FD9E5C8,BD93BEE8C51C129235360A79D76CE6256FF99453,2020-08-26 21:32:02.058000,2020-08-26 21:32:03.420000
bsgwh3t242hx7ucu,failed,not_found,372,14D57DEDF0A4554A2D21AD53CCCC43E31158C733,E46C3F0533709EE2112874B13A4FE3868B33E75E,63540827C4832D214984EA47B7A68C593F9F862F,BD839A8E18E97E084430D9342B94B5676F81A373,2020-08-26 21:32:03.420000,2020-08-26 21:32:04.456000
bsgwh3t242hx7ucu,failed,not_found,421,14D57DEDF0A4554A2D21AD53CCCC43E31158C733,B33B994C8B9902B6F73957B2E61F71C932130C5D,6C620C35C0EA16657960882DE88B28968EBC8689,BDC1174C794B556C47B7CCE61FFE65FB16727B6C,2020-08-26 21:32:04.456000,2020-08-26 21:32:07.827000
bsgwh3t242hx7ucu,failed,not_found,620,14D57DEDF0A4554A2D21AD53CCCC43E31158C733,7272FA27A7F99E88D59BE2018E3F14FB88BF9786,B87D46124FCB8BD887CC774349F335ED1F8419F6,17B1E5314EE6D6C418134C80A9BBBC025096AD76,2020-08-26 21:32:07.827000,2020-08-26 21:32:08.759000
bsgwh3t242hx7ucu,failed,not_found,677,14D57DEDF0A4554A2D21AD53CCCC43E31158C733,842B1F6C4B9E41FC9059DF675C5DF5BDA9F0FC73,3C79702BCC4AA498CB8E9FEC8A51A72AE89169EA,17AE282EBAB37100B3C8757800E4FA61F11BD284,2020-08-26 21:32:08.759000,2020-08-26 21:32:10.084000
bsgwh3t242hx7ucu,failed,not_found,756,14D57DEDF0A4554A2D21AD53CCCC43E31158C733,E36536404200A74930DB165858BD5BB554D2BEA2,10A5EFCCD2FB9C1A4AC20FB779A5DB11B58957A7,17ABA734572DBB1050CF3800F0DD145BAE7ED9A7,2020-08-26 21:32:10.084000,2020-08-26 21:32:10.809000
ohttbaewenqw2tqj,failed,not_found,342,14D57DEDF0A4554A2D21AD53CCCC43E31158C733,EE4AF632058F0734C1426B1AD689F47445CA2056,B0B26AEDB0D1E21EA8E06530CAAD953B464286FB,418DADED4C5DED6454D4C86F64A6A853CF2F6643,2020-08-26 21:32:02.065000,2020-08-26 21:32:03.118000
ohttbaewenqw2tqj,failed,not_found,367,14D57DEDF0A4554A2D21AD53CCCC43E31158C733,3D5D6178C44537E3692853B344385F6572A55767,A6E0F950CAC74AF867CA21976069529D6D4D3E30,5D723408040C3EB7C8A75FAA8232690DA8BEA1DF,2020-08-26 21:32:03.118000,2020-08-26 21:32:03.903000
ohttbaewenqw2tqj,failed,not_found,391,14D57DEDF0A4554A2D21AD53CCCC43E31158C733,F9A3542D5863CD665B7FF758E73DAD40832D0064,EC4AD91674B5AFECCA117A396776F120651E55BF,419C3FC74B87C36EEE3AD9140ED3ECE429825CF5,2020-08-26 21:32:03.903000,2020-08-26 21:32:04.663000
ohttbaewenqw2tqj,failed,not_found,429,14D57DEDF0A4554A2D21AD53CCCC43E31158C733,43C83536DACCD110FF11E049A890064F6F87BEB2,AC2275831607A95CD8B939C3B8DC466CCF48E2B9,41A1FE36CA87B16D6DF5D7E6C5B407B1165BAAE0,2020-08-26 21:32:04.664000,2020-08-26 21:32:05.648000
ohttbaewenqw2tqj,failed,not_found,480,14D57DEDF0A4554A2D21AD53CCCC43E31158C733,8EE28EAF0874AF9B03EBBD79B5EB5059E2547355,C5D91B75D9B991FB53C41AB694D97C961D37B5AB,5D765770B4DB110D88787457978AB4008CF65CAC,2020-08-26 21:32:05.648000,2020-08-26 21:32:06.450000
ohttbaewenqw2tqj,failed,not_found,530,14D57DEDF0A4554A2D21AD53CCCC43E31158C733,235D3444236ABC28F412E93814F6B783200D4630,F025EF03C1C48D31E98416DC91B2F2D2E8AF7523,5D716DBBCD8D52E054E29659CCA2A7571832D7AB,2020-08-26 21:32:06.451000,2020-08-26 21:32:07.920000
4z7mqlbz7soxzni7,failed,not_found,362,14D57DEDF0A4554A2D21AD53CCCC43E31158C733,BD6FFF1AD5A88A8D43870D43EC4450081B4B2BBA,CC35A0069EAD4DB32C21AA6BFE2F872FE30742FD,DADCAD37DE5E22E7E1F323927260155EAB3689C2,2020-08-26 21:32:03.057000,2020-08-26 21:32:03.903000
4z7mqlbz7soxzni7,failed,not_found,392,14D57DEDF0A4554A2D21AD53CCCC43E31158C733,27C61AE08EBDD8B26B78992C7647D890269E9E03,2F4F5FBB055B01D753FA8DC493B9DBB10438D31B,437143A8E2D86B3BEB77B9ECD49AC77CD360FBDA,2020-08-26 21:32:03.904000,2020-08-26 21:32:05.012000
4z7mqlbz7soxzni7,failed,not_found,444,14D57DEDF0A4554A2D21AD53CCCC43E31158C733,AAA03044B42AD37D5C5592D6604A6D1B72F4B3BE,17ABA734572DBB1050CF3800F0DD145BAE7ED9A7,DAD19570682F47FB775B263330BD62B7BF0DEEA8,2020-08-26 21:32:05.013000,2020-08-26 21:32:05.732000
4z7mqlbz7soxzni7,failed,not_found,491,14D57DEDF0A4554A2D21AD53CCCC43E31158C733,0B19BBFDC498CCEA23027B1D7BD8E20121B95E60,B33B994C8B9902B6F73957B2E61F71C932130C5D,4352D58B2641E8C1787750EFD3A07A88224967AC,2020-08-26 21:32:05.732000,2020-08-26 21:32:06.536000
4z7mqlbz7soxzni7,failed,not_found,533,14D57DEDF0A4554A2D21AD53CCCC43E31158C733,DEF35CE8FCC5B5ED35DEC379A9EDF420FF419677,575F15A0A41B951BEE03E25B2A0A3FC3E8D7C7D1,437B64831B34FF9BB915095862C12A9AA3F00027,2020-08-26 21:32:06.536000,2020-08-26 21:32:08.242000
4z7mqlbz7soxzni7,failed,not_found,643,14D57DEDF0A4554A2D21AD53CCCC43E31158C733,69122296D37FC7D338753E3EC19BC666A10566A1,D228AE265C966CA4E9A8C4B746A30A9737060A32,DAEF8B8B799C711A86350FDC4337B2B3A75B97C9,2020-08-26 21:32:08.242000,2020-08-26 21:32:09.189000
ogqh5o77dsaaaatr,failed,not_found,363,14D57DEDF0A4554A2D21AD53CCCC43E31158C733,EF47A68E4139911341D99B7045D84AE08FE8A7F9,0B25110BA3473A6DC04AB58A3A0D5E4D6922A0E0,B0430D21D6609459D141078C0D7758B5CA753B6F,2020-08-26 21:32:03.063000,2020-08-26 21:32:04.459000
ogqh5o77dsaaaatr,failed,not_found,423,14D57DEDF0A4554A2D21AD53CCCC43E31158C733,158581827034DEF1BAB1FC248D180165452E53D3,745D800E420B9AEF1BA5130406E7ED49D798D732,01181B31BE5860C7D66DA88F88AD522C06470FD9,2020-08-26 21:32:04.459000,2020-08-26 21:32:06.023000
ogqh5o77dsaaaatr,failed,not_found,489,14D57DEDF0A4554A2D21AD53CCCC43E31158C733,63B32F7E5389E8DBC5E1BCEFE48312DA7CCEF5D6,B74DABBE248B935CDC1038CD5C9280878C8C94E7,B0335F7872A698A86E5E9AC3CF323B50AEF9C081,2020-08-26 21:32:06.023000,2020-08-26 21:32:06.378000
ogqh5o77dsaaaatr,failed,not_found,528,14D57DEDF0A4554A2D21AD53CCCC43E31158C733,22775B953E662151549C114CB8EE5FBDBCBDAD02,A35944904C0C18955AFB76539CF5EBF805C0A31D,0122A605B7C170D6086143448273D9A9844B69E2,2020-08-26 21:32:06.378000,2020-08-26 21:32:08.532000
ogqh5o77dsaaaatr,failed,not_found,662,14D57DEDF0A4554A2D21AD53CCCC43E31158C733,35DA04A92634AF2392CBA6AF158E00B5589A1CFA,58FAB58A7DC8E99B9313F6E488E2140D4BE28416,0117D6DA66BB4E528DC7B8B9DFED98180FE7BB12,2020-08-26 21:32:08.532000,2020-08-26 21:32:09.255000
ogqh5o77dsaaaatr,failed,not_found,710,14D57DEDF0A4554A2D21AD53CCCC43E31158C733,7ED3D8AFAC750F8CC0BDF8C87FE3BCBA2BBE2209,A123F404BD9A15D96CC7930C2BE28103341AC68B,B01B34325F53E344AC2D5D1EB78AA1AC73FC8683,2020-08-26 21:32:09.255000,2020-08-26 21:32:10.255000
2rp5tlpiueyiaxcj,failed,not_found,364,14D57DEDF0A4554A2D21AD53CCCC43E31158C733,9AB93B5422149E5DFF4BE6A3814E2F6D9648DB6A,76D3CC1A906732C8B7F90E9B5A0FF3BE4A4A52DF,B3218417B7C6CF4F7ABEC98FC51ACF96D313C68F,2020-08-26 21:32:03.070000,2020-08-26 21:32:06.616000
2rp5tlpiueyiaxcj,failed,not_found,541,14D57DEDF0A4554A2D21AD53CCCC43E31158C733,9738F8F5C386CDAF5707D0DCED428F2813CA285F,8683993B089B508C83AC115378AEFA22A29733E4,44DF1007B545B4D8057F279025EBB33CF99BE227,2020-08-26 21:32:06.616000,2020-08-26 21:32:07.492000
2rp5tlpiueyiaxcj,failed,not_found,550,14D57DEDF0A4554A2D21AD53CCCC43E31158C733,980B28A19B0A66948035A3FE143E5CF613C84122,875F74A3DC14737BECA06F8B500022154D1A29D1,44DC65D8E8D70553214F19FB2DF988845F12508D,2020-08-26 21:32:07.492000,2020-08-26 21:32:08.695000
2rp5tlpiueyiaxcj,failed,not_found,669,14D57DEDF0A4554A2D21AD53CCCC43E31158C733,B204DE75B37064EF6A4C6BAF955C5724578D0B32,277F5717A62B3A728C98B3168E484BC08B4997E3,B340E3BA587E36462D8DE44DAE0F7CAB6748F064,2020-08-26 21:32:08.696000,2020-08-26 21:32:09.533000
2rp5tlpiueyiaxcj,failed,not_found,742,14D57DEDF0A4554A2D21AD53CCCC43E31158C733,BA27D43AC00F014945DC32D036056F13FE1D5243,875F74A3DC14737BECA06F8B500022154D1A29D1,44DC23661E05DEFD94398936D9334987ABCB6E5E,2020-08-26 21:32:09.533000,2020-08-26 21:32:10.658000
2rp5tlpiueyiaxcj,failed,not_found,1011,14D57DEDF0A4554A2D21AD53CCCC43E31158C733,56781CCC9F6D29FEA148799AB588429C893A473C,D5D8C31E1F845B46564B112233EECFB539060915,B32B93C90DCAF0012328A8D55D621D26B186E11A,2020-08-26 21:32:10.658000,2020-08-26 21:32:15.546000
dsfkc6vscj4t3bem,failed,not_found,407,14D57DEDF0A4554A2D21AD53CCCC43E31158C733,B79589355A41880DFF82F5225F2940437CEDE925,66BD39FE805AED414ADE400CAAD862C9CC3AC34E,CB3FF8574F429CFADEF0B103EB84390A68385E76,2020-08-26 21:32:04.120000,2020-08-26 21:32:04.713000
dsfkc6vscj4t3bem,failed,not_found,434,14D57DEDF0A4554A2D21AD53CCCC43E31158C733,DA84D41783BBB6058CB9DF8C90697E8D5EA647C3,7185B69E3267E71D0E4CBE30209677205DEA5E67,CB56CBA82FADE2DE7C0CBD19ECF776C7FF0586BE,2020-08-26 21:32:04.713000,2020-08-26 21:32:05.740000
dsfkc6vscj4t3bem,failed,not_found,493,14D57DEDF0A4554A2D21AD53CCCC43E31158C733,12B1A5769D38FF47CF68C2235E1BDA315DF400F2,3C79702BCC4AA498CB8E9FEC8A51A72AE89169EA,CB2DBDB2D9422D57AD85148EF9511AF4CE4D6052,2020-08-26 21:32:05.740000,2020-08-26 21:32:06.538000
dsfkc6vscj4t3bem,failed,not_found,536,14D57DEDF0A4554A2D21AD53CCCC43E31158C733,0EFEAA8E74F9D9024A019702D31380C7B5CBDEEA,78E584CEC6BDD9D38D573A7701936F2F4AED93BA,F8C77C15C14E06874397A0D508D2D2F447B0FA31,2020-08-26 21:32:06.539000,2020-08-26 21:32:08.964000
dsfkc6vscj4t3bem,failed,not_found,687,14D57DEDF0A4554A2D21AD53CCCC43E31158C733,438E8C214576AF13480A550D45C116F43333C319,539572FE3430A83E8F502052FC7E178E20A07EE0,F8B133B285A78E7FAF8A54F27C153C8C609207E2,2020-08-26 21:32:08.964000,2020-08-26 21:32:10.572000
dsfkc6vscj4t3bem,failed,not_found,784,14D57DEDF0A4554A2D21AD53CCCC43E31158C733,31419A64188BC8070EE89F3CEE6AA98EAAC7E8E8,2D8AFA912E2B8623BB2CDACD19332209D524D1A3,F8AA8D8CCBA0C5F2836DE6315CDFA6E4A31A0890,2020-08-26 21:32:10.572000,2020-08-26 21:32:11.490000
sivqngfyn2h37u7p,failed,not_found,408,14D57DEDF0A4554A2D21AD53CCCC43E31158C733,F35D115BDD5987D301BE0FD27DAB05F5F4B2ABAE,19D353B8AA0927DF82CB26E0396C57BE27C0ACC5,419C3FC74B87C36EEE3AD9140ED3ECE429825CF5,2020-08-26 21:32:04.120000,2020-08-26 21:32:04.944000
sivqngfyn2h37u7p,failed,not_found,441,14D57DEDF0A4554A2D21AD53CCCC43E31158C733,E6C04728E9339DF22F331B7017D4A7AA3F252F0B,A98ADD972045D3CCAEE65C788C3F175BAEA3E324,41539B8FD55F94DC6017A29CDCC623977F118A30,2020-08-26 21:32:04.944000,2020-08-26 21:32:05.634000
sivqngfyn2h37u7p,failed,not_found,478,14D57DEDF0A4554A2D21AD53CCCC43E31158C733,A98ADD972045D3CCAEE65C788C3F175BAEA3E324,B8805CBDBE91A5E68D268FC62DC617B5BD7CC9E7,F663CA227B7D2B3C8556F7DDBFC6653A010A2C4F,2020-08-26 21:32:05.634000,2020-08-26 21:32:06.350000
sivqngfyn2h37u7p,failed,not_found,526,14D57DEDF0A4554A2D21AD53CCCC43E31158C733,584C0B77BDB81DE767DA5BE396DA09C162F32223,F741E5124CB12700DA946B78C9B2DD175D6CD2A1,418DADED4C5DED6454D4C86F64A6A853CF2F6643,2020-08-26 21:32:06.350000,2020-08-26 21:32:08.263000
sivqngfyn2h37u7p,failed,not_found,645,14D57DEDF0A4554A2D21AD53CCCC43E31158C733,E3E75603998661EA67C6767493FC606830DDC345,2FFE5FAF70D20E76B0474AE9E40C2A0B53F8D9F0,F6691E3EB7CAB3C876AAA885E6801B63DC998C39,2020-08-26 21:32:08.263000,2020-08-26 21:32:09.369000
sivqngfyn2h37u7p,failed,not_found,717,14D57DEDF0A4554A2D21AD53CCCC43E31158C733,349CE32254818DD5D2C59B5CAE727F25EE7233E3,584C0B77BDB81DE767DA5BE396DA09C162F32223,F6740DEABFD5F62612FA025A5079EA72846B1F67,2020-08-26 21:32:09.370000,2020-08-26 21:32:10.916000
zld45pylcmf3ghkx,failed,not_found,410,14D57DEDF0A4554A2D21AD53CCCC43E31158C733,257342F27502A108EECA766F3B125441B3DD4F4E,F1B1E1267A9301244120EF7D47CD4174FD94FD60,BA0BA7A976F153DBB050266CD3D21F499FCB975D,2020-08-26 21:32:04.128000,2020-08-26 21:32:05.099000
zld45pylcmf3ghkx,failed,not_found,455,14D57DEDF0A4554A2D21AD53CCCC43E31158C733,FBBC3BD58B471F6227DC0F05265C6A37C770905F,18F34AE6567F5FB081C4353D5EDA5CEE155810C4,DF81D831D4FF686F52C9ACAA9EB5711F95BF4DD4,2020-08-26 21:32:05.099000,2020-08-26 21:32:06.535000
zld45pylcmf3ghkx,failed,not_found,532,14D57DEDF0A4554A2D21AD53CCCC43E31158C733,645C3F0545E0975A49F69EC272C0C3EA28586825,795790C25BDE834B836EA54DD96DB2610829573B,BA0A023DF7D0A03E2CB5A180E1DD54B0950AA5C1,2020-08-26 21:32:06.535000,2020-08-26 21:32:07.257000
zld45pylcmf3ghkx,failed,not_found,848,14D57DEDF0A4554A2D21AD53CCCC43E31158C733,C63110BDD8736D2C2A733FF962F58D58FDE63A2D,0FEDEBE83C1F2DE3D6673876BBA1433CCF0ADE51,BA0E3B322091639754EAAEFFC70E19B8EE10D4EA,2020-08-26 21:32:07.257000,2020-08-26 21:32:14.107000
zld45pylcmf3ghkx,failed,not_found,983,14D57DEDF0A4554A2D21AD53CCCC43E31158C733,CACD9D63B759B35555D8C965A3E01071E9DFB44C,3E53D3979DB07EFD736661C934A1DED14127B684,DFA7218679E5C914076535213DD250EC2E6127B9,2020-08-26 21:32:14.107000,2020-08-26 21:32:14.823000
zld45pylcmf3ghkx,failed,not_found,1016,14D57DEDF0A4554A2D21AD53CCCC43E31158C733,C0F3C0EF81D84182379AA4CA5AD5A5289D011145,5975858B6A1F37CCC96026B946EACF08E1772D0E,DF86098968BBCD963E38E03FC3FC1837EF667C13,2020-08-26 21:32:14.824000,2020-08-26 21:32:15.546000
7vbqn7t6s3ktrkff,failed,not_found,446,14D57DEDF0A4554A2D21AD53CCCC43E31158C733,638D91FC9EF661348A6994D04C3499BC03F50BBE,1E9E17F01FD0F4A40BBEDF9B282EBE2F1811DD3E,025B66CEBC070FCB0519D206CF0CF4965C20C96E,2020-08-26 21:32:05.056000,2020-08-26 21:32:06.168000
7vbqn7t6s3ktrkff,failed,not_found,513,14D57DEDF0A4554A2D21AD53CCCC43E31158C733,EE94030D02AF5A788C62EA56D483540C38460E10,863FDDA3CA537CE03646B3AEBD3FD1CC6B077FBE,51B0AE61BCBA4CEBA11E133AC268F6D4C39AD65D,2020-08-26 21:32:06.168000,2020-08-26 21:32:07.531000
7vbqn7t6s3ktrkff,failed,not_found,596,14D57DEDF0A4554A2D21AD53CCCC43E31158C733,00C22D3BC1822EB8EA380AF04245337399E796E2,BDEFE9280529DF52007A6660BE658F09488464B8,51C367582993D68F8215610B85A99902C945324B,2020-08-26 21:32:07.531000,2020-08-26 21:32:08.295000
7vbqn7t6s3ktrkff,failed,not_found,647,14D57DEDF0A4554A2D21AD53CCCC43E31158C733,CE035C7946CEE68425CD2358E620E408A9C823FD,3E53D3979DB07EFD736661C934A1DED14127B684,026E53D9AA2FF22217B215B57E4C4B4EF196FCD5,2020-08-26 21:32:08.295000,2020-08-26 21:32:09.144000
7vbqn7t6s3ktrkff,failed,not_found,702,14D57DEDF0A4554A2D21AD53CCCC43E31158C733,876C7CE43774366250D3E768E690DAB9D4B5D5A3,5E7467C0E00AB25C56E0887271FEE69DFC1306CD,51AE5656C81CD417479253A6363A123A007A2233,2020-08-26 21:32:09.144000,2020-08-26 21:32:09.948000
7vbqn7t6s3ktrkff,failed,not_found,744,14D57DEDF0A4554A2D21AD53CCCC43E31158C733,A55E513A283DF2CD89FC1DED396B0AF4FC8F25F4,AFFD147DBCC065A5CEF7258BC1367CC35855A431,02740F472D1DA5C1B77475F18940FE79F15AF4B8,2020-08-26 21:32:09.948000,2020-08-26 21:32:10.676000
uz2266lzuz4txyho,failed,not_found,451,14D57DEDF0A4554A2D21AD53CCCC43E31158C733,A312CC0B069677E50F8A1FAE5F579E3F294D9BEC,A9AD67DAA35CA60386BC8BEE08EB26CAE7865AB6,2B31FB827D4CEA734B9F78C16137CFD6F8AEBB7B,2020-08-26 21:32:05.082000,2020-08-26 21:32:06.562000
uz2266lzuz4txyho,failed,not_found,538,14D57DEDF0A4554A2D21AD53CCCC43E31158C733,7FA3FA525901A91A1310B817943668BC2C16289E,0B25110BA3473A6DC04AB58A3A0D5E4D6922A0E0,EEFFC0D532AB63BB3E9CAEADA822971F6D3AE8D6,2020-08-26 21:32:06.562000,2020-08-26 21:32:07.336000
uz2266lzuz4txyho,failed,not_found,580,14D57DEDF0A4554A2D21AD53CCCC43E31158C733,431702B3A68A6015F9955DD4FD0129175B43EA0F,50C7B836942F14BDF1541B017CF21FD03F354E13,2B24C281AD12EA96F72C2808E1AF041CEBE345D0,2020-08-26 21:32:07.336000,2020-08-26 21:32:07.920000
uz2266lzuz4txyho,failed,not_found,624,14D57DEDF0A4554A2D21AD53CCCC43E31158C733,A08B3E65331F29C960A8EB6F5D90B66A05D26CB5,3A9443710224E5182895C342D1D36C1D460A1206,2B34099ED2BC598C4745C96C873FD73A445646BD,2020-08-26 21:32:07.920000,2020-08-26 21:32:08.787000
uz2266lzuz4txyho,failed,not_found,679,14D57DEDF0A4554A2D21AD53CCCC43E31158C733,27D3ED72F263E665C13DA7CCF276FEDF1E495E19,BDDF8187EA4419951CFD0A54088B634564F63AF3,EF09163EC3F03C2F63A865BBBF1CE5642C6595A3,2020-08-26 21:32:08.787000,2020-08-26 21:32:09.533000
uz2266lzuz4txyho,failed,not_found,728,14D57DEDF0A4554A2D21AD53CCCC43E31158C733,D710B8449C8EC4E3ED55B8C7483B6445ED9A0DBB,8EA58F28DCA60F56C6F2131BDFE9BF5FAF2233CE,EF1A9BE231A6C3AC94B9E2BFC86990B16C923A45,2020-08-26 21:32:09.533000,2020-08-26 21:32:10.307000
6qvugkiqjxltfvpd,failed,not_found,453,14D57DEDF0A4554A2D21AD53CCCC43E31158C733,3F65766ADE067D9D08920E3B74DAB9040EDD26B2,DE4EB74B8105751568A75649F6672A31F2A3DE20,43028D0071DE055180DAA82DE200B42FD2131C23,2020-08-26 21:32:05.092000,2020-08-26 21:32:05.981000
6qvugkiqjxltfvpd,failed,not_found,501,14D57DEDF0A4554A2D21AD53CCCC43E31158C733,4D70F05DD308A2EA5B671E440879BFADAC92860F,E2AB420FC7D9513C79D034BEF9A977635E4E7851,72749A538E9ACA13114B38D2E6DDC6AFDE1859B5,2020-08-26 21:32:05.981000,2020-08-26 21:32:07.920000
6qvugkiqjxltfvpd,failed,not_found,623,14D57DEDF0A4554A2D21AD53CCCC43E31158C733,844AE9CAD04325E955E2BE1521563B79FE7094B7,1AEED3F99DD95D0726AC6CDC6F5E6B20C60FC34D,727AA0C630F5F548BB48F36069F2179496682875,2020-08-26 21:32:07.920000,2020-08-26 21:32:09.019000
6qvugkiqjxltfvpd,failed,not_found,693,14D57DEDF0A4554A2D21AD53CCCC43E31158C733,929BB84A68198CE35E2F2828812840AF5C2CBC4A,EE4B332F13C3F8CCD9DCD86961B47F4AECA02CE6,7281E68A005357F57F183AF5B6937711D92C556B,2020-08-26 21:32:09.019000,2020-08-26 21:32:10.916000
6qvugkiqjxltfvpd,failed,not_found,805,14D57DEDF0A4554A2D21AD53CCCC43E31158C733,C41ADE229598201F913426E9C6B9647098AEE28D,7FF1A673A5E1F7E9D2495A36C185B890DBD96553,42EFF3531952A7AF86F67B6749F0D8C7E5EB2B70,2020-08-26 21:32:10.916000,2020-08-26 21:32:11.670000
6qvugkiqjxltfvpd,failed,not_found,842,14D57DEDF0A4554A2D21AD53CCCC43E31158C733,445D891CE6C7AC3D80E1EDCA61F921D3A6E91CC5,C3E0E9EA1FF3FCFC27E856BFE61533020DD7F090,43016344D7E4CB2E73F289D57EFF9D64ACAA827B,2020-08-26 21:32:11.671000,2020-08-26 21:32:13.211000
p7oudwyemrsieel4,failed,not_found,505,14D57DEDF0A4554A2D21AD53CCCC43E31158C733,B86137AE9681701901C6720E55C16805B46BD8E3,274A1DC6210E91827CDF40DC0E95E4A3CA929A08,FBE55AFBBDBA046543F8511783760DF41DBB206E,2020-08-26 21:32:06.051000,2020-08-26 21:32:07.791000
p7oudwyemrsieel4,failed,not_found,850,14D57DEDF0A4554A2D21AD53CCCC43E31158C733,FC5C3E5985563E49467924165A8D4280FB7834E7,23AD6B165137D957C09AA0F7A3EE7B05CEC4A8F2,061E0496931D23A81A2B685C9339D36857DD0FA1,2020-08-26 21:32:07.791000,2020-08-26 21:32:13.422000
p7oudwyemrsieel4,failed,not_found,944,14D57DEDF0A4554A2D21AD53CCCC43E31158C733,AFA0C24F635C3E198A151D09A796430F0778BA65,EBB76D096FF5787A303B2C81E21BFF9816C6FA0D,FC077C25B8DBB3132D397D7DF03C92BFC14C9D76,2020-08-26 21:32:13.422000,2020-08-26 21:32:18.787000
p7oudwyemrsieel4,failed,not_found,1216,14D57DEDF0A4554A2D21AD53CCCC43E31158C733,495B496867C84BBC92338301D924850F226E75DA,7272FA27A7F99E88D59BE2018E3F14FB88BF9786,061370AE41C1084B2910EB0522C8B2DB1C2CB96E,2020-08-26 21:32:18.788000,2020-08-26 21:32:20.295000
p7oudwyemrsieel4,failed,not_found,1280,14D57DEDF0A4554A2D21AD53CCCC43E31158C733,8ABC4D5F6182C7E79B087D1ED9E5CF652C83E52C,1B3E48D75E7F7E61D1B9BBE24BA15A38B454380D,FBE04186F49DB2B1EDEF3CE06DB16F29690AFD69,2020-08-26 21:32:20.296000,2020-08-26 21:32:21.208000
p7oudwyemrsieel4,failed,not_found,1358,14D57DEDF0A4554A2D21AD53CCCC43E31158C733,431702B3A68A6015F9955DD4FD0129175B43EA0F,8B5A19B1596DAD4C89E025BE2CBA3424AE943693,05DC5DBEFB651BC02946DB3286F85DB1B5D2C3D6,2020-08-26 21:32:21.208000,2020-08-26 21:32:22.206000
5lr3tamyow5nemi3,failed,not_found,507,14D57DEDF0A4554A2D21AD53CCCC43E31158C733,D7230F4F13324A28C308AF94E2385D0A7F1B05F9,F0F5074A6DADD3DC22E1FAA18FD6D89CBC52771A,771E0824EF82D85E04D80116554111E37F7EB796,2020-08-26 21:32:06.060000,2020-08-26 21:32:06.860000
5lr3tamyow5nemi3,failed,not_found,555,14D57DEDF0A4554A2D21AD53CCCC43E31158C733,A55E513A283DF2CD89FC1DED396B0AF4FC8F25F4,4B05F4D62E83662D0AAB6C2B35338130326B71A2,1D5A20A47771B80995711E20195A21ECB173E1C2,2020-08-26 21:32:06.861000,2020-08-26 21:32:07.744000
5lr3tamyow5nemi3,failed,not_found,606,14D57DEDF0A4554A2D21AD53CCCC43E31158C733,FA32998AF5628483D8E7B7BB0A4641D33A206A28,874D84382C892F3F61CC9E106BF08843DE0B865A,1D4B555184EC12F758BC8BBB4C0983AFBC25D6F5,2020-08-26 21:32:07.744000,2020-08-26 21:32:08.475000
5lr3tamyow5nemi3,failed,not_found,656,14D57DEDF0A4554A2D21AD53CCCC43E31158C733,FB4531817DB73168B0410AD4BFEAAFE206F1A763,088A6237EED87EDEB0E1E3AD0A4A419F963F0787,7723D99F8DC709AFC1171D5BF8DAD04ADA20F98F,2020-08-26 21:32:08.476000,2020-08-26 21:32:09.521000
5lr3tamyow5nemi3,failed,not_found,723,14D57DEDF0A4554A2D21AD53CCCC43E31158C733,E97D754577161C2BEF19042F6E1931D8F3E57DFE,F6740DEABFD5F62612FA025A5079EA72846B1F67,7731E125924324B7405BA20E2759EE16780237E2,2020-08-26 21:32:09.521000,2020-08-26 21:32:10.865000
5lr3tamyow5nemi3,failed,not_found,1012,14D57DEDF0A4554A2D21AD53CCCC43E31158C733,F37374DB9FA6EF14CED64FD294E8D8683F032EC8,B76A047C20D3E4F9B5A64428298DA55A90D62472,1D702DA43D588FE9D308D3879A6F5E61BB2ECCFA,2020-08-26 21:32:10.866000,2020-08-26 21:32:15.463000
4bkoawaheqjfbhm2,failed,not_found,509,14D57DEDF0A4554A2D21AD53CCCC43E31158C733,09F64E00F34C88F604163F24D37BEAF9245702EA,7584319D0E19DAE85621223E2A22F92123EAB815,375DCBB2DBD94E5263BC0C015F0C9E756669617E,2020-08-26 21:32:06.079000,2020-08-26 21:32:07.761000
4bkoawaheqjfbhm2,failed,not_found,612,14D57DEDF0A4554A2D21AD53CCCC43E31158C733,9E866F30B791ACB79ED280D3197D999CBA85A6EF,5F9141428BF5EAE485F0E2F7912DEDED4F4D17A7,58C948AFA3065F84D98095CF8C18DE8B53738411,2020-08-26 21:32:07.761000,2020-08-26 21:32:08.834000
4bkoawaheqjfbhm2,failed,not_found,681,14D57DEDF0A4554A2D21AD53CCCC43E31158C733,614094CAF0701EB568106E60EC12A785E704AE0F,8101421BEFCCF4C271D5483C5AABCAAD245BBB9D,3760F67140B6662BFB38B9245C2B510455B88E45,2020-08-26 21:32:08.834000,2020-08-26 21:32:09.567000
4bkoawaheqjfbhm2,failed,not_found,730,14D57DEDF0A4554A2D21AD53CCCC43E31158C733,3A8557B067FBE53F168BBEAA7D14D1298AE52A52,8CAA470B905758742203E3EB45941719FCA9FEEC,58BC63142C881F88D08E071DEB63DBA09DE62141,2020-08-26 21:32:09.568000,2020-08-26 21:32:10.363000
4bkoawaheqjfbhm2,failed,not_found,769,14D57DEDF0A4554A2D21AD53CCCC43E31158C733,D14EC16949648CEE84EA1664445029EA4B597074,861BCFDD148973985E7FE97C7455C9E4AC4E13BE,58BC2CFFA7894FC8F4CC5D8A77E38FDCFDB1DC0E,2020-08-26 21:32:10.363000,2020-08-26 21:32:11.045000
4bkoawaheqjfbhm2,failed,not_found,812,14D57DEDF0A4554A2D21AD53CCCC43E31158C733,EBB799FADD615E93CA97BE5583E5EB97DD21E10F,F07B89BC9D794F3D9342417C62FBA8F9972D04A3,376DC7CAD597D3A4CBB651999CFAD0E77DC9AE8C,2020-08-26 21:32:11.045000,2020-08-26 21:32:12.288000
jbmcxkdcyeqcuum7,failed,not_found,560,14D57DEDF0A4554A2D21AD53CCCC43E31158C733,1C8B3C3D8BC705883B7799C915B2FE1E0FEB006F,33AA6CFE161A698169B548C9D973DAE6DED6BF0E,DE4EB74B8105751568A75649F6672A31F2A3DE20,2020-08-26 21:32:07.057000,2020-08-26 21:32:08.022000
jbmcxkdcyeqcuum7,failed,not_found,628,14D57DEDF0A4554A2D21AD53CCCC43E31158C733,7A3E534C033E3836BD5AF223B642853C502AB33A,B5558CFA70A5308582B25767C9698E6DBE6A90B2,2398B7FD6C9C97A20FDD7E637CBDAD175D5B761F,2020-08-26 21:32:08.023000,2020-08-26 21:32:08.964000
jbmcxkdcyeqcuum7,failed,not_found,688,14D57DEDF0A4554A2D21AD53CCCC43E31158C733,5856DB884578915E7C7A0B7B11E4145B1D2A4E2B,52D5FB2004C67127C73B71478238FA66122BD443,DE46A42423304FC3793C73649539DDA309122A65,2020-08-26 21:32:08.964000,2020-08-26 21:32:09.808000
jbmcxkdcyeqcuum7,failed,not_found,740,14D57DEDF0A4554A2D21AD53CCCC43E31158C733,0F89912E6A4C4A8ACE43C58FF8B83CA299BFF74F,40C773D9F2B16143CDB2ADB661DDC6BB12EF3E2C,23917BB3F3994BC61F0C9D7AD19B069F9E150D26,2020-08-26 21:32:09.808000,2020-08-26 21:32:10.915000
jbmcxkdcyeqcuum7,failed,not_found,804,14D57DEDF0A4554A2D21AD53CCCC43E31158C733,1B5C9AA2DF96A8E6603D4EFA238AFE454A83CCCF,FF82B371BDDDA0F48D849CA38E33A9AA39C0D2BE,DE514E42528D4FB8B79804B561008B482B91D402,2020-08-26 21:32:10.916000,2020-08-26 21:32:12.482000
jbmcxkdcyeqcuum7,failed,not_found,852,14D57DEDF0A4554A2D21AD53CCCC43E31158C733,B01B34325F53E344AC2D5D1EB78AA1AC73FC8683,D777D31F95081D0F7223AAD5F8A74977D524145D,237F905E744850CFE3B5108C9112FDFCE8DC05D6,2020-08-26 21:32:12.482000,2020-08-26 21:32:13.143000
nnyxhza3agzfzy52,failed,not_found,562,14D57DEDF0A4554A2D21AD53CCCC43E31158C733,AB011ACDDE6D79F81A88CD9EB63E707D48AE8454,ADD35A22BF77D56AFC18CF58E5D8E2604B8985CF,B183A69592D2E8C8C487C054D0849E3C9561DC11,2020-08-26 21:32:07.076000,2020-08-26 21:32:07.767000
nnyxhza3agzfzy52,failed,not_found,615,14D57DEDF0A4554A2D21AD53CCCC43E31158C733,B70BD334FFEE23E653B75219AE12CF0236BCFCBB,24D0491A2ADAAB52C17625FBC926D84477AEA322,2E2F424CD9C0FB6BB0F16390BFCB46853AE37CC1,2020-08-26 21:32:07.767000,2020-08-26 21:32:08.744000
nnyxhza3agzfzy52,failed,not_found,675,14D57DEDF0A4554A2D21AD53CCCC43E31158C733,103336165A0D2EFCAD3605339843A0A7710B8B92,E271E2A19AF6DB62E6B9E9D5EF94F86F19D87C96,B1A0F1143789466AADD5FAE5948C8138548EECEC,2020-08-26 21:32:08.744000,2020-08-26 21:32:11.094000
nnyxhza3agzfzy52,failed,not_found,816,14D57DEDF0A4554A2D21AD53CCCC43E31158C733,44BD70C13DAA7513D6F47773804178B009F21ED5,97767B43E78119A613B46CEAF81A788F45CC05D9,B198C0B4B8C551F174FBB841A172616E3DB3124D,2020-08-26 21:32:11.095000,2020-08-26 21:32:12.108000
nnyxhza3agzfzy52,failed,not_found,877,14D57DEDF0A4554A2D21AD53CCCC43E31158C733,4F500157ABF70A1A94636D268A742A8B227B8BFD,09A70E396DE93F54D4541BBB0EC8E2B23761F34F,2E408F8D1CDA3AA22FF44C4C4B6A9F51D8E74042,2020-08-26 21:32:12.108000,2020-08-26 21:32:13.531000
nnyxhza3agzfzy52,failed,not_found,951,14D57DEDF0A4554A2D21AD53CCCC43E31158C733,C2C2B839F4CFFA5F7B7A40CB0BE84F7D948CB510,ECB0A13C33B9C0BB101104E08738C19048222393,2E414CD28823B5AEB51FD172AA0EE3E9EB9BCA90,2020-08-26 21:32:13.531000,2020-08-26 21:32:14.401000
bjty42f5dij5hkos,failed,not_found,563,14D57DEDF0A4554A2D21AD53CCCC43E31158C733,DC2B1E4348AF306326FA63EEDB76EA6139133485,761A60D0364D9AA03114F72550483287ED060B2D,D9D6C35E932FEF7100A00C99C199356E82DAB7E6,2020-08-26 21:32:07.076000,2020-08-26 21:32:08.196000
bjty42f5dij5hkos,failed,not_found,640,14D57DEDF0A4554A2D21AD53CCCC43E31158C733,F0C9513539800F762ECAE37F16370D7CBA5E52C2,7158D1E0D9F90F7999ACB3B073DA762C9B2C3275,D9D1398493254911E6F017B3AEF840D8131C4377,2020-08-26 21:32:08.197000,2020-08-26 21:32:11.127000
bjty42f5dij5hkos,failed,not_found,822,14D57DEDF0A4554A2D21AD53CCCC43E31158C733,A3AFBDEE30238E44899C9F8B7666D12B09C8EE32,D0681DAAABC320310B8616951D6C19F69F778A6F,F47B13BFCE4EF48CDEF6C4D7C7A99208EBB972B5,2020-08-26 21:32:11.127000,2020-08-26 21:32:11.993000
bjty42f5dij5hkos,failed,not_found,867,14D57DEDF0A4554A2D21AD53CCCC43E31158C733,B2D03CDF45EB4D74A65FAC4F00EBA785C9663A5F,C1DCC470C80F6D702C5ED11515936444BD3A0255,D98AE191FAB7B50E851F344B7929394BFBAFB76A,2020-08-26 21:32:11.994000,2020-08-26 21:32:12.867000
bjty42f5dij5hkos,failed,not_found,1060,14D57DEDF0A4554A2D21AD53CCCC43E31158C733,891FB8477529A6B2894B7A3129402E0FD5DD281F,37BB3233098BF9B9095C27834E65A2E17FF807F8,F4594608272C82407E9D137F1AE89A408CCFD285,2020-08-26 21:32:12.867000,2020-08-26 21:32:16.666000
bjty42f5dij5hkos,failed,not_found,1100,14D57DEDF0A4554A2D21AD53CCCC43E31158C733,9AB93B5422149E5DFF4BE6A3814E2F6D9648DB6A,66BD39FE805AED414ADE400CAAD862C9CC3AC34E,F475E5987E44A2B7B143A2BEE3F8128EEFD7E5A3,2020-08-26 21:32:16.666000,2020-08-26 21:32:17.503000
aty5tlz7uhcmitk2,failed,not_found,1058,14D57DEDF0A4554A2D21AD53CCCC43E31158C733,65888719E2F619E6198F1045A93AF0176C05354D,AE95BDA37A5BB4685FEBB7F06649D6CE949B5316,3A4D13F52A4C9A13AD60D94615D4C0B2F5F69E3C,2020-08-26 21:32:08.056000,2020-08-26 21:32:17.804000
aty5tlz7uhcmitk2,failed,not_found,1168,14D57DEDF0A4554A2D21AD53CCCC43E31158C733,CD39C258265B25EAA4ABA4FDCB2DF98104CAA362,A08B3E65331F29C960A8EB6F5D90B66A05D26CB5,3A51E32A303A0E0A3AB8AA1CCBE98FF8791E2341,2020-08-26 21:32:17.805000,2020-08-26 21:32:18.585000
aty5tlz7uhcmitk2,failed,not_found,1440,14D57DEDF0A4554A2D21AD53CCCC43E31158C733,66F8C32B94D73B51A5D2FA079C6A09047C9ABA71,C33B36DBD576D4DE141443D28122575DA159D1B3,094E8D02087FD6C516294EE19257D8B78038F417,2020-08-26 21:32:18.585000,2020-08-26 21:32:23.735000
aty5tlz7uhcmitk2,failed,not_found,1721,14D57DEDF0A4554A2D21AD53CCCC43E31158C733,4E41B00F930F3E72530F339EF4C911CE97D2AE9E,023EBBC57BEB7F45473B3DC2AA811FB3AABA4466,3A7528436E0DD9675FB12750F3EDE23CF74F4ACB,2020-08-26 21:32:23.735000,2020-08-26 21:32:29.714000
aty5tlz7uhcmitk2,failed,not_found,1835,14D57DEDF0A4554A2D21AD53CCCC43E31158C733,44496B18C68356AF3A58ACAD835429C37B9432ED,FF9FC6D130FA26AE3AE8B23688691DC419F0F22E,098D9CF7568D27A8288FA4BB3819A99913315D6E,2020-08-26 21:32:29.715000,2020-08-26 21:32:30.650000
aty5tlz7uhcmitk2,failed,not_found,1892,14D57DEDF0A4554A2D21AD53CCCC43E31158C733,B05B3AB0159238FB7AEB1BF08A406D6F31A45ADF,82ED9AEC94184EC6DD299A5CDB3378B04BB17489,098B3457ABA31AD65A3AF47F61B623E35B3FAB2D,2020-08-26 21:32:30.650000,2020-08-26 21:32:31.517000
lr7cq4pjpgx2hhe2,failed,not_found,632,14D57DEDF0A4554A2D21AD53CCCC43E31158C733,C63110BDD8736D2C2A733FF962F58D58FDE63A2D,68EBC7615E7DE318C6B9AA530EFD6E20FDE8DF9A,A016192D0A87FC9354A7523A211BBD9CF859708B,2020-08-26 21:32:08.068000,2020-08-26 21:32:09.146000
lr7cq4pjpgx2hhe2,failed,not_found,705,14D57DEDF0A4554A2D21AD53CCCC43E31158C733,BD4C647508162F59CB44E4DFC1C2B2B8A9387CCA,6CC25EF1B7BA8E6AB5B4F62B3D7D1B6C2E5DB6F3,1C7215BC0123DDA23BDED0F9D2849D3AD80183CB,2020-08-26 21:32:09.147000,2020-08-26 21:32:09.991000
lr7cq4pjpgx2hhe2,failed,not_found,747,14D57DEDF0A4554A2D21AD53CCCC43E31158C733,24E1C6412183972BFD76D838AC04D1ED261743D3,8A00CE9638BDB4686B91F1F0B229DB3F8C9B8415,1C70C2AA7F3772CE07C4EF6B18A6E330150372EE,2020-08-26 21:32:09.991000,2020-08-26 21:32:11.216000
lr7cq4pjpgx2hhe2,failed,not_found,827,14D57DEDF0A4554A2D21AD53CCCC43E31158C733,7FF1A673A5E1F7E9D2495A36C185B890DBD96553,4CE6D83FFA8AD24767007E8C972F371F2468F09A,1C7700A94DBBFECFA234C1ADD0D23FB87D1D7599,2020-08-26 21:32:11.216000,2020-08-26 21:32:12.055000
lr7cq4pjpgx2hhe2,failed,not_found,871,14D57DEDF0A4554A2D21AD53CCCC43E31158C733,8701E70AC4C0C9E1FE47EA853FC997D29BE5D65C,36414078C521BA19168260F6DF23C97995976289,9FD640851514532C1CFCFF6B0240FA453B930FF7,2020-08-26 21:32:12.055000,2020-08-26 21:32:13.666000
lr7cq4pjpgx2hhe2,failed,not_found,960,14D57DEDF0A4554A2D21AD53CCCC43E31158C733,39F91959416763AFD34DBEEC05474411B964B2DC,AE85D0A826E4674CA85698520EB14275B78E9006,9FF43973692ABA9F600E9B17880201D09DEED19C,2020-08-26 21:32:13.666000,2020-08-26 21:32:15.844000
7vggvqfqff2toicd,failed,not_found,633,14D57DEDF0A4554A2D21AD53CCCC43E31158C733,DAEF8B8B799C711A86350FDC4337B2B3A75B97C9,A3E7A4395E7C1F30692018E4FB0980B103E38488,3F065BB0B02FB2303E144383D16C47A7DED75AE7,2020-08-26 21:32:08.068000,2020-08-26 21:32:09.490000
7vggvqfqff2toicd,failed,not_found,719,14D57DEDF0A4554A2D21AD53CCCC43E31158C733,7A3E534C033E3836BD5AF223B642853C502AB33A,2AA5F598F9A1812F01CD99E3B59BB87362ED7438,3F43D0584A2613C9DB631382FF486DC6B95EA1C8,2020-08-26 21:32:09.490000,2020-08-26 21:32:10.304000
7vggvqfqff2toicd,failed,not_found,738,14D57DEDF0A4554A2D21AD53CCCC43E31158C733,0F89912E6A4C4A8ACE43C58FF8B83CA299BFF74F,C395592F1D779E6775806AFFAD66199E3972DAA2,3F092986E9B87D3FDA09B71FA3A602378285C77A,2020-08-26 21:32:10.304000,2020-08-26 21:32:10.954000
7vggvqfqff2toicd,failed,not_found,808,14D57DEDF0A4554A2D21AD53CCCC43E31158C733,90633012A1A752D8D02FEC8374A4BF98941A1900,E1DE607E31C2C0FB6F8FC959BF7B58CE35D95990,8EE44717FA55705C12086F3ECD1F8D9C8676FD05,2020-08-26 21:32:10.954000,2020-08-26 21:32:11.623000
7vggvqfqff2toicd,failed,not_found,840,14D57DEDF0A4554A2D21AD53CCCC43E31158C733,23A2D8DDF761F35CC63BDF65E604B76A7E2F6971,CB19AC6FFAC13B4C1A143B423884EDEA4381ED2F,8EE28EAF0874AF9B03EBBD79B5EB5059E2547355,2020-08-26 21:32:11.623000,2020-08-26 21:32:12.507000
7vggvqfqff2toicd,failed,not_found,892,14D57DEDF0A4554A2D21AD53CCCC43E31158C733,46E0487EEEFD694CE625CC6E12D032395C01DB82,F2D6EB211744D41DC41CCB62BF1C3246D24B42A2,8EF052033309D854D6206A4C30F17AD27C87893E,2020-08-26 21:32:12.508000,2020-08-26 21:32:14.137000
ahadxvchdny6l2ao,failed,not_found,696,14D57DEDF0A4554A2D21AD53CCCC43E31158C733,D000291816C0D9EE531FA4DD185EC1AD80386A5A,A312CC0B069677E50F8A1FAE5F579E3F294D9BEC,2FF5EA5B3251C510E7C7507A8698FDE08910C304,2020-08-26 21:32:09.064000,2020-08-26 21:32:10.459000
ahadxvchdny6l2ao,failed,not_found,775,14D57DEDF0A4554A2D21AD53CCCC43E31158C733,38F21DEE29E40DCDF9460A80662B7723562CA008,F52B8C77AC5885566C06E5ADB33A5A09C5E8B534,2FFBAEBC4D4A88CA96BD5F6B0D3A1D1A7A00D5F2,2020-08-26 21:32:10.459000,2020-08-26 21:32:11.355000
ahadxvchdny6l2ao,failed,not_found,831,14D57DEDF0A4554A2D21AD53CCCC43E31158C733,8C612213C4B5C154FA90847F36FBF36DB78AB1AC,EBE76802D098FF6FA226F60C2D0B0C098F367AF1,2FD0BA57A34DC2792AF470398F72F37F9E51DC2D,2020-08-26 21:32:11.355000,2020-08-26 21:32:12.219000
ahadxvchdny6l2ao,failed,not_found,884,14D57DEDF0A4554A2D21AD53CCCC43E31158C733,174D93DF6242BD4ABE2C09E6607892C3A3905675,A171F8332AA037A2855C390488F8EFDFD438AAE6,33DBA330433E2915BD0EE66787A48863C818C0BB,2020-08-26 21:32:12.219000,2020-08-26 21:32:12.982000
ahadxvchdny6l2ao,failed,not_found,923,14D57DEDF0A4554A2D21AD53CCCC43E31158C733,D2A056E6321962BD77763FE269E26400A58278F2,798A57B4E129699A521A03E7F72BC0FDEC31F4D6,3408A01A949BE1579705112F83CF2BFB5FA8A204,2020-08-26 21:32:12.982000,2020-08-26 21:32:14.664000
ahadxvchdny6l2ao,failed,not_found,1006,14D57DEDF0A4554A2D21AD53CCCC43E31158C733,2CE96A8A1DA032664C90F574AFFBECE18A6E8DFC,6A1B4F8A87E327F4E115A385206C0880DB051B3B,340B09ACCF45A98711ABB067820E25A2F21452C6,2020-08-26 21:32:14.664000,2020-08-26 21:32:17.949000
jnlbyuzehkw6cooa,failed,not_found,697,14D57DEDF0A4554A2D21AD53CCCC43E31158C733,B428E8A48C62E35536E5F30BA348A05ACE5FDF14,D8DF9660261B158A9DF6C3D7D63DD92B0FD5B9F7,053C847373A2F82106370DBB016B5E8A14DA9101,2020-08-26 21:32:09.064000,2020-08-26 21:32:10.005000
jnlbyuzehkw6cooa,failed,not_found,749,14D57DEDF0A4554A2D21AD53CCCC43E31158C733,1DC17C4A52A458B5C8B1E79157F8665696210E10,6DFEB41C04CCE846871338E85DD5ACF5CFB6C1DD,05402AEC738554C5308FB07CA68961D5326D5D4A,2020-08-26 21:32:10.006000,2020-08-26 21:32:10.747000
jnlbyuzehkw6cooa,failed,not_found,795,14D57DEDF0A4554A2D21AD53CCCC43E31158C733,BA856D21B1A22CAE677A712DA4C9F0852D799DF8,3031327C6769D7224F945C3A7D1DEEC6B3897A5B,055B155A44A968491D71EEF11D3B6AE38082F6FC,2020-08-26 21:32:10.747000,2020-08-26 21:32:11.993000
jnlbyuzehkw6cooa,failed,not_found,865,14D57DEDF0A4554A2D21AD53CCCC43E31158C733,6A35EE13D4354FF0A03374C063B10290614BB6A9,4FF53BC47097B50DA5B68D72C5B25CC079F4A787,7EB86B057A761B085273049642863EF9DACAE6E8,2020-08-26 21:32:11.993000,2020-08-26 21:32:12.735000
jnlbyuzehkw6cooa,failed,not_found,1107,14D57DEDF0A4554A2D21AD53CCCC43E31158C733,890480E14E634C8B4467C475E355A6FBF3D99CD5,1AEED3F99DD95D0726AC6CDC6F5E6B20C60FC34D,7EAF9E55B9B40532AF2DB5B70392F30E5AA1C596,2020-08-26 21:32:12.736000,2020-08-26 21:32:17.862000
jnlbyuzehkw6cooa,failed,not_found,1174,14D57DEDF0A4554A2D21AD53CCCC43E31158C733,F7D3EF888541DDE246D36F4E7C8E90F24618910E,89FD4FB2A5FD73B50F2E5D85C4707883F8CD5130,7EAF163A3E82397A9B9557E26364CC403AB253B4,2020-08-26 21:32:17.863000,2020-08-26 21:32:18.933000
7e5sw6druiapvyii,failed,not_found,672,14D57DEDF0A4554A2D21AD53CCCC43E31158C733,CD39C258265B25EAA4ABA4FDCB2DF98104CAA362,0122A605B7C170D6086143448273D9A9844B69E2,8275CE20C53D79EC51CA87292E7FC58F238F100C,2020-08-26 21:32:09.070000,2020-08-26 21:32:09.521000
7e5sw6druiapvyii,failed,not_found,724,14D57DEDF0A4554A2D21AD53CCCC43E31158C733,B1E43B11A955CBA31F5261A22CBFCE204C95D5DE,FCF61C25093BB33BAA203D8EE7E65466D42ECF98,68701181F3F08C0D13E6460CFB149E010104EF03,2020-08-26 21:32:09.521000,2020-08-26 21:32:10.473000
7e5sw6druiapvyii,failed,not_found,778,14D57DEDF0A4554A2D21AD53CCCC43E31158C733,7992F172EDBE69B99F0190651BAC14DD0FD9E5C8,945AA2F6C2EC644B533D048C79E035A6CF092C4F,68773D3FF7B8CEFCEEFCA32AE72015E2D38C62C1,2020-08-26 21:32:10.473000,2020-08-26 21:32:11.140000
7e5sw6druiapvyii,failed,not_found,824,14D57DEDF0A4554A2D21AD53CCCC43E31158C733,157CED138D3DE9CBFB5AE0232A319C2980F6C409,9ECFD67230D09E5E8F3431BDC4FD8E52428AFC09,68EBC7615E7DE318C6B9AA530EFD6E20FDE8DF9A,2020-08-26 21:32:11.140000,2020-08-26 21:32:12.218000
7e5sw6druiapvyii,failed,not_found,1059,14D57DEDF0A4554A2D21AD53CCCC43E31158C733,1AAD015F4D885413A2BCE0E58159116901236C49,0B25110BA3473A6DC04AB58A3A0D5E4D6922A0E0,8287DADC415B3E667C617EEFB6E7D654C7AC0C47,2020-08-26 21:32:12.219000,2020-08-26 21:32:17.010000
7e5sw6druiapvyii,failed,not_found,1122,14D57DEDF0A4554A2D21AD53CCCC43E31158C733,A5562DC48B69D4E72777AA940EC64A69BE022178,38F21DEE29E40DCDF9460A80662B7723562CA008,828112B80D28A92311A8C6C7CCF369B316C40744,2020-08-26 21:32:17.011000,2020-08-26 21:32:19.096000
fca7rmxkteu6mmym,failed,not_found,751,14D57DEDF0A4554A2D21AD53CCCC43E31158C733,01FE2137C42E4802507A1FD97B0158116FD78A8C,4E0C20FE5369CF91793AE0762B6D6EBFE8DD7D93,AAFF4A997543DB0D881F4F11638485B7D471FECE,2020-08-26 21:32:10.059000,2020-08-26 21:32:11.746000
fca7rmxkteu6mmym,failed,not_found,845,14D57DEDF0A4554A2D21AD53CCCC43E31158C733,887461A33FF2B02B76ED12905FD95BF0D8616638,901CBA6FF3B90618D3FFEFF040353C267F690DF8,37CED9BA892BB06999F2B8CB63861A064A26C1BB,2020-08-26 21:32:11.747000,2020-08-26 21:32:12.774000
fca7rmxkteu6mmym,failed,not_found,910,14D57DEDF0A4554A2D21AD53CCCC43E31158C733,66BD39FE805AED414ADE400CAAD862C9CC3AC34E,5B701D5C806F91D8A3C6B3E92624727EC43E26C2,AB0CC19517476E610B86FF796B703643BFE21E89,2020-08-26 21:32:12.774000,2020-08-26 21:32:13.558000
fca7rmxkteu6mmym,failed,not_found,954,14D57DEDF0A4554A2D21AD53CCCC43E31158C733,76D2EBA82BBCCA3DF9F254A9A8372A10A26F3D14,8DC832ABDC9C97B8B71F74AB041D3CB3FA9578AA,AB10D5040BCBBA912FA448B8CF2A653DC8ACDC2C,2020-08-26 21:32:13.559000,2020-08-26 21:32:14.464000
fca7rmxkteu6mmym,failed,not_found,996,14D57DEDF0A4554A2D21AD53CCCC43E31158C733,9B2BC7EFD661072AFADC533BE8DCF1C19D8C2DCC,96CFE178A1D12489D9D59A0CAE17FE86F5A3A79F,37BB3233098BF9B9095C27834E65A2E17FF807F8,2020-08-26 21:32:14.465000,2020-08-26 21:32:15.277000
fca7rmxkteu6mmym,failed,not_found,1036,14D57DEDF0A4554A2D21AD53CCCC43E31158C733,88F5FD94C520B22A1A5B98EC20003F046ED601DD,8A00CE9638BDB4686B91F1F0B229DB3F8C9B8415,37C1D66559D0C7884E3D21F7DEB58C75D79B98A8,2020-08-26 21:32:15.277000,2020-08-26 21:32:16.139000
zdadxljlxwxb226m,failed,not_found,754,14D57DEDF0A4554A2D21AD53CCCC43E31158C733,91DDE492833DA13509B2ABEF3E8F6D5161153385,2D70583AFDE90C7C3D9CFF9F0C076F0C022CC29C,0861F4966E199C0BA9DB1D904DB4BC843508F12C,2020-08-26 21:32:10.084000,2020-08-26 21:32:11.216000
zdadxljlxwxb226m,failed,not_found,826,14D57DEDF0A4554A2D21AD53CCCC43E31158C733,32EE911D968BE3E016ECA572BB1ED0A9EE43FC2F,00B57BF614F7ED3051073B5D4526FF0B23AF217B,E64625ED5B01A1F0E97BCF0B5D431A432A24F408,2020-08-26 21:32:11.216000,2020-08-26 21:32:12.055000
zdadxljlxwxb226m,failed,not_found,870,14D57DEDF0A4554A2D21AD53CCCC43E31158C733,836460C721577873AD1FF8AB000112A9360EB3A0,D5C01B85FB3A48D55698CA660A2DE8935388816E,E663E4851EC31BE460BC2DA3164E9BE114E73F3A,2020-08-26 21:32:12.055000,2020-08-26 21:32:12.750000
zdadxljlxwxb226m,failed,not_found,905,14D57DEDF0A4554A2D21AD53CCCC43E31158C733,98BCA63DD82E13A637FF8D0EC28135663DB08CA1,023EBBC57BEB7F45473B3DC2AA811FB3AABA4466,E65BA17239C454A82082B0B4F3DDD8D83E4FD893,2020-08-26 21:32:12.751000,2020-08-26 21:32:14.051000
zdadxljlxwxb226m,failed,not_found,1165,14D57DEDF0A4554A2D21AD53CCCC43E31158C733,2CD9A9BEFC2FD3BA4A2A53EFA7B16C7C66956D90,44496B18C68356AF3A58ACAD835429C37B9432ED,085527CBD6485FD475AC983FA8683A2D9028BAA8,2020-08-26 21:32:14.051000,2020-08-26 21:32:19.205000
zdadxljlxwxb226m,failed,not_found,1246,14D57DEDF0A4554A2D21AD53CCCC43E31158C733,9C900A7F6F5DD034CFFD192DAEC9CCAA813DB022,1E1A7C9134637383BE653C41973995A229D81595,08602BACB604139F07C9530DFC243454C48B9749,2020-08-26 21:32:19.205000,2020-08-26 21:32:19.867000
hbwt5bqcdkbwdy5p,failed,not_found,755,14D57DEDF0A4554A2D21AD53CCCC43E31158C733,32EB288C0EFB52964CCF8EF28BE6BC7FF592BB58,F6CD4DBF5850AC4386DD9A424918AD3C6BA2716F,C6ED7D37AA3CCAA586B22E0A30B395A5E582440A,2020-08-26 21:32:10.084000,2020-08-26 21:32:10.954000
hbwt5bqcdkbwdy5p,failed,not_found,809,14D57DEDF0A4554A2D21AD53CCCC43E31158C733,874D84382C892F3F61CC9E106BF08843DE0B865A,AC61D1722091F2FC4760776AF2C230D9DC679C03,58224E8E5344ECB0E6FFBB470C53F2C71DBE6341,2020-08-26 21:32:10.955000,2020-08-26 21:32:11.747000
hbwt5bqcdkbwdy5p,failed,not_found,846,14D57DEDF0A4554A2D21AD53CCCC43E31158C733,72A33E374DE5AD1E617394896F0FD8B092D3E7C4,7260949459C2D4D4A5ABC3AC10C1AD6939E6525C,C6E3910CBADCA6D2D7E932AB31A038EDD6A6FB79,2020-08-26 21:32:11.747000,2020-08-26 21:32:12.518000
hbwt5bqcdkbwdy5p,failed,not_found,894,14D57DEDF0A4554A2D21AD53CCCC43E31158C733,876C7CE43774366250D3E768E690DAB9D4B5D5A3,7B2FD4FFD565993CB4C4334AC0A0C42985EBEADB,580534A3F0676CA97BD48A3630106A10B904900E,2020-08-26 21:32:12.518000,2020-08-26 21:32:13.445000
hbwt5bqcdkbwdy5p,failed,not_found,947,14D57DEDF0A4554A2D21AD53CCCC43E31158C733,0B555940D37DC849728841C0B290074E1A1BDCA8,4CE6D83FFA8AD24767007E8C972F371F2468F09A,C6E1453B8CAF796E4CF65DB6A81283BDDD722F88,2020-08-26 21:32:13.445000,2020-08-26 21:32:14.992000
hbwt5bqcdkbwdy5p,failed,not_found,1023,14D57DEDF0A4554A2D21AD53CCCC43E31158C733,844AE9CAD04325E955E2BE1521563B79FE7094B7,CACD9D63B759B35555D8C965A3E01071E9DFB44C,580C51E028513A15CAC370FBEB40BE09D9488613,2020-08-26 21:32:14.993000,2020-08-26 21:32:15.833000
hsjafjsy6wbgjwj7,failed,not_found,818,14D57DEDF0A4554A2D21AD53CCCC43E31158C733,39F91959416763AFD34DBEEC05474411B964B2DC,F741E5124CB12700DA946B78C9B2DD175D6CD2A1,0085057C17BD2E1809E284825F06F94E72FB418C,2020-08-26 21:32:11.110000,2020-08-26 21:32:12.108000
hsjafjsy6wbgjwj7,failed,not_found,878,14D57DEDF0A4554A2D21AD53CCCC43E31158C733,3E1FC6220A79BE7FB74CC9EFDC2B285FC02D56C7,F1624D70C3AD373C849A5B2A8D07A20C73C0C7AD,00786179DB0E6514142F44DB4166638712F34DAE,2020-08-26 21:32:12.108000,2020-08-26 21:32:13.906000
hsjafjsy6wbgjwj7,failed,not_found,1164,14D57DEDF0A4554A2D21AD53CCCC43E31158C733,901CBA6FF3B90618D3FFEFF040353C267F690DF8,901592FBE2A2335F5DC3A5434600B9A4F9D9C68E,1C4147BDE31ED65715FE1CF088570E145BF46AA1,2020-08-26 21:32:13.906000,2020-08-26 21:32:19.205000
hsjafjsy6wbgjwj7,failed,not_found,1245,14D57DEDF0A4554A2D21AD53CCCC43E31158C733,235D3444236ABC28F412E93814F6B783200D4630,F5F4019509109A07E90C45A022CEED9ECA1643C8,1C2F0929A4A8D9661D83E70FDE96B61040ECA14D,2020-08-26 21:32:19.205000,2020-08-26 21:32:20.276000
hsjafjsy6wbgjwj7,failed,not_found,1305,14D57DEDF0A4554A2D21AD53CCCC43E31158C733,AECF1E78CB116AD7105C88B1F08DBFD783E584B2,B8F7B162963287D2199D075BBAB2C4FB941BB390,1C41B62A48C9B86E2D0AA6C27F25D73CCC848D83,2020-08-26 21:32:20.277000,2020-08-26 21:32:24.044000
hsjafjsy6wbgjwj7,failed,not_found,1500,14D57DEDF0A4554A2D21AD53CCCC43E31158C733,57FC927F1CDADEC93380E247EE949A3787A0DB7E,624B7391B9790E7CD2AF6A7238239BA3D6928A57,00962D2DD0B9BF3A6AF1D5EB201132388ACA1424,2020-08-26 21:32:24.045000,2020-08-26 21:32:25.029000
si623mawgjxl2oqv,failed,not_found,1013,14D57DEDF0A4554A2D21AD53CCCC43E31158C733,8DE1211901C33379BB9C57E27BED368FF6D45127,FC1E441E097BA36930AA2F615EFB325AF76D2595,3329E736CCA16449D02D567D42683BF1FD798676,2020-08-26 21:32:11.127000,2020-08-26 21:32:15.843000
si623mawgjxl2oqv,failed,not_found,1064,14D57DEDF0A4554A2D21AD53CCCC43E31158C733,758FDD9BDBEFE5B3F6FCA030BC41CAA9AA5E048B,C239952D0C8E4EABC3E6B0A8E0B623689174E3C6,3324ACC8B3128257E26E5861BA19BB4EF5DAAC24,2020-08-26 21:32:15.843000,2020-08-26 21:32:17.949000
si623mawgjxl2oqv,failed,not_found,1178,14D57DEDF0A4554A2D21AD53CCCC43E31158C733,6245DC873D6F613C795D48663D65BD8A2266CAF6,3F43D0584A2613C9DB631382FF486DC6B95EA1C8,330CD3DB6AD266DC70CDB512B036957D03D9BC59,2020-08-26 21:32:17.950000,2020-08-26 21:32:18.788000
si623mawgjxl2oqv,failed,not_found,1441,14D57DEDF0A4554A2D21AD53CCCC43E31158C733,CE47F0356D86CF0A1A2008D97623216D560FB0A8,3A94EFBF4A220B35A92D0A5B4A80D6324C3C306A,198F12E2DEFBE6BEEBC38B2FEDD615AECB38DA7A,2020-08-26 21:32:18.788000,2020-08-26 21:32:24.014000
si623mawgjxl2oqv,failed,not_found,1494,14D57DEDF0A4554A2D21AD53CCCC43E31158C733,7FF1A673A5E1F7E9D2495A36C185B890DBD96553,7992F172EDBE69B99F0190651BAC14DD0FD9E5C8,19CEDE7CF85C2D1AE18FF331FFE066D251A55B77,2020-08-26 21:32:24.014000,2020-08-26 21:32:25.009000
si623mawgjxl2oqv,failed,not_found,1609,14D57DEDF0A4554A2D21AD53CCCC43E31158C733,41539B8FD55F94DC6017A29CDCC623977F118A30,88E2D25A66ED63030F25819F4ADB7D1AF0E5BD77,19FFF04C4B4448A993F5C908C99704881DCD4767,2020-08-26 21:32:25.010000,2020-08-26 21:32:26.890000
migoivuzy4pnzlra,failed,not_found,821,14D57DEDF0A4554A2D21AD53CCCC43E31158C733,0B19482AFB60C4C76BBB3DE510F1D52E3C612496,6ED3BE22B2261258017B3F0584706265985D7AE9,84CB0782C8CA81A7263EE86F321EDFECC611369A,2020-08-26 21:32:11.127000,2020-08-26 21:32:12.187000
migoivuzy4pnzlra,failed,not_found,880,14D57DEDF0A4554A2D21AD53CCCC43E31158C733,BEA7C058ECD27BE8E73A76CBE13A917A83192685,09A70E396DE93F54D4541BBB0EC8E2B23761F34F,84ABF6381FD0F96B882764F176B85980EBC31FE1,2020-08-26 21:32:12.187000,2020-08-26 21:32:13.089000
migoivuzy4pnzlra,failed,not_found,932,14D57DEDF0A4554A2D21AD53CCCC43E31158C733,6DFEB41C04CCE846871338E85DD5ACF5CFB6C1DD,FDB4D0BBF9111D98453CBB8E38D6A876E0F3A5FA,45582F4CCEE4BBF79B44A4853FDD82908B08D4A8,2020-08-26 21:32:13.089000,2020-08-26 21:32:14.497000
migoivuzy4pnzlra,failed,not_found,998,14D57DEDF0A4554A2D21AD53CCCC43E31158C733,0706B3AF0059CB226E4AACDEDB6794678F402905,71D15B4A7DD9FB70B0E1439F7D350B8FACCFC306,457D6035A953805B82D2A9933EDE3A0EA4B675FE,2020-08-26 21:32:14.498000,2020-08-26 21:32:15.501000
migoivuzy4pnzlra,failed,not_found,1049,14D57DEDF0A4554A2D21AD53CCCC43E31158C733,DD0C8EEC5CA402A9FA4478F10C31A440F71F6885,B517198B86B3859C307857C59F6660A281FC8B47,84AFAE19244541A404F763BA0E2F0CAD8A3FACF0,2020-08-26 21:32:15.501000,2020-08-26 21:32:16.761000
migoivuzy4pnzlra,failed,not_found,1105,14D57DEDF0A4554A2D21AD53CCCC43E31158C733,7A5DDFD048B8F28E2BC3E04190E70FFFB4EB7955,8646226690C1D4F2DDC3021F89909A26A8C32A27,4561FC085C3F3A7271FE960317F02DCD1E9C1188,2020-08-26 21:32:16.761000,2020-08-26 21:32:18.495000
vpopfzapuneb2rku,failed,not_found,873,14D57DEDF0A4554A2D21AD53CCCC43E31158C733,88DF5D708E931C431902AAABEA981E7951E00085,9AB93B5422149E5DFF4BE6A3814E2F6D9648DB6A,FD449127D30D8F5D124653D9EF736EDF4A12B4DC,2020-08-26 21:32:12.071000,2020-08-26 21:32:12.806000
vpopfzapuneb2rku,failed,not_found,913,14D57DEDF0A4554A2D21AD53CCCC43E31158C733,0C3D5E19E3C75B505C8ACD26F89DCA2DF970553E,217B9BE70DC602F6D929132EA2A9DF60BAED8CE0,75EE3430CEF7744EA1E35607881B27581EB15880,2020-08-26 21:32:12.806000,2020-08-26 21:32:13.785000
vpopfzapuneb2rku,failed,not_found,966,14D57DEDF0A4554A2D21AD53CCCC43E31158C733,22B92BCCF5DE2C8CDCFFFD2D41B395D116A87BB3,EAA823552F959DFD038E9AC8FA89345A738B6C00,75FB9A4469199F251581061391214ACFDC682EF4,2020-08-26 21:32:13.785000,2020-08-26 21:32:14.534000
vpopfzapuneb2rku,failed,not_found,1000,14D57DEDF0A4554A2D21AD53CCCC43E31158C733,E6C04728E9339DF22F331B7017D4A7AA3F252F0B,853246C4EBF7FD27C2EBE31E2DF37B2B5F13A39C,FD2F9B881AC640100C428DF47DC9A863DC2F2536,2020-08-26 21:32:14.534000,2020-08-26 21:32:16.012000
vpopfzapuneb2rku,failed,not_found,1069,14D57DEDF0A4554A2D21AD53CCCC43E31158C733,F0C9513539800F762ECAE37F16370D7CBA5E52C2,A8503903F97FF27F5D1C3CA38817329F581925E6,FD1952B22EF53D491E0D7E3CECB85C3CEF63CABB,2020-08-26 21:32:16.013000,2020-08-26 21:32:16.826000
vpopfzapuneb2rku,failed,not_found,1112,14D57DEDF0A4554A2D21AD53CCCC43E31158C733,BABBE7B67010279491A1A0B5CF201B85EDB3D8DA,E7EF73B4722CFAF0E8AA2151D3AA78701DE5F19B,75FDB1B03164ECED2B37CE8B925EA7629C1CDAC3,2020-08-26 21:32:16.826000,2020-08-26 21:32:17.543000
x4cchds3r5shzqd6,failed,not_found,874,14D57DEDF0A4554A2D21AD53CCCC43E31158C733,44517C72DD0C7206E2B6E9FE3917406AE8AF3193,617EB1F3994E13EFE20D4D6A4273B724776D05D2,21014C8A0D9806B853203EF1137BD2E20E69D5D7,2020-08-26 21:32:12.071000,2020-08-26 21:32:13.444000
x4cchds3r5shzqd6,failed,not_found,946,14D57DEDF0A4554A2D21AD53CCCC43E31158C733,CE1FD7659F2DFE92B883083C0C6C974616D17F3D,272AC842521666E3D1B0E5EAFAC79EF73EC88972,68701181F3F08C0D13E6460CFB149E010104EF03,2020-08-26 21:32:13.444000,2020-08-26 21:32:14.576000
x4cchds3r5shzqd6,failed,not_found,1220,14D57DEDF0A4554A2D21AD53CCCC43E31158C733,53134D9637D9FBE565FA1E3AF82B23CC964C56D6,35DBE43445BB44D817084200BA05E8A0573EDFD4,20F6C46A805F7BCAB064AEECC8D97AA9629185C0,2020-08-26 21:32:14.576000,2020-08-26 21:32:19.983000
x4cchds3r5shzqd6,failed,not_found,1288,14D57DEDF0A4554A2D21AD53CCCC43E31158C733,F07B89BC9D794F3D9342417C62FBA8F9972D04A3,5436FC72ABDEAC39BF58E64E5E12C462A7D3D088,68EBC7615E7DE318C6B9AA530EFD6E20FDE8DF9A,2020-08-26 21:32:19.983000,2020-08-26 21:32:20.857000
x4cchds3r5shzqd6,failed,not_found,1337,14D57DEDF0A4554A2D21AD53CCCC43E31158C733,C3E0E9EA1FF3FCFC27E856BFE61533020DD7F090,F8D27B163B9247B232A2EEE68DD8B698695C28DE,210001EE8A8E086983A3BD48F0D936996451C9CB,2020-08-26 21:32:20.858000,2020-08-26 21:32:22.243000
x4cchds3r5shzqd6,failed,not_found,1418,14D57DEDF0A4554A2D21AD53CCCC43E31158C733,8118F4C0E60C84A453ACCD1641F3A7328CBE6280,87987C8B85AEB73A866A67AC696114CFE27E7E77,68773D3FF7B8CEFCEEFCA32AE72015E2D38C62C1,2020-08-26 21:32:22.243000,2020-08-26 21:32:23.340000
gkae7ne2fpxll74j,failed,not_found,875,14D57DEDF0A4554A2D21AD53CCCC43E31158C733,8B6B10A0AED89408E509D4422EC926C89C7933D0,DCE8DBF94576272AD10D996C9AA0794A4567F304,A24908D1E26872E1715F9901E80FB5FA6EEBEE91,2020-08-26 21:32:12.072000,2020-08-26 21:32:12.736000
gkae7ne2fpxll74j,failed,not_found,902,14D57DEDF0A4554A2D21AD53CCCC43E31158C733,0B19482AFB60C4C76BBB3DE510F1D52E3C612496,B1B8EE3BD207009B0CBA4346BBBA559EECFC0175,8E76F1F6E8499CCE975C451560586A5F8BF0BFDB,2020-08-26 21:32:12.736000,2020-08-26 21:32:13.920000
gkae7ne2fpxll74j,failed,not_found,972,14D57DEDF0A4554A2D21AD53CCCC43E31158C733,13EE0E14C6A2751633138277C1443A4C37DD55D4,8C00FA7369A7A308F6A137600F0FA07990D9D451,A2415E2FEF1972055EC0CBDF688717DF4C453AED,2020-08-26 21:32:13.920000,2020-08-26 21:32:18.604000
gkae7ne2fpxll74j,failed,not_found,1208,14D57DEDF0A4554A2D21AD53CCCC43E31158C733,1CD48F4ED0F1821FFBF1940802A13EEFD4C27502,ED9A731373456FA071C12A3E63E2C8BEF0A6E721,8E6EDA78D8E3ABA88D877C3E37D6D4F0938C7B9F,2020-08-26 21:32:18.604000,2020-08-26 21:32:19.270000
gkae7ne2fpxll74j,failed,not_found,1252,14D57DEDF0A4554A2D21AD53CCCC43E31158C733,ACF165754601059ED2E472F893AD0FA4CAF1142D,5D995EC983ED3DF9DAABD32B9BF1540AFF42A457,8E5F4EE45E0631A60E59CAA42E1464FD7120459D,2020-08-26 21:32:19.271000,2020-08-26 21:32:20.296000
gkae7ne2fpxll74j,failed,not_found,1308,14D57DEDF0A4554A2D21AD53CCCC43E31158C733,90A5D1355C4B5840E950EB61E673863A6AE3ACA1,E00DFD54DC165D5452FBD3530D30186DAD016A0C,A22B1C2EF2255987F8AB8AA0B1A8E23F5023EEB8,2020-08-26 21:32:20.296000,2020-08-26 21:32:21.244000
qipqp56udoq6pbzv,failed,not_found,926,14D57DEDF0A4554A2D21AD53CCCC43E31158C733,06E72526BBE040C51C5ADFBAA07ADD9AEB5E1FA1,10A5EFCCD2FB9C1A4AC20FB779A5DB11B58957A7,1850585BE9BCA1F80D0A051909C94E49D1C49ED3,2020-08-26 21:32:13.061000,2020-08-26 21:32:13.906000
qipqp56udoq6pbzv,failed,not_found,970,14D57DEDF0A4554A2D21AD53CCCC43E31158C733,714425418EEEDFACC86D87544B265892E98FA32B,66F8C32B94D73B51A5D2FA079C6A09047C9ABA71,84AFAE19244541A404F763BA0E2F0CAD8A3FACF0,2020-08-26 21:32:13.907000,2020-08-26 21:32:15.262000
qipqp56udoq6pbzv,failed,not_found,1033,14D57DEDF0A4554A2D21AD53CCCC43E31158C733,BAD218F0E77F31B5EC6EEF264756ABF1D8B7810A,208D900D0E19338C290CAE206CD7BC14FE6982AF,1852D84B0341845F2BDC2CCBC673E9D42307A111,2020-08-26 21:32:15.262000,2020-08-26 21:32:16.634000
qipqp56udoq6pbzv,failed,not_found,1095,14D57DEDF0A4554A2D21AD53CCCC43E31158C733,C92F69EE5756200F160CCFAFE9C3C984D3E6D561,EFCCA5852D18207A7A93C13EF3460458CAAEA9D9,185663B7C12777F052B2C2D23D7A239D8DA88A0F,2020-08-26 21:32:16.634000,2020-08-26 21:32:17.485000
qipqp56udoq6pbzv,failed,not_found,1146,14D57DEDF0A4554A2D21AD53CCCC43E31158C733,BB0C636DE89CAC6C995CB380AAC8C4AAAB731BA8,E5507444DAC04539B8DC624299616141B0DB64D5,84CB0782C8CA81A7263EE86F321EDFECC611369A,2020-08-26 21:32:17.486000,2020-08-26 21:32:18.548000
qipqp56udoq6pbzv,failed,not_found,1202,14D57DEDF0A4554A2D21AD53CCCC43E31158C733,FE1AF5E909002134BFF834F4AD5E1DE723779002,2AA5F598F9A1812F01CD99E3B59BB87362ED7438,84ABF6381FD0F96B882764F176B85980EBC31FE1,2020-08-26 21:32:18.549000,2020-08-26 21:32:19.406000
emgequyfewmc5xnw,failed,not_found,928,14D57DEDF0A4554A2D21AD53CCCC43E31158C733,1188DC549FDF5E8054E1FE8C789A632CD1872F7E,3212FA08FB2358B271606E21B1DFBD6717B94FA3,E08FA051D29468D098C2A3E1B123E4A05967398E,2020-08-26 21:32:13.071000,2020-08-26 21:32:14.758000
emgequyfewmc5xnw,failed,not_found,1009,14D57DEDF0A4554A2D21AD53CCCC43E31158C733,A53569CB333E9895A44954700CC07D2135801518,B0DB2F173F0DB364BABF7A465D796B3C048F1F33,E079D5D3651F8DD0408C4CA24D64E22398E30FAB,2020-08-26 21:32:14.758000,2020-08-26 21:32:15.630000
emgequyfewmc5xnw,failed,not_found,1053,14D57DEDF0A4554A2D21AD53CCCC43E31158C733,9DA5284A51021A711ECAA677C81E5408222B9F2A,003BFA1B6CC5CBEFD5D0082F8FC9AF2A8868A8FB,394629DFE5305F4207B4BB080782C13304B9F545,2020-08-26 21:32:15.630000,2020-08-26 21:32:17.014000
emgequyfewmc5xnw,failed,not_found,1334,14D57DEDF0A4554A2D21AD53CCCC43E31158C733,03910F285A33F365838EC66EF2C2EF754D046760,8FE9D11F798E622438EF38042EA478F7A0788FB7,39379E4177FFFB0ED90C2013D97668BD284A1798,2020-08-26 21:32:17.014000,2020-08-26 21:32:21.754000
emgequyfewmc5xnw,failed,not_found,1497,14D57DEDF0A4554A2D21AD53CCCC43E31158C733,400C053623F36C5C3D1CFC73F1AB9DA6E24DEEB7,46BC57CFDC91DE75CBDA7D264A1FD4684A048B5C,396650D22D382D59B5048A462DE9B690092452EA,2020-08-26 21:32:21.754000,2020-08-26 21:32:25.029000
emgequyfewmc5xnw,failed,not_found,1549,14D57DEDF0A4554A2D21AD53CCCC43E31158C733,AE95BDA37A5BB4685FEBB7F06649D6CE949B5316,4C5B8134341E66CB09246985E4039F9BFC0ADCE3,E0A3471C24C9021CC58FBF774203046FD2BC893F,2020-08-26 21:32:25.029000,2020-08-26 21:32:25.995000
qwphdqeeqitmnjk6,failed,not_found,930,14D57DEDF0A4554A2D21AD53CCCC43E31158C733,25B694EA95F825F156C5DAE5607B3375E86C0C4E,4D7495E2EC2BC0CA6D2B4028C0131E68E8DFCED9,9F90783A672015D4D40F22902964B92AD0EA0C17,2020-08-26 21:32:13.080000,2020-08-26 21:32:14.137000
qwphdqeeqitmnjk6,failed,not_found,985,14D57DEDF0A4554A2D21AD53CCCC43E31158C733,F6740DEABFD5F62612FA025A5079EA72846B1F67,4EACB1DF4BD42524AEA6A1B8026617B1BF59045C,9FA8A16163FB6BDF228E45E329B0E5ACEDBD8309,2020-08-26 21:32:14.138000,2020-08-26 21:32:15.352000
qwphdqeeqitmnjk6,failed,not_found,1211,14D57DEDF0A4554A2D21AD53CCCC43E31158C733,B568135C5E345BAFB080C11FDDF348E545A722E5,9BA1289CDCFD907B8D40A8AB12F36BE620DD4085,AB3227DB470B17883D24D830EA84EBFBDC7D5815,2020-08-26 21:32:15.352000,2020-08-26 21:32:20.129000
qwphdqeeqitmnjk6,failed,not_found,1302,14D57DEDF0A4554A2D21AD53CCCC43E31158C733,E36536404200A74930DB165858BD5BB554D2BEA2,745D800E420B9AEF1BA5130406E7ED49D798D732,9FB2A07867929EA404667247AEE9656F3DF72447,2020-08-26 21:32:20.130000,2020-08-26 21:32:21.299000
qwphdqeeqitmnjk6,failed,not_found,1335,14D57DEDF0A4554A2D21AD53CCCC43E31158C733,5790B62AD6C79A1092B30993A8F0F7F23A969FD6,D08660B6D70B6249A57D89BB7A8F2EA2C952BD35,AB687988F260DE9EDC3B36C66287DE2660ED1CE0,2020-08-26 21:32:21.299000,2020-08-26 21:32:21.874000
qwphdqeeqitmnjk6,failed,not_found,1404,14D57DEDF0A4554A2D21AD53CCCC43E31158C733,0CDCB20FF6800D8AFC90504B85C0551305F2FFE8,27EE4854D03F81FAEA3884A44303BE00DEEEE555,AB4761E23AF511E8306E95E78F7E82F77B2E487F,2020-08-26 21:32:21.874000,2020-08-26 21:32:22.858000
us45bzpnff44glah,failed,not_found,979,14D57DEDF0A4554A2D21AD53CCCC43E31158C733,7ED3D8AFAC750F8CC0BDF8C87FE3BCBA2BBE2209,1079E628FC6B0025656AC024F2D9975C441498CD,4DD11C3F11F5E2891D57EF9F7DF43BEE1B514FCE,2020-08-26 21:32:14.078000,2020-08-26 21:32:15.287000
us45bzpnff44glah,failed,not_found,1038,14D57DEDF0A4554A2D21AD53CCCC43E31158C733,A4F11D693FAB6E949B2B7C18153C3F7989896007,A0BA38A5AB64350CEC343872F852EDF30D941326,2F26D43258285FEB39E4320888DFAFA8A0D20E11,2020-08-26 21:32:15.287000,2020-08-26 21:32:16.266000
us45bzpnff44glah,failed,not_found,1061,14D57DEDF0A4554A2D21AD53CCCC43E31158C733,7737A40305131AD8B5E60CFB9126E4BBE1ED7F76,DAD19570682F47FB775B263330BD62B7BF0DEEA8,2ED8654AD1B8C25F3EB83156B07EA35BE6132F0C,2020-08-26 21:32:16.267000,2020-08-26 21:32:16.647000
us45bzpnff44glah,failed,not_found,1097,14D57DEDF0A4554A2D21AD53CCCC43E31158C733,8ABC4D5F6182C7E79B087D1ED9E5CF652C83E52C,B96B5141004995295FE87DCCE1A54519BD0BB48A,2F09BD6D9A2D5A7D6D26C17651CE8ECF0B7BA257,2020-08-26 21:32:16.648000,2020-08-26 21:32:17.500000
us45bzpnff44glah,failed,not_found,1148,14D57DEDF0A4554A2D21AD53CCCC43E31158C733,4E81EA3528D6FB79B10B0F11C6FC96CE1C060021,17ABA734572DBB1050CF3800F0DD145BAE7ED9A7,4DB0490A0420809A8149E778BBAC8F1E9349D9EC,2020-08-26 21:32:17.501000,2020-08-26 21:32:18.297000
us45bzpnff44glah,failed,not_found,1192,14D57DEDF0A4554A2D21AD53CCCC43E31158C733,9E1E4F5B5F94812D02C4D18CB4086CE71CA5C614,F3DE204250CAF6A73A1AEAC8319F49E8730B8562,4D70F05DD308A2EA5B671E440879BFADAC92860F,2020-08-26 21:32:18.297000,2020-08-26 21:32:19.586000
xzsnjmokxy6op4kn,failed,not_found,980,14D57DEDF0A4554A2D21AD53CCCC43E31158C733,B05B4BB64FFE5373E293D2C008798FBA9C908BB1,5EF0AAAEEE7B1282DA0DBAB94669B73E39DD51B6,3655BA69BDB86299057FDE2FF1A788003BE1043D,2020-08-26 21:32:14.078000,2020-08-26 21:32:15.676000
xzsnjmokxy6op4kn,failed,not_found,1055,14D57DEDF0A4554A2D21AD53CCCC43E31158C733,37A8BA9E3F05417EFE93DF626641EFF271E0A3C2,79A9510578E3A6A08A3F99FBC85AD6381A96E45A,0FF7D03AC5F31F93E3AE11ABF74313D071E11ED3,2020-08-26 21:32:15.676000,2020-08-26 21:32:17.118000
xzsnjmokxy6op4kn,failed,not_found,1133,14D57DEDF0A4554A2D21AD53CCCC43E31158C733,6FAE4A0874F8D36BAA0385EAD27C3D539DFF007A,42B4F52C5B11E4D39855F654955425B0D5A0598B,36414078C521BA19168260F6DF23C97995976289,2020-08-26 21:32:17.119000,2020-08-26 21:32:19.405000
xzsnjmokxy6op4kn,failed,not_found,1257,14D57DEDF0A4554A2D21AD53CCCC43E31158C733,8A6F5A21493685B50F1B46A87A2099D6C410F237,3D6C776E8BE9E8AE5D0591594117999E3C5498C8,364E18848469385C5948376FAF778AC61D4CFB67,2020-08-26 21:32:19.406000,2020-08-26 21:32:20.092000
xzsnjmokxy6op4kn,failed,not_found,1300,14D57DEDF0A4554A2D21AD53CCCC43E31158C733,005079A42356183CEA5A3ADD239303F44F12E7EA,EA6259917ADF4D47AD5D52E3576008D90C222D17,0FC12F2B7DD0E94930F9B3CDD321308996652957,2020-08-26 21:32:20.092000,2020-08-26 21:32:21.754000
xzsnjmokxy6op4kn,failed,not_found,1391,14D57DEDF0A4554A2D21AD53CCCC43E31158C733,D7829A21726220AF77401BE5B2B132963A0BE82B,484A10BA2B8D48A5F0216674C8DD50EF27BC32F3,0FF233C8D78A17B8DB7C8257D2E05CD5AA7C6B88,2020-08-26 21:32:21.754000,2020-08-26 21:32:22.522000
tatxnwgkpbu2edep,failed,not_found,981,14D57DEDF0A4554A2D21AD53CCCC43E31158C733,DBE82FA23B9FE3CB2462A6FCF5289DED3CBF4AEE,BF5C0C5D3A1C6654FEBA5FF66B00734DF073DB50,34DF8443F6ACD1A543AAA10A7621A389E31A4422,2020-08-26 21:32:14.079000,2020-08-26 21:32:15.262000
tatxnwgkpbu2edep,failed,not_found,1034,14D57DEDF0A4554A2D21AD53CCCC43E31158C733,0C6D3655763B1A3A60FC42135CD60765AFE953BA,EB65CCB8612FA67FED17B57DA5B6919E40296DD0,350AB72B8744CC40ED8699E6D3298CB14215F568,2020-08-26 21:32:15.262000,2020-08-26 21:32:16.983000
tatxnwgkpbu2edep,failed,not_found,1118,14D57DEDF0A4554A2D21AD53CCCC43E31158C733,088A6237EED87EDEB0E1E3AD0A4A419F963F0787,ACF71422AF4174B8F12751BCDF6B13BD22D8E01F,35094D4F2418A2169B1C05D4905027EE86C9F0D1,2020-08-26 21:32:16.983000,2020-08-26 21:32:17.772000
tatxnwgkpbu2edep,failed,not_found,1161,14D57DEDF0A4554A2D21AD53CCCC43E31158C733,5D78D7D2A16F6B4D3166FD9D1FD4A715B14A56DF,3BB035514F8246AC367B5370F4FE120BB11D8C6D,B93503D458D9FE97DE5C12D211082871D08F1284,2020-08-26 21:32:17.772000,2020-08-26 21:32:19.255000
tatxnwgkpbu2edep,failed,not_found,1222,14D57DEDF0A4554A2D21AD53CCCC43E31158C733,DC9564AE8BC7BF5F722E3677C897ED1B578C8D81,F07B89BC9D794F3D9342417C62FBA8F9972D04A3,B9324F1BEDB1DF62AEE219B0CC41507CE710BA3C,2020-08-26 21:32:19.255000,2020-08-26 21:32:19.725000
tatxnwgkpbu2edep,failed,not_found,1270,14D57DEDF0A4554A2D21AD53CCCC43E31158C733,0EFF185569EC180F7027C060C5CB71272B5F8C44,F090D06DD908C91487F0A65DFFDFB1E4CD664288,B940AAC942E9929E673C3533F510C5261B50790C,2020-08-26 21:32:19.725000,2020-08-26 21:32:20.447000
w33nlgoxa5docbw6,failed,not_found,1026,14D57DEDF0A4554A2D21AD53CCCC43E31158C733,E00DFD54DC165D5452FBD3530D30186DAD016A0C,F62200459CB10450C6F1870851774874F18FCA63,FA1845C313B88EF49E8BE1F23B02CD0AC702B636,2020-08-26 21:32:15.064000,2020-08-26 21:32:16.665000
w33nlgoxa5docbw6,failed,not_found,1099,14D57DEDF0A4554A2D21AD53CCCC43E31158C733,BF37445EA2A9F3D04F4B87DFAC624AEF21B559D5,EE010EF80A27AC0B02CDC2B8B214A6201BB02D2B,16F7E9E93D6CC469392AD0BA020A3F359DF98345,2020-08-26 21:32:16.666000,2020-08-26 21:32:17.949000
w33nlgoxa5docbw6,failed,not_found,1396,14D57DEDF0A4554A2D21AD53CCCC43E31158C733,C75CDD818316ABBC839F9F0DDAEC873FCF60C370,169535CC4C75FF79C6D548D41720064EE4FE61D2,FA32998AF5628483D8E7B7BB0A4641D33A206A28,2020-08-26 21:32:17.949000,2020-08-26 21:32:22.540000
w33nlgoxa5docbw6,failed,not_found,1661,14D57DEDF0A4554A2D21AD53CCCC43E31158C733,D8E8B73CEE4849D6956CF4D4F64A806AC2258FB1,040085FFE1E88CF48AB0B5B2AB39035758C65F0C,16F50F2728581FE5CA7AC31F5066DCE8653F996C,2020-08-26 21:32:22.540000,2020-08-26 21:32:27.796000
w33nlgoxa5docbw6,failed,not_found,1709,14D57DEDF0A4554A2D21AD53CCCC43E31158C733,3970FA79EC2752446D668ECD575354101C5E29AA,0F6E5CA4BF5565D9AA9FDDCA165AFC6A5305763D,16F8469B848F9DCB4590BCC5CEA5F24980BDC806,2020-08-26 21:32:27.797000,2020-08-26 21:32:29.008000
w33nlgoxa5docbw6,failed,not_found,1789,14D57DEDF0A4554A2D21AD53CCCC43E31158C733,8358BDDA9C9A680B4E3A2809E5C24F5B3624D5C2,9E4CC64C4F94C359D43C5BA09094323FDBEFD975,FA150B9FEBD863358C53C4A16E35A051411763A6,2020-08-26 21:32:29.008000,2020-08-26 21:32:30.452000
hdkcvf72gjm7jvox,failed,not_found,1221,14D57DEDF0A4554A2D21AD53CCCC43E31158C733,79B39F8D53DACC9A63975FBC346301D8D0D36034,68F175CCABE727AA2D2309BCD8789499CEE36ED7,059208418A85DAEA537027F54AF9DB8A01AFF381,2020-08-26 21:32:15.073000,2020-08-26 21:32:19.925000
hdkcvf72gjm7jvox,failed,not_found,1283,14D57DEDF0A4554A2D21AD53CCCC43E31158C733,890480E14E634C8B4467C475E355A6FBF3D99CD5,63C6AB74A5C288C2159DDC783BB00F88AB44427C,05AD6F4906142276C606558C9C3B8876B43CD90F,2020-08-26 21:32:19.925000,2020-08-26 21:32:20.894000
hdkcvf72gjm7jvox,failed,not_found,1339,14D57DEDF0A4554A2D21AD53CCCC43E31158C733,11C3D14A1166AEDED6D247A32DE6451F6C95223A,AF1C02D6BF9827BB956F09C454C28B431B1EFFE7,FB43FC51B932F6A8FD75AFBBB45FDD19955889DB,2020-08-26 21:32:20.894000,2020-08-26 21:32:22.243000
hdkcvf72gjm7jvox,failed,not_found,1419,14D57DEDF0A4554A2D21AD53CCCC43E31158C733,0B841CB70F9ED1FD0322C2BA2EB0D80420D87CFA,58BC63142C881F88D08E071DEB63DBA09DE62141,05976EAC91BC67A6C0628476EE24DAC1CC378A10,2020-08-26 21:32:22.243000,2020-08-26 21:32:24.746000
hdkcvf72gjm7jvox,failed,not_found,1527,14D57DEDF0A4554A2D21AD53CCCC43E31158C733,0516A1A5836825F58848D47B91F47CB593B58D54,50C7B836942F14BDF1541B017CF21FD03F354E13,FB52C73C8B728ABDE014DB30DC53D160A71E5708,2020-08-26 21:32:24.746000,2020-08-26 21:32:25.617000
hdkcvf72gjm7jvox,failed,not_found,1574,14D57DEDF0A4554A2D21AD53CCCC43E31158C733,ED9A731373456FA071C12A3E63E2C8BEF0A6E721,638D91FC9EF661348A6994D04C3499BC03F50BBE,FB4BC8A17AD016963AA34EB98060F475DBB2DD9D,2020-08-26 21:32:25.618000,2020-08-26 21:32:26.561000
ynwfnelychlx6xzr,failed,not_found,1030,14D57DEDF0A4554A2D21AD53CCCC43E31158C733,E4F7869E2E9AF579EC93F5CCB823ECFCB297DA4E,8A00CE9638BDB4686B91F1F0B229DB3F8C9B8415,5D69A77423FE3D2A3CF09A015CED9F0A7B9E38D1,2020-08-26 21:32:15.082000,2020-08-26 21:32:16.291000
ynwfnelychlx6xzr,failed,not_found,1081,14D57DEDF0A4554A2D21AD53CCCC43E31158C733,F1624D70C3AD373C849A5B2A8D07A20C73C0C7AD,44DC23661E05DEFD94398936D9334987ABCB6E5E,5D5498F76347A2451839667C0913BDDFF302C8F2,2020-08-26 21:32:16.292000,2020-08-26 21:32:17.165000
ynwfnelychlx6xzr,failed,not_found,1108,14D57DEDF0A4554A2D21AD53CCCC43E31158C733,3F065BB0B02FB2303E144383D16C47A7DED75AE7,61F24EBAEC4290FAC31CF34F0FFCDA765A2D9705,5D544F4055C6FD2F2F692D519CFA7A627D8D3903,2020-08-26 21:32:17.165000,2020-08-26 21:32:17.578000
ynwfnelychlx6xzr,failed,not_found,1154,14D57DEDF0A4554A2D21AD53CCCC43E31158C733,03910F285A33F365838EC66EF2C2EF754D046760,F94A7BAC5D1E3D9372437141E10695A625B8B533,00B57BF614F7ED3051073B5D4526FF0B23AF217B,2020-08-26 21:32:17.579000,2020-08-26 21:32:18.549000
ynwfnelychlx6xzr,failed,not_found,1515,14D57DEDF0A4554A2D21AD53CCCC43E31158C733,8E5F4EE45E0631A60E59CAA42E1464FD7120459D,7FF1A673A5E1F7E9D2495A36C185B890DBD96553,0085057C17BD2E1809E284825F06F94E72FB418C,2020-08-26 21:32:18.549000,2020-08-26 21:32:25.646000
ynwfnelychlx6xzr,failed,not_found,1579,14D57DEDF0A4554A2D21AD53CCCC43E31158C733,438E8C214576AF13480A550D45C116F43333C319,5CF2BC575B3537AEE1E531021E2DB682B591C5A4,00962D2DD0B9BF3A6AF1D5EB201132388ACA1424,2020-08-26 21:32:25.647000,2020-08-26 21:32:27.160000
yzj27b2t22lcmtit,failed,not_found,1071,14D57DEDF0A4554A2D21AD53CCCC43E31158C733,BEBA52AC89045D6EAD68E977DF3F98BCF8330AAF,58F3E2956EABB81F673E2FB90E16E001DB4AC3AE,9C4DAED4759AA66D0E93EB27093BD21CFE2C2271,2020-08-26 21:32:16.061000,2020-08-26 21:32:16.808000
yzj27b2t22lcmtit,failed,not_found,1110,14D57DEDF0A4554A2D21AD53CCCC43E31158C733,0059D92942DB3B84E52EB4D87E9F7B195CF4D005,63B32F7E5389E8DBC5E1BCEFE48312DA7CCEF5D6,437B64831B34FF9BB915095862C12A9AA3F00027,2020-08-26 21:32:16.808000,2020-08-26 21:32:17.752000
yzj27b2t22lcmtit,failed,not_found,1157,14D57DEDF0A4554A2D21AD53CCCC43E31158C733,F5F4019509109A07E90C45A022CEED9ECA1643C8,67216AFBC0CE043F2D19B6BA6BE9E448D2A91F6D,9C5AFD49AAE4E0272BAD780C6DD71CE1A36012A6,2020-08-26 21:32:17.752000,2020-08-26 21:32:19.106000
yzj27b2t22lcmtit,failed,not_found,1239,14D57DEDF0A4554A2D21AD53CCCC43E31158C733,A3AFBDEE30238E44899C9F8B7666D12B09C8EE32,5CE3AD8AD04ADE66C0037A3CF5F7F7A40D48A20B,9C61FC0A01401EDF71C4048665E53968E81351FC,2020-08-26 21:32:19.106000,2020-08-26 21:32:19.983000
yzj27b2t22lcmtit,failed,not_found,1289,14D57DEDF0A4554A2D21AD53CCCC43E31158C733,A08B3E65331F29C960A8EB6F5D90B66A05D26CB5,EE010EF80A27AC0B02CDC2B8B214A6201BB02D2B,4381E471E9358AE4D815021302C7F2E16502BEE1,2020-08-26 21:32:19.983000,2020-08-26 21:32:20.764000
yzj27b2t22lcmtit,failed,not_found,1330,14D57DEDF0A4554A2D21AD53CCCC43E31158C733,74B8B22AF950B0BE11D8A228FB09D2F5279FB757,24A17A4C1FA8C2108ACDE3BE681B0731384BF3A5,437143A8E2D86B3BEB77B9ECD49AC77CD360FBDA,2020-08-26 21:32:20.764000,2020-08-26 21:32:21.874000
p7eqm2k33ha4dpkz,failed,not_found,1072,14D57DEDF0A4554A2D21AD53CCCC43E31158C733,64B43A6198B6C1F97D9ED8929F5A8913C3815935,8B6B10A0AED89408E509D4422EC926C89C7933D0,7B28971D4A29995784E3066B9D87E42E9C685F3A,2020-08-26 21:32:16.062000,2020-08-26 21:32:16.846000
p7eqm2k33ha4dpkz,failed,not_found,1114,14D57DEDF0A4554A2D21AD53CCCC43E31158C733,0F8C945AC2D754125630AF74617E3FFE690BB966,E7EF73B4722CFAF0E8AA2151D3AA78701DE5F19B,7B237E6EB5383C8D0852097B6633BAC3FAB5EA39,2020-08-26 21:32:16.847000,2020-08-26 21:32:17.834000
p7eqm2k33ha4dpkz,failed,not_found,1172,14D57DEDF0A4554A2D21AD53CCCC43E31158C733,A13281DBD8F8E484E95DD273B3EE7FC14C1B0A7A,5ADA85FC78D694F57ADBDCDF3EA7CC39CA552A85,412767ECB0CEF7DCBAF8748DDBA8575860DD6782,2020-08-26 21:32:17.834000,2020-08-26 21:32:19.385000
p7eqm2k33ha4dpkz,failed,not_found,1255,14D57DEDF0A4554A2D21AD53CCCC43E31158C733,3F1581559522B27BD1342F2A3A0022F273FA93D6,A312CC0B069677E50F8A1FAE5F579E3F294D9BEC,7B2904FE8AA12E45EA3D65658ED8CECA4A51F7F8,2020-08-26 21:32:19.385000,2020-08-26 21:32:21.220000
p7eqm2k33ha4dpkz,failed,not_found,1538,14D57DEDF0A4554A2D21AD53CCCC43E31158C733,E46C3F0533709EE2112874B13A4FE3868B33E75E,E546C96AEB2258BD0733949027E8F96156F6B290,410118E874D2263F1CDCD567F81875A8E38B2B3C,2020-08-26 21:32:21.220000,2020-08-26 21:32:25.618000
p7eqm2k33ha4dpkz,failed,not_found,1575,14D57DEDF0A4554A2D21AD53CCCC43E31158C733,D10B9112E59DEAA4C6FA507521E61EB86D2C2A7E,66BD39FE805AED414ADE400CAAD862C9CC3AC34E,412AB9D6A761ECADB60D7EA4F2CB389C0AF42F3F,2020-08-26 21:32:25.618000,2020-08-26 21:32:26.654000
xxnk6fsxrndbar5j,failed,not_found,1073,14D57DEDF0A4554A2D21AD53CCCC43E31158C733,103336165A0D2EFCAD3605339843A0A7710B8B92,43FF3346A3F8E4ED27F631DC956C4CD8D6173D7A,1115E5065C3EE149B683CA2D7131839F2656B5AD,2020-08-26 21:32:16.062000,2020-08-26 21:32:17.014000
xxnk6fsxrndbar5j,failed,not_found,1125,14D57DEDF0A4554A2D21AD53CCCC43E31158C733,208F39CCF602D9549E57D6A386259C1129B8D244,CDA2C336AD87E22DF02983887A3F74B21070D02D,36BABBBC06E2BF9D2C992371324B95B812E10A40,2020-08-26 21:32:17.015000,2020-08-26 21:32:18.845000
xxnk6fsxrndbar5j,failed,not_found,1227,14D57DEDF0A4554A2D21AD53CCCC43E31158C733,9E6BA60AFBF9A4946A52770ABCDFC95703DAD6CB,DD5DA21CC5036533AE2010DE2C7E72BE2CDF9C5E,36EE8D47E570B8D5515460A9972F3CFD9EDFDFCE,2020-08-26 21:32:18.845000,2020-08-26 21:32:19.771000
xxnk6fsxrndbar5j,failed,not_found,1275,14D57DEDF0A4554A2D21AD53CCCC43E31158C733,461453F94FA0E3CBB011685E22CDAFD2AF0DFDC3,4EBE3B18F7D38D0A2FDD67B47A55CB9069368723,10EF2F97C8D4CC9F77693C92CA88E2115C46DB70,2020-08-26 21:32:19.771000,2020-08-26 21:32:20.562000
xxnk6fsxrndbar5j,failed,not_found,1318,14D57DEDF0A4554A2D21AD53CCCC43E31158C733,9171101E709ADE5881F5E2CA1100D4044B44263E,215616527FB97ED5BE0BF8D2166BDB44EEB6A840,36EBA005CE1BBD9B164600A4666D9EA37082D838,2020-08-26 21:32:20.562000,2020-08-26 21:32:21.652000
xxnk6fsxrndbar5j,failed,not_found,1385,14D57DEDF0A4554A2D21AD53CCCC43E31158C733,A0E192213CF07EB069015E5C004B2C7EB525EF60,1B90395827F7499A37C73F09BC5AA0225808F6FC,113143469021882C3A4B82F084F8125B08EE471E,2020-08-26 21:32:21.652000,2020-08-26 21:32:22.411000
zg74ivv2uljst6nw,failed,not_found,1128,14D57DEDF0A4554A2D21AD53CCCC43E31158C733,6C333B5BDBA3DFE7A782E40CB970C271ABFED119,7185B69E3267E71D0E4CBE30209677205DEA5E67,4352D58B2641E8C1787750EFD3A07A88224967AC,2020-08-26 21:32:17.057000,2020-08-26 21:32:17.820000
zg74ivv2uljst6nw,failed,not_found,1170,14D57DEDF0A4554A2D21AD53CCCC43E31158C733,43C83536DACCD110FF11E049A890064F6F87BEB2,E5CC91BAFE7CCD68003E873D32E38027638D49D7,45582F4CCEE4BBF79B44A4853FDD82908B08D4A8,2020-08-26 21:32:17.820000,2020-08-26 21:32:18.537000
zg74ivv2uljst6nw,failed,not_found,1197,14D57DEDF0A4554A2D21AD53CCCC43E31158C733,F3936F97C14EFCFD18154DF4443B91FEDD071F47,43C83536DACCD110FF11E049A890064F6F87BEB2,454BE75256A4A5EC2B7FE2EB2E1C62F2736AB175,2020-08-26 21:32:18.537000,2020-08-26 21:32:19.220000
zg74ivv2uljst6nw,failed,not_found,1660,14D57DEDF0A4554A2D21AD53CCCC43E31158C733,DBA2DBB852E06B58BAAF09BD1BE91FA30A1243C8,29A39144AD141242436D07901F7A8B91F7516A66,437B64831B34FF9BB915095862C12A9AA3F00027,2020-08-26 21:32:19.220000,2020-08-26 21:32:28.863000
zg74ivv2uljst6nw,failed,not_found,1773,14D57DEDF0A4554A2D21AD53CCCC43E31158C733,DC2B1E4348AF306326FA63EEDB76EA6139133485,90A5D1355C4B5840E950EB61E673863A6AE3ACA1,4561FC085C3F3A7271FE960317F02DCD1E9C1188,2020-08-26 21:32:28.863000,2020-08-26 21:32:30.321000
zg74ivv2uljst6nw,failed,not_found,1871,14D57DEDF0A4554A2D21AD53CCCC43E31158C733,40B9F180ECA8B49D7AB1CE3FFB544999D0759B74,E5AA85FA69CDC31900C86E6427C7E5DE11DE9E2D,437143A8E2D86B3BEB77B9ECD49AC77CD360FBDA,2020-08-26 21:32:30.321000,2020-08-26 21:32:30.997000
bcjbna4hvnqk7b7h,failed,not_found,1130,14D57DEDF0A4554A2D21AD53CCCC43E31158C733,B204DE75B37064EF6A4C6BAF955C5724578D0B32,B96B5141004995295FE87DCCE1A54519BD0BB48A,ACDD9E85A05B127BA010466C13C8C47212E8A38F,2020-08-26 21:32:17.071000,2020-08-26 21:32:18.086000
bcjbna4hvnqk7b7h,failed,not_found,1186,14D57DEDF0A4554A2D21AD53CCCC43E31158C733,40A60D1F1E8AFBED22FCB30B3FBE2E275A14CF99,BD4C647508162F59CB44E4DFC1C2B2B8A9387CCA,ACF38D2A79A4AE47A6CCD8011EBB729BF66482AB,2020-08-26 21:32:18.087000,2020-08-26 21:32:19.030000
bcjbna4hvnqk7b7h,failed,not_found,1231,14D57DEDF0A4554A2D21AD53CCCC43E31158C733,FE622F960EBF190160649BC5ECC4E29150C1CF53,BDDF8187EA4419951CFD0A54088B634564F63AF3,ACF165754601059ED2E472F893AD0FA4CAF1142D,2020-08-26 21:32:19.031000,2020-08-26 21:32:20.974000
bcjbna4hvnqk7b7h,failed,not_found,1345,14D57DEDF0A4554A2D21AD53CCCC43E31158C733,9EB3FD84065E5622A57EFEF14E41A01B5B99A022,79D110419709C4B3D1F92FC3CE121B5317DBE8B3,9A0AAF2E43BE3744CD1D6CD532C861F5A568F7A9,2020-08-26 21:32:20.974000,2020-08-26 21:32:23.306000
bcjbna4hvnqk7b7h,failed,not_found,1463,14D57DEDF0A4554A2D21AD53CCCC43E31158C733,303509AB910EF207B7438C27435C4A2FD579F1B1,BEBA52AC89045D6EAD68E977DF3F98BCF8330AAF,9A08E378EA3FA18183CB0522D7665550E1B42BB4,2020-08-26 21:32:23.306000,2020-08-26 21:32:24.289000
bcjbna4hvnqk7b7h,failed,not_found,1511,14D57DEDF0A4554A2D21AD53CCCC43E31158C733,04DFE047ACDF7A6620ACA782FAFC5EF1AE7F4754,E3D61BAEA0B7CB12CACEDC8821C520557BDFCEA3,9A1B4E6D96C9321657FA31036A54C4216EE978A2,2020-08-26 21:32:24.289000,2020-08-26 21:32:25.149000
tyw4xecsb4q6mdmo,failed,not_found,1131,14D57DEDF0A4554A2D21AD53CCCC43E31158C733,72B2B12A3F60408BDBC98C6DF53988D3A0B3F0EE,176A937253F6A2963992C27A98FFE4EC8E1C2B50,019E20E352481BD45A3CE7D6691A10FB531850FB,2020-08-26 21:32:17.071000,2020-08-26 21:32:20.445000
tyw4xecsb4q6mdmo,failed,not_found,1311,14D57DEDF0A4554A2D21AD53CCCC43E31158C733,ACF165754601059ED2E472F893AD0FA4CAF1142D,03E0F4EE272731601773F48E64240D3A8896A5E3,980B28A19B0A66948035A3FE143E5CF613C84122,2020-08-26 21:32:20.445000,2020-08-26 21:32:21.551000
tyw4xecsb4q6mdmo,failed,not_found,1379,14D57DEDF0A4554A2D21AD53CCCC43E31158C733,B5053ABFF845C96B1DD8F45DCF32E6BE1E63F127,B74DABBE248B935CDC1038CD5C9280878C8C94E7,01981F09AF08EB1EC69F91B31D89B6C76757620A,2020-08-26 21:32:21.552000,2020-08-26 21:32:22.857000
tyw4xecsb4q6mdmo,failed,not_found,1662,14D57DEDF0A4554A2D21AD53CCCC43E31158C733,BFA905EA10DFD54A38A0C119FAE00182DE4C173B,CACD9D63B759B35555D8C965A3E01071E9DFB44C,019FEB22CE04CBD0489B7F24BE038518B64FA223,2020-08-26 21:32:22.858000,2020-08-26 21:32:28.341000
tyw4xecsb4q6mdmo,failed,not_found,1745,14D57DEDF0A4554A2D21AD53CCCC43E31158C733,F901F4D71CBFFA63E7654AFC1AA140A106D4E8A3,CB72A74E8197DF3B33EE6A0895E5BB871D10CF92,980AFB485D04C566C74D5704C96CF80D29DE3793,2020-08-26 21:32:28.341000,2020-08-26 21:32:29.060000
tyw4xecsb4q6mdmo,failed,not_found,1793,14D57DEDF0A4554A2D21AD53CCCC43E31158C733,B86137AE9681701901C6720E55C16805B46BD8E3,DC2B1E4348AF306326FA63EEDB76EA6139133485,98138DFD3E2C8C89D8F5AB11EF9B6BFF272D83B4,2020-08-26 21:32:29.060000,2020-08-26 21:32:29.743000
5n7riu6dofwnwahf,failed,not_found,1285,14D57DEDF0A4554A2D21AD53CCCC43E31158C733,85A3AC041E3FCD796AF5D653953D5E27A56E3719,F0A3054C76604DC75D3F57F55C27F1BFB643F107,E45EC3830D8AD7F23FF1BEF8AC1F7519555A3515,2020-08-26 21:32:18.064000,2020-08-26 21:32:21.178000
5n7riu6dofwnwahf,failed,not_found,1355,14D57DEDF0A4554A2D21AD53CCCC43E31158C733,9B047A91AC809AA020A1F42E3E785DBCEBF3652F,B1080EA61CAF5763139E7B596F37FE9830311C8F,8836CD59C09DA91FB8B271362C94CBAF5A066340,2020-08-26 21:32:21.178000,2020-08-26 21:32:21.817000
5n7riu6dofwnwahf,failed,not_found,1524,14D57DEDF0A4554A2D21AD53CCCC43E31158C733,690C190822B240351DD1A19D0337E8373B1290E8,63B32F7E5389E8DBC5E1BCEFE48312DA7CCEF5D6,8834689F162245C5E22DD63F5A6BB3AB66F9E1FA,2020-08-26 21:32:21.818000,2020-08-26 21:32:25.782000
5n7riu6dofwnwahf,failed,not_found,1591,14D57DEDF0A4554A2D21AD53CCCC43E31158C733,D56A98D38FC3C75E0347EEF3DD9C12749AF7C7C5,7E44E0D39CE8666A98EA5DEBCBB8E12B3906410F,88249F18737379DAC87185E5EC75626EB1F414EB,2020-08-26 21:32:25.782000,2020-08-26 21:32:26.684000
5n7riu6dofwnwahf,failed,not_found,1647,14D57DEDF0A4554A2D21AD53CCCC43E31158C733,A50CFA07258E3CEA7B06FC9B6248A257565287F5,03CFF90060461087D34FFB7B485C3AD30143775C,E459E02374D0385D2E2515CBBE707EA208966BCF,2020-08-26 21:32:26.684000,2020-08-26 21:32:28.671000
5n7riu6dofwnwahf,failed,not_found,1762,14D57DEDF0A4554A2D21AD53CCCC43E31158C733,113BEEBA400E58874EE0EB94849DEEF9564290C2,3C9DFAB14D02F792B81782C2BB5B3C43E38E6254,E45DEAAAB9DAFB7E2A15FC202922FBF8E54827D6,2020-08-26 21:32:28.671000,2020-08-26 21:32:30.450000
3fzg6q3riibjwkvz,failed,not_found,1184,14D57DEDF0A4554A2D21AD53CCCC43E31158C733,B5212DB685A2A0FCFBAE425738E478D12361710D,08030D75D691B04FEFCBADCD9B512DCC8DD7FC0F,26ACD3A1EFECBB695CE8DF2EB769DB9242964C6C,2020-08-26 21:32:18.086000,2020-08-26 21:32:19.126000
3fzg6q3riibjwkvz,failed,not_found,1241,14D57DEDF0A4554A2D21AD53CCCC43E31158C733,22775B953E662151549C114CB8EE5FBDBCBDAD02,1F4105C688E835A56AF3D66C787677B57240FFA2,573051CAA3EEEE2B75EBD096BB1F70D3FDAC5F3A,2020-08-26 21:32:19.126000,2020-08-26 21:32:20.763000
3fzg6q3riibjwkvz,failed,not_found,1329,14D57DEDF0A4554A2D21AD53CCCC43E31158C733,1259F4C66D5D7A4145D6165680D7770161888F2B,DBE82FA23B9FE3CB2462A6FCF5289DED3CBF4AEE,26B2BBE67149973AA6F631FD09E2A34E73253AB4,2020-08-26 21:32:20.764000,2020-08-26 21:32:24.071000
3fzg6q3riibjwkvz,failed,not_found,1502,14D57DEDF0A4554A2D21AD53CCCC43E31158C733,DEF8C760A79FEF2358E03AE5A1950086ABEB953E,1BA2F9436C0018A4B52625D071B72F648522B748,572FC2E6D89E8D773488A76F05DDEE3173A076E0,2020-08-26 21:32:24.071000,2020-08-26 21:32:25.290000
3fzg6q3riibjwkvz,failed,not_found,1539,14D57DEDF0A4554A2D21AD53CCCC43E31158C733,42D47C736518BFA495CA31AEE40AE468F0BDA2A6,7992F172EDBE69B99F0190651BAC14DD0FD9E5C8,26B09A4C9F6A9D4815DB46EBA3626A0ED8D71E8F,2020-08-26 21:32:25.291000,2020-08-26 21:32:25.647000
3fzg6q3riibjwkvz,failed,not_found,1581,14D57DEDF0A4554A2D21AD53CCCC43E31158C733,6E4B0D429CD87AB6C25D72E298294C583FF8BA4A,52D5FB2004C67127C73B71478238FA66122BD443,573CC3D8F1C845AA33AA4593B68CA0D47156AA30,2020-08-26 21:32:25.647000,2020-08-26 21:32:26.384000
t75shiblfvwvc26x,failed,not_found,1166,14D57DEDF0A4554A2D21AD53CCCC43E31158C733,1099983E2C5C3ECDAD0B7D5AABD2AC6BF2CBBF70,795790C25BDE834B836EA54DD96DB2610829573B,DE9B97B7E056FE1DFB2413C9E56AB25E72C5C2CD,2020-08-26 21:32:18.086000,2020-08-26 21:32:18.788000
t75shiblfvwvc26x,failed,not_found,1218,14D57DEDF0A4554A2D21AD53CCCC43E31158C733,ECD06EF0D7AD336D2CA4F37DB75F6CAFA3BAFDF7,3239007CE1FB2ECDFDF2067DF23B949295DC5EF6,DEF3365F1C012F80E56877B5EF05CE72BDEB0CCC,2020-08-26 21:32:18.788000,2020-08-26 21:32:19.524000
t75shiblfvwvc26x,failed,not_found,1261,14D57DEDF0A4554A2D21AD53CCCC43E31158C733,7A3E534C033E3836BD5AF223B642853C502AB33A,9EA4649400C7D35E20C734FA737CF615E925F1E4,B2ABDED0AB51FAE1D7E682CB31849FFF103030B3,2020-08-26 21:32:19.524000,2020-08-26 21:32:21.244000
t75shiblfvwvc26x,failed,not_found,1443,14D57DEDF0A4554A2D21AD53CCCC43E31158C733,EFA2E7B073AA4CE2DAF7160F23C90DB805948F4A,0122A605B7C170D6086143448273D9A9844B69E2,DEA84F08432800346BADB35F1EAC1B2A4D5B165D,2020-08-26 21:32:21.244000,2020-08-26 21:32:23.861000
t75shiblfvwvc26x,failed,not_found,1490,14D57DEDF0A4554A2D21AD53CCCC43E31158C733,F142793FBD6F8E9EC1FC972BCCD8A06009E3DAFC,D000291816C0D9EE531FA4DD185EC1AD80386A5A,B2CB9E5C80367C9026A806EC4801E22425AA7E8A,2020-08-26 21:32:23.861000,2020-08-26 21:32:24.979000
t75shiblfvwvc26x,failed,not_found,1545,14D57DEDF0A4554A2D21AD53CCCC43E31158C733,9A48EC8AAFB2E8C9E20408596383DB74F1196747,7F3D20E72A24ED2EBD92AA9C430B805BA389D02B,B2D03CDF45EB4D74A65FAC4F00EBA785C9663A5F,2020-08-26 21:32:24.979000,2020-08-26 21:32:25.813000
awh2f5mh3beqpgtj,failed,not_found,1233,14D57DEDF0A4554A2D21AD53CCCC43E31158C733,B8805CBDBE91A5E68D268FC62DC617B5BD7CC9E7,92E807AC5E23CCD9FE623EA4DC020B1627A0D09B,4F7A7A61D20234B2C453FB8CD3014C100F1E0DE3,2020-08-26 21:32:19.055000,2020-08-26 21:32:19.791000
awh2f5mh3beqpgtj,failed,not_found,1278,14D57DEDF0A4554A2D21AD53CCCC43E31158C733,F6740DEABFD5F62612FA025A5079EA72846B1F67,25A84EFEE28E443EB9D3130138243452586F8BAA,4F500157ABF70A1A94636D268A742A8B227B8BFD,2020-08-26 21:32:19.792000,2020-08-26 21:32:20.734000
awh2f5mh3beqpgtj,failed,not_found,1326,14D57DEDF0A4554A2D21AD53CCCC43E31158C733,71A05B576836F54050348AA0D63185B12DBA51E3,4A0E54E69343B7CF6138C118843CE860E8511F78,4F3056E9D4BAC38EC2100063745221553630ECCB,2020-08-26 21:32:20.734000,2020-08-26 21:32:21.564000
awh2f5mh3beqpgtj,failed,not_found,1596,14D57DEDF0A4554A2D21AD53CCCC43E31158C733,708A968F3644F8A547156368FEA3DB664110E631,6B9EA8927AB6E94E216067E65372182343A5AFA2,F2D8A6CDED1F4BC42CA4B1164FB6C6644298BE1B,2020-08-26 21:32:21.564000,2020-08-26 21:32:26.928000
awh2f5mh3beqpgtj,failed,not_found,1666,14D57DEDF0A4554A2D21AD53CCCC43E31158C733,9C1E47FF205F349D69D569AE7ED15366A5554A46,D54247E35545388D9C42E4716EDC59F67907789F,F2D09EBC1F1BD97A7EEF896D015D6BB9C6874753,2020-08-26 21:32:26.928000,2020-08-26 21:32:27.721000
awh2f5mh3beqpgtj,failed,not_found,1704,14D57DEDF0A4554A2D21AD53CCCC43E31158C733,91DDE492833DA13509B2ABEF3E8F6D5161153385,3CC2F6162A3E278F77FE4B413A2B67A7F07F28D1,F2D6EB211744D41DC41CCB62BF1C3246D24B42A2,2020-08-26 21:32:27.721000,2020-08-26 21:32:28.605000
7e3kynogoi2td44x,failed,not_found,1235,14D57DEDF0A4554A2D21AD53CCCC43E31158C733,4055CDDFF7B3F9E6A50447609A3014753A82EB26,0B25110BA3473A6DC04AB58A3A0D5E4D6922A0E0,9C900A7F6F5DD034CFFD192DAEC9CCAA813DB022,2020-08-26 21:32:19.075000,2020-08-26 21:32:20.091000
7e3kynogoi2td44x,failed,not_found,1299,14D57DEDF0A4554A2D21AD53CCCC43E31158C733,1F97BE0788A261FF978C082E0AB44ADD96AF1F7A,64E1231D87844BB5861A9D3ED4FDDF93B4A76704,3033FD18BBD658C5ECE926FB17D2269BFE337358,2020-08-26 21:32:20.092000,2020-08-26 21:32:20.909000
7e3kynogoi2td44x,failed,not_found,1537,14D57DEDF0A4554A2D21AD53CCCC43E31158C733,61004152C709672EE739F2667B56EF5550A51332,DA8D76F5F5819693B5C96F499BA19F7404014769,303509AB910EF207B7438C27435C4A2FD579F1B1,2020-08-26 21:32:20.910000,2020-08-26 21:32:25.809000
7e3kynogoi2td44x,failed,not_found,1593,14D57DEDF0A4554A2D21AD53CCCC43E31158C733,72C2EB697C3CD4CE7408359B386DEE6B2888F714,0B97514C2C0D07593600281626073571D7071749,9CA4AB2B042C173AC56479C69F5F436E9F1E0F94,2020-08-26 21:32:25.809000,2020-08-26 21:32:26.654000
7e3kynogoi2td44x,failed,not_found,1644,14D57DEDF0A4554A2D21AD53CCCC43E31158C733,C7106F0C6A7CF0F592CBAFF7C79BD81153B1B5F5,F4FB9A80308AE71CA8057F4158DD6B3C8EE375F9,300F85C23740B762B01595F3C6C9C59F35190CF8,2020-08-26 21:32:26.654000,2020-08-26 21:32:27.864000
7e3kynogoi2td44x,failed,not_found,1713,14D57DEDF0A4554A2D21AD53CCCC43E31158C733,FEDE31337E4E19E06B97D282F08B0A0E8B9C5526,D80A50EF9BFD77CFCEA5326F389E24F932D6F9DA,9C66AB3B7D9DDA2EA81AAF51BABA6D4331DF9592,2020-08-26 21:32:27.864000,2020-08-26 21:32:29.543000
x2fp6dxiuznvtzdt,failed,not_found,1237,14D57DEDF0A4554A2D21AD53CCCC43E31158C733,6C333B5BDBA3DFE7A782E40CB970C271ABFED119,9B047A91AC809AA020A1F42E3E785DBCEBF3652F,3C384D6002A0B0DD30F6C816E54DDBEB5DD12795,2020-08-26 21:32:19.075000,2020-08-26 21:32:20.050000
x2fp6dxiuznvtzdt,failed,not_found,1292,14D57DEDF0A4554A2D21AD53CCCC43E31158C733,113143469021882C3A4B82F084F8125B08EE471E,98E659B5B701076BE433B4723F20A1811739588A,310723122778237508274A36E9557B060A531BDD,2020-08-26 21:32:20.050000,2020-08-26 21:32:21.468000
x2fp6dxiuznvtzdt,failed,not_found,1371,14D57DEDF0A4554A2D21AD53CCCC43E31158C733,BDDF8187EA4419951CFD0A54088B634564F63AF3,8646226690C1D4F2DDC3021F89909A26A8C32A27,3C4B5F67E092261DD87626CCA76C7402A4A1CCC3,2020-08-26 21:32:21.469000,2020-08-26 21:32:22.591000
x2fp6dxiuznvtzdt,failed,not_found,1432,14D57DEDF0A4554A2D21AD53CCCC43E31158C733,5C01B2D72D75F109550963F810C2010BDA208549,8ABC4D5F6182C7E79B087D1ED9E5CF652C83E52C,3C1D1FD51B04A8DF339E325386AAEC211F61563A,2020-08-26 21:32:22.591000,2020-08-26 21:32:23.527000
x2fp6dxiuznvtzdt,failed,not_found,1469,14D57DEDF0A4554A2D21AD53CCCC43E31158C733,42D47C736518BFA495CA31AEE40AE468F0BDA2A6,02928855BFAD787F8B363F21860D1E7D156E0655,311A4533F7A2415F42346A6C8FA77E6FD279594C,2020-08-26 21:32:23.528000,2020-08-26 21:32:24.289000
x2fp6dxiuznvtzdt,failed,not_found,1488,14D57DEDF0A4554A2D21AD53CCCC43E31158C733,B568135C5E345BAFB080C11FDDF348E545A722E5,F7ACB36752F2D27A03800E505D1599F26C981B53,310056E3539B2EE9F227B0D230B0835554051475,2020-08-26 21:32:24.289000,2020-08-26 21:32:25.009000
coypzffd6djmbm3b,failed,not_found,1294,14D57DEDF0A4554A2D21AD53CCCC43E31158C733,0CD9E401F1ACE013988F25E4E4B1BEE3FC1DB7E8,061E0496931D23A81A2B685C9339D36857DD0FA1,0DD04EF0B081BBFDE3082D4ECC8A63FD0022FCAF,2020-08-26 21:32:20.064000,2020-08-26 21:32:21.321000
coypzffd6djmbm3b,failed,not_found,1367,14D57DEDF0A4554A2D21AD53CCCC43E31158C733,FD7ED9F4871E2EC46035FC602960EACC32E08FF8,A2CD32D9D0668DB764AD68C745CE29693CA851B9,EDAF30C58D6CCF359EA062C668C7180A17076440,2020-08-26 21:32:21.322000,2020-08-26 21:32:21.966000
coypzffd6djmbm3b,failed,not_found,1407,14D57DEDF0A4554A2D21AD53CCCC43E31158C733,CB56CBA82FADE2DE7C0CBD19ECF776C7FF0586BE,6CA1E52071B159D74AF35AD3B0DCE128A1B32AE9,EDC89E2825E4A08392C6DF1F18B3B0D6DB148597,2020-08-26 21:32:21.967000,2020-08-26 21:32:24.777000
coypzffd6djmbm3b,failed,not_found,1529,14D57DEDF0A4554A2D21AD53CCCC43E31158C733,213F2B4AB09EE6FF8CA21B804B2E1BD8835088D3,F4873B3EC3325B81DC36C7E38AD3A5ED12B2F339,0DDC190D45A6C452F6814408284DDF7DA8175006,2020-08-26 21:32:24.778000,2020-08-26 21:32:25.925000
coypzffd6djmbm3b,failed,not_found,1606,14D57DEDF0A4554A2D21AD53CCCC43E31158C733,3239007CE1FB2ECDFDF2067DF23B949295DC5EF6,930106E732385FD01810AB243E7022C42639BC06,0D99F89BBB92BF5557F8D3F895DB218A72871089,2020-08-26 21:32:25.926000,2020-08-26 21:32:26.808000
coypzffd6djmbm3b,failed,not_found,1654,14D57DEDF0A4554A2D21AD53CCCC43E31158C733,874D84382C892F3F61CC9E106BF08843DE0B865A,599A708756048993A1029B2775EEF8C9E40BB640,EDB9C65B939940EC5E9DA800EE1574F1D68042B4,2020-08-26 21:32:26.808000,2020-08-26 21:32:27.944000
2mkdxbvqt6kvudgc,failed,not_found,1296,14D57DEDF0A4554A2D21AD53CCCC43E31158C733,901CBA6FF3B90618D3FFEFF040353C267F690DF8,014E24C0CD21D2B9829E841D5EC1D3C415F866BF,87D28EE0C993B250EF93DBE4D2CB0E30244D757C,2020-08-26 21:32:20.078000,2020-08-26 21:32:20.764000
2mkdxbvqt6kvudgc,failed,not_found,1331,14D57DEDF0A4554A2D21AD53CCCC43E31158C733,AE95BDA37A5BB4685FEBB7F06649D6CE949B5316,8DBEF8D824437770261B4C7453F2815DB7FC9165,F3D775C73BC57640A3EB7EFAC31CFAEDD14C9C7C,2020-08-26 21:32:20.764000,2020-08-26 21:32:22.242000
2mkdxbvqt6kvudgc,failed,not_found,1520,14D57DEDF0A4554A2D21AD53CCCC43E31158C733,39C6F833D4B09524770D3655DF825A11213CA0A9,0EFF185569EC180F7027C060C5CB71272B5F8C44,F3DE204250CAF6A73A1AEAC8319F49E8730B8562,2020-08-26 21:32:22.243000,2020-08-26 21:32:25.894000
2mkdxbvqt6kvudgc,failed,not_found,1603,14D57DEDF0A4554A2D21AD53CCCC43E31158C733,128FC6D8FBF753121C5662FEE309CCD47B64BA6B,E546C96AEB2258BD0733949027E8F96156F6B290,F3CEC87ED91E0B0B1D86BE4D7DE90F00B607ECAF,2020-08-26 21:32:25.894000,2020-08-26 21:32:26.533000
2mkdxbvqt6kvudgc,failed,not_found,1634,14D57DEDF0A4554A2D21AD53CCCC43E31158C733,8566E02B56F1C000012DED3D530728C5B8BD7845,0ABB63CC809DE89A0A71A9BA8751C4AB5C2DC3C3,87AA1BE4A39529DD86194738DFB59DC698F3136B,2020-08-26 21:32:26.533000,2020-08-26 21:32:28.465000
2mkdxbvqt6kvudgc,failed,not_found,1751,14D57DEDF0A4554A2D21AD53CCCC43E31158C733,EC4AD91674B5AFECCA117A396776F120651E55BF,52A022F16D8CDBF019E132F1538A1798F167973A,87EA37CC2F1570EB500C46A691E505A70326BD36,2020-08-26 21:32:28.465000,2020-08-26 21:32:29.622000
qhyprtujsz73ftwf,failed,not_found,1297,14D57DEDF0A4554A2D21AD53CCCC43E31158C733,7E44E0D39CE8666A98EA5DEBCBB8E12B3906410F,09A70E396DE93F54D4541BBB0EC8E2B23761F34F,4D02D27C88E1BEE726D3C44C7BD7843C0E92ADB2,2020-08-26 21:32:20.078000,2020-08-26 21:32:20.999000
qhyprtujsz73ftwf,failed,not_found,1348,14D57DEDF0A4554A2D21AD53CCCC43E31158C733,55E1E19071A6DD27F7C16AC3BE494C5891E1E414,C1939D36649DE98A202429631D8EFC70128D5F5F,4D04F9851D460F3D47CE74A1756A34441D0BFFAF,2020-08-26 21:32:20.999000,2020-08-26 21:32:22.186000
qhyprtujsz73ftwf,failed,not_found,1599,14D57DEDF0A4554A2D21AD53CCCC43E31158C733,860FBCD6D09A0843088F88527BFBD38F1BC70F0A,47E1157F7DA6DF80EC00D745D73ACD7B0A380BCF,4D0DF468DC816F8096702C2DA2C6FD67561F81C8,2020-08-26 21:32:22.187000,2020-08-26 21:32:26.808000
qhyprtujsz73ftwf,failed,not_found,1910,14D57DEDF0A4554A2D21AD53CCCC43E31158C733,4E5C4ED5CC70E5A32B48392FF72CC4BE24937EDA,E263B860EFA177F0DDE30C381F893F2805C140DC,3FA93D41E9A7C4C47B77C0D7F617999B6D5D0B62,2020-08-26 21:32:26.808000,2020-08-26 21:32:32.305000
qhyprtujsz73ftwf,failed,not_found,1993,14D57DEDF0A4554A2D21AD53CCCC43E31158C733,890480E14E634C8B4467C475E355A6FBF3D99CD5,E8BAE7393740A700D50B010DED9D9EC9A66B390D,3FA04DAFB39C8C2D3BB3568C4B7F84194691D9CB,2020-08-26 21:32:32.306000,2020-08-26 21:32:33.437000
qhyprtujsz73ftwf,failed,not_found,2058,14D57DEDF0A4554A2D21AD53CCCC43E31158C733,2BB85DC5BD3C6F0D81A4F2B5882176C6BF7ECF5A,82ED9AEC94184EC6DD299A5CDB3378B04BB17489,3FE39429CB7077BBB13D2774591A1B80EE493742,2020-08-26 21:32:33.438000,2020-08-26 21:32:34.161000
m6tlwtuq642z7b3z,failed,not_found,1351,14D57DEDF0A4554A2D21AD53CCCC43E31158C733,76D2EBA82BBCCA3DF9F254A9A8372A10A26F3D14,843C4F774DA2653DADBA5B847A33CC646995F6A1,6DE7E3CC79ED6AA0F3F5E61D4D12D3EE018C18F8,2020-08-26 21:32:21.064000,2020-08-26 21:32:21.841000
m6tlwtuq642z7b3z,failed,not_found,1597,14D57DEDF0A4554A2D21AD53CCCC43E31158C733,D7230F4F13324A28C308AF94E2385D0A7F1B05F9,38F21DEE29E40DCDF9460A80662B7723562CA008,6D8B86FA188E2207B4DBDC9A9E40219B2BC825D3,2020-08-26 21:32:21.842000,2020-08-26 21:32:26.947000
m6tlwtuq642z7b3z,failed,not_found,1669,14D57DEDF0A4554A2D21AD53CCCC43E31158C733,4CFE65E16DBE9D9ED0CFFBD9BEEEE4EAE50CD33F,8ABC4D5F6182C7E79B087D1ED9E5CF652C83E52C,6D93503E150496BB32A4912F904C4E2DB205278D,2020-08-26 21:32:26.947000,2020-08-26 21:32:27.904000
m6tlwtuq642z7b3z,failed,not_found,1719,14D57DEDF0A4554A2D21AD53CCCC43E31158C733,30D457317789E20449CBC12E02F5658FA23E0BEE,7B2FD4FFD565993CB4C4334AC0A0C42985EBEADB,AF77AA5BD924319510F99B30CD0932D32B01B5C5,2020-08-26 21:32:27.904000,2020-08-26 21:32:28.639000
m6tlwtuq642z7b3z,failed,not_found,1759,14D57DEDF0A4554A2D21AD53CCCC43E31158C733,BE394E28DCE7CAE18FA9F18321771E2102F9F5D1,E8BAE7393740A700D50B010DED9D9EC9A66B390D,AF7B4AA147DD4A42903B8078EB4C34A704D54114,2020-08-26 21:32:28.639000,2020-08-26 21:32:29.325000
m6tlwtuq642z7b3z,failed,not_found,1812,14D57DEDF0A4554A2D21AD53CCCC43E31158C733,E36536404200A74930DB165858BD5BB554D2BEA2,2D91CC60CBB9D7B9F74CCC247F165D59E00CE55C,AF7094B62864DE941DCD88A2F0DBAFECF3997E47,2020-08-26 21:32:29.325000,2020-08-26 21:32:30.775000
qhg26fopa5ethoqn,failed,not_found,1352,14D57DEDF0A4554A2D21AD53CCCC43E31158C733,E432C6B90254DD0675F86D3E4D5F3A2CA100DE8B,6B88E20FEE8EB47F1A8E30207F327005C61A013D,57CB4D6FB898E8B7CA9A01018AB6BCB727BF20A9,2020-08-26 21:32:21.064000,2020-08-26 21:32:21.720000
qhg26fopa5ethoqn,failed,not_found,1389,14D57DEDF0A4554A2D21AD53CCCC43E31158C733,77FE98445048C5776661BB54AECAA7A11AE85D78,562434D987CF49D45649B76ADCA993BEA8F78471,580534A3F0676CA97BD48A3630106A10B904900E,2020-08-26 21:32:21.720000,2020-08-26 21:32:22.518000
qhg26fopa5ethoqn,failed,not_found,1398,14D57DEDF0A4554A2D21AD53CCCC43E31158C733,B32B93C90DCAF0012328A8D55D621D26B186E11A,01FF9C8571D1C09FA8D2ACCE727D5530FEC10038,72270EB58EDEBE727AA29E67417628DBCE889FAE,2020-08-26 21:32:22.519000,2020-08-26 21:32:23.006000
qhg26fopa5ethoqn,failed,not_found,1449,14D57DEDF0A4554A2D21AD53CCCC43E31158C733,B0A63BC3FDA67A7ADD1BE08BAA8309C4B204D29B,0B343CDB8934729DC91B1CAD7BD2D05F705E90E0,580C51E028513A15CAC370FBEB40BE09D9488613,2020-08-26 21:32:23.006000,2020-08-26 21:32:23.818000
qhg26fopa5ethoqn,failed,not_found,1484,14D57DEDF0A4554A2D21AD53CCCC43E31158C733,575F15A0A41B951BEE03E25B2A0A3FC3E8D7C7D1,89FD4FB2A5FD73B50F2E5D85C4707883F8CD5130,721F80504A717309A8EBA47729EB1E474A95A61F,2020-08-26 21:32:23.819000,2020-08-26 21:32:24.554000
qhg26fopa5ethoqn,failed,not_found,1723,14D57DEDF0A4554A2D21AD53CCCC43E31158C733,645C3F0545E0975A49F69EC272C0C3EA28586825,5CCC3569C67B7F1BB733664D43DF4645F2A4B04D,721E494B0E06554D8F9A169BDBF17282C07B2588,2020-08-26 21:32:24.554000,2020-08-26 21:32:29.831000
yz5aqbj5btyw4nbs,failed,not_found,1353,14D57DEDF0A4554A2D21AD53CCCC43E31158C733,FEDF4998951A750D5D7974DF243035499E84882E,DEF8C760A79FEF2358E03AE5A1950086ABEB953E,E17745C64255D2920D9B9FCF9EF930C426EE4A91,2020-08-26 21:32:21.064000,2020-08-26 21:32:21.720000
yz5aqbj5btyw4nbs,failed,not_found,1388,14D57DEDF0A4554A2D21AD53CCCC43E31158C733,98350B16551452ABC7F3457D06032CD30F7280CE,B70BD334FFEE23E653B75219AE12CF0236BCFCBB,E1B54925C59ECE813269B9A3309B7A5EB57E9B98,2020-08-26 21:32:21.720000,2020-08-26 21:32:22.591000
yz5aqbj5btyw4nbs,failed,not_found,1433,14D57DEDF0A4554A2D21AD53CCCC43E31158C733,78B98D12997EDD630F6A674CBF42F20711DEAC11,06432D1B5A7C132071626D186D7F1A429C5BBED9,8BAFFAA25FA37A692869E522F5E4C80B37AFED90,2020-08-26 21:32:22.591000,2020-08-26 21:32:23.838000
yz5aqbj5btyw4nbs,failed,not_found,1722,14D57DEDF0A4554A2D21AD53CCCC43E31158C733,C5F713E503B9F251642C49A998B0498DDD802B72,5DB9AE27A44EB7B476CC04A66C67A71C97A001E6,E19F193179F75B67137D15392C625503D50A4EA3,2020-08-26 21:32:23.838000,2020-08-26 21:32:28.877000
yz5aqbj5btyw4nbs,failed,not_found,1776,14D57DEDF0A4554A2D21AD53CCCC43E31158C733,225A8EA367DF3073433E0A845DDDA26D2357E4C6,AF2E60DEEA9971F6956A46CE0B6BC94EF558240E,8BB171D82DDEC2CC751C5B63BA5439FB448A24B2,2020-08-26 21:32:28.877000,2020-08-26 21:32:29.743000
yz5aqbj5btyw4nbs,failed,not_found,1837,14D57DEDF0A4554A2D21AD53CCCC43E31158C733,4561FC085C3F3A7271FE960317F02DCD1E9C1188,7185B69E3267E71D0E4CBE30209677205DEA5E67,8BE79CE3261C027CE94F84D6CBE45F03BE9B8B59,2020-08-26 21:32:29.743000,2020-08-26 21:32:30.957000
acyg7yj2bhlfqpr4,failed,not_found,1854,14D57DEDF0A4554A2D21AD53CCCC43E31158C733,E8BAE7393740A700D50B010DED9D9EC9A66B390D,FDFD675D05216549EB7DA545E32ECFCEEAE805F2,4495DEA0FE1200E8675065F0DA58E21C93A616CA,2020-08-26 21:32:22.061000,2020-08-26 21:32:30.842000
acyg7yj2bhlfqpr4,failed,not_found,1855,14D57DEDF0A4554A2D21AD53CCCC43E31158C733,C5F214F7F9CCBF09324C9AA032760150243A196C,EEDF0AF1F892C82F056063827B47283CC9AEAA41,449894ECF3AD03076AA0E25A180A68A627DCDE2F,2020-08-26 21:32:30.842000,2020-08-26 21:32:31.288000
acyg7yj2bhlfqpr4,failed,not_found,1912,14D57DEDF0A4554A2D21AD53CCCC43E31158C733,18671DE5092C67883BFB2450C3267B92618BEC66,B5558CFA70A5308582B25767C9698E6DBE6A90B2,4488EEA8CA1674020D9FCC2A176E1FDB9606F0B3,2020-08-26 21:32:31.289000,2020-08-26 21:32:31.634000
acyg7yj2bhlfqpr4,failed,not_found,1951,14D57DEDF0A4554A2D21AD53CCCC43E31158C733,D80EA21626BFAE8044E4037FE765252E157E3586,C78D4AB34C920D156160C811C39B1BB92A6BED7D,A690C6AA8102C027D297AF3401BFE16918CCF7A6,2020-08-26 21:32:31.634000,2020-08-26 21:32:32.707000
acyg7yj2bhlfqpr4,failed,not_found,2011,14D57DEDF0A4554A2D21AD53CCCC43E31158C733,6406B69F95D06F6A94CFDD83E85EE9C410A05D47,3E04505D362AA324E6E4E1C8516CCD9EF4D41B9C,A69221A7EC7498D2F88A0FB795261013FA36CAAE,2020-08-26 21:32:32.707000,2020-08-26 21:32:33.812000
acyg7yj2bhlfqpr4,failed,not_found,2077,14D57DEDF0A4554A2D21AD53CCCC43E31158C733,7816DEDDD7CD78F91FEB72E397ACB18B881328AC,F740DDDB1A6B536B5CC47111BFE4E2F7CF9B4C28,A69CEB30328B1E85C6B167FECAF2F509CBD9517F,2020-08-26 21:32:33.812000,2020-08-26 21:32:35.632000
oms2oql6d4wwulxq,failed,not_found,1411,14D57DEDF0A4554A2D21AD53CCCC43E31158C733,84CB0782C8CA81A7263EE86F321EDFECC611369A,4F0E5D4E184C40E2B9A89664005B308A1DEE3756,49F6CE8BD0E742F58F95709CB523CC1E42838FD5,2020-08-26 21:32:22.076000,2020-08-26 21:32:23.251000
oms2oql6d4wwulxq,failed,not_found,1459,14D57DEDF0A4554A2D21AD53CCCC43E31158C733,26B09A4C9F6A9D4815DB46EBA3626A0ED8D71E8F,4CA64E677ECFF23B138CFE70A6A02E94BDF3A805,49F9A350864D030C1C9E325FD4208C155F5046E6,2020-08-26 21:32:23.252000,2020-08-26 21:32:24.040000
oms2oql6d4wwulxq,failed,not_found,1498,14D57DEDF0A4554A2D21AD53CCCC43E31158C733,B0335F7872A698A86E5E9AC3CF323B50AEF9C081,71D15B4A7DD9FB70B0E1439F7D350B8FACCFC306,49F906FA05DAADDDCA677B6C4BA196CAA1042E90,2020-08-26 21:32:24.040000,2020-08-26 21:32:25.728000
oms2oql6d4wwulxq,failed,not_found,1690,14D57DEDF0A4554A2D21AD53CCCC43E31158C733,03E0F4EE272731601773F48E64240D3A8896A5E3,3D636FB9D24EA781C3C2766C051064C6CA1C0D96,529CA3EB08AD6EC1791B5110AA3540A4CFA1197F,2020-08-26 21:32:25.728000,2020-08-26 21:32:28.464000
oms2oql6d4wwulxq,failed,not_found,1750,14D57DEDF0A4554A2D21AD53CCCC43E31158C733,819C8AFEDAC733315A8F3DB80F043F13090C49F6,D76110E770FB5F6D09CB801D6379C33A1A6C0CC3,5293A831F0EF51460B37B37C239BC975C077E920,2020-08-26 21:32:28.465000,2020-08-26 21:32:29.606000
oms2oql6d4wwulxq,failed,not_found,1825,14D57DEDF0A4554A2D21AD53CCCC43E31158C733,1B9FACF25E17D26E307EA7CFA7D455B144B032E5,8A00CE9638BDB4686B91F1F0B229DB3F8C9B8415,527826EF1856C0614DE01EB40A4B97C3F7DFC6A5,2020-08-26 21:32:29.606000,2020-08-26 21:32:31.345000
42gri7ai6jkw6lku,failed,not_found,1412,14D57DEDF0A4554A2D21AD53CCCC43E31158C733,9A48EC8AAFB2E8C9E20408596383DB74F1196747,46E0487EEEFD694CE625CC6E12D032395C01DB82,48DE832F4BE6955B3F3F1F060310F3BFD7A7903E,2020-08-26 21:32:22.077000,2020-08-26 21:32:22.870000
42gri7ai6jkw6lku,failed,not_found,1447,14D57DEDF0A4554A2D21AD53CCCC43E31158C733,F0C9513539800F762ECAE37F16370D7CBA5E52C2,2AE2CA4BD2B7754F29432C25E03314D52AC4CAF1,D947623B30C9D6E142E7D90FC7368B1A2A4F5045,2020-08-26 21:32:22.871000,2020-08-26 21:32:23.735000
42gri7ai6jkw6lku,failed,not_found,1479,14D57DEDF0A4554A2D21AD53CCCC43E31158C733,131FBC8A3D4B44DE9B258ADC58674082B1E06D2C,1B5C9AA2DF96A8E6603D4EFA238AFE454A83CCCF,D941D380E5228E7B4D372AF4D484629A96DC48B9,2020-08-26 21:32:23.735000,2020-08-26 21:32:24.977000
42gri7ai6jkw6lku,failed,not_found,1543,14D57DEDF0A4554A2D21AD53CCCC43E31158C733,5C6384C5CA8FA5C39760E8921010CBCCC65FB222,465D17C6FC297E3857B5C6F152006A1E212944EA,48E5377E5C2DDD95ED6ADC8D89CE8D830ADEF0FD,2020-08-26 21:32:24.977000,2020-08-26 21:32:25.894000
42gri7ai6jkw6lku,failed,not_found,1604,14D57DEDF0A4554A2D21AD53CCCC43E31158C733,7F3D20E72A24ED2EBD92AA9C430B805BA389D02B,A0B05E1D852D874EFAF3603C83246E00AD65AF20,48D934E776B739D38F9EAFDCFD85203C6A68A67B,2020-08-26 21:32:25.894000,2020-08-26 21:32:26.782000
42gri7ai6jkw6lku,failed,not_found,1651,14D57DEDF0A4554A2D21AD53CCCC43E31158C733,4837A6DFFC8E3681D70AD9E8D057C029093DA2F7,AC5CECEF6AF649F2A7F047D102FE9B461DA9234E,D91F295BFAF865BF76DA0820485B6650DD832DC5,2020-08-26 21:32:26.783000,2020-08-26 21:32:28.342000
xkmt6ihf5cstxksg,failed,not_found,1452,14D57DEDF0A4554A2D21AD53CCCC43E31158C733,767E444E1FA1DA75F3B77479DB5AE2FA3FFF75CC,3D76AB27AC2F4318E2FC0490AF9E68F44C5D5876,5ADA85FC78D694F57ADBDCDF3EA7CC39CA552A85,2020-08-26 21:32:23.060000,2020-08-26 21:32:26.309000
xkmt6ihf5cstxksg,failed,not_found,1600,14D57DEDF0A4554A2D21AD53CCCC43E31158C733,8F22AFDD06AA4238ADD93A8EA6FBC2BB9C652711,81E18725397D620DA548ABBE24D9CD263DEF2FDC,5AB912983D3A76EC40FE0CE580835698857FEAC4,2020-08-26 21:32:26.309000,2020-08-26 21:32:26.989000
xkmt6ihf5cstxksg,failed,not_found,1671,14D57DEDF0A4554A2D21AD53CCCC43E31158C733,E3D61BAEA0B7CB12CACEDC8821C520557BDFCEA3,1A002B6E163D502F23381391718E11A568976403,5AE12CAAA489A0739F56E79CC287526FAB55A6FB,2020-08-26 21:32:26.989000,2020-08-26 21:32:27.864000
xkmt6ihf5cstxksg,failed,not_found,1712,14D57DEDF0A4554A2D21AD53CCCC43E31158C733,40711843922575CFB306E81C856B8BD8C3F2417C,A8C1AED4343C2CA514C9CA125488FD2764353F1B,7E006A46A222CE42F84B4A175698B3B593A7B3B7,2020-08-26 21:32:27.864000,2020-08-26 21:32:29.325000
xkmt6ihf5cstxksg,failed,not_found,1783,14D57DEDF0A4554A2D21AD53CCCC43E31158C733,77A56CB237740E24AEA2D61C8C8936232AFC1BD8,127887BF5B69EFEFA0DC47FC767135E0ACAAFD9F,7DD29A65C370B86B5BE706EA3B1417745714C8AF,2020-08-26 21:32:29.325000,2020-08-26 21:32:29.801000
xkmt6ihf5cstxksg,failed,not_found,2091,14D57DEDF0A4554A2D21AD53CCCC43E31158C733,708A968F3644F8A547156368FEA3DB664110E631,3D5D6178C44537E3692853B344385F6572A55767,7DEE0F8F19D4C3BF646C8041BC5BE7A9085DFCF4,2020-08-26 21:32:29.801000,2020-08-26 21:32:34.693000
rcfamxlu5mole6nh,failed,not_found,1454,14D57DEDF0A4554A2D21AD53CCCC43E31158C733,4D7495E2EC2BC0CA6D2B4028C0131E68E8DFCED9,0F6E5CA4BF5565D9AA9FDDCA165AFC6A5305763D,594193E51F382E34080D76B5ECAF5C7B67CF05EF,2020-08-26 21:32:23.073000,2020-08-26 21:32:23.769000
rcfamxlu5mole6nh,failed,not_found,1482,14D57DEDF0A4554A2D21AD53CCCC43E31158C733,8C993A76F7F647E44256958CBCF1FB712139B3AF,B76A047C20D3E4F9B5A64428298DA55A90D62472,595E9FA86E06021D53465FF0365C7FF92A4A115D,2020-08-26 21:32:23.769000,2020-08-26 21:32:25.306000
rcfamxlu5mole6nh,failed,not_found,1559,14D57DEDF0A4554A2D21AD53CCCC43E31158C733,8EA58F28DCA60F56C6F2131BDFE9BF5FAF2233CE,9C900A7F6F5DD034CFFD192DAEC9CCAA813DB022,A40D5345ACA7439DAEA3801C3C473731B68A6E9B,2020-08-26 21:32:25.306000,2020-08-26 21:32:26.264000
rcfamxlu5mole6nh,failed,not_found,1619,14D57DEDF0A4554A2D21AD53CCCC43E31158C733,EBE718E1A49EE229071702964F8DB1F318075FF8,ADBDA412D33381A9F23368C91097550E2452A2EC,A3EE484BAE2E24B6D0252CCE132B0A76D9D61D35,2020-08-26 21:32:26.264000,2020-08-26 21:32:27.993000
rcfamxlu5mole6nh,failed,not_found,1969,14D57DEDF0A4554A2D21AD53CCCC43E31158C733,44DC23661E05DEFD94398936D9334987ABCB6E5E,2F77315CAE477550E47773BA5B1323F7FFBE3A3E,5924EF84AAD21073CD58515D1643553A77D7B35F,2020-08-26 21:32:27.993000,2020-08-26 21:32:32.649000
rcfamxlu5mole6nh,failed,not_found,2007,14D57DEDF0A4554A2D21AD53CCCC43E31158C733,3DC748C2DFF1F8E9DA5626BB3CBAAFF31D706C10,93FE7CA1B4E64B0E9B8E73B8C3D31F0DE67B9635,A3FCD36B8D3047D6FC174D5F6E92F052E46839A0,2020-08-26 21:32:32.649000,2020-08-26 21:32:34.662000
2gof23n5zqm7e77u,failed,not_found,1456,14D57DEDF0A4554A2D21AD53CCCC43E31158C733,7EAF9E55B9B40532AF2DB5B70392F30E5AA1C596,94318CC2299A3826D81899EB23C25A2B7D6B1FFE,872B18761953254914F77C71846E8A2623C52591,2020-08-26 21:32:23.085000,2020-08-26 21:32:24.014000
2gof23n5zqm7e77u,failed,not_found,1493,14D57DEDF0A4554A2D21AD53CCCC43E31158C733,A39721D284AA1ED1AE87AE63523535484AA14FB5,0085057C17BD2E1809E284825F06F94E72FB418C,EF6604B95A942F1C7AD807DF10F93B9E00C47A6B,2020-08-26 21:32:24.014000,2020-08-26 21:32:24.839000
2gof23n5zqm7e77u,failed,not_found,1533,14D57DEDF0A4554A2D21AD53CCCC43E31158C733,4FDDFAD51B24DDABB62FB59071F4DC421E76C685,F0C9513539800F762ECAE37F16370D7CBA5E52C2,EF83AE5958C7DF647C6CADD52157169488E902D1,2020-08-26 21:32:24.839000,2020-08-26 21:32:26.451000
2gof23n5zqm7e77u,failed,not_found,1630,14D57DEDF0A4554A2D21AD53CCCC43E31158C733,A6E0F950CAC74AF867CA21976069529D6D4D3E30,8BE79CE3261C027CE94F84D6CBE45F03BE9B8B59,87357FCC2BF2C21F069714381BCA6C3E7EFCBD5D,2020-08-26 21:32:26.452000,2020-08-26 21:32:27.242000
2gof23n5zqm7e77u,failed,not_found,1684,14D57DEDF0A4554A2D21AD53CCCC43E31158C733,06E72526BBE040C51C5ADFBAA07ADD9AEB5E1FA1,72B2B12A3F60408BDBC98C6DF53988D3A0B3F0EE,870E97E5846D8308EA469A5BB5A50D2838503DBE,2020-08-26 21:32:27.242000,2020-08-26 21:32:28.313000
2gof23n5zqm7e77u,failed,not_found,1742,14D57DEDF0A4554A2D21AD53CCCC43E31158C733,A312CC0B069677E50F8A1FAE5F579E3F294D9BEC,195A26A390C42A1CE9FA77D2FDC25FB65AE27D45,EF9C4611FAA7C21155A8BA2A721DDC3D27816035,2020-08-26 21:32:28.313000,2020-08-26 21:32:30.038000
cszy7h7iv4brdsqv,failed,not_found,1504,14D57DEDF0A4554A2D21AD53CCCC43E31158C733,4E81EA3528D6FB79B10B0F11C6FC96CE1C060021,8D912126FA40BD67EE7D5759BD19459450AEBEA1,4BFC9C631A93FF4BA3AA84BC6931B4310C38A263,2020-08-26 21:32:24.096000,2020-08-26 21:32:24.839000
cszy7h7iv4brdsqv,failed,not_found,1782,14D57DEDF0A4554A2D21AD53CCCC43E31158C733,509EAB4C5D10C9A9A24B4EA0CE402C047A2D64E6,4B351545DD58473F36B0A20E5500AC6ED51E8CD5,6A0A912F7A536B2FC3ACF42356C57EB47678E7FB,2020-08-26 21:32:24.839000,2020-08-26 21:32:30.359000
cszy7h7iv4brdsqv,failed,not_found,1874,14D57DEDF0A4554A2D21AD53CCCC43E31158C733,8A5E7C2D09835974B4D58252BAD51FD8AD54F9CE,9902C4F33F4E6E43FA240586004EF336A648AC1C,69ECFB731C2B0AA7B4D8746EF3504ADCB1F0A556,2020-08-26 21:32:30.359000,2020-08-26 21:32:31.333000
cszy7h7iv4brdsqv,failed,not_found,1935,14D57DEDF0A4554A2D21AD53CCCC43E31158C733,ED7F2BE5D2AC7FCF821A909E2486FFFB95D65272,714425418EEEDFACC86D87544B265892E98FA32B,4C30DAC2F7602BDF49C4727CF760AC7A360FF547,2020-08-26 21:32:31.333000,2020-08-26 21:32:32.073000
cszy7h7iv4brdsqv,failed,not_found,1976,14D57DEDF0A4554A2D21AD53CCCC43E31158C733,70F09E981D6D4A34A35F248F0C873CBA356A0612,39CF2F22E5018C01FD57DEB1AB8FDFA4592633FB,4BF3D299BC500C350868F078749291C766C7AA6F,2020-08-26 21:32:32.073000,2020-08-26 21:32:33.161000
cszy7h7iv4brdsqv,failed,not_found,2049,14D57DEDF0A4554A2D21AD53CCCC43E31158C733,8EB722FA1AE9DDE1914BC21FEA22819D4DE99DB4,3CE90527D5712296B58E7EB7CD57F7D388D25FBB,69F41C1A051A6DDD659F19D9A01920ECB1E6C202,2020-08-26 21:32:33.161000,2020-08-26 21:32:33.857000
octb4tktoyv3vilh,failed,not_found,1505,14D57DEDF0A4554A2D21AD53CCCC43E31158C733,0CD62346D1B5CB1648DDA907F818B0DFEA752E88,B411027C926A9BFFCF7DA91E3CAF1856A321EFFD,2F4F5FBB055B01D753FA8DC493B9DBB10438D31B,2020-08-26 21:32:24.096000,2020-08-26 21:32:25.545000
octb4tktoyv3vilh,failed,not_found,1569,14D57DEDF0A4554A2D21AD53CCCC43E31158C733,46A91ECF7C4F36F830E015EF484BE3B5A53B74DD,36EFABA1FFE1D0246B36C141F9226F4F09B8951C,2F644DDEF8BAA31BA0240E6C6D36665D90DA57C9,2020-08-26 21:32:25.545000,2020-08-26 21:32:26.635000
octb4tktoyv3vilh,failed,not_found,1642,14D57DEDF0A4554A2D21AD53CCCC43E31158C733,3970FA79EC2752446D668ECD575354101C5E29AA,F3CEC87ED91E0B0B1D86BE4D7DE90F00B607ECAF,2F612CDD8362B007B3341395016501FD9A761B1E,2020-08-26 21:32:26.635000,2020-08-26 21:32:28.011000
octb4tktoyv3vilh,failed,not_found,1731,14D57DEDF0A4554A2D21AD53CCCC43E31158C733,C239952D0C8E4EABC3E6B0A8E0B623689174E3C6,51CD9DB00357405FC41AF0FA513688D02BDA0C0E,340B09ACCF45A98711ABB067820E25A2F21452C6,2020-08-26 21:32:28.011000,2020-08-26 21:32:28.950000
octb4tktoyv3vilh,failed,not_found,1785,14D57DEDF0A4554A2D21AD53CCCC43E31158C733,A0DFB31231C718829FA18EAB4D0CD51DEDBAE08C,3C79702BCC4AA498CB8E9FEC8A51A72AE89169EA,3408A01A949BE1579705112F83CF2BFB5FA8A204,2020-08-26 21:32:28.950000,2020-08-26 21:32:30.039000
octb4tktoyv3vilh,failed,not_found,1861,14D57DEDF0A4554A2D21AD53CCCC43E31158C733,B872BA6804C8C6E140AE1897B44CF32B42FD2397,327F5823438B8EC86EC33355C147D8455AB1C14B,33DBA330433E2915BD0EE66787A48863C818C0BB,2020-08-26 21:32:30.039000,2020-08-26 21:32:30.826000
tcyp5yy6enj6btez,failed,not_found,1508,14D57DEDF0A4554A2D21AD53CCCC43E31158C733,43FF3346A3F8E4ED27F631DC956C4CD8D6173D7A,B14385D6216AD4B172974414D73D4723C7ADE0A4,4A3B874F0187F2CF0DA3C8F76063B070F9F7A14F,2020-08-26 21:32:24.108000,2020-08-26 21:32:26.360000
tcyp5yy6enj6btez,failed,not_found,1626,14D57DEDF0A4554A2D21AD53CCCC43E31158C733,96B70F86B45623B4EC71E8E953DCD61A05D5BAAC,A0261C16D15B44F7C98B470FC073EA2B9CD10D41,4B16758168D4F334BE11872F7B6BAE2E44664E5B,2020-08-26 21:32:26.360000,2020-08-26 21:32:27.088000
tcyp5yy6enj6btez,failed,not_found,1681,14D57DEDF0A4554A2D21AD53CCCC43E31158C733,4B351545DD58473F36B0A20E5500AC6ED51E8CD5,0EFEAA8E74F9D9024A019702D31380C7B5CBDEEA,4A46D7A400F7F3C94685F5D3A69068CC1C25847A,2020-08-26 21:32:27.088000,2020-08-26 21:32:28.524000
tcyp5yy6enj6btez,failed,not_found,1754,14D57DEDF0A4554A2D21AD53CCCC43E31158C733,D8EA105E79803FB0040A8C2A676D93DAEA2CFFF0,0B25110BA3473A6DC04AB58A3A0D5E4D6922A0E0,4A411DD8EBBD539AA0090A305856B9C838F7F2D6,2020-08-26 21:32:28.524000,2020-08-26 21:32:29.681000
tcyp5yy6enj6btez,failed,not_found,1831,14D57DEDF0A4554A2D21AD53CCCC43E31158C733,D2F4DAC5918BB082A5CFAC5275B29FAC9B399B2B,8C612213C4B5C154FA90847F36FBF36DB78AB1AC,4B05F4D62E83662D0AAB6C2B35338130326B71A2,2020-08-26 21:32:29.682000,2020-08-26 21:32:30.539000
tcyp5yy6enj6btez,failed,not_found,1881,14D57DEDF0A4554A2D21AD53CCCC43E31158C733,9F39A35DE591B2E8769E8AF2E0B811C4792B8ACD,15BE17C99FACE24470D40AF782D6A9C692AB36D6,4AE1CF679B48A6C6461F6415C37F44306A6B7EEC,2020-08-26 21:32:30.539000,2020-08-26 21:32:32.273000
uy6e5d65ylfzuqdz,failed,not_found,1551,14D57DEDF0A4554A2D21AD53CCCC43E31158C733,08E9530B399F7A71936066586B31A66877066458,AB7E26C3AF536A87E5099335A4CBE832E2194311,169D36A75108D9D77B422C89EFA783CFBC662BF8,2020-08-26 21:32:25.075000,2020-08-26 21:32:25.981000
uy6e5d65ylfzuqdz,failed,not_found,1610,14D57DEDF0A4554A2D21AD53CCCC43E31158C733,6C71AC0B8FB6E0255C100DCAE0C283FB3F2F1CC2,3033FD18BBD658C5ECE926FB17D2269BFE337358,69497036653189531207746B3D0E4ECB56888F3C,2020-08-26 21:32:25.981000,2020-08-26 21:32:27.282000
uy6e5d65ylfzuqdz,failed,not_found,1663,14D57DEDF0A4554A2D21AD53CCCC43E31158C733,ED3ACBBB89C5F1597A44A65D2FA203BDB8E208F2,B8C7D56B7E87B39BD0878C5D1D69130596D0BFAD,16AE2704B794C6C0013C7E47AF11DCABA808A0B9,2020-08-26 21:32:27.282000,2020-08-26 21:32:27.864000
uy6e5d65ylfzuqdz,failed,not_found,1714,14D57DEDF0A4554A2D21AD53CCCC43E31158C733,D56A98D38FC3C75E0347EEF3DD9C12749AF7C7C5,25E87454241CA8BDA9649114D28B5B1229B4EA7B,69534B8B5FCCD0BF1124945B1D0F5A35FB0A3542,2020-08-26 21:32:27.864000,2020-08-26 21:32:29.074000
uy6e5d65ylfzuqdz,failed,not_found,1795,14D57DEDF0A4554A2D21AD53CCCC43E31158C733,0085057C17BD2E1809E284825F06F94E72FB418C,5856DB884578915E7C7A0B7B11E4145B1D2A4E2B,695D811B130673C2DE8DCFC5A9E742790BD25066,2020-08-26 21:32:29.074000,2020-08-26 21:32:29.762000
uy6e5d65ylfzuqdz,failed,not_found,1839,14D57DEDF0A4554A2D21AD53CCCC43E31158C733,599A708756048993A1029B2775EEF8C9E40BB640,1D5A20A47771B80995711E20195A21ECB173E1C2,16AD4988F437D3478B72DAD0C1A20E61847FEF3C,2020-08-26 21:32:29.763000,2020-08-26 21:32:30.650000
ak5zbvvy6e5zxoyk,failed,not_found,1553,14D57DEDF0A4554A2D21AD53CCCC43E31158C733,50C7B836942F14BDF1541B017CF21FD03F354E13,1C0736CF3744A3B87C2D2269B8BD3388C7E60552,595E9FA86E06021D53465FF0365C7FF92A4A115D,2020-08-26 21:32:25.092000,2020-08-26 21:32:25.768000
ak5zbvvy6e5zxoyk,failed,not_found,1589,14D57DEDF0A4554A2D21AD53CCCC43E31158C733,F9D942D6A320777940A051C8A4B3EF3C0F28AD38,E8BAE7393740A700D50B010DED9D9EC9A66B390D,5974B3F4C66D83BBC9622E0F0F023FE48428DB9B,2020-08-26 21:32:25.768000,2020-08-26 21:32:27.721000
ak5zbvvy6e5zxoyk,failed,not_found,1705,14D57DEDF0A4554A2D21AD53CCCC43E31158C733,8A00CE9638BDB4686B91F1F0B229DB3F8C9B8415,160B5805A781D93390D4A2AE05EA9C5B438E7967,173652F77C436F63D80208E29691738C570D4F9A,2020-08-26 21:32:27.722000,2020-08-26 21:32:30.957000
ak5zbvvy6e5zxoyk,failed,not_found,1908,14D57DEDF0A4554A2D21AD53CCCC43E31158C733,B849824F8FCD7AEB130DF356F592BA40C686CA08,DAC825BBF05D678ABDEA1C3086E8D99CF0BBF112,1733D57AA16D2E9E5A448DA607FCA5FA989E4F4D,2020-08-26 21:32:30.958000,2020-08-26 21:32:31.904000
ak5zbvvy6e5zxoyk,failed,not_found,1966,14D57DEDF0A4554A2D21AD53CCCC43E31158C733,930106E732385FD01810AB243E7022C42639BC06,3E04505D362AA324E6E4E1C8516CCD9EF4D41B9C,594193E51F382E34080D76B5ECAF5C7B67CF05EF,2020-08-26 21:32:31.904000,2020-08-26 21:32:32.795000
ak5zbvvy6e5zxoyk,failed,not_found,2019,14D57DEDF0A4554A2D21AD53CCCC43E31158C733,AD187C19DC15552A109BDD3343B1242661DF5702,F50CF02A0E6A9D9B25F7EB220FC26F7BD1B74999,17460997E66C47F805A834BE93CC14EC0DC608EA,2020-08-26 21:32:32.795000,2020-08-26 21:32:33.880000
dotaez4dttjvenqm,failed,not_found,1554,14D57DEDF0A4554A2D21AD53CCCC43E31158C733,B32B93C90DCAF0012328A8D55D621D26B186E11A,F50CF02A0E6A9D9B25F7EB220FC26F7BD1B74999,229D865D7AC084D30E5F5016CE5A8C21740F74F4,2020-08-26 21:32:25.093000,2020-08-26 21:32:25.894000
dotaez4dttjvenqm,failed,not_found,1602,14D57DEDF0A4554A2D21AD53CCCC43E31158C733,BAD218F0E77F31B5EC6EEF264756ABF1D8B7810A,787403EB1E2F7C9BA1B38D0389AA6719463F0F7E,1F97BE0788A261FF978C082E0AB44ADD96AF1F7A,2020-08-26 21:32:25.894000,2020-08-26 21:32:27.484000
dotaez4dttjvenqm,failed,not_found,1693,14D57DEDF0A4554A2D21AD53CCCC43E31158C733,87C08DDFD32C62F3C56D371F9774D27BFDBB807B,3239007CE1FB2ECDFDF2067DF23B949295DC5EF6,22A3E5C3A74CC41D21E90F14862D3FAA9F41506C,2020-08-26 21:32:27.484000,2020-08-26 21:32:29.178000
dotaez4dttjvenqm,failed,not_found,1803,14D57DEDF0A4554A2D21AD53CCCC43E31158C733,431702B3A68A6015F9955DD4FD0129175B43EA0F,E46C3F0533709EE2112874B13A4FE3868B33E75E,22A6BE98D201B101C32661739967BF4DED12EF96,2020-08-26 21:32:29.178000,2020-08-26 21:32:30.038000
dotaez4dttjvenqm,failed,not_found,1860,14D57DEDF0A4554A2D21AD53CCCC43E31158C733,03CFF90060461087D34FFB7B485C3AD30143775C,9F5068310818ED7C70B0BC4087AB55CB12CB4377,1FA44BC51BF2416D3E44C9AAD732F7B14C0D1C05,2020-08-26 21:32:30.039000,2020-08-26 21:32:30.801000
dotaez4dttjvenqm,failed,not_found,1901,14D57DEDF0A4554A2D21AD53CCCC43E31158C733,AE95BDA37A5BB4685FEBB7F06649D6CE949B5316,D8E8B73CEE4849D6956CF4D4F64A806AC2258FB1,1F9BE9467BCA4D7502CDCCEE79BA3E666868EC1C,2020-08-26 21:32:30.801000,2020-08-26 21:32:31.728000
owljekyya745ssjg,failed,not_found,1612,14D57DEDF0A4554A2D21AD53CCCC43E31158C733,5043E5D2E9CE99066DF1FBF0B18E065B08131863,725BDB38752AB86CC9F204AC9857C29306BBE2D6,A567FF5DC72A21A6B7120609E51E76C49517EF41,2020-08-26 21:32:26.164000,2020-08-26 21:32:27.012000
owljekyya745ssjg,failed,not_found,1911,14D57DEDF0A4554A2D21AD53CCCC43E31158C733,874D84382C892F3F61CC9E106BF08843DE0B865A,1850585BE9BCA1F80D0A051909C94E49D1C49ED3,A541C211909264081DC3A4F8E105F06139DDCD8B,2020-08-26 21:32:27.012000,2020-08-26 21:32:31.722000
owljekyya745ssjg,failed,not_found,2200,14D57DEDF0A4554A2D21AD53CCCC43E31158C733,AE17FAAF8F302A506AF2167666EC62882804403F,221546DAE86B003139B13BD6F6AE1B4B42B59DF8,A55E513A283DF2CD89FC1DED396B0AF4FC8F25F4,2020-08-26 21:32:31.722000,2020-08-26 21:32:36.651000
owljekyya745ssjg,failed,not_found,2245,14D57DEDF0A4554A2D21AD53CCCC43E31158C733,91517F219F7648E4B8BBF3C162C77DDC55315612,58ED9C9C35E433EE58764D62892B4FFD518A3CD0,BE3B9024A0EBBE72FF212979FB695FC6117E1EF5,2020-08-26 21:32:36.651000,2020-08-26 21:32:37.886000
owljekyya745ssjg,failed,not_found,2267,14D57DEDF0A4554A2D21AD53CCCC43E31158C733,D76110E770FB5F6D09CB801D6379C33A1A6C0CC3,6B5A63BFEEA8EF58DA812F4F05BE98C869809DFB,BE394E28DCE7CAE18FA9F18321771E2102F9F5D1,2020-08-26 21:32:37.887000,2020-08-26 21:32:38.665000
owljekyya745ssjg,,,,,,,BE1DDA83AA099710FF1F141A9F84E77FDF853F0B,2020-08-26 21:32:38.665000,
4sw476jvlrpwvlks,failed,not_found,1614,14D57DEDF0A4554A2D21AD53CCCC43E31158C733,127887BF5B69EFEFA0DC47FC767135E0ACAAFD9F,11C3D14A1166AEDED6D247A32DE6451F6C95223A,05AD6F4906142276C606558C9C3B8876B43CD90F,2020-08-26 21:32:26.182000,2020-08-26 21:32:27.259000
4sw476jvlrpwvlks,failed,not_found,1686,14D57DEDF0A4554A2D21AD53CCCC43E31158C733,9E6BA60AFBF9A4946A52770ABCDFC95703DAD6CB,E8BAE7393740A700D50B010DED9D9EC9A66B390D,0CFC3C013E3C49587843796106C5E3AD093F55FE,2020-08-26 21:32:27.260000,2020-08-26 21:32:28.082000
4sw476jvlrpwvlks,failed,not_found,1733,14D57DEDF0A4554A2D21AD53CCCC43E31158C733,A09D20D85D0AA29C47C90ABEAFDB6B7A4BF7FD07,40A60D1F1E8AFBED22FCB30B3FBE2E275A14CF99,0D12D8E72DED99EE31BB0C57789352BED0CEEEFF,2020-08-26 21:32:28.082000,2020-08-26 21:32:28.765000
4sw476jvlrpwvlks,failed,not_found,1771,14D57DEDF0A4554A2D21AD53CCCC43E31158C733,CA4E9DFE87DE87E502F3B503D07EC8EFCAEE2549,A53569CB333E9895A44954700CC07D2135801518,0CF8F3E6590F45D50B70F2F7DA6605ECA6CD408F,2020-08-26 21:32:28.765000,2020-08-26 21:32:29.695000
4sw476jvlrpwvlks,failed,not_found,1833,14D57DEDF0A4554A2D21AD53CCCC43E31158C733,2AE2CA4BD2B7754F29432C25E03314D52AC4CAF1,26B09A4C9F6A9D4815DB46EBA3626A0ED8D71E8F,059208418A85DAEA537027F54AF9DB8A01AFF381,2020-08-26 21:32:29.695000,2020-08-26 21:32:30.634000
4sw476jvlrpwvlks,failed,not_found,1890,14D57DEDF0A4554A2D21AD53CCCC43E31158C733,994FB6A842C0CEE1F1C4CBA9A7604C5FF6014CFC,F663CA227B7D2B3C8556F7DDBFC6653A010A2C4F,05976EAC91BC67A6C0628476EE24DAC1CC378A10,2020-08-26 21:32:30.635000,2020-08-26 21:32:32.119000
2cvqhmpgh7luqs3e,failed,not_found,1616,14D57DEDF0A4554A2D21AD53CCCC43E31158C733,0173A7A8BA9D32043641B69726D32A9ADFE26D16,5BB51E650366D14C95027DB2F1D7A69BC5B00676,8C030E1C25552F97C591A921DF51CF5EE15E594C,2020-08-26 21:32:26.197000,2020-08-26 21:32:26.929000
2cvqhmpgh7luqs3e,failed,not_found,1667,14D57DEDF0A4554A2D21AD53CCCC43E31158C733,B20F089A94902EB43F77626D4F4D17AC888B8A19,3A9443710224E5182895C342D1D36C1D460A1206,8BE79CE3261C027CE94F84D6CBE45F03BE9B8B59,2020-08-26 21:32:26.929000,2020-08-26 21:32:27.904000
2cvqhmpgh7luqs3e,failed,not_found,1718,14D57DEDF0A4554A2D21AD53CCCC43E31158C733,7AAF5597B18D82CC90CA95FB7976A1CEA4A32E06,92BBADCB0697F5EB1792C607EE2DC1C291A98ADC,8C00FA7369A7A308F6A137600F0FA07990D9D451,2020-08-26 21:32:27.904000,2020-08-26 21:32:28.748000
2cvqhmpgh7luqs3e,failed,not_found,2034,14D57DEDF0A4554A2D21AD53CCCC43E31158C733,061E0496931D23A81A2B685C9339D36857DD0FA1,66F8C32B94D73B51A5D2FA079C6A09047C9ABA71,B340E3BA587E36462D8DE44DAE0F7CAB6748F064,2020-08-26 21:32:28.748000,2020-08-26 21:32:33.893000
2cvqhmpgh7luqs3e,failed,not_found,2085,14D57DEDF0A4554A2D21AD53CCCC43E31158C733,1684B30AE2ADD371E5D3A8B3F28ACA4CE9CA2E00,0BF606DE836D4C794CAFF7CA78720F8C87660998,B34A34E1B206DBB9B6213FF70644B9306C9E7A12,2020-08-26 21:32:33.894000,2020-08-26 21:32:35.018000
2cvqhmpgh7luqs3e,failed,not_found,2183,14D57DEDF0A4554A2D21AD53CCCC43E31158C733,5A224EFAC453F7EF2D0435E336890DECDC5CEBFD,D86BAD5ED54EBA055E796C87BE99BBC4B5A87E14,B34CC9056250847D1980F08285B01CF0B718C0B6,2020-08-26 21:32:35.018000,2020-08-26 21:32:38.206000
aj4vegazw2zbfaip,failed,not_found,1676,14D57DEDF0A4554A2D21AD53CCCC43E31158C733,CA4E9DFE87DE87E502F3B503D07EC8EFCAEE2549,9ACD9D526D1F82D7A00225742F1BDB374D7D17D4,7C56BA2175839470ACAAB72E045DD6820764B733,2020-08-26 21:32:27.059000,2020-08-26 21:32:27.994000
aj4vegazw2zbfaip,failed,not_found,1970,14D57DEDF0A4554A2D21AD53CCCC43E31158C733,F0F13714732C347312426EC2B8D5C4940EAA45BA,29A39144AD141242436D07901F7A8B91F7516A66,7C5C0E83CA290FFF6D5E30D9E0E3FFC9BAE0D0C5,2020-08-26 21:32:27.994000,2020-08-26 21:32:32.568000
aj4vegazw2zbfaip,failed,not_found,2003,14D57DEDF0A4554A2D21AD53CCCC43E31158C733,7B2904FE8AA12E45EA3D65658ED8CECA4A51F7F8,FAE19F64F4C3B5351D95D1794CDC6A6AD0C8CB83,F7C32D7982E63424C20373E6B41B3C1881B894D8,2020-08-26 21:32:32.568000,2020-08-26 21:32:33.641000
aj4vegazw2zbfaip,failed,not_found,2068,14D57DEDF0A4554A2D21AD53CCCC43E31158C733,F5DB8E33F8D351B600932251EFE67357485405F2,D000291816C0D9EE531FA4DD185EC1AD80386A5A,7C86C73DB17CE20CD26537C9E3EC0FD7A55E5C6D,2020-08-26 21:32:33.641000,2020-08-26 21:32:34.495000
aj4vegazw2zbfaip,failed,not_found,2123,14D57DEDF0A4554A2D21AD53CCCC43E31158C733,B0A63BC3FDA67A7ADD1BE08BAA8309C4B204D29B,530756463FC7C1C012C47C87347397CAEFE3F9CB,F7ACB36752F2D27A03800E505D1599F26C981B53,2020-08-26 21:32:34.495000,2020-08-26 21:32:35.499000
aj4vegazw2zbfaip,failed,not_found,2178,14D57DEDF0A4554A2D21AD53CCCC43E31158C733,F4F92D8B840C2D053197AC3EF9C58F3DCFBB20FE,F5F4019509109A07E90C45A022CEED9ECA1643C8,F7B024DB02C601185C202E26DFFD2AD525C16A36,2020-08-26 21:32:35.500000,2020-08-26 21:32:36.315000
n3qemnpkxfvoggnz,failed,not_found,1678,14D57DEDF0A4554A2D21AD53CCCC43E31158C733,5856DB884578915E7C7A0B7B11E4145B1D2A4E2B,B7C23613DF258A97D2F3FAA05ECCE683EF0E9B8D,97F51AF6791AD33981CE25DC7A2618429F25B3B0,2020-08-26 21:32:27.076000,2020-08-26 21:32:27.796000
n3qemnpkxfvoggnz,failed,not_found,1708,14D57DEDF0A4554A2D21AD53CCCC43E31158C733,9556C2C62CA9A9A296C049BA7BDC10ABD3FF0170,6E4B0D429CD87AB6C25D72E298294C583FF8BA4A,7C86C73DB17CE20CD26537C9E3EC0FD7A55E5C6D,2020-08-26 21:32:27.796000,2020-08-26 21:32:28.671000
n3qemnpkxfvoggnz,failed,not_found,1763,14D57DEDF0A4554A2D21AD53CCCC43E31158C733,47E1157F7DA6DF80EC00D745D73ACD7B0A380BCF,901CBA6FF3B90618D3FFEFF040353C267F690DF8,7C8A5B1F41B60827D0E22E3DC2F9F26ED5CB9057,2020-08-26 21:32:28.671000,2020-08-26 21:32:30.451000
n3qemnpkxfvoggnz,failed,not_found,1879,14D57DEDF0A4554A2D21AD53CCCC43E31158C733,DC9564AE8BC7BF5F722E3677C897ED1B578C8D81,863FDDA3CA537CE03646B3AEBD3FD1CC6B077FBE,7CBC1D4754EF3A62C15CB48C08029C99009E2ECF,2020-08-26 21:32:30.451000,2020-08-26 21:32:31.453000
n3qemnpkxfvoggnz,failed,not_found,1938,14D57DEDF0A4554A2D21AD53CCCC43E31158C733,8ABC4D5F6182C7E79B087D1ED9E5CF652C83E52C,890480E14E634C8B4467C475E355A6FBF3D99CD5,97EB8C7A9454092FBB1A968B4E84E38E14394D84,2020-08-26 21:32:31.454000,2020-08-26 21:32:32.153000
n3qemnpkxfvoggnz,failed,not_found,1987,14D57DEDF0A4554A2D21AD53CCCC43E31158C733,D237E2F1FE64CA47F40544CB53403ABF8F51C3D8,9149A87E1C8AD684494580FBB3F65AD131A77C56,9803B536ED203C9AAAFC3E53CD4935BA85FF402F,2020-08-26 21:32:32.153000,2020-08-26 21:32:33.318000
zmqkxwlz7vo52a4y,failed,not_found,1679,14D57DEDF0A4554A2D21AD53CCCC43E31158C733,99339F3E68BCCC1391BF14C821D80766FE0C5956,E76E2BC2FC9273BFBA38947EB5572076270D49D5,B5735B4B17F2942FC529A758749E6AB244CDED06,2020-08-26 21:32:27.076000,2020-08-26 21:32:29.861000
zmqkxwlz7vo52a4y,failed,not_found,1849,14D57DEDF0A4554A2D21AD53CCCC43E31158C733,B204DE75B37064EF6A4C6BAF955C5724578D0B32,FDFD675D05216549EB7DA545E32ECFCEEAE805F2,FF154E0265ADC24FDB1D8BBA34455E324C9FE407,2020-08-26 21:32:29.861000,2020-08-26 21:32:30.812000
zmqkxwlz7vo52a4y,failed,not_found,1903,14D57DEDF0A4554A2D21AD53CCCC43E31158C733,7093C08B1DEFF0EAFB493FED6FA995E167B11A2F,023EBBC57BEB7F45473B3DC2AA811FB3AABA4466,B56D5A0543C35B45D81D792A4735590E3612A815,2020-08-26 21:32:30.812000,2020-08-26 21:32:32.052000
zmqkxwlz7vo52a4y,failed,not_found,1974,14D57DEDF0A4554A2D21AD53CCCC43E31158C733,3AB334331819AC0BA1A8AFE002D4321672109CAC,8C5B316ED73018484765C3E0944E4508DCAE0944,B56B9FE93F83B4FA69234B17A060E8A8E7446D19,2020-08-26 21:32:32.053000,2020-08-26 21:32:32.872000
zmqkxwlz7vo52a4y,failed,not_found,2025,14D57DEDF0A4554A2D21AD53CCCC43E31158C733,B7EF647EF659726C716243A82877D20AA7978EBC,6B9EA8927AB6E94E216067E65372182343A5AFA2,FF1E4DFC8C713B2092E76401C472FDCC03B7F809,2020-08-26 21:32:32.873000,2020-08-26 21:32:34.195000
zmqkxwlz7vo52a4y,failed,not_found,2111,14D57DEDF0A4554A2D21AD53CCCC43E31158C733,82B94663F141978FB2252A166A7FCFF0BA3A1701,41E041EC676622FFEE59F56BC75B99CD0D47F653,FF3059E77E5D22F1C3B20CCBE125691AD27588DD,2020-08-26 21:32:34.195000,2020-08-26 21:32:35.022000
oaflvy3b7ie6h75k,failed,not_found,1735,14D57DEDF0A4554A2D21AD53CCCC43E31158C733,3C79699D4FBC37DE1A212D5033B56DAE079AC0EF,CAC5903BA74BEB585DD947EB657B1958E25F6CC3,1137AB1F84EC2D52DFB1915717F14FF1A10EB392,2020-08-26 21:32:28.113000,2020-08-26 21:32:29.024000
oaflvy3b7ie6h75k,failed,not_found,1791,14D57DEDF0A4554A2D21AD53CCCC43E31158C733,885CFB6921E6E7716BB64783348DDB06E17E5B5A,B9FC8DFA8939C129BE76CD65EBBACA7DDAEF84F5,113BEEBA400E58874EE0EB94849DEEF9564290C2,2020-08-26 21:32:29.024000,2020-08-26 21:32:29.776000
oaflvy3b7ie6h75k,failed,not_found,1842,14D57DEDF0A4554A2D21AD53CCCC43E31158C733,4820738C5159E6C86E1FE1321162FAF5C6F668A8,B74DABBE248B935CDC1038CD5C9280878C8C94E7,113143469021882C3A4B82F084F8125B08EE471E,2020-08-26 21:32:29.776000,2020-08-26 21:32:31.592000
oaflvy3b7ie6h75k,failed,not_found,1946,14D57DEDF0A4554A2D21AD53CCCC43E31158C733,6F7E602D79D16C871F8984B98658F2C9928F2FD9,0E8DB49D5BF5FCAFFA433A78FEE34179419D1C4E,0C3599079EF21C4994AD6DDE91F72A48F16E8A98,2020-08-26 21:32:31.592000,2020-08-26 21:32:32.935000
oaflvy3b7ie6h75k,failed,not_found,2032,14D57DEDF0A4554A2D21AD53CCCC43E31158C733,0B19BBFDC498CCEA23027B1D7BD8E20121B95E60,63540827C4832D214984EA47B7A68C593F9F862F,0BF606DE836D4C794CAFF7CA78720F8C87660998,2020-08-26 21:32:32.935000,2020-08-26 21:32:33.881000
oaflvy3b7ie6h75k,failed,not_found,2083,14D57DEDF0A4554A2D21AD53CCCC43E31158C733,8FD3BAF5E14EBE1124D6253D59882AFE1C2B9B8E,3D5D6178C44537E3692853B344385F6572A55767,0C039F35C2E40DCB71CD8A07E97C7FD7787D42D6,2020-08-26 21:32:33.881000,2020-08-26 21:32:34.516000
ayoi7okriq37ldcp,failed,not_found,1736,14D57DEDF0A4554A2D21AD53CCCC43E31158C733,49791A9C1CD16463868F407C3968A3DCF1E9DC49,3B5C6ED2C1DECEB32BF1AD9B7B272F4CE9CE0656,0BBEE90C814F9DFD2135890CA20FCD37C695BA64,2020-08-26 21:32:28.114000,2020-08-26 21:32:29.438000
ayoi7okriq37ldcp,failed,not_found,2035,14D57DEDF0A4554A2D21AD53CCCC43E31158C733,BF50E09EED25B82861CF95E1AAA42DCFEF53E5D1,87C08DDFD32C62F3C56D371F9774D27BFDBB807B,1137AB1F84EC2D52DFB1915717F14FF1A10EB392,2020-08-26 21:32:29.439000,2020-08-26 21:32:34.515000
ayoi7okriq37ldcp,failed,not_found,2239,14D57DEDF0A4554A2D21AD53CCCC43E31158C733,87D73471FDC64BD9CEDF84435D20CA4EB5C36FE8,36EBA005CE1BBD9B164600A4666D9EA37082D838,113143469021882C3A4B82F084F8125B08EE471E,2020-08-26 21:32:34.515000,2020-08-26 21:32:37.755000
ayoi7okriq37ldcp,failed,not_found,2303,14D57DEDF0A4554A2D21AD53CCCC43E31158C733,D80EA21626BFAE8044E4037FE765252E157E3586,2BB85DC5BD3C6F0D81A4F2B5882176C6BF7ECF5A,0BC8BA32CC3CB0F598E0C92778F7C0946DFBCE91,2020-08-26 21:32:37.755000,2020-08-26 21:32:38.687000
ayoi7okriq37ldcp,failed,not_found,2374,14D57DEDF0A4554A2D21AD53CCCC43E31158C733,D1E706B9021A0BF8E9663DB207D9D9EC03A70DAC,0ED0EA324C931CF41CB5272BFB1D015B3D5772A9,1115E5065C3EE149B683CA2D7131839F2656B5AD,2020-08-26 21:32:38.687000,2020-08-26 21:32:39.645000
ayoi7okriq37ldcp,failed,not_found,2457,14D57DEDF0A4554A2D21AD53CCCC43E31158C733,AEDFB1F1F69DC74A90BCF87B587252334D7D180E,03910F285A33F365838EC66EF2C2EF754D046760,0BADD9510440C9BF3A728F2CB630836FF98142B2,2020-08-26 21:32:39.645000,2020-08-26 21:32:40.892000
5satvtycpjaiox5c,failed,not_found,1737,14D57DEDF0A4554A2D21AD53CCCC43E31158C733,128FC6D8FBF753121C5662FEE309CCD47B64BA6B,42D47C736518BFA495CA31AEE40AE468F0BDA2A6,3F092986E9B87D3FDA09B71FA3A602378285C77A,2020-08-26 21:32:28.114000,2020-08-26 21:32:28.920000
5satvtycpjaiox5c,failed,not_found,1779,14D57DEDF0A4554A2D21AD53CCCC43E31158C733,3EEEB7021D974D38B6D97BEFB55E5E48551A8FEA,6B9EA8927AB6E94E216067E65372182343A5AFA2,3F43D0584A2613C9DB631382FF486DC6B95EA1C8,2020-08-26 21:32:28.920000,2020-08-26 21:32:29.826000
5satvtycpjaiox5c,failed,not_found,1847,14D57DEDF0A4554A2D21AD53CCCC43E31158C733,645C3F0545E0975A49F69EC272C0C3EA28586825,754CB99117E6ED570DFCFB7D9F12674B97A4E28E,C0585931F974D8158E6AF83A077CFBEFC234F9A1,2020-08-26 21:32:29.826000,2020-08-26 21:32:30.998000
5satvtycpjaiox5c,failed,not_found,1916,14D57DEDF0A4554A2D21AD53CCCC43E31158C733,22775B953E662151549C114CB8EE5FBDBCBDAD02,861BCFDD148973985E7FE97C7455C9E4AC4E13BE,3F065BB0B02FB2303E144383D16C47A7DED75AE7,2020-08-26 21:32:30.998000,2020-08-26 21:32:32.271000
5satvtycpjaiox5c,failed,not_found,1991,14D57DEDF0A4554A2D21AD53CCCC43E31158C733,CCF28BC8FB26C8C172DEE741702056914D2849BD,2A5746BFF32A363CD3AAD05196C0F10E7143BBB6,C0804913BB431D64E0621E5BCE5DA97D624CACD1,2020-08-26 21:32:32.272000,2020-08-26 21:32:33.015000
5satvtycpjaiox5c,failed,not_found,1971,14D57DEDF0A4554A2D21AD53CCCC43E31158C733,A6365A78A592DCA0726E4A86792324F04891A948,4E81EA3528D6FB79B10B0F11C6FC96CE1C060021,C03209F54BC299927CA7581147434F439F37CACB,2020-08-26 21:32:33.016000,2020-08-26 21:32:34.459000
h6w37fwif2mpppyz,failed,not_found,1797,14D57DEDF0A4554A2D21AD53CCCC43E31158C733,FDAB3722A4EA6A86E35D9AC84222F3E11F2F6D6D,B74DABBE248B935CDC1038CD5C9280878C8C94E7,85A885433E50B1874F11CEC9BE98451E24660976,2020-08-26 21:32:29.092000,2020-08-26 21:32:29.763000
h6w37fwif2mpppyz,failed,not_found,1840,14D57DEDF0A4554A2D21AD53CCCC43E31158C733,62ABC3D1B0D5DE48DE4B8AF5E76D5AA8F535CCDF,8737307DE84C2621E6399E99123967A9590297F2,E51620B90DCB310138ED89EDEDD0A5C361AAE24E,2020-08-26 21:32:29.763000,2020-08-26 21:32:31.037000
h6w37fwif2mpppyz,failed,not_found,1918,14D57DEDF0A4554A2D21AD53CCCC43E31158C733,8F02FE5E233730A6AB4C982E18A2136E662A0B59,699388030AFC5C110822C85DE97A51545B192987,85C29D07636BEBACFCA0DF5AB31B333882745065,2020-08-26 21:32:31.037000,2020-08-26 21:32:32.119000
h6w37fwif2mpppyz,failed,not_found,1983,14D57DEDF0A4554A2D21AD53CCCC43E31158C733,EC4AD91674B5AFECCA117A396776F120651E55BF,B56B9FE93F83B4FA69234B17A060E8A8E7446D19,E501166B9D93277E7CD83A97A31A38167F8207E9,2020-08-26 21:32:32.119000,2020-08-26 21:32:33.996000
h6w37fwif2mpppyz,failed,not_found,2094,14D57DEDF0A4554A2D21AD53CCCC43E31158C733,38DC78302D5CB107B6D5CCC02EE4D8773AA910DE,B204DE75B37064EF6A4C6BAF955C5724578D0B32,E4F7869E2E9AF579EC93F5CCB823ECFCB297DA4E,2020-08-26 21:32:33.996000,2020-08-26 21:32:34.808000
h6w37fwif2mpppyz,failed,not_found,2142,14D57DEDF0A4554A2D21AD53CCCC43E31158C733,54DE63F4587058B79152A75A0238D7F7A0279215,B0DB2F173F0DB364BABF7A465D796B3C048F1F33,85A3AC041E3FCD796AF5D653953D5E27A56E3719,2020-08-26 21:32:34.808000,2020-08-26 21:32:35.575000
57mef7o4baop4bh4,failed,not_found,1798,14D57DEDF0A4554A2D21AD53CCCC43E31158C733,270934A4F7B669AA387F2D475FBE793D03694547,0085057C17BD2E1809E284825F06F94E72FB418C,58A7199712C0E52B3C5F2F8E8B27B5A62BE58BC8,2020-08-26 21:32:29.092000,2020-08-26 21:32:29.997000
57mef7o4baop4bh4,failed,not_found,1857,14D57DEDF0A4554A2D21AD53CCCC43E31158C733,5F3AD48D0FC1BC7F70CCA3008C5307EFBC6F8307,9B2BC7EFD661072AFADC533BE8DCF1C19D8C2DCC,D52A160303C638D9FB03463F8A6B7934D5787F4C,2020-08-26 21:32:29.997000,2020-08-26 21:32:30.732000
57mef7o4baop4bh4,failed,not_found,1898,14D57DEDF0A4554A2D21AD53CCCC43E31158C733,C2B45199FC6F98E21BFAFE0833348F288FA337E3,0ED0EA324C931CF41CB5272BFB1D015B3D5772A9,58BC2CFFA7894FC8F4CC5D8A77E38FDCFDB1DC0E,2020-08-26 21:32:30.732000,2020-08-26 21:32:31.500000
57mef7o4baop4bh4,failed,not_found,1942,14D57DEDF0A4554A2D21AD53CCCC43E31158C733,C5D91B75D9B991FB53C41AB694D97C961D37B5AB,84F0FEBFDFA8FBC6A2EA27F87EBB31F050AFD04D,58A9921DD0A1389356634625C5B14ACC1194A95C,2020-08-26 21:32:31.500000,2020-08-26 21:32:33.712000
57mef7o4baop4bh4,failed,not_found,2073,14D57DEDF0A4554A2D21AD53CCCC43E31158C733,874D84382C892F3F61CC9E106BF08843DE0B865A,9BEED1E03101B2BC9393C560FCF13A1E46E49352,D5228FA5AA9FDB3825E6F199AFA9F9E6F9526A17,2020-08-26 21:32:33.713000,2020-08-26 21:32:36.465000
57mef7o4baop4bh4,failed,not_found,2228,14D57DEDF0A4554A2D21AD53CCCC43E31158C733,EBDAD68BAF4B045DE80E498D265F441967267B74,6A365870758A1E3E7A9EE0E82BCC0D6226A9EAAA,D53AE170BF6650A2C6640484FE1B5DD1C0AB895B,2020-08-26 21:32:36.465000,2020-08-26 21:32:38.600000
2n64xrn66ykjzc67,failed,not_found,1800,14D57DEDF0A4554A2D21AD53CCCC43E31158C733,3585FD0E06C32A8C5C29E15ECE4FB49796133CFA,5CF2BC575B3537AEE1E531021E2DB682B591C5A4,A44062AE3484310CE728BBD7769E9CD44C09FBB0,2020-08-26 21:32:29.102000,2020-08-26 21:32:30.359000
2n64xrn66ykjzc67,failed,not_found,1873,14D57DEDF0A4554A2D21AD53CCCC43E31158C733,1BB9C60F87A31158D55C2143FC4C4EBCB1682761,1DCF836305FB953BAAA19D4BDFFE9D2CAC8057D4,3DD93E6A1959804D0E36D26E83CA86E3AD3F4DE4,2020-08-26 21:32:30.359000,2020-08-26 21:32:32.073000
2n64xrn66ykjzc67,failed,not_found,1977,14D57DEDF0A4554A2D21AD53CCCC43E31158C733,8C5B316ED73018484765C3E0944E4508DCAE0944,B96B5141004995295FE87DCCE1A54519BD0BB48A,3DF28C6A21F9F063FA1640F7367BE8143816D40F,2020-08-26 21:32:32.073000,2020-08-26 21:32:32.897000
2n64xrn66ykjzc67,failed,not_found,2028,14D57DEDF0A4554A2D21AD53CCCC43E31158C733,D08660B6D70B6249A57D89BB7A8F2EA2C952BD35,D14011FE605253565D934C69109DAE4316AD69A3,A452410658C4F2986381839633CDB98FBFCBCAAF,2020-08-26 21:32:32.898000,2020-08-26 21:32:34.374000
2n64xrn66ykjzc67,failed,not_found,2092,14D57DEDF0A4554A2D21AD53CCCC43E31158C733,B0335F7872A698A86E5E9AC3CF323B50AEF9C081,708A968F3644F8A547156368FEA3DB664110E631,A447DCCE0534C6BD558B095D1180302AA945A6A3,2020-08-26 21:32:34.375000,2020-08-26 21:32:34.693000
2n64xrn66ykjzc67,failed,not_found,2133,14D57DEDF0A4554A2D21AD53CCCC43E31158C733,B00B6BA943600447CF72D58DB7A35B16754E43C8,67216AFBC0CE043F2D19B6BA6BE9E448D2A91F6D,3E04505D362AA324E6E4E1C8516CCD9EF4D41B9C,2020-08-26 21:32:34.693000,2020-08-26 21:32:35.894000
x4egp27olvyj7a3b,failed,not_found,1863,14D57DEDF0A4554A2D21AD53CCCC43E31158C733,15BE17C99FACE24470D40AF782D6A9C692AB36D6,3AB334331819AC0BA1A8AFE002D4321672109CAC,F27F9D7FC6D46E0F91533C68B572347435797CB0,2020-08-26 21:32:30.083000,2020-08-26 21:32:31.290000
x4egp27olvyj7a3b,failed,not_found,1931,14D57DEDF0A4554A2D21AD53CCCC43E31158C733,2EB3C230180694A1E848001E20F36F76A2287039,AE95BDA37A5BB4685FEBB7F06649D6CE949B5316,F2899981E3A601A7B2DDC7DDE02C248069704D9F,2020-08-26 21:32:31.291000,2020-08-26 21:32:32.843000
x4egp27olvyj7a3b,failed,not_found,2023,14D57DEDF0A4554A2D21AD53CCCC43E31158C733,B849824F8FCD7AEB130DF356F592BA40C686CA08,C472B1BF6CA784F1A8B3A56A07E951926113CCDD,7A67C013DB534B0ADDF1661E5A8368010F325114,2020-08-26 21:32:32.843000,2020-08-26 21:32:34.032000
x4egp27olvyj7a3b,failed,not_found,2097,14D57DEDF0A4554A2D21AD53CCCC43E31158C733,6962377722C4AA5E56540F4F9693DFA525449974,D14EC16949648CEE84EA1664445029EA4B597074,7A6873B86D82BC8B4F0E790828626107820F7B9E,2020-08-26 21:32:34.033000,2020-08-26 21:32:34.946000
x4egp27olvyj7a3b,failed,not_found,2144,14D57DEDF0A4554A2D21AD53CCCC43E31158C733,257342F27502A108EECA766F3B125441B3DD4F4E,158581827034DEF1BAB1FC248D180165452E53D3,7A3E534C033E3836BD5AF223B642853C502AB33A,2020-08-26 21:32:34.946000,2020-08-26 21:32:35.877000
x4egp27olvyj7a3b,failed,not_found,2194,14D57DEDF0A4554A2D21AD53CCCC43E31158C733,B81B38902BF026BF2591CA2D73B99CEEB03F0869,3239007CE1FB2ECDFDF2067DF23B949295DC5EF6,F27D5D7D2A1FE4DF7D826FF32174C62FF1394CA2,2020-08-26 21:32:35.878000,2020-08-26 21:32:37.243000
azor5b2aef2nuqas,failed,not_found,1864,14D57DEDF0A4554A2D21AD53CCCC43E31158C733,F9674F45A25CAA977E7B872807E0A070C121F5FA,7B2904FE8AA12E45EA3D65658ED8CECA4A51F7F8,4E2F7D3326FBCE300557B9AFF463CC434AADD120,2020-08-26 21:32:30.083000,2020-08-26 21:32:31.049000
azor5b2aef2nuqas,failed,not_found,2150,14D57DEDF0A4554A2D21AD53CCCC43E31158C733,0ED0EA324C931CF41CB5272BFB1D015B3D5772A9,3E1FC6220A79BE7FB74CC9EFDC2B285FC02D56C7,4E0A9957FDBA7418AF82A3CBFCB53D8B8D97FC8E,2020-08-26 21:32:31.049000,2020-08-26 21:32:37.309000
azor5b2aef2nuqas,failed,not_found,2287,14D57DEDF0A4554A2D21AD53CCCC43E31158C733,6FB20BB05A841CDDB308E85A4D117FCFC911F5EA,513753D2C4A1246DCC21241C5BE5022CCBD2645C,1944F3A473CB77B12BDB4E3D15963A24DF58E4E7,2020-08-26 21:32:37.309000,2020-08-26 21:32:38.358000
azor5b2aef2nuqas,failed,not_found,2353,14D57DEDF0A4554A2D21AD53CCCC43E31158C733,A0F39D32028CEC7F35419E9570401DE15B1B4564,AE9499C08028AA7DE29E0B61930488AC450882A1,194ED740056DD75140C82FEEB2CDD9099F60284D,2020-08-26 21:32:38.358000,2020-08-26 21:32:39.795000
azor5b2aef2nuqas,failed,not_found,2475,14D57DEDF0A4554A2D21AD53CCCC43E31158C733,3D9CE80399B68C01377FEC42395E399B9ED16E18,DA9E02BB8080E473157052F70439B7886AA8569D,4DE4F06C019EC4814D486524C2A282C1DC7653DE,2020-08-26 21:32:39.795000,2020-08-26 21:32:41.032000
azor5b2aef2nuqas,,,,,,,1939CC1B41298A49C0684878813DED5CD1A9EE98,2020-08-26 21:32:41.032000,
htkhy4gncoz324w7,failed,not_found,1865,14D57DEDF0A4554A2D21AD53CCCC43E31158C733,288C100FFA656938C23F32207CAF0DA932ECD247,E64625ED5B01A1F0E97BCF0B5D431A432A24F408,62326F738A16C74CFC048768FBC9E81AE13A08FE,2020-08-26 21:32:30.083000,2020-08-26 21:32:31.037000
htkhy4gncoz324w7,failed,not_found,1920,14D57DEDF0A4554A2D21AD53CCCC43E31158C733,BA39D0333CF0F2026F58D8A493168F92A016CAA1,A13281DBD8F8E484E95DD273B3EE7FC14C1B0A7A,BD839A8E18E97E084430D9342B94B5676F81A373,2020-08-26 21:32:31.037000,2020-08-26 21:32:32.250000
htkhy4gncoz324w7,failed,not_found,1989,14D57DEDF0A4554A2D21AD53CCCC43E31158C733,FA32E93AA76D5B2E8FB598761353F67267A02902,EC4AD91674B5AFECCA117A396776F120651E55BF,BD93BEE8C51C129235360A79D76CE6256FF99453,2020-08-26 21:32:32.250000,2020-08-26 21:32:33.438000
htkhy4gncoz324w7,failed,not_found,2059,14D57DEDF0A4554A2D21AD53CCCC43E31158C733,8EB722FA1AE9DDE1914BC21FEA22819D4DE99DB4,FB879E9F83F885D35594F85C5E42EC9CADD8461F,BDC1174C794B556C47B7CCE61FFE65FB16727B6C,2020-08-26 21:32:33.438000,2020-08-26 21:32:34.768000
htkhy4gncoz324w7,failed,not_found,2138,14D57DEDF0A4554A2D21AD53CCCC43E31158C733,CD0F9AA1A5064430B1DE8E645CBA7A502B27ED5F,72A33E374DE5AD1E617394896F0FD8B092D3E7C4,6232FDF34FF907DC25A27327D1C05AD370FB2767,2020-08-26 21:32:34.769000,2020-08-26 21:32:35.739000
htkhy4gncoz324w7,failed,not_found,2189,14D57DEDF0A4554A2D21AD53CCCC43E31158C733,2FA4B3D4608765A35AD4EF61C02DC88973BFFF47,36EBA005CE1BBD9B164600A4666D9EA37082D838,623CCCC1A1370700DD03046A85D953D35CAB5C21,2020-08-26 21:32:35.739000,2020-08-26 21:32:36.928000
bwrqgrsu2fpldf4b,failed,not_found,1925,14D57DEDF0A4554A2D21AD53CCCC43E31158C733,24D426BC072D6D6090B23B6829D8B32682034C01,20462CBA5DA4C2D963567D17D0B7249718114A68,30C0B4DE58CFBB350485B326A0D67352E0138CCF,2020-08-26 21:32:31.113000,2020-08-26 21:32:32.132000
bwrqgrsu2fpldf4b,failed,not_found,1985,14D57DEDF0A4554A2D21AD53CCCC43E31158C733,E97DAC45ED2AB46DD830A279BDCC7AFCE10EE674,ED9A731373456FA071C12A3E63E2C8BEF0A6E721,30BE31C6018F094629654567FC5E3B706C4C9E1C,2020-08-26 21:32:32.132000,2020-08-26 21:32:33.679000
bwrqgrsu2fpldf4b,,,,,,,A447DCCE0534C6BD558B095D1180302AA945A6A3,2020-08-26 21:32:33.679000,
74vsr7kemu4aazhe,failed,not_found,1926,14D57DEDF0A4554A2D21AD53CCCC43E31158C733,8EF748FCCF1A9E2B9651DC6ABD921F8EEB24FA73,7260949459C2D4D4A5ABC3AC10C1AD6939E6525C,38A42B8D7C0E6346F4A4821617740AEE86EA885B,2020-08-26 21:32:31.113000,2020-08-26 21:32:31.884000
74vsr7kemu4aazhe,failed,not_found,1964,14D57DEDF0A4554A2D21AD53CCCC43E31158C733,1DE443C3D9C0DC4BB0144180DAF4A3C25BBC91EC,CDA9361C072A86719AA3D5A283F5BFBCBF82133B,38B9443D2FF0BA1807A598CF64AC7709787A337C,2020-08-26 21:32:31.884000,2020-08-26 21:32:32.599000
74vsr7kemu4aazhe,failed,not_found,2005,14D57DEDF0A4554A2D21AD53CCCC43E31158C733,72FF4C64E28396446B58892C356B61A8018C5C95,74AC10CA94E400BA4D69E397562597CA04FC5352,38CC95A8CE92A591D4A5779359BEFFBA13FA1B88,2020-08-26 21:32:32.599000,2020-08-26 21:32:33.411000
74vsr7kemu4aazhe,failed,not_found,2056,14D57DEDF0A4554A2D21AD53CCCC43E31158C733,29DDD25C8383FDA559D4E0E88F820AB88C26212A,F9E32D4058F7F35E9BC4F1D8C3B2DAA0C4466660,DE514E42528D4FB8B79804B561008B482B91D402,2020-08-26 21:32:33.412000,2020-08-26 21:32:34.375000
74vsr7kemu4aazhe,failed,not_found,2117,14D57DEDF0A4554A2D21AD53CCCC43E31158C733,461453F94FA0E3CBB011685E22CDAFD2AF0DFDC3,3BAACE149DB31574B327BF835B594B707D12CD58,DE46A42423304FC3793C73649539DDA309122A65,2020-08-26 21:32:34.375000,2020-08-26 21:32:35.313000
74vsr7kemu4aazhe,failed,not_found,2405,14D57DEDF0A4554A2D21AD53CCCC43E31158C733,F83A64E0FA85BC224807919772FE14E1BA07CEF5,154D82D7EA5783913F107C2C0E98E217B9E04E88,DE4EB74B8105751568A75649F6672A31F2A3DE20,2020-08-26 21:32:35.313000,2020-08-26 21:32:40.327000
l65eccb3ovz7uvgz,failed,not_found,1927,14D57DEDF0A4554A2D21AD53CCCC43E31158C733,963879BB424D9A637A63105D5C26A2453C2C2272,3033FD18BBD658C5ECE926FB17D2269BFE337358,B9609624E26C705289E57F95E30FD88D159BD8AD,2020-08-26 21:32:31.113000,2020-08-26 21:32:31.853000
l65eccb3ovz7uvgz,failed,not_found,1961,14D57DEDF0A4554A2D21AD53CCCC43E31158C733,F15A2A08BF91017DCFB6042171635661E13A8256,BDEFE9280529DF52007A6660BE658F09488464B8,76CF89465069BF5F742B77E41FC9648A6CE606DE,2020-08-26 21:32:31.853000,2020-08-26 21:32:33.554000
l65eccb3ovz7uvgz,failed,not_found,2062,14D57DEDF0A4554A2D21AD53CCCC43E31158C733,AB687988F260DE9EDC3B36C66287DE2660ED1CE0,5DB9AE27A44EB7B476CC04A66C67A71C97A001E6,76D2EBA82BBCCA3DF9F254A9A8372A10A26F3D14,2020-08-26 21:32:33.554000,2020-08-26 21:32:34.495000
l65eccb3ovz7uvgz,failed,not_found,2122,14D57DEDF0A4554A2D21AD53CCCC43E31158C733,24D0491A2ADAAB52C17625FBC926D84477AEA322,085527CBD6485FD475AC983FA8683A2D9028BAA8,B9609107E25BCA7803F7A2D205CE8FAE3F5086CE,2020-08-26 21:32:34.495000,2020-08-26 21:32:35.806000
l65eccb3ovz7uvgz,failed,not_found,2501,14D57DEDF0A4554A2D21AD53CCCC43E31158C733,3F65766ADE067D9D08920E3B74DAB9040EDD26B2,58F3E2956EABB81F673E2FB90E16E001DB4AC3AE,76C0C613B63D83E84EC870A7F49FD5E0CBB9C8E0,2020-08-26 21:32:35.807000,2020-08-26 21:32:40.777000
l65eccb3ovz7uvgz,,,,,,,B96A2DF1C23DF9169D70ADE0993BD003311F51DA,2020-08-26 21:32:40.777000,
xwmo5vs6ocspqmkw,failed,not_found,1979,14D57DEDF0A4554A2D21AD53CCCC43E31158C733,62712B2C24A169B24336CD2FE2BE55DA67476C8B,5F0BFF8BF2C7528E41DB149245F4736C75CC7779,286F22F5D198AB20C50C65B94A03B52CAE588946,2020-08-26 21:32:32.092000,2020-08-26 21:32:33.393000
xwmo5vs6ocspqmkw,failed,not_found,2036,14D57DEDF0A4554A2D21AD53CCCC43E31158C733,7C22E89AB620E77DF1B4A33787A5EC3F2AB4A8D1,1079E628FC6B0025656AC024F2D9975C441498CD,288C100FFA656938C23F32207CAF0DA932ECD247,2020-08-26 21:32:33.393000,2020-08-26 21:32:33.856000
xwmo5vs6ocspqmkw,failed,not_found,2081,14D57DEDF0A4554A2D21AD53CCCC43E31158C733,2B94FEF968C9949FD2F10EB154938494B2F50527,901CBA6FF3B90618D3FFEFF040353C267F690DF8,76D2EBA82BBCCA3DF9F254A9A8372A10A26F3D14,2020-08-26 21:32:33.857000,2020-08-26 21:32:34.786000
xwmo5vs6ocspqmkw,failed,not_found,2140,14D57DEDF0A4554A2D21AD53CCCC43E31158C733,0B19BBFDC498CCEA23027B1D7BD8E20121B95E60,103336165A0D2EFCAD3605339843A0A7710B8B92,76CF89465069BF5F742B77E41FC9648A6CE606DE,2020-08-26 21:32:34.786000,2020-08-26 21:32:36.030000
xwmo5vs6ocspqmkw,failed,not_found,2204,14D57DEDF0A4554A2D21AD53CCCC43E31158C733,4CE6D83FFA8AD24767007E8C972F371F2468F09A,74B41DED505CFABC7A8D439362FC9B6589DE4591,285B3195256DEA66C7F58C0596B17D923788056C,2020-08-26 21:32:36.030000,2020-08-26 21:32:36.924000
xwmo5vs6ocspqmkw,failed,not_found,2263,14D57DEDF0A4554A2D21AD53CCCC43E31158C733,4837A6DFFC8E3681D70AD9E8D057C029093DA2F7,AD1FC4AE877B2FFEB3C84F1A6B76E9B057AAEF4E,76DD184BC258220BA4657E88255972D27B84BA10,2020-08-26 21:32:36.924000,2020-08-26 21:32:37.950000
abbv7xh6pzhdqz7k,failed,not_found,1980,14D57DEDF0A4554A2D21AD53CCCC43E31158C733,85A3AC041E3FCD796AF5D653953D5E27A56E3719,E916F2ACBA67EC57AFAF450AA84E528308835418,346B952ACA21C53C126F58861A7AB98D5AF5A2F3,2020-08-26 21:32:32.093000,2020-08-26 21:32:32.764000
abbv7xh6pzhdqz7k,failed,not_found,2265,14D57DEDF0A4554A2D21AD53CCCC43E31158C733,79509683AB4C8DDAF90A120C69A4179C6CD5A387,6E4B0D429CD87AB6C25D72E298294C583FF8BA4A,345E03CEFB7BF04613FCA14532F38D1BB9EDBD47,2020-08-26 21:32:32.764000,2020-08-26 21:32:38.618000
abbv7xh6pzhdqz7k,failed,not_found,2319,14D57DEDF0A4554A2D21AD53CCCC43E31158C733,708A968F3644F8A547156368FEA3DB664110E631,38E48C9509E18F405749859EEF299EBC1B829602,348439F4A3D959E6D1481070DA81A135343419CB,2020-08-26 21:32:38.619000,2020-08-26 21:32:39.136000
abbv7xh6pzhdqz7k,failed,not_found,2425,14D57DEDF0A4554A2D21AD53CCCC43E31158C733,1AEED3F99DD95D0726AC6CDC6F5E6B20C60FC34D,B8805CBDBE91A5E68D268FC62DC617B5BD7CC9E7,A96DA63E4415E776FBFCCF3DA7154C804534B6E7,2020-08-26 21:32:39.136000,2020-08-26 21:32:40.152000
abbv7xh6pzhdqz7k,,,,,,,A943B09784A779C0BFBF627F233797CE98C058D4,2020-08-26 21:32:40.152000,
rkmtw2wuyaqnelcy,failed,not_found,1981,14D57DEDF0A4554A2D21AD53CCCC43E31158C733,06E72526BBE040C51C5ADFBAA07ADD9AEB5E1FA1,C63110BDD8736D2C2A733FF962F58D58FDE63A2D,46EC7BB31BFEC251B89E0C0715DEC4AA8208A1BA,2020-08-26 21:32:32.093000,2020-08-26 21:32:33.048000
rkmtw2wuyaqnelcy,failed,not_found,2042,14D57DEDF0A4554A2D21AD53CCCC43E31158C733,D49D0071D9236EFC6AC527292894A5A2143F815D,E6C04728E9339DF22F331B7017D4A7AA3F252F0B,FDD9CD7406582E0B56C4A27D44126AE843EAF6DD,2020-08-26 21:32:33.048000,2020-08-26 21:32:34.066000
rkmtw2wuyaqnelcy,failed,not_found,2453,14D57DEDF0A4554A2D21AD53CCCC43E31158C733,E6C04728E9339DF22F331B7017D4A7AA3F252F0B,876C7CE43774366250D3E768E690DAB9D4B5D5A3,46F90EF3A3628C134DBB4654D0E4FF7EB914B690,2020-08-26 21:32:34.066000,2020-08-26 21:32:40.420000
rkmtw2wuyaqnelcy,,,,,,,FDD40AA573AFABB54813BB65F023D75ED49A97E8,2020-08-26 21:32:40.420000,
ggkkjsronarx2bh5,failed,not_found,2044,14D57DEDF0A4554A2D21AD53CCCC43E31158C733,FDD40AA573AFABB54813BB65F023D75ED49A97E8,5FD8DA8E88DADB97D132A56ADE73DB60F21A9393,7FA3FA525901A91A1310B817943668BC2C16289E,2020-08-26 21:32:33.067000,2020-08-26 21:32:34.444000
ggkkjsronarx2bh5,failed,not_found,2119,14D57DEDF0A4554A2D21AD53CCCC43E31158C733,C5D91B75D9B991FB53C41AB694D97C961D37B5AB,FD449127D30D8F5D124653D9EF736EDF4A12B4DC,7FD6C9AB839761B3334BC9BA8E8543261B93BB88,2020-08-26 21:32:34.444000,2020-08-26 21:32:35.434000
ggkkjsronarx2bh5,failed,not_found,2151,14D57DEDF0A4554A2D21AD53CCCC43E31158C733,9F5068310818ED7C70B0BC4087AB55CB12CB4377,E5AA85FA69CDC31900C86E6427C7E5DE11DE9E2D,D89267FB10BF625D31FF7687AF7D12B03BBF757C,2020-08-26 21:32:35.434000,2020-08-26 21:32:35.938000
ggkkjsronarx2bh5,failed,not_found,2197,14D57DEDF0A4554A2D21AD53CCCC43E31158C733,F50CF02A0E6A9D9B25F7EB220FC26F7BD1B74999,A3AFBDEE30238E44899C9F8B7666D12B09C8EE32,7FF94320963B5CDAF9A072CE9BEE9B4F1F2B383C,2020-08-26 21:32:35.938000,2020-08-26 21:32:36.892000
ggkkjsronarx2bh5,failed,not_found,2258,14D57DEDF0A4554A2D21AD53CCCC43E31158C733,A5198F913C836DB1A1D19C8D97DFCBA7EEE221F8,9BAAA9CBA3109C2C807F2E84D5C9C0C8C147DCE6,D86BAD5ED54EBA055E796C87BE99BBC4B5A87E14,2020-08-26 21:32:36.892000,2020-08-26 21:32:38.857000
ggkkjsronarx2bh5,failed,not_found,2393,14D57DEDF0A4554A2D21AD53CCCC43E31158C733,D1AFBF3117B308B6D1A7AA762B1315FD86A6B8AF,B8E514ADDC653D61DE1FCB67821BB0303778782F,D898AE80D6B0BD8EE890FC3673D99E3DEDB06AC1,2020-08-26 21:32:38.857000,2020-08-26 21:32:40.629000
ws4c6la6t7qtqqg7,failed,not_found,2045,14D57DEDF0A4554A2D21AD53CCCC43E31158C733,3E53D3979DB07EFD736661C934A1DED14127B684,322C6E3A973BC10FC36DE3037AD27BC89F14723B,2508698CEE27AEE60E2FD25AFDA4E22ABF453D2A,2020-08-26 21:32:33.067000,2020-08-26 21:32:34.193000
ws4c6la6t7qtqqg7,failed,not_found,2109,14D57DEDF0A4554A2D21AD53CCCC43E31158C733,E88F8E72100709E226F22DF6A50365480054ECD2,8BE79CE3261C027CE94F84D6CBE45F03BE9B8B59,37535409102DFFE92F3DAC809E470E62BC27F1DF,2020-08-26 21:32:34.194000,2020-08-26 21:32:34.975000
ws4c6la6t7qtqqg7,failed,not_found,2147,14D57DEDF0A4554A2D21AD53CCCC43E31158C733,672A56A583C658372E63ACEB43E7F791C2819548,B872BA6804C8C6E140AE1897B44CF32B42FD2397,375DCBB2DBD94E5263BC0C015F0C9E756669617E,2020-08-26 21:32:34.975000,2020-08-26 21:32:36.042000
ws4c6la6t7qtqqg7,,,,,,,24F97F98C45E4754655BE66799049763DAEE99CE,2020-08-26 21:32:36.042000,
bgtnno5lomedo3rp,failed,not_found,2047,14D57DEDF0A4554A2D21AD53CCCC43E31158C733,B05B4BB64FFE5373E293D2C008798FBA9C908BB1,BF37445EA2A9F3D04F4B87DFAC624AEF21B559D5,260B86A04CBEDE605F183624C2FCA3CE81FD24A1,2020-08-26 21:32:33.080000,2020-08-26 21:32:34.576000
bgtnno5lomedo3rp,failed,not_found,2129,14D57DEDF0A4554A2D21AD53CCCC43E31158C733,87EA8B42136D1F9014BE377B2B985459D19E6E70,21AC6EF15C86641CE623B8A08D64144BCAC14AEC,F19461FDDD9EA9352E48026168881F8778277786,2020-08-26 21:32:34.577000,2020-08-26 21:32:36.297000
bgtnno5lomedo3rp,failed,not_found,2225,14D57DEDF0A4554A2D21AD53CCCC43E31158C733,1C84C89198911D0C8962AA65C3E4E6530075396E,C005F0CB30CD54CB45FF08ED151511A286B1B7CE,25F49247646F1F9C9C4B31217AE004308B271359,2020-08-26 21:32:36.297000,2020-08-26 21:32:38.145000
bgtnno5lomedo3rp,failed,not_found,2337,14D57DEDF0A4554A2D21AD53CCCC43E31158C733,875F74A3DC14737BECA06F8B500022154D1A29D1,8C5B316ED73018484765C3E0944E4508DCAE0944,F1855E09E867ECD00A4CB7D36D58170A7574C0FF,2020-08-26 21:32:38.146000,2020-08-26 21:32:39.367000
bgtnno5lomedo3rp,failed,not_found,2438,14D57DEDF0A4554A2D21AD53CCCC43E31158C733,F7ACB36752F2D27A03800E505D1599F26C981B53,F6D600CF13B3BBE2A91A0653F1EC9D00E7CB3A6B,F17B5CE022C164202A00B3669EFCAB72CF80B93C,2020-08-26 21:32:39.367000,2020-08-26 21:32:40.061000
bgtnno5lomedo3rp,failed,not_found,2510,14D57DEDF0A4554A2D21AD53CCCC43E31158C733,3CD5F7766CF8E96FE315678B0CAC6A5B999FC47D,E64625ED5B01A1F0E97BCF0B5D431A432A24F408,26220AEA188B8D0E47BB541E1A616EB3AD70295F,2020-08-26 21:32:40.061000,2020-08-26 21:32:40.846000
3lbvn7w5vy7alir5,failed,not_found,2102,14D57DEDF0A4554A2D21AD53CCCC43E31158C733,29A71C82476708936732AFCABE28C895C13FDC76,5E8EAC4A7BC3B82ABF731075CB27E54F2681BC49,1B3E48D75E7F7E61D1B9BBE24BA15A38B454380D,2020-08-26 21:32:34.086000,2020-08-26 21:32:35.729000
3lbvn7w5vy7alir5,,,,,,,1B6D2FA8D4B87B5CD8E2AE8DD5A4A9DC6A69B45B,2020-08-26 21:32:35.729000,
or5whkew7kd7kjrw,failed,not_found,2103,14D57DEDF0A4554A2D21AD53CCCC43E31158C733,A1DEB529DE86E7CABC3212778374933D68FB7F2F,987D0706D42070F1E2142A9FCCB56B3887808D34,26ACD3A1EFECBB695CE8DF2EB769DB9242964C6C,2020-08-26 21:32:34.086000,2020-08-26 21:32:35.481000
or5whkew7kd7kjrw,,,,,,,2DCEA7E830BB77C9B332EEB7C1501A5EE2BA0001,2020-08-26 21:32:35.481000,
nwfl4pzqeng67o6v,failed,not_found,2105,14D57DEDF0A4554A2D21AD53CCCC43E31158C733,5F9141428BF5EAE485F0E2F7912DEDED4F4D17A7,494E8307AE921E46CCD20BD91C4FACEA8E3CCC5F,C0CBBD17F848C8F9A49104A96DB498013B30F14F,2020-08-26 21:32:34.098000,2020-08-26 21:32:35.374000
nwfl4pzqeng67o6v,failed,not_found,2167,14D57DEDF0A4554A2D21AD53CCCC43E31158C733,E608A39C91D9E051365633FD0BC90DF828495476,E8BAE7393740A700D50B010DED9D9EC9A66B390D,C0BFC0A0341BD0293F093DEC6966B99038A31B79,2020-08-26 21:32:35.374000,2020-08-26 21:32:36.150000
nwfl4pzqeng67o6v,failed,not_found,2222,14D57DEDF0A4554A2D21AD53CCCC43E31158C733,C871C91489886D5E2E94C13EA1A5FDC4B6DC5204,539ABCC9AF0FD80278E89457A1663DABAEBF81DD,C0C4F339046EB824999F711D178472FDF53BE7F5,2020-08-26 21:32:36.150000,2020-08-26 21:32:38.334000
nwfl4pzqeng67o6v,,,,,,,C63110BDD8736D2C2A733FF962F58D58FDE63A2D,2020-08-26 21:32:38.335000,
ub7g4xzlijoiudxv,failed,not_found,2155,14D57DEDF0A4554A2D21AD53CCCC43E31158C733,F59A3032A7AE637687E99437CA6DA81D3587A0EC,AB10D5040BCBBA912FA448B8CF2A653DC8ACDC2C,026E53D9AA2FF22217B215B57E4C4B4EF196FCD5,2020-08-26 21:32:35.065000,2020-08-26 21:32:36.030000
ub7g4xzlijoiudxv,failed,not_found,2301,14D57DEDF0A4554A2D21AD53CCCC43E31158C733,65FBA426CE8126771C5EEB52634F3BB5E6E93B08,0B25110BA3473A6DC04AB58A3A0D5E4D6922A0E0,02740F472D1DA5C1B77475F18940FE79F15AF4B8,2020-08-26 21:32:36.030000,2020-08-26 21:32:38.517000
ub7g4xzlijoiudxv,failed,not_found,2361,14D57DEDF0A4554A2D21AD53CCCC43E31158C733,C63110BDD8736D2C2A733FF962F58D58FDE63A2D,54FF87E18CF4B351BB078A640A4DC5265969485E,94F367A130296C9EB92BE32E25AAEB7F227DE0D6,2020-08-26 21:32:38.517000,2020-08-26 21:32:39.559000
ub7g4xzlijoiudxv,failed,not_found,2449,14D57DEDF0A4554A2D21AD53CCCC43E31158C733,A59AD84F92B2E5A76EBFE3BE62D3B28AF9BFD127,A09D20D85D0AA29C47C90ABEAFDB6B7A4BF7FD07,025B66CEBC070FCB0519D206CF0CF4965C20C96E,2020-08-26 21:32:39.560000,2020-08-26 21:32:40.327000
ub7g4xzlijoiudxv,,,,,,,94EC34B871936504BE70671B44760BC99242E1F3,2020-08-26 21:32:40.328000,
jzzflke2f3qb2g7u,failed,not_found,2156,14D57DEDF0A4554A2D21AD53CCCC43E31158C733,AD7CB78ED4001F17267EC2D2B1550D2B8E041669,7D41FED58481A0E594C642E74176C811778D91A6,C67C33C76CDC33DD72FAA77535B48D7E96C006D2,2020-08-26 21:32:35.065000,2020-08-26 21:32:36.519000
jzzflke2f3qb2g7u,failed,not_found,2233,14D57DEDF0A4554A2D21AD53CCCC43E31158C733,46E0487EEEFD694CE625CC6E12D032395C01DB82,ECB0A13C33B9C0BB101104E08738C19048222393,C688B3EF9AB0354EB2794174519BB9ED9E6467E7,2020-08-26 21:32:36.519000,2020-08-26 21:32:37.528000
jzzflke2f3qb2g7u,failed,not_found,2297,14D57DEDF0A4554A2D21AD53CCCC43E31158C733,63CD37872814AD1623C239CB7A0CB9C4E3CEB923,3B5C6ED2C1DECEB32BF1AD9B7B272F4CE9CE0656,5FA7596FB2BA2C889337F8B82DD7127BBB240D4D,2020-08-26 21:32:37.528000,2020-08-26 21:32:38.934000
jzzflke2f3qb2g7u,failed,not_found,2399,14D57DEDF0A4554A2D21AD53CCCC43E31158C733,163303F0583A1917326214379BD1AB2D286046EA,1D361A2F1CAE4FDD5A85E13C168BE7075A100524,C680718A6F51A8F7C5D4E68269ED5B2C07FE531B,2020-08-26 21:32:38.935000,2020-08-26 21:32:40.041000
jzzflke2f3qb2g7u,,,,,,,5F99AD80CF48FC872068D8C9E91A5CD111B5BA7B,2020-08-26 21:32:40.042000,
kmmmzehxdxzrygxs,failed,not_found,2404,14D57DEDF0A4554A2D21AD53CCCC43E31158C733,E69022DEC00F259B18B2F6EA6167AF1FF4B548F2,E0F638ECCE918B5455CE29D2CD9ECC9DBD8F8B21,9063C7EC4A3273446DC05E9310A5C5B2F4235696,2020-08-26 21:32:35.079000,2020-08-26 21:32:40.911000
kmmmzehxdxzrygxs,,,,,,,AD1FC4AE877B2FFEB3C84F1A6B76E9B057AAEF4E,2020-08-26 21:32:40.911000,
u55r52o532a4hmhv,failed,not_found,2503,14D57DEDF0A4554A2D21AD53CCCC43E31158C733,D2C076A898337AA2FD3B8AB00A190312F3405F1C,1F768F39EDFA445C14E18E915B0CED7E14E450CF,9E4CC64C4F94C359D43C5BA09094323FDBEFD975,2020-08-26 21:32:36.063000,2020-08-26 21:32:40.845000
u55r52o532a4hmhv,,,,,,,9E433453D33F85B726AABAD043DDD00E171329C1,2020-08-26 21:32:40.846000,
ivyfcfz75po532qe,failed,not_found,2213,14D57DEDF0A4554A2D21AD53CCCC43E31158C733,D0E1962B2460BA54D81E1426300D09720E6D43EB,CB92FA4D7D71F134CE1F1FFF2BFF53E88DD4A1DB,C9DF64AF926E2E584E345D13BCE4A97C231A36BE,2020-08-26 21:32:36.077000,2020-08-26 21:32:37.214000
ivyfcfz75po532qe,failed,not_found,2284,14D57DEDF0A4554A2D21AD53CCCC43E31158C733,645C3F0545E0975A49F69EC272C0C3EA28586825,D1F2C5C820B3F96BE6144CBFB84FDDF9D0EC0810,26ACD3A1EFECBB695CE8DF2EB769DB9242964C6C,2020-08-26 21:32:37.214000,2020-08-26 21:32:39.397000
ivyfcfz75po532qe,failed,not_found,2407,14D57DEDF0A4554A2D21AD53CCCC43E31158C733,F090D06DD908C91487F0A65DFFDFB1E4CD664288,844AE9CAD04325E955E2BE1521563B79FE7094B7,2659ACAA140B6845E38F189B4080817B9819EB9A,2020-08-26 21:32:39.397000,2020-08-26 21:32:39.839000
ivyfcfz75po532qe,failed,not_found,2480,14D57DEDF0A4554A2D21AD53CCCC43E31158C733,8FA37B93397015B2BC5A525C908485260BE9F422,F5F4019509109A07E90C45A022CEED9ECA1643C8,C9DF39AABF4E34309E04E1E56DB9FA6CF37AE140,2020-08-26 21:32:39.839000,2020-08-26 21:32:40.812000
ivyfcfz75po532qe,,,,,,,C9FAA93525ACE580BDB03ABC662ED2045262BD89,2020-08-26 21:32:40.812000,
bs5rf3sz4bprjmbk,failed,not_found,2217,14D57DEDF0A4554A2D21AD53CCCC43E31158C733,E81993EA52B73285CFFD02FEC003569D21483001,A3A6D9D7DBED00F7E6508B55D3449FF6B6C5DF90,845E9DF1D33DB3662F769E868390C258C4E6EBB9,2020-08-26 21:32:36.095000,2020-08-26 21:32:37.089000
bs5rf3sz4bprjmbk,failed,not_found,2275,14D57DEDF0A4554A2D21AD53CCCC43E31158C733,D248B96B33DA5083D7771B791CB46A1214B59446,070229A4CC2CFFB24EB667298A7DB5E8D11EB701,5E1207FC5BE02728D9D0B540384EB081B53987E6,2020-08-26 21:32:37.090000,2020-08-26 21:32:38.075000
bs5rf3sz4bprjmbk,failed,not_found,2324,14D57DEDF0A4554A2D21AD53CCCC43E31158C733,64B43A6198B6C1F97D9ED8929F5A8913C3815935,6D163F649ECBE9DC20F016236EF36D7E1559E98E,5DE37A3371AAE7638748EB43C9F1CE66E09D4470,2020-08-26 21:32:38.075000,2020-08-26 21:32:39.064000
bs5rf3sz4bprjmbk,failed,not_found,2410,14D57DEDF0A4554A2D21AD53CCCC43E31158C733,24E1C6412183972BFD76D838AC04D1ED261743D3,44DC23661E05DEFD94398936D9334987ABCB6E5E,5E16EF9247D192830EF696B554B5C633188FFE27,2020-08-26 21:32:39.064000,2020-08-26 21:32:40.082000
bs5rf3sz4bprjmbk,failed,not_found,2513,14D57DEDF0A4554A2D21AD53CCCC43E31158C733,787403EB1E2F7C9BA1B38D0389AA6719463F0F7E,91517F219F7648E4B8BBF3C162C77DDC55315612,843C4F774DA2653DADBA5B847A33CC646995F6A1,2020-08-26 21:32:40.082000,2020-08-26 21:32:40.890000
bs5rf3sz4bprjmbk,,,,,,,844AE9CAD04325E955E2BE1521563B79FE7094B7,2020-08-26 21:32:40.890000,
xfw4mblwxpg5rekz,failed,not_found,2270,14D57DEDF0A4554A2D21AD53CCCC43E31158C733,D35682AB6E29D91AA030E03A9BEB42700D96A1EF,66F8C32B94D73B51A5D2FA079C6A09047C9ABA71,F21760E63FE2BB45629BB14FCDB0FD677485DAF8,2020-08-26 21:32:37.075000,2020-08-26 21:32:38.767000
xfw4mblwxpg5rekz,failed,not_found,2384,14D57DEDF0A4554A2D21AD53CCCC43E31158C733,7992F172EDBE69B99F0190651BAC14DD0FD9E5C8,A4E120350425BAD920307FFA74440F95D0172302,F237DAC181708BEEFF180632CD7AB42ECA0ACF91,2020-08-26 21:32:38.767000,2020-08-26 21:32:39.889000
xfw4mblwxpg5rekz,,,,,,,A838296B9F01A9E2487BC3A25D5E5F2FB8A979FA,2020-08-26 21:32:39.889000,
42foi7pwcddq7i6r,failed,not_found,2278,14D57DEDF0A4554A2D21AD53CCCC43E31158C733,E081937B40664CE674FAB1CC3DD8993C9CA6A9AE,489606DA64FD4B68A76C49386298695E6C30B5E2,1E6B6975DA40EFCC52B23806D5704FF6D5746560,2020-08-26 21:32:37.112000,2020-08-26 21:32:38.703000
42foi7pwcddq7i6r,,,,,,,1E63C2CED3B6DDCD1078B2A4F10C8A48BD2C31A0,2020-08-26 21:32:38.703000,
27f7y6u7jvt3uusc,failed,not_found,2279,14D57DEDF0A4554A2D21AD53CCCC43E31158C733,AED04C65D2D0D70DB2932D7D5A0BA58169168CC1,2AA5F598F9A1812F01CD99E3B59BB87362ED7438,8EF052033309D854D6206A4C30F17AD27C87893E,2020-08-26 21:32:37.112000,2020-08-26 21:32:38.131000
27f7y6u7jvt3uusc,failed,not_found,2334,14D57DEDF0A4554A2D21AD53CCCC43E31158C733,C92F69EE5756200F160CCFAFE9C3C984D3E6D561,D03861333361D7BBC7F6C7C8EECB05F2E94D5F4F,51AE5656C81CD417479253A6363A123A007A2233,2020-08-26 21:32:38.131000,2020-08-26 21:32:39.136000
27f7y6u7jvt3uusc,failed,not_found,2422,14D57DEDF0A4554A2D21AD53CCCC43E31158C733,D408EA531AA2FA90F25BD14283D38FDBB2094BA3,D80EA21626BFAE8044E4037FE765252E157E3586,8EE28EAF0874AF9B03EBBD79B5EB5059E2547355,2020-08-26 21:32:39.136000,2020-08-26 21:32:39.940000
27f7y6u7jvt3uusc,failed,not_found,2498,14D57DEDF0A4554A2D21AD53CCCC43E31158C733,E6C04728E9339DF22F331B7017D4A7AA3F252F0B,645C3F0545E0975A49F69EC272C0C3EA28586825,8EE44717FA55705C12086F3ECD1F8D9C8676FD05,2020-08-26 21:32:39.941000,2020-08-26 21:32:40.651000
27f7y6u7jvt3uusc,,,,,,,51C367582993D68F8215610B85A99902C945324B,2020-08-26 21:32:40.651000,
zkwqh2zfryyx4bzk,failed,not_found,2327,14D57DEDF0A4554A2D21AD53CCCC43E31158C733,A932F56F69D24A96A0CBC4F32922A62DEFD28C77,E68CC9C2E262E01C4C71C8F66F07517B0AB5E245,383EBB4A99479DF9CD8BE5724E09B964F098E1BD,2020-08-26 21:32:38.107000,2020-08-26 21:32:39.158000
zkwqh2zfryyx4bzk,failed,not_found,2429,14D57DEDF0A4554A2D21AD53CCCC43E31158C733,014E24C0CD21D2B9829E841D5EC1D3C415F866BF,A9D6D98A8F5FF4379291AB142EEEF634FEC19416,8A2CCF9A354EF89C08CB0AE2DD7F7E8418ADF713,2020-08-26 21:32:39.158000,2020-08-26 21:32:39.908000
zkwqh2zfryyx4bzk,failed,not_found,2494,14D57DEDF0A4554A2D21AD53CCCC43E31158C733,8839E8FBE28219B85392EEA5A4DBC41D315F4B83,ED3ACBBB89C5F1597A44A65D2FA203BDB8E208F2,8A57DA2FFB5BA49C041EDE1A095E33E86EA756CC,2020-08-26 21:32:39.908000,2020-08-26 21:32:40.742000
zkwqh2zfryyx4bzk,,,,,,,8A2D71CBCA33F13A3EA9614DE28AE3F669D84987,2020-08-26 21:32:40.743000,
aoeojmsuzv2h45wr,failed,not_found,2332,14D57DEDF0A4554A2D21AD53CCCC43E31158C733,39CF2F22E5018C01FD57DEB1AB8FDFA4592633FB,CB72A74E8197DF3B33EE6A0895E5BB871D10CF92,31419A64188BC8070EE89F3CEE6AA98EAAC7E8E8,2020-08-26 21:32:38.130000,2020-08-26 21:32:38.955000
aoeojmsuzv2h45wr,failed,not_found,2402,14D57DEDF0A4554A2D21AD53CCCC43E31158C733,40A60D1F1E8AFBED22FCB30B3FBE2E275A14CF99,75CF0F66FE18C3116AAB7B678899151DB762B795,318CB7FC0EAEB92311EB51B5B78E3CAD45EBCF21,2020-08-26 21:32:38.956000,2020-08-26 21:32:40.224000
aoeojmsuzv2h45wr,failed,not_found,2532,14D57DEDF0A4554A2D21AD53CCCC43E31158C733,C5F713E503B9F251642C49A998B0498DDD802B72,005ED97213F725867E422B8DC0443361BBB24E3C,31A97198C6E2BEBF57EB8FC7DC55A208AD35038E,2020-08-26 21:32:40.224000,2020-08-26 21:32:41.069000
aoeojmsuzv2h45wr,,,,,,,D6E4F36157A6795FC8E3515A595A4BFC80F150E4,2020-08-26 21:32:41.070000,
pc3amxea5p4dg2wc,failed,not_found,2333,14D57DEDF0A4554A2D21AD53CCCC43E31158C733,D1F2C5C820B3F96BE6144CBFB84FDDF9D0EC0810,D14EC16949648CEE84EA1664445029EA4B597074,E0023AC14180112A2FFF00A84C6049862BB3E6C3,2020-08-26 21:32:38.130000,2020-08-26 21:32:39.158000
pc3amxea5p4dg2wc,failed,not_found,2428,14D57DEDF0A4554A2D21AD53CCCC43E31158C733,6D0D610D63D33584308CA672484DA699FF26A2A3,DA4B488C2826DFBBD04D635DA1E71A2BA5B20747,A5B93F8313132071E1E654EBCCBFE9F1F073D98F,2020-08-26 21:32:39.158000,2020-08-26 21:32:40.082000
pc3amxea5p4dg2wc,failed,not_found,2504,14D57DEDF0A4554A2D21AD53CCCC43E31158C733,66F8C32B94D73B51A5D2FA079C6A09047C9ABA71,AC61D1722091F2FC4760776AF2C230D9DC679C03,A604086EAE838774F809811925A223DCFDBB1D17,2020-08-26 21:32:40.082000,2020-08-26 21:32:40.713000
pc3amxea5p4dg2wc,,,,,,,E006EA04C696BBD6E35407538131305FF3CB8C16,2020-08-26 21:32:40.713000,
ylgb5hd2qyljaszl,failed,not_found,2413,14D57DEDF0A4554A2D21AD53CCCC43E31158C733,6D2D7E8FD6B730850960A3AC1B3640098E97F3AF,0A58B05D403A2663EB56124F8C7AAB0CABFAA115,33DBA330433E2915BD0EE66787A48863C818C0BB,2020-08-26 21:32:39.100000,2020-08-26 21:32:40.101000
ylgb5hd2qyljaszl,,,,,,,33AA6CFE161A698169B548C9D973DAE6DED6BF0E,2020-08-26 21:32:40.101000,
r5ckjti4a5xhdfuc,failed,not_found,2416,14D57DEDF0A4554A2D21AD53CCCC43E31158C733,B6E40167BE842F279B11B2A0F594718387AA75E5,50A39337EC55FC25E863868E80771220E468FC4C,EBE76802D098FF6FA226F60C2D0B0C098F367AF1,2020-08-26 21:32:39.113000,2020-08-26 21:32:39.940000
r5ckjti4a5xhdfuc,failed,not_found,2497,14D57DEDF0A4554A2D21AD53CCCC43E31158C733,E263B860EFA177F0DDE30C381F893F2805C140DC,648E97719EDEC4F0E08F1CEB8D24F2C8F587344C,1EE882126F8CF613C67DC25415330D8CF328CDBA,2020-08-26 21:32:39.940000,2020-08-26 21:32:41.032000
r5ckjti4a5xhdfuc,,,,,,,EBE718E1A49EE229071702964F8DB1F318075FF8,2020-08-26 21:32:41.032000,
awx2z5ufk2auvjas,failed,not_found,2417,14D57DEDF0A4554A2D21AD53CCCC43E31158C733,A59AD84F92B2E5A76EBFE3BE62D3B28AF9BFD127,8ABC4D5F6182C7E79B087D1ED9E5CF652C83E52C,2AA5F598F9A1812F01CD99E3B59BB87362ED7438,2020-08-26 21:32:39.113000,2020-08-26 21:32:39.839000
awx2z5ufk2auvjas,failed,not_found,2481,14D57DEDF0A4554A2D21AD53CCCC43E31158C733,438F3EA4C9FB0DB63F5377A3271AB5435FAD7E04,CF6A6080091BB210AA3892FEFE2F6A396DA08DF3,A55E513A283DF2CD89FC1DED396B0AF4FC8F25F4,2020-08-26 21:32:39.840000,2020-08-26 21:32:40.603000
awx2z5ufk2auvjas,,,,,,,A541C211909264081DC3A4F8E105F06139DDCD8B,2020-08-26 21:32:40.603000,
z63szmzqv23memh6,,,,,,,CC1BDE73D48DEF3202C688A158D0718C885360D4,2020-08-26 21:32:40.136000,
cmwylzywsdvzbia7,,,,,,,C72E73566CB3377AAE5849F5926AD660E4AF82A2,2020-08-26 21:32:40.136000,
oycztw4mkb34e4w4,,,,,,,8992338A03DF92C5318B992439E7BF959C96D6F6,2020-08-26 21:32:40.181000,
