addr,status,reason,circ,guard_fp,middle_fp,exit_fp,hsdir_fp,start,end
cflarenuttlfuyn7imozr4atzvfbiw3ezgbdjdldmdx7srterayaozid,received,,5,D0273C8566CC9AECE4C762376C9B066FE0F1DADD,7BB70F8585DFC27E75D692970C0EEB0F22983A63,4D52A12D9AD22A7E1BE5B564953A7CA9C31DA675,5DC40F5357EDF4809A9010828172072C95A73514,2020-09-06 02:57:55.127000,2020-09-06 02:57:55.467000
mesi677dd3briiyq,failed,not_found,8,D0273C8566CC9AECE4C762376C9B066FE0F1DADD,431702B3A68A6015F9955DD4FD0129175B43EA0F,5C221379E5782E7697377E7DB48F72B2F649E9E4,AFA0C24F635C3E198A151D09A796430F0778BA65,2020-09-06 02:57:55.913000,2020-09-06 02:57:56.366000
mesi677dd3briiyq,failed,not_found,7,D0273C8566CC9AECE4C762376C9B066FE0F1DADD,F9A3542D5863CD665B7FF758E73DAD40832D0064,5DE37A3371AAE7638748EB43C9F1CE66E09D4470,AFA9E5B8D77B736CCA77704B465F9FA4B9566924,2020-09-06 02:57:56.367000,2020-09-06 02:57:56.563000
mesi677dd3briiyq,failed,not_found,9,D0273C8566CC9AECE4C762376C9B066FE0F1DADD,A59AD84F92B2E5A76EBFE3BE62D3B28AF9BFD127,12C4939FD0B11F864612FBB46E5A1F8576987DEB,AFD8484F0D84F95EAA11D62D822767FE6381A95D,2020-09-06 02:57:56.564000,2020-09-06 02:58:04.333000
mesi677dd3briiyq,failed,not_found,41,D0273C8566CC9AECE4C762376C9B066FE0F1DADD,A55E513A283DF2CD89FC1DED396B0AF4FC8F25F4,158581827034DEF1BAB1FC248D180165452E53D3,9910C6DEEA9907EE7AEFCE0DA072F94F86EBFD48,2020-09-06 02:58:04.335000,2020-09-06 02:58:04.941000
mesi677dd3briiyq,failed,not_found,46,D0273C8566CC9AECE4C762376C9B066FE0F1DADD,AE9B4F3B133CF4FC75BD0685F047EA4253C49B09,9FAC447157CE1BB73DA1184BD904FBD796E2CED0,993845A39881E6A1C4DD6C9A73F45541DB1092AE,2020-09-06 02:58:04.942000,2020-09-06 02:58:06.051000
mesi677dd3briiyq,,,,,,,99339F3E68BCCC1391BF14C821D80766FE0C5956,2020-09-06 02:58:06.052000,
ehu75oaef55z5mnp,failed,not_found,11,D0273C8566CC9AECE4C762376C9B066FE0F1DADD,6521A3AEF9AC4B83361411F769EEDCBAB124F162,E81993EA52B73285CFFD02FEC003569D21483001,31A97198C6E2BEBF57EB8FC7DC55A208AD35038E,2020-09-06 02:57:56.913000,2020-09-06 02:57:57.490000
ehu75oaef55z5mnp,failed,not_found,252,D0273C8566CC9AECE4C762376C9B066FE0F1DADD,B7826E5C7C22D696E42AE96B696F66C5E9D86984,994FB6A842C0CEE1F1C4CBA9A7604C5FF6014CFC,43DDEF0543EC11B7623305908E0BB48E3733F08A,2020-09-06 02:57:57.490000,2020-09-06 02:58:19.448000
ehu75oaef55z5mnp,failed,not_found,283,D0273C8566CC9AECE4C762376C9B066FE0F1DADD,58F3E2956EABB81F673E2FB90E16E001DB4AC3AE,B38D5CEB0B5F972D227976F0A230D8D141E71710,43E187B8C7361F47EA968ED5389435865D7F4FE7,2020-09-06 02:58:19.448000,2020-09-06 02:58:19.940000
ehu75oaef55z5mnp,failed,not_found,304,D0273C8566CC9AECE4C762376C9B066FE0F1DADD,E459E02374D0385D2E2515CBBE707EA208966BCF,3076FB1CCEB8341322019AD26F69BFC0AA845334,318CB7FC0EAEB92311EB51B5B78E3CAD45EBCF21,2020-09-06 02:58:19.940000,2020-09-06 02:58:20.506000
ehu75oaef55z5mnp,failed,not_found,328,D0273C8566CC9AECE4C762376C9B066FE0F1DADD,D8A2D0080B0C73E1DC0EC9F33B497F64E5FB3F52,D971A4E181162BD99FEE4C2AD605D604A4FD5D4B,43E896D36AAB20B5B63094BBC52CAD4B560E47BF,2020-09-06 02:58:20.506000,2020-09-06 02:58:21.022000
ehu75oaef55z5mnp,failed,not_found,351,D0273C8566CC9AECE4C762376C9B066FE0F1DADD,B9233588917C5F6B7DA771118707090591BC4C87,0F52E9652F96AD1D500AC062350A149902C128B9,316DE45EFFB53671C9FD53CE0992952846709A29,2020-09-06 02:58:21.022000,2020-09-06 02:58:21.782000
nb5o4gscc4vy6ujc,failed,not_found,14,D0273C8566CC9AECE4C762376C9B066FE0F1DADD,AFF320BA96E4338B61A008D2CA250FFE0E23B09C,43FF3346A3F8E4ED27F631DC956C4CD8D6173D7A,F5213AADA95A17C077451C09110058407F0A85F3,2020-09-06 02:57:57.923000,2020-09-06 02:57:58.514000
nb5o4gscc4vy6ujc,failed,not_found,13,D0273C8566CC9AECE4C762376C9B066FE0F1DADD,2CE9BE1FC88B9D0FA03F387C9E4F000B5D4B2AE9,DBE82FA23B9FE3CB2462A6FCF5289DED3CBF4AEE,F55E866AD4CB00B671B8A315AD3A9289B6E8C02C,2020-09-06 02:57:58.515000,2020-09-06 02:57:58.785000
nb5o4gscc4vy6ujc,failed,not_found,15,D0273C8566CC9AECE4C762376C9B066FE0F1DADD,0A930AD7BAAF24C5773C22730EB1FBB3F02391FE,0F89912E6A4C4A8ACE43C58FF8B83CA299BFF74F,405F35A10556611FB81CA3E5C01BF1A54F11BD4C,2020-09-06 02:57:58.786000,2020-09-06 02:57:59.168000
nb5o4gscc4vy6ujc,failed,not_found,16,D0273C8566CC9AECE4C762376C9B066FE0F1DADD,E106E06222A1D5A4833DE2C336C870DC3D379901,CB92FA4D7D71F134CE1F1FFF2BFF53E88DD4A1DB,4060BE838E47FDFFFEB045CAF6630AC663AE2AD2,2020-09-06 02:57:59.169000,2020-09-06 02:57:59.377000
nb5o4gscc4vy6ujc,failed,not_found,18,D0273C8566CC9AECE4C762376C9B066FE0F1DADD,5975858B6A1F37CCC96026B946EACF08E1772D0E,645C3F0545E0975A49F69EC272C0C3EA28586825,F52B8C77AC5885566C06E5ADB33A5A09C5E8B534,2020-09-06 02:57:59.377000,2020-09-06 02:58:00.127000
nb5o4gscc4vy6ujc,failed,not_found,22,D0273C8566CC9AECE4C762376C9B066FE0F1DADD,7F3D20E72A24ED2EBD92AA9C430B805BA389D02B,2B7076065C8177F2DA97CBC84307CEBB213406FD,4055CDDFF7B3F9E6A50447609A3014753A82EB26,2020-09-06 02:58:00.128000,2020-09-06 02:58:00.627000
s77mlwtsrnub2lim,failed,not_found,17,D0273C8566CC9AECE4C762376C9B066FE0F1DADD,BDD94BBC7D41447144816E2DD3150C3BF9D6D941,18ECBFC3A6834CB67414640C7F1E765E542CED2C,C5D5E635D115C921C060929FDBEA08F214289198,2020-09-06 02:57:58.938000,2020-09-06 02:57:59.635000
s77mlwtsrnub2lim,failed,not_found,19,D0273C8566CC9AECE4C762376C9B066FE0F1DADD,4BB5F83B400D88951C412C3F8ACE99B38562714B,912B7597346A74A44AD4B6068C645772B758DCB7,220E611F6D48A2103CF51CAB85DB1ED5431E4560,2020-09-06 02:57:59.636000,2020-09-06 02:58:00.592000
s77mlwtsrnub2lim,failed,not_found,23,D0273C8566CC9AECE4C762376C9B066FE0F1DADD,B20F089A94902EB43F77626D4F4D17AC888B8A19,7C5C0E83CA290FFF6D5E30D9E0E3FFC9BAE0D0C5,C5D29A323B1952CF783C84408804F01926139E69,2020-09-06 02:58:00.593000,2020-09-06 02:58:01.377000
s77mlwtsrnub2lim,failed,not_found,27,D0273C8566CC9AECE4C762376C9B066FE0F1DADD,0512FE6BE9CCA0ED133152E64010B2FBA141EB10,22775B953E662151549C114CB8EE5FBDBCBDAD02,C5D55D11F26C52A6BFEE8DD23C250548AA67E9AC,2020-09-06 02:58:01.377000,2020-09-06 02:58:02.125000
s77mlwtsrnub2lim,failed,not_found,32,D0273C8566CC9AECE4C762376C9B066FE0F1DADD,C7FF606D59C7F6BECA8A341D3CF11B423F382D5D,59EA74708A9C1A24D2EB1A2F150C27119A5FC2A6,221546DAE86B003139B13BD6F6AE1B4B42B59DF8,2020-09-06 02:58:02.126000,2020-09-06 02:58:02.673000
s77mlwtsrnub2lim,failed,not_found,35,D0273C8566CC9AECE4C762376C9B066FE0F1DADD,E7EF73B4722CFAF0E8AA2151D3AA78701DE5F19B,03910F285A33F365838EC66EF2C2EF754D046760,221E976B546E60048A01950250399B8534D4E4B7,2020-09-06 02:58:02.675000,2020-09-06 02:58:03.223000
pswiu4viml2vdbbd,failed,not_found,21,D0273C8566CC9AECE4C762376C9B066FE0F1DADD,490B2D70C150FB72E31F9A9CA11D2851D94FD449,E5CC91BAFE7CCD68003E873D32E38027638D49D7,21310F48066A4CAADEB2BFD324F0B38F8E1448D6,2020-09-06 02:57:59.914000,2020-09-06 02:58:00.386000
pswiu4viml2vdbbd,failed,not_found,20,D0273C8566CC9AECE4C762376C9B066FE0F1DADD,8EF748FCCF1A9E2B9651DC6ABD921F8EEB24FA73,5DBAFEE3BF786896947F805EE3B3BD5C986506B0,213F2B4AB09EE6FF8CA21B804B2E1BD8835088D3,2020-09-06 02:58:00.387000,2020-09-06 02:58:00.697000
pswiu4viml2vdbbd,failed,not_found,24,D0273C8566CC9AECE4C762376C9B066FE0F1DADD,10A5EFCCD2FB9C1A4AC20FB779A5DB11B58957A7,FB016E16B8CD7A0E53DEEF31ED8754E4F6B8E837,153962FA0F2A058A97D37B039607377EE67E5885,2020-09-06 02:58:00.698000,2020-09-06 02:58:01.146000
pswiu4viml2vdbbd,failed,not_found,25,D0273C8566CC9AECE4C762376C9B066FE0F1DADD,6315278A91710062D90B288199EFA06E4AAA9E8F,12D552E8AF7AA2B71B218B5BBF6A5FEFA6F26BA0,2151722FC89329E9FA40448FA875B9B459901E66,2020-09-06 02:58:01.147000,2020-09-06 02:58:01.519000
pswiu4viml2vdbbd,failed,not_found,28,D0273C8566CC9AECE4C762376C9B066FE0F1DADD,8748CD5551057308389B0AB012DE769B8FBE78AE,6659F8B47BE0D57A3452A7F8C9326F0A76D5EE1E,15483893699246724B8135CC6F087767EA89A2D3,2020-09-06 02:58:01.520000,2020-09-06 02:58:02.559000
pswiu4viml2vdbbd,failed,not_found,30,D0273C8566CC9AECE4C762376C9B066FE0F1DADD,A8D68ED61673B314CC8CD31C2275ABF1E07387CC,61004152C709672EE739F2667B56EF5550A51332,1532A36172C70012B1057FBBFAFE2734EDBF4A3B,2020-09-06 02:58:02.561000,2020-09-06 02:58:03.144000
23bwfb766pflitgu,failed,not_found,26,D0273C8566CC9AECE4C762376C9B066FE0F1DADD,327F5823438B8EC86EC33355C147D8455AB1C14B,59EA74708A9C1A24D2EB1A2F150C27119A5FC2A6,E7EF73B4722CFAF0E8AA2151D3AA78701DE5F19B,2020-09-06 02:58:00.939000,2020-09-06 02:58:01.573000
23bwfb766pflitgu,failed,not_found,29,D0273C8566CC9AECE4C762376C9B066FE0F1DADD,0869EA503377C702669BC75DD7A59094658DFA08,9B047A91AC809AA020A1F42E3E785DBCEBF3652F,E81978D79F5FBC67DD0E80F6EADCE88A97A79554,2020-09-06 02:58:01.574000,2020-09-06 02:58:02.353000
23bwfb766pflitgu,failed,not_found,33,D0273C8566CC9AECE4C762376C9B066FE0F1DADD,11B8E67878A025AC659A42091604E5DFD2D73E0B,E535EB61F69F0C95C6A3E3E44C990418F8F6BC56,E81AE352A41ECB6C1C67A00816A7B22EDE206F01,2020-09-06 02:58:02.354000,2020-09-06 02:58:09.438000
23bwfb766pflitgu,failed,not_found,108,D0273C8566CC9AECE4C762376C9B066FE0F1DADD,C25E5C62897BACBA309571C2548084B45050FEDF,450AB46ADFD541B3905A5C6140BC53EB8C68C9A5,8E52CC35132AC6DF3781F539148781274D150919,2020-09-06 02:58:09.440000,2020-09-06 02:58:10.042000
23bwfb766pflitgu,failed,not_found,126,D0273C8566CC9AECE4C762376C9B066FE0F1DADD,8701E70AC4C0C9E1FE47EA853FC997D29BE5D65C,6940247E04C839D268543E7F62566A91E40567E3,8E43D46CD4328675B4F68BFF9F45B4D954B67645,2020-09-06 02:58:10.043000,2020-09-06 02:58:11.610000
23bwfb766pflitgu,failed,not_found,258,D0273C8566CC9AECE4C762376C9B066FE0F1DADD,0E300A0942899B995AE08CEF58062BCFEB51EEDF,065E6B20BF87AE6F0E27063BB8AE002ECC3736E9,8E5F4EE45E0631A60E59CAA42E1464FD7120459D,2020-09-06 02:58:11.610000,2020-09-06 02:58:19.407000
nkplcv3utws5mjue,failed,not_found,31,D0273C8566CC9AECE4C762376C9B066FE0F1DADD,E535EB61F69F0C95C6A3E3E44C990418F8F6BC56,051E4946244D0A221A676FF9EA577FC90A573F48,31D391F4720DE896C598B72369AF880ED086D614,2020-09-06 02:58:01.926000,2020-09-06 02:58:02.620000
nkplcv3utws5mjue,failed,not_found,34,D0273C8566CC9AECE4C762376C9B066FE0F1DADD,7D28E11CFC86285A22456956C7E37AABD7AEF8BC,21AC6EF15C86641CE623B8A08D64144BCAC14AEC,7A6873B86D82BC8B4F0E790828626107820F7B9E,2020-09-06 02:58:02.621000,2020-09-06 02:58:03.779000
nkplcv3utws5mjue,failed,not_found,36,D0273C8566CC9AECE4C762376C9B066FE0F1DADD,65FBA426CE8126771C5EEB52634F3BB5E6E93B08,C3D92B0696196558E784EF7252A5370192720BE5,7A601F5E94DB8F365EFDEBC37101430CD9CD55FE,2020-09-06 02:58:03.780000,2020-09-06 02:58:04.041000
nkplcv3utws5mjue,failed,not_found,38,D0273C8566CC9AECE4C762376C9B066FE0F1DADD,1079E628FC6B0025656AC024F2D9975C441498CD,462DFAD3B4C7256DC5C90BD5819A12DC448B3C03,31C3153263B3F9322B582F4A06E9E515F0338C4F,2020-09-06 02:58:04.042000,2020-09-06 02:58:04.465000
nkplcv3utws5mjue,failed,not_found,42,D0273C8566CC9AECE4C762376C9B066FE0F1DADD,6E4B0D429CD87AB6C25D72E298294C583FF8BA4A,909656EA1BC5F45F6BA69FC6D11A8563D74F90B8,7A3E534C033E3836BD5AF223B642853C502AB33A,2020-09-06 02:58:04.465000,2020-09-06 02:58:05.152000
nkplcv3utws5mjue,failed,not_found,43,D0273C8566CC9AECE4C762376C9B066FE0F1DADD,BABBE7B67010279491A1A0B5CF201B85EDB3D8DA,B86BE002D4D6F3E2999E8EEAC9B72CAA796944BE,31D270A38505D4BFBBCABF717E9FB4BCA6DDF2FF,2020-09-06 02:58:05.153000,2020-09-06 02:58:05.788000
7m3ckktkrwudr5iy,failed,not_found,37,D0273C8566CC9AECE4C762376C9B066FE0F1DADD,EFCCA5852D18207A7A93C13EF3460458CAAEA9D9,023EBBC57BEB7F45473B3DC2AA811FB3AABA4466,1408DA5C310FEECE76E7CF88FB68ECB28B22D4DC,2020-09-06 02:58:02.941000,2020-09-06 02:58:04.007000
7m3ckktkrwudr5iy,failed,not_found,253,D0273C8566CC9AECE4C762376C9B066FE0F1DADD,F3936F97C14EFCFD18154DF4443B91FEDD071F47,F5F4019509109A07E90C45A022CEED9ECA1643C8,24AF1603CDF4D118E1F7AEBF680C18BDA5E8F793,2020-09-06 02:58:04.007000,2020-09-06 02:58:19.244000
7m3ckktkrwudr5iy,failed,not_found,274,D0273C8566CC9AECE4C762376C9B066FE0F1DADD,B79B3DFF16815702D224C54C16174694F70FBB46,7355A4A20BA4C083C921464302108C121BAC7EF2,13F7EAE731CA4600951986921E08ECAB9B1D2AF6,2020-09-06 02:58:19.244000,2020-09-06 02:58:19.770000
7m3ckktkrwudr5iy,failed,not_found,297,D0273C8566CC9AECE4C762376C9B066FE0F1DADD,36EBA005CE1BBD9B164600A4666D9EA37082D838,F1A7CE1B1D558DC24E39B6B30FF217ECCEECF141,13EE0E14C6A2751633138277C1443A4C37DD55D4,2020-09-06 02:58:19.770000,2020-09-06 02:58:20.269000
7m3ckktkrwudr5iy,failed,not_found,319,D0273C8566CC9AECE4C762376C9B066FE0F1DADD,61004152C709672EE739F2667B56EF5550A51332,E97DAC45ED2AB46DD830A279BDCC7AFCE10EE674,24592DB1CDA066CDCA41F6403CED661839CDE223,2020-09-06 02:58:20.269000,2020-09-06 02:58:20.711000
7m3ckktkrwudr5iy,failed,not_found,338,D0273C8566CC9AECE4C762376C9B066FE0F1DADD,E00DFD54DC165D5452FBD3530D30186DAD016A0C,87E9E9F7990A1594DFDD63AD61248C546C7122B9,248CE89A310534DF139DF6A36BD87EB4CA237DCF,2020-09-06 02:58:20.711000,2020-09-06 02:58:21.338000
pztq53diizjuv2v5,failed,not_found,39,D0273C8566CC9AECE4C762376C9B066FE0F1DADD,C5340E5A64DF5B0270F1C1EEBFE3074C985F6A93,8E76F1F6E8499CCE975C451560586A5F8BF0BFDB,C3EFDAE459692CC22D7181FEF0F0A579156F43C1,2020-09-06 02:58:03.925000,2020-09-06 02:58:04.871000
pztq53diizjuv2v5,failed,not_found,44,D0273C8566CC9AECE4C762376C9B066FE0F1DADD,F94CCEA0042765AA7EE66BEA5B39C9E03E286EA2,A9F7185499C5784E35B5C25744ED4AB75437CE5D,85C8D89DC303DD8F0D566677FCA8BA6A58A2ACAD,2020-09-06 02:58:04.871000,2020-09-06 02:58:05.394000
pztq53diizjuv2v5,failed,not_found,47,D0273C8566CC9AECE4C762376C9B066FE0F1DADD,2AB9FFCC6618FBBC973C457FC6BE5E8620A60FDC,23A2D8DDF761F35CC63BDF65E604B76A7E2F6971,C3D92B0696196558E784EF7252A5370192720BE5,2020-09-06 02:58:05.394000,2020-09-06 02:58:05.788000
pztq53diizjuv2v5,failed,not_found,49,D0273C8566CC9AECE4C762376C9B066FE0F1DADD,672A56A583C658372E63ACEB43E7F791C2819548,4BD350415010CF72B32C4C487E1C5F4F377F168E,85A3AC041E3FCD796AF5D653953D5E27A56E3719,2020-09-06 02:58:05.788000,2020-09-06 02:58:06.165000
pztq53diizjuv2v5,failed,not_found,50,D0273C8566CC9AECE4C762376C9B066FE0F1DADD,FD7ED9F4871E2EC46035FC602960EACC32E08FF8,D7316BF7FD633DD7474B18C33E1D5FDEB04D26A7,85C8DBFB5574A338CAC8603CAF330EBF93219079,2020-09-06 02:58:06.166000,2020-09-06 02:58:06.704000
pztq53diizjuv2v5,failed,not_found,59,D0273C8566CC9AECE4C762376C9B066FE0F1DADD,1AA506B41F33970359C4136CB3ACDC4D23EAA22F,963879BB424D9A637A63105D5C26A2453C2C2272,C3E0E9EA1FF3FCFC27E856BFE61533020DD7F090,2020-09-06 02:58:06.704000,2020-09-06 02:58:17.821000
adqgjnq7vludzlnc,failed,not_found,45,D0273C8566CC9AECE4C762376C9B066FE0F1DADD,E947C029087FA1C3499BEF5D4372947C51223D8F,8F22AFDD06AA4238ADD93A8EA6FBC2BB9C652711,A96F10828F5D3BA42AC8927F036DEBD994EF04BF,2020-09-06 02:58:04.925000,2020-09-06 02:58:05.479000
adqgjnq7vludzlnc,failed,not_found,48,D0273C8566CC9AECE4C762376C9B066FE0F1DADD,5790B62AD6C79A1092B30993A8F0F7F23A969FD6,25DE8C9AE0706FB20C0AFEE4D0B75E72C97F72AE,A98ADD972045D3CCAEE65C788C3F175BAEA3E324,2020-09-06 02:58:05.480000,2020-09-06 02:58:05.957000
adqgjnq7vludzlnc,failed,not_found,52,D0273C8566CC9AECE4C762376C9B066FE0F1DADD,F37374DB9FA6EF14CED64FD294E8D8683F032EC8,97B6B7B6854F682332A6CCB5ED688EE1D26ECF2E,D37DD572BDA66FC03A33F257975A7F9C167AC8E5,2020-09-06 02:58:05.958000,2020-09-06 02:58:08.160000
adqgjnq7vludzlnc,failed,not_found,71,D0273C8566CC9AECE4C762376C9B066FE0F1DADD,DC2B1E4348AF306326FA63EEDB76EA6139133485,3F1581559522B27BD1342F2A3A0022F273FA93D6,A96DA63E4415E776FBFCCF3DA7154C804534B6E7,2020-09-06 02:58:08.161000,2020-09-06 02:58:08.929000
adqgjnq7vludzlnc,failed,not_found,96,D0273C8566CC9AECE4C762376C9B066FE0F1DADD,57867F90811A563C2A25F34C1FB1BB5003F919EE,174D93DF6242BD4ABE2C09E6607892C3A3905675,D380C57ADE8FF1989F67D22055CEAAD7F1689AD5,2020-09-06 02:58:08.930000,2020-09-06 02:58:09.521000
adqgjnq7vludzlnc,failed,not_found,110,D0273C8566CC9AECE4C762376C9B066FE0F1DADD,F9A3542D5863CD665B7FF758E73DAD40832D0064,A312CC0B069677E50F8A1FAE5F579E3F294D9BEC,D39328D2EAE3816F9C5D5D1BB19D1C14E2E79482,2020-09-06 02:58:09.522000,2020-09-06 02:58:10.590000
z2zjcbnclwajrwch,failed,not_found,56,D0273C8566CC9AECE4C762376C9B066FE0F1DADD,90A40EAF6090BD260237BDFE9391A2EFF35E8733,901CBA6FF3B90618D3FFEFF040353C267F690DF8,76D2EBA82BBCCA3DF9F254A9A8372A10A26F3D14,2020-09-06 02:58:05.945000,2020-09-06 02:58:07.565000
z2zjcbnclwajrwch,failed,not_found,67,D0273C8566CC9AECE4C762376C9B066FE0F1DADD,CDAF0B74C45FD5B1955198A8D92C8A518A53D07B,79D9E66BB2FDBF25E846B635D8248FE1194CFD26,76B4FEDD0696D924A407CFAB50B6E574B28CCDCA,2020-09-06 02:58:07.566000,2020-09-06 02:58:08.137000
z2zjcbnclwajrwch,failed,not_found,76,D0273C8566CC9AECE4C762376C9B066FE0F1DADD,BCDE75725B927738B6FD34EA2D78F4FA77B99848,18F34AE6567F5FB081C4353D5EDA5CEE155810C4,6BBE58792F3D2A15A76F30F5CE0D7CA84CEF046D,2020-09-06 02:58:08.139000,2020-09-06 02:58:08.602000
z2zjcbnclwajrwch,failed,not_found,61,D0273C8566CC9AECE4C762376C9B066FE0F1DADD,76AD361FCE919199F4064A872B666A1FF19A1EA4,88D5F0BD87F9BC1A96FCBFDCEDB1C0E6BAB1D14E,76AB50C3EC0472A63AFB9A833A535FA6BD691478,2020-09-06 02:58:08.603000,2020-09-06 02:58:09.147000
z2zjcbnclwajrwch,failed,not_found,100,D0273C8566CC9AECE4C762376C9B066FE0F1DADD,103336165A0D2EFCAD3605339843A0A7710B8B92,9F29D0DD4AEB62E742BDAEEF2DFD3BDD76953403,6BA54D7805A44F63A75D70AFEC8D2DF6BA7BCAE0,2020-09-06 02:58:09.149000,2020-09-06 02:58:10.159000
z2zjcbnclwajrwch,failed,not_found,257,D0273C8566CC9AECE4C762376C9B066FE0F1DADD,318CB7FC0EAEB92311EB51B5B78E3CAD45EBCF21,0F19413E69DB6507EFDDEC9444C86E0574D6F471,6BCB964AB74E23F8986BDA905697D3A6BE08AF28,2020-09-06 02:58:10.160000,2020-09-06 02:58:19.834000
3dxcdr7iccy4lcap,failed,not_found,63,D0273C8566CC9AECE4C762376C9B066FE0F1DADD,84B7EB921421D2B60E1A7F9360F84F203C2C1CDE,66BBCD0D58FDB891AD86CE22A2613A9BEE3CA274,3CCF9573F59137E52787D9C322AC19D2BD090B70,2020-09-06 02:58:06.932000,2020-09-06 02:58:07.566000
3dxcdr7iccy4lcap,failed,not_found,68,D0273C8566CC9AECE4C762376C9B066FE0F1DADD,E924905923862AA65C5C3EBA53100C54AAFD63AE,03910F285A33F365838EC66EF2C2EF754D046760,069E732EC96774ED5609D4803D7B1130E338B0EB,2020-09-06 02:58:07.566000,2020-09-06 02:58:08.624000
3dxcdr7iccy4lcap,failed,not_found,255,D0273C8566CC9AECE4C762376C9B066FE0F1DADD,BFA905EA10DFD54A38A0C119FAE00182DE4C173B,E14E1B6706360EFEF51556313207968870BFA8BC,3CBC541F2A763ADD7BF742919229251E2C065E4E,2020-09-06 02:58:08.625000,2020-09-06 02:58:19.562000
3dxcdr7iccy4lcap,failed,not_found,287,D0273C8566CC9AECE4C762376C9B066FE0F1DADD,DB53975D02957099E84F319194B8F5C7C6D15712,DF2A241897F04A7D0C2A195D81E0CB1271AD5B6F,067ECF198238BD14B0CFE24899475A53A94E14EC,2020-09-06 02:58:19.563000,2020-09-06 02:58:20.501000
3dxcdr7iccy4lcap,failed,not_found,326,D0273C8566CC9AECE4C762376C9B066FE0F1DADD,56781CCC9F6D29FEA148799AB588429C893A473C,E7882187F6FA695450719FD3738D640FBDFF5D48,0677DF0B05ECDA2EF45F26C3332731043BB89AB8,2020-09-06 02:58:20.502000,2020-09-06 02:58:21.192000
3dxcdr7iccy4lcap,failed,not_found,346,D0273C8566CC9AECE4C762376C9B066FE0F1DADD,5CFC486780CBD4446B764E51608D6574003B350D,FBC1902DD23861D75ACD0D7BE3A902A94B089861,3CB4193EF4E239FCEDC4DC43468E0B0D6B67ACC3,2020-09-06 02:58:21.192000,2020-09-06 02:58:22.059000
v6c4rtjbqifozqgi,failed,not_found,73,D0273C8566CC9AECE4C762376C9B066FE0F1DADD,AD0FCFD83EA4899DB34735E599701592DEA13690,31D270A38505D4BFBBCABF717E9FB4BCA6DDF2FF,AB0CC19517476E610B86FF796B703643BFE21E89,2020-09-06 02:58:07.921000,2020-09-06 02:58:08.316000
v6c4rtjbqifozqgi,failed,not_found,82,D0273C8566CC9AECE4C762376C9B066FE0F1DADD,CE035C7946CEE68425CD2358E620E408A9C823FD,7D6FAE9198BBBC1FDE46B2842F2161AB6328918D,021DDCD687FD505B7EA7E75DA6CEF0D778AA07FB,2020-09-06 02:58:08.317000,2020-09-06 02:58:08.842000
v6c4rtjbqifozqgi,failed,not_found,92,D0273C8566CC9AECE4C762376C9B066FE0F1DADD,383CFCF03B225B3EDCA519197BAA310A58CEAABC,A1FEE8537C847D330F1F7F592BE24360C5D6051F,01FF9C8571D1C09FA8D2ACCE727D5530FEC10038,2020-09-06 02:58:08.842000,2020-09-06 02:58:09.338000
v6c4rtjbqifozqgi,failed,not_found,94,D0273C8566CC9AECE4C762376C9B066FE0F1DADD,EBB799FADD615E93CA97BE5583E5EB97DD21E10F,CED424DF844971572655A1351D159ED79B6C1511,023EBBC57BEB7F45473B3DC2AA811FB3AABA4466,2020-09-06 02:58:09.339000,2020-09-06 02:58:10.009000
v6c4rtjbqifozqgi,failed,not_found,256,D0273C8566CC9AECE4C762376C9B066FE0F1DADD,74AC10CA94E400BA4D69E397562597CA04FC5352,901CBA6FF3B90618D3FFEFF040353C267F690DF8,AAFFA68AB61238F9044B6ECBA62E25264113EB88,2020-09-06 02:58:10.010000,2020-09-06 02:58:19.641000
v6c4rtjbqifozqgi,failed,not_found,292,D0273C8566CC9AECE4C762376C9B066FE0F1DADD,103336165A0D2EFCAD3605339843A0A7710B8B92,EAA088440B100FF8407266B5D4853FFB16A8CB67,AAFF4A997543DB0D881F4F11638485B7D471FECE,2020-09-06 02:58:19.641000,2020-09-06 02:58:20.119000
5axbb2waknloz7m5,failed,not_found,98,D0273C8566CC9AECE4C762376C9B066FE0F1DADD,C86C538EF0A24E010342F30DBCACC2A7EB7CA833,F6740DEABFD5F62612FA025A5079EA72846B1F67,53C9F4954E7A7332BB0C610C5B8E04CA065AF29B,2020-09-06 02:58:08.934000,2020-09-06 02:58:09.536000
5axbb2waknloz7m5,failed,not_found,112,D0273C8566CC9AECE4C762376C9B066FE0F1DADD,BF37445EA2A9F3D04F4B87DFAC624AEF21B559D5,BEBA52AC89045D6EAD68E977DF3F98BCF8330AAF,53B8B5C2A33C489B54300D558BFEE2C3B12F3875,2020-09-06 02:58:09.537000,2020-09-06 02:58:10.025000
5axbb2waknloz7m5,failed,not_found,122,D0273C8566CC9AECE4C762376C9B066FE0F1DADD,013DD355516AB903580197E506A45C9D522AC078,07C3EBBE41DF9FE8551DF69642FEBA70E954DC0F,53CBD4285918F168B92D05CAA9BC0CF499DF72C7,2020-09-06 02:58:10.026000,2020-09-06 02:58:10.718000
5axbb2waknloz7m5,failed,not_found,136,D0273C8566CC9AECE4C762376C9B066FE0F1DADD,1CD48F4ED0F1821FFBF1940802A13EEFD4C27502,04E3B5925EB5F66C6EC810A3D7702E0CA3F9D5E7,ED3ACBBB89C5F1597A44A65D2FA203BDB8E208F2,2020-09-06 02:58:10.718000,2020-09-06 02:58:11.245000
5axbb2waknloz7m5,failed,not_found,140,D0273C8566CC9AECE4C762376C9B066FE0F1DADD,C1A792D0F70DFEFDCE0D9C70A9CE5ACA095693CA,FDCCAF8E5F3F8D33B633238CFCB7113FB9B7AA78,ED4325A6DB8D579CFF70F5A5630FD368464B0D64,2020-09-06 02:58:11.247000,2020-09-06 02:58:11.958000
5axbb2waknloz7m5,failed,not_found,162,D0273C8566CC9AECE4C762376C9B066FE0F1DADD,B161E036AD43D7F8D22BA18FB612200E6A6138A0,50ABA69AF252B16DE00093B478EC88E1A8C903BA,ED5CCD2E90E56B762CF54E118B99CC1835FFC2C1,2020-09-06 02:58:11.958000,2020-09-06 02:58:13.098000
3gunz2tzvjcuzfza,failed,not_found,124,D0273C8566CC9AECE4C762376C9B066FE0F1DADD,EE7CD2A763435C7006095BD167C790ABE5BC4DEA,B56B9FE93F83B4FA69234B17A060E8A8E7446D19,3A9443710224E5182895C342D1D36C1D460A1206,2020-09-06 02:58:10.035000,2020-09-06 02:58:10.402000
3gunz2tzvjcuzfza,failed,not_found,117,D0273C8566CC9AECE4C762376C9B066FE0F1DADD,8BE79CE3261C027CE94F84D6CBE45F03BE9B8B59,94F367A130296C9EB92BE32E25AAEB7F227DE0D6,C8F6F6C1834454F1E927A4A05E8E54EB623D4B73,2020-09-06 02:58:10.403000,2020-09-06 02:58:10.737000
3gunz2tzvjcuzfza,failed,not_found,138,D0273C8566CC9AECE4C762376C9B066FE0F1DADD,68ED229545B43091366714D65F475A4238402964,005079A42356183CEA5A3ADD239303F44F12E7EA,3A992EE90A372FF4ED0DB1E26D9662E967C84A92,2020-09-06 02:58:10.737000,2020-09-06 02:58:11.603000
3gunz2tzvjcuzfza,failed,not_found,151,D0273C8566CC9AECE4C762376C9B066FE0F1DADD,92BBADCB0697F5EB1792C607EE2DC1C291A98ADC,F8D27B163B9247B232A2EEE68DD8B698695C28DE,C8F402FDF89E5B51D862AD68D8C17DFA5A371BA0,2020-09-06 02:58:11.603000,2020-09-06 02:58:12.079000
3gunz2tzvjcuzfza,failed,not_found,165,D0273C8566CC9AECE4C762376C9B066FE0F1DADD,C1B79C4CD9B713BBB6B0522155B46A7BFE3BFAAE,1CA811478AB30F5DE80825E15F95AF18DCD32B2F,C8F388C8E87A0CCC66953A60B6A4942325055C4C,2020-09-06 02:58:12.079000,2020-09-06 02:58:12.962000
3gunz2tzvjcuzfza,failed,not_found,178,D0273C8566CC9AECE4C762376C9B066FE0F1DADD,CCBB2D86A63075F4A2B799A36EF0338F488B0F14,2779DB3B7A0EEC32F39792E393CAA134847BBF6C,3A94EFBF4A220B35A92D0A5B4A80D6324C3C306A,2020-09-06 02:58:12.963000,2020-09-06 02:58:13.555000
a5gy2ukhpaurlgl5,failed,not_found,142,D0273C8566CC9AECE4C762376C9B066FE0F1DADD,014E24C0CD21D2B9829E841D5EC1D3C415F866BF,B8F6E68B36BEE2BF548750BDCCC3C2A7DB56A623,1E5E18AC41DAEDF1BE7A02612C297E35CA24949A,2020-09-06 02:58:10.955000,2020-09-06 02:58:11.696000
a5gy2ukhpaurlgl5,failed,not_found,155,D0273C8566CC9AECE4C762376C9B066FE0F1DADD,8B6B10A0AED89408E509D4422EC926C89C7933D0,1CDCB48F64E21D5ACAFE2471912E2E76F600EDFA,1E5618C079D74CF9AE0C5370DE4C6E1AFD5C0B39,2020-09-06 02:58:11.697000,2020-09-06 02:58:12.219000
a5gy2ukhpaurlgl5,failed,not_found,157,D0273C8566CC9AECE4C762376C9B066FE0F1DADD,9B2BC7EFD661072AFADC533BE8DCF1C19D8C2DCC,8F89078575FEE57675A922E9E088918F63AC750C,1E1A7C9134637383BE653C41973995A229D81595,2020-09-06 02:58:12.220000,2020-09-06 02:58:12.514000
a5gy2ukhpaurlgl5,failed,not_found,170,D0273C8566CC9AECE4C762376C9B066FE0F1DADD,0B85617241252517E8ECF2CFC7F4C1A32DCD153F,A3AFBDEE30238E44899C9F8B7666D12B09C8EE32,00962D2DD0B9BF3A6AF1D5EB201132388ACA1424,2020-09-06 02:58:12.515000,2020-09-06 02:58:13.079000
a5gy2ukhpaurlgl5,failed,not_found,174,D0273C8566CC9AECE4C762376C9B066FE0F1DADD,8D0697D62E9970901B4EC64D511DDF399CD19DB9,EAA823552F959DFD038E9AC8FA89345A738B6C00,0085057C17BD2E1809E284825F06F94E72FB418C,2020-09-06 02:58:13.079000,2020-09-06 02:58:13.397000
a5gy2ukhpaurlgl5,failed,not_found,186,D0273C8566CC9AECE4C762376C9B066FE0F1DADD,787768FEF9FBFE2D9B8E0214019A7F9960D39206,FF15934A434D0058924C3EA028B1FBF1958BDF9F,00B57BF614F7ED3051073B5D4526FF0B23AF217B,2020-09-06 02:58:13.398000,2020-09-06 02:58:13.883000
pc6s5zp2da5vi4wm,failed,not_found,259,D0273C8566CC9AECE4C762376C9B066FE0F1DADD,154D82D7EA5783913F107C2C0E98E217B9E04E88,754CB99117E6ED570DFCFB7D9F12674B97A4E28E,46053D5D5916F20C333406F16911711AB55164C0,2020-09-06 02:58:11.956000,2020-09-06 02:58:20.370000
pc6s5zp2da5vi4wm,failed,not_found,323,D0273C8566CC9AECE4C762376C9B066FE0F1DADD,2298B7EB4E895D770364B961EAC26347E30D4248,3D9CE80399B68C01377FEC42395E399B9ED16E18,F9E32D4058F7F35E9BC4F1D8C3B2DAA0C4466660,2020-09-06 02:58:20.371000,2020-09-06 02:58:20.819000
pc6s5zp2da5vi4wm,failed,not_found,514,D0273C8566CC9AECE4C762376C9B066FE0F1DADD,D8A2D0080B0C73E1DC0EC9F33B497F64E5FB3F52,FFA72BD683BC2FCF988356E6BEC1E490F313FB07,45F1CEDD0D81BE2BF908A7CEF8EA799486E42206,2020-09-06 02:58:20.820000,2020-09-06 02:58:29.899000
pc6s5zp2da5vi4wm,failed,not_found,517,D0273C8566CC9AECE4C762376C9B066FE0F1DADD,7D852A585E27DF63EA2E15DD5A8D9718DDAF7057,6940247E04C839D268543E7F62566A91E40567E3,F9E97AAC7ACB6B48CA17FA55554FD6CB1651ED33,2020-09-06 02:58:29.899000,2020-09-06 02:58:31.126000
pc6s5zp2da5vi4wm,failed,not_found,564,D0273C8566CC9AECE4C762376C9B066FE0F1DADD,FF9FC6D130FA26AE3AE8B23688691DC419F0F22E,E535EB61F69F0C95C6A3E3E44C990418F8F6BC56,F9D942D6A320777940A051C8A4B3EF3C0F28AD38,2020-09-06 02:58:31.127000,2020-09-06 02:58:31.682000
pc6s5zp2da5vi4wm,failed,not_found,570,D0273C8566CC9AECE4C762376C9B066FE0F1DADD,113BEEBA400E58874EE0EB94849DEEF9564290C2,0F8C945AC2D754125630AF74617E3FFE690BB966,45E9240AD4ECE01793A1977C1260503B2C2C861F,2020-09-06 02:58:31.682000,2020-09-06 02:58:32.288000
ewkkxzb5q6jyy5ui,failed,not_found,176,D0273C8566CC9AECE4C762376C9B066FE0F1DADD,B3DA9D673321B92253DCCD38A9740F2C562C91EA,8C612213C4B5C154FA90847F36FBF36DB78AB1AC,C63110BDD8736D2C2A733FF962F58D58FDE63A2D,2020-09-06 02:58:12.937000,2020-09-06 02:58:13.410000
ewkkxzb5q6jyy5ui,failed,not_found,260,D0273C8566CC9AECE4C762376C9B066FE0F1DADD,FBC1902DD23861D75ACD0D7BE3A902A94B089861,11DADACC370978A1FA1D23A4F14F823548C55BD2,0B555940D37DC849728841C0B290074E1A1BDCA8,2020-09-06 02:58:13.410000,2020-09-06 02:58:20.193000
ewkkxzb5q6jyy5ui,failed,not_found,315,D0273C8566CC9AECE4C762376C9B066FE0F1DADD,C912562B219133AE60D81B789F448FF4C1C6F58A,D9B91878B46BB80E6D752E876BF9D481EFEAC5BF,C63D7C4FAE5424D6286411D33497A2191882EB0A,2020-09-06 02:58:20.194000,2020-09-06 02:58:20.676000
ewkkxzb5q6jyy5ui,failed,not_found,444,D0273C8566CC9AECE4C762376C9B066FE0F1DADD,B545577D2991381AD08037641AB2E36E307E38BC,3E04505D362AA324E6E4E1C8516CCD9EF4D41B9C,0B5E5E70FFEA9C7F9FFD13B8E16916A608F3E9EB,2020-09-06 02:58:20.677000,2020-09-06 02:58:25.592000
ewkkxzb5q6jyy5ui,failed,not_found,460,D0273C8566CC9AECE4C762376C9B066FE0F1DADD,DF445006932A7BA942F3EBB4457D7ABF2E4006E0,F9674F45A25CAA977E7B872807E0A070C121F5FA,C63F4EC7437193BD6070D5CBD0EABBB610DD02AA,2020-09-06 02:58:25.593000,2020-09-06 02:58:26.232000
ewkkxzb5q6jyy5ui,failed,not_found,465,D0273C8566CC9AECE4C762376C9B066FE0F1DADD,FE1AF5E909002134BFF834F4AD5E1DE723779002,0F977B4D6EBEECD578AC838A5FDDC81B636060A7,0B45375A2CE8065E8A649D52CC35F39D128745A8,2020-09-06 02:58:26.232000,2020-09-06 02:58:26.480000
gdx54hm3tpzfn3ie,failed,not_found,261,D0273C8566CC9AECE4C762376C9B066FE0F1DADD,A99B0D9E5FD5BC3C8F2D006EC91F8C7F40E09CB8,4E81EA3528D6FB79B10B0F11C6FC96CE1C060021,102EA149211F490C122CACC4054F1BC6A8503EB4,2020-09-06 02:58:13.931000,2020-09-06 02:58:19.433000
gdx54hm3tpzfn3ie,failed,not_found,281,D0273C8566CC9AECE4C762376C9B066FE0F1DADD,0CD9E401F1ACE013988F25E4E4B1BEE3FC1DB7E8,15AE6FFE0E245A820D4F74EA64B4C304EE555C1D,EAA823552F959DFD038E9AC8FA89345A738B6C00,2020-09-06 02:58:19.434000,2020-09-06 02:58:20.844000
gdx54hm3tpzfn3ie,failed,not_found,344,D0273C8566CC9AECE4C762376C9B066FE0F1DADD,DCAA176F75B04287131C6D78B7CFDDAC6F2691D9,6B5508FD5E31F98A1E74DB6B2087A93F1E0658F1,1044A4B0EEEFE21F99404519F802D00D57CCEF16,2020-09-06 02:58:20.844000,2020-09-06 02:58:22.692000
gdx54hm3tpzfn3ie,failed,not_found,384,D0273C8566CC9AECE4C762376C9B066FE0F1DADD,24E1C6412183972BFD76D838AC04D1ED261743D3,3BBF9D98C7D058D7C2E60F6BA5BD574CB4F3FE26,EAD55050858426172B16017918BB21349ACEA913,2020-09-06 02:58:22.693000,2020-09-06 02:58:23.185000
gdx54hm3tpzfn3ie,failed,not_found,399,D0273C8566CC9AECE4C762376C9B066FE0F1DADD,819C8AFEDAC733315A8F3DB80F043F13090C49F6,3D5D6178C44537E3692853B344385F6572A55767,1034775A01EA629979D0A601EC85FDF2F584CC45,2020-09-06 02:58:23.186000,2020-09-06 02:58:23.594000
gdx54hm3tpzfn3ie,failed,not_found,412,D0273C8566CC9AECE4C762376C9B066FE0F1DADD,1B8188170F0AD7998A7D04BD5CE9F6128B032C8E,57B700EBEA3A0F6D38BF915F58B86C017037E260,EAB20BD4083C820EC8329ED5AEBF12019A7749F3,2020-09-06 02:58:23.595000,2020-09-06 02:58:24.375000
lu5v7xgjck5ku6me,failed,not_found,191,D0273C8566CC9AECE4C762376C9B066FE0F1DADD,7992F172EDBE69B99F0190651BAC14DD0FD9E5C8,B291D30517D23299AD7CEE3E60DFE60D0E3A4664,85A3AC041E3FCD796AF5D653953D5E27A56E3719,2020-09-06 02:58:14.924000,2020-09-06 02:58:15.222000
lu5v7xgjck5ku6me,failed,not_found,197,D0273C8566CC9AECE4C762376C9B066FE0F1DADD,9B2BC7EFD661072AFADC533BE8DCF1C19D8C2DCC,5B0DBAC2C854B8EB0E0DD39AD94B66F2FEDC4871,F0832608B0D52E7B4418E54E655CA18A585DEDB8,2020-09-06 02:58:15.223000,2020-09-06 02:58:15.518000
lu5v7xgjck5ku6me,failed,not_found,204,D0273C8566CC9AECE4C762376C9B066FE0F1DADD,D2DD10BD28A3640CF5ACC73C2C0A1A8D3DF002D2,9B047A91AC809AA020A1F42E3E785DBCEBF3652F,85C8DBFB5574A338CAC8603CAF330EBF93219079,2020-09-06 02:58:15.518000,2020-09-06 02:58:16.370000
lu5v7xgjck5ku6me,failed,not_found,206,D0273C8566CC9AECE4C762376C9B066FE0F1DADD,79DEB4E02FD08AE1AEB4D8594AAB082375E9062D,A79F94117D73D4AFA4BCE340A3CB6E345C817594,85C8D89DC303DD8F0D566677FCA8BA6A58A2ACAD,2020-09-06 02:58:16.371000,2020-09-06 02:58:16.807000
lu5v7xgjck5ku6me,failed,not_found,217,D0273C8566CC9AECE4C762376C9B066FE0F1DADD,E7882187F6FA695450719FD3738D640FBDFF5D48,F6F24800B8494ACCC2EE13B8E6D8E7AFF9B13A50,F08A525ACA965CF6A55F0587BF4B7373D98B954E,2020-09-06 02:58:16.809000,2020-09-06 02:58:17.658000
lu5v7xgjck5ku6me,failed,not_found,233,D0273C8566CC9AECE4C762376C9B066FE0F1DADD,AFF320BA96E4338B61A008D2CA250FFE0E23B09C,F3936F97C14EFCFD18154DF4443B91FEDD071F47,F059C76B861B25D8F1BBDA4AD37D1B69035423EC,2020-09-06 02:58:17.659000,2020-09-06 02:58:18.093000
ep3okvuc37fuxycb,failed,not_found,208,D0273C8566CC9AECE4C762376C9B066FE0F1DADD,EC4AD91674B5AFECCA117A396776F120651E55BF,0AA39F432B2E778CAC06F80DA44975385347CDD9,25BDF0D38172072C5D2EA39CE6BFFB6C7E378404,2020-09-06 02:58:15.929000,2020-09-06 02:58:16.563000
ep3okvuc37fuxycb,failed,not_found,214,D0273C8566CC9AECE4C762376C9B066FE0F1DADD,3D615DEF97F387631F50201FAFA6E7B67FDF3FEF,8F89078575FEE57675A922E9E088918F63AC750C,288D7A8EA471B5D9635B6A8AC081764E3CD39798,2020-09-06 02:58:16.564000,2020-09-06 02:58:17.245000
ep3okvuc37fuxycb,failed,not_found,219,D0273C8566CC9AECE4C762376C9B066FE0F1DADD,E087F6FBA148F8BB6A520CEF08FA5BF324828B22,0A843245862A05E6FFB1F416A6E96F6F12EE46AB,288C100FFA656938C23F32207CAF0DA932ECD247,2020-09-06 02:58:17.246000,2020-09-06 02:58:17.606000
ep3okvuc37fuxycb,failed,not_found,231,D0273C8566CC9AECE4C762376C9B066FE0F1DADD,C1A792D0F70DFEFDCE0D9C70A9CE5ACA095693CA,013DD355516AB903580197E506A45C9D522AC078,260B86A04CBEDE605F183624C2FCA3CE81FD24A1,2020-09-06 02:58:17.607000,2020-09-06 02:58:18.227000
ep3okvuc37fuxycb,failed,not_found,366,D0273C8566CC9AECE4C762376C9B066FE0F1DADD,0B25110BA3473A6DC04AB58A3A0D5E4D6922A0E0,BABBE7B67010279491A1A0B5CF201B85EDB3D8DA,25F49247646F1F9C9C4B31217AE004308B271359,2020-09-06 02:58:18.228000,2020-09-06 02:58:22.677000
ep3okvuc37fuxycb,failed,not_found,386,D0273C8566CC9AECE4C762376C9B066FE0F1DADD,23A2D8DDF761F35CC63BDF65E604B76A7E2F6971,99EFED3DE32D6FDC822F140CB42A0D8A9F7EFF87,288DA2F27E30BC73FC8A84367696C9DF6B4C1B90,2020-09-06 02:58:22.678000,2020-09-06 02:58:23.151000
qxv537b7jjstcxgm,failed,not_found,221,D0273C8566CC9AECE4C762376C9B066FE0F1DADD,883F49ECDF48809308C0E5409E5A264B94050140,EC4AD91674B5AFECCA117A396776F120651E55BF,C0D0B7CCC00764FF400BD1011F00CFF58D3B7AF2,2020-09-06 02:58:16.926000,2020-09-06 02:58:17.486000
qxv537b7jjstcxgm,failed,not_found,229,D0273C8566CC9AECE4C762376C9B066FE0F1DADD,2FFE5FAF70D20E76B0474AE9E40C2A0B53F8D9F0,98F788200CC64060695B07555F09A8FE47679AC8,C0E6A667064385B9CB5A685CEB06B85EDDA6AA00,2020-09-06 02:58:17.486000,2020-09-06 02:58:18.064000
qxv537b7jjstcxgm,failed,not_found,242,D0273C8566CC9AECE4C762376C9B066FE0F1DADD,3D5D6178C44537E3692853B344385F6572A55767,9A48EC8AAFB2E8C9E20408596383DB74F1196747,03C3069E814E296EB18776EB61B1ECB754ED89FE,2020-09-06 02:58:18.065000,2020-09-06 02:58:18.680000
qxv537b7jjstcxgm,failed,not_found,250,D0273C8566CC9AECE4C762376C9B066FE0F1DADD,CD39C258265B25EAA4ABA4FDCB2DF98104CAA362,0C6D3655763B1A3A60FC42135CD60765AFE953BA,03C8B603AEBEC0AC4C1F73E3B0CC96A02A04D83D,2020-09-06 02:58:18.680000,2020-09-06 02:58:19.158000
qxv537b7jjstcxgm,failed,not_found,268,D0273C8566CC9AECE4C762376C9B066FE0F1DADD,C646F3F0880F56F967719F013EF97E833B696EF5,20386D9A32BECBE602375E015FC70117955653F1,C0DAAAE5EE461BBE13945FE4B52F32ABDC6BC376,2020-09-06 02:58:19.159000,2020-09-06 02:58:20.609000
qxv537b7jjstcxgm,failed,not_found,332,D0273C8566CC9AECE4C762376C9B066FE0F1DADD,39CF2F22E5018C01FD57DEB1AB8FDFA4592633FB,6FF440DFB1D0697B942357D747900CC308DD57CC,03A33C3454FC0F9AC6966F12FA486999F5A22896,2020-09-06 02:58:20.611000,2020-09-06 02:58:21.583000
riv4cwh75yt4jc2c,failed,not_found,239,D0273C8566CC9AECE4C762376C9B066FE0F1DADD,3BAACE149DB31574B327BF835B594B707D12CD58,F37997F89070869A34C456A2F54577A3276AACB2,FDCCAF8E5F3F8D33B633238CFCB7113FB9B7AA78,2020-09-06 02:58:17.953000,2020-09-06 02:58:18.438000
riv4cwh75yt4jc2c,failed,not_found,236,D0273C8566CC9AECE4C762376C9B066FE0F1DADD,55B5A9DB9C2B57C035437A3CC52A6B11D877CBDD,9E4CC64C4F94C359D43C5BA09094323FDBEFD975,FDBF608F9A2ECD0C600CAF96398A7D5B08D46CA9,2020-09-06 02:58:18.438000,2020-09-06 02:58:19.306000
riv4cwh75yt4jc2c,failed,not_found,278,D0273C8566CC9AECE4C762376C9B066FE0F1DADD,53E73B74B930BCF51621E6F06E65A3E3BC78E83A,D5C6F62A5D1B3C711CA5E6F9D3772A432E96F6C2,285B3195256DEA66C7F58C0596B17D923788056C,2020-09-06 02:58:19.306000,2020-09-06 02:58:19.770000
riv4cwh75yt4jc2c,failed,not_found,298,D0273C8566CC9AECE4C762376C9B066FE0F1DADD,113BEEBA400E58874EE0EB94849DEEF9564290C2,36FA576EE55BE5F1297370FBECBBBEB6125BBE4A,FDD40AA573AFABB54813BB65F023D75ED49A97E8,2020-09-06 02:58:19.770000,2020-09-06 02:58:20.194000
riv4cwh75yt4jc2c,failed,not_found,302,D0273C8566CC9AECE4C762376C9B066FE0F1DADD,EA3616A0B9BBBDC74121D8D6F01EABDDCF6BE35D,A66E5782FE6097D2824044466776FE912AEFD85B,286F22F5D198AB20C50C65B94A03B52CAE588946,2020-09-06 02:58:20.195000,2020-09-06 02:58:21.228000
riv4cwh75yt4jc2c,failed,not_found,359,D0273C8566CC9AECE4C762376C9B066FE0F1DADD,8C35B15C1F138BDE4D50A975129E4773B44A503D,587B1EAF1E22E148EFB010DAA337ACDCD4DB5CBA,283312BB249FCB6633A7C7E1E8241461000E6004,2020-09-06 02:58:21.229000,2020-09-06 02:58:22.087000
orn3gj4c75g2tiys,failed,not_found,264,D0273C8566CC9AECE4C762376C9B066FE0F1DADD,1356CD3452B80393A5E07A4B441529BEE23E91BA,DAD19570682F47FB775B263330BD62B7BF0DEEA8,C841357CFA0F2CE96692EF21D515D6BF0B017036,2020-09-06 02:58:18.944000,2020-09-06 02:58:19.306000
orn3gj4c75g2tiys,failed,not_found,279,D0273C8566CC9AECE4C762376C9B066FE0F1DADD,C2E3E1A73D46982994551380919F08EC5021A908,461453F94FA0E3CBB011685E22CDAFD2AF0DFDC3,81A1D777C023EBB1DEE9E7FA8735629BA8F7497C,2020-09-06 02:58:19.307000,2020-09-06 02:58:19.721000
orn3gj4c75g2tiys,failed,not_found,294,D0273C8566CC9AECE4C762376C9B066FE0F1DADD,0C6D3655763B1A3A60FC42135CD60765AFE953BA,0B9BD7107A528F70A2DA115406C7A89B1C5E483F,819C8AFEDAC733315A8F3DB80F043F13090C49F6,2020-09-06 02:58:19.722000,2020-09-06 02:58:20.119000
orn3gj4c75g2tiys,failed,not_found,418,D0273C8566CC9AECE4C762376C9B066FE0F1DADD,E087F6FBA148F8BB6A520CEF08FA5BF324828B22,6FBD65C22C2996B2038A090BF5E55AA7AEDEE120,C866C38DA2D102CD88E138F0AF3A9D6B72606730,2020-09-06 02:58:20.119000,2020-09-06 02:58:24.695000
orn3gj4c75g2tiys,failed,not_found,439,D0273C8566CC9AECE4C762376C9B066FE0F1DADD,06E72526BBE040C51C5ADFBAA07ADD9AEB5E1FA1,F836446663F1EB816F13708955F105D0B2F5C8E0,C82A233A89DC3D94CF321E1622D9A538E126C216,2020-09-06 02:58:24.696000,2020-09-06 02:58:25.275000
orn3gj4c75g2tiys,failed,not_found,453,D0273C8566CC9AECE4C762376C9B066FE0F1DADD,B1192B1BAD3AD0A15AFC89FEBB23ACC05930B4E3,BDF3F765BEBC50AA559DE55655896F275A2C67AD,8168C5DED2879DCAF91F686683EA00612F422FDC,2020-09-06 02:58:25.275000,2020-09-06 02:58:26.598000
b66vw32dux27qxsw,failed,not_found,306,D0273C8566CC9AECE4C762376C9B066FE0F1DADD,945FC4C24461379C93C5119C0DCDD735DDD943A3,9207B752684266B652B9B6B2517F4C093CCD472F,474648D2DFC1C060A5CA74C8A5976807B7FB5FE0,2020-09-06 02:58:19.955000,2020-09-06 02:58:22.736000
b66vw32dux27qxsw,failed,not_found,387,D0273C8566CC9AECE4C762376C9B066FE0F1DADD,2F33A834C3216E8F41684B5114A7ABE68E216B3B,16BB0A28C79E7700E73C068C68F3366EB552424D,EE94030D02AF5A788C62EA56D483540C38460E10,2020-09-06 02:58:22.736000,2020-09-06 02:58:23.881000
b66vw32dux27qxsw,failed,not_found,416,D0273C8566CC9AECE4C762376C9B066FE0F1DADD,50BAD4E48646797796107ECF0192178495247202,0E300A0942899B995AE08CEF58062BCFEB51EEDF,475B34D76756910C11EB7752EB8285F6BE00C1EE,2020-09-06 02:58:23.882000,2020-09-06 02:58:25.290000
b66vw32dux27qxsw,failed,not_found,455,D0273C8566CC9AECE4C762376C9B066FE0F1DADD,FCF61C25093BB33BAA203D8EE7E65466D42ECF98,6E4B0D429CD87AB6C25D72E298294C583FF8BA4A,EE859849E8D8EF083EEF2025555396A6C3552A8E,2020-09-06 02:58:25.290000,2020-09-06 02:58:25.822000
b66vw32dux27qxsw,failed,not_found,463,D0273C8566CC9AECE4C762376C9B066FE0F1DADD,33D88F331408141F2A2CC563239E54E48F7A211B,EC4AD91674B5AFECCA117A396776F120651E55BF,EE8134DD1697F6A700B450FC3910F636A8FCD07D,2020-09-06 02:58:25.823000,2020-09-06 02:58:26.579000
b66vw32dux27qxsw,failed,not_found,477,D0273C8566CC9AECE4C762376C9B066FE0F1DADD,37535409102DFFE92F3DAC809E470E62BC27F1DF,855BC2DABE24C861CD887DB9B2E950424B49FC34,475C893CCA9661B407865B6DBB30C021AE45F1DA,2020-09-06 02:58:26.580000,2020-09-06 02:58:27.312000
h476j4xqlbbhve6c,failed,not_found,348,D0273C8566CC9AECE4C762376C9B066FE0F1DADD,513753D2C4A1246DCC21241C5BE5022CCBD2645C,D1C5F5F8FAFA2F98A84753416BF83B83F1282137,83381B9F72D753F3F57A5380F6C6D2EB07A4837F,2020-09-06 02:58:20.931000,2020-09-06 02:58:21.654000
h476j4xqlbbhve6c,failed,not_found,363,D0273C8566CC9AECE4C762376C9B066FE0F1DADD,E3F98C86C9E01138DD8EA06B1E660A0CDB4B2782,96B358744E1DB0D6DBB96D32C27F91E9F695275E,D439FC3B5F0A81796F4622320197A90032CAE4DB,2020-09-06 02:58:21.655000,2020-09-06 02:58:22.116000
h476j4xqlbbhve6c,failed,not_found,367,D0273C8566CC9AECE4C762376C9B066FE0F1DADD,A751D8BEE222564B7BA657F74B6658836FF1AEEA,DBEB829AC7ED58571860E4876A0F33D38D5B9E83,D43EF31799FDCE5A235D1E76F4324C00F6804B05,2020-09-06 02:58:22.117000,2020-09-06 02:58:22.594000
h476j4xqlbbhve6c,failed,not_found,380,D0273C8566CC9AECE4C762376C9B066FE0F1DADD,3C79699D4FBC37DE1A212D5033B56DAE079AC0EF,E36536404200A74930DB165858BD5BB554D2BEA2,D46F368FDCFB9363A2A9B8279FFC2331B540BD0E,2020-09-06 02:58:22.595000,2020-09-06 02:58:23.098000
h476j4xqlbbhve6c,failed,not_found,397,D0273C8566CC9AECE4C762376C9B066FE0F1DADD,3C79699D4FBC37DE1A212D5033B56DAE079AC0EF,1AFF59F9B2579D78284EF7173A183F34086D4B56,834C91DEEB2FE4FEFCE55A99C378968FB659115C,2020-09-06 02:58:23.099000,2020-09-06 02:58:23.550000
h476j4xqlbbhve6c,failed,not_found,410,D0273C8566CC9AECE4C762376C9B066FE0F1DADD,DEA98B7F9BA8B7F8A098D3939A6FE446084B48E7,8EE28EAF0874AF9B03EBBD79B5EB5059E2547355,8310506FEB8DA98EAE0C30F65413B4E20B6BE3E0,2020-09-06 02:58:23.551000,2020-09-06 02:58:24.239000
zyj3xrfe2gvmef55,failed,not_found,369,D0273C8566CC9AECE4C762376C9B066FE0F1DADD,9413E5D74EFDCA7C36FCA9664B98C48C93FE33C7,C75CDD818316ABBC839F9F0DDAEC873FCF60C370,24E91955D969AEA1D80413C64FE106FAE7FD2EA9,2020-09-06 02:58:21.929000,2020-09-06 02:58:22.489000
zyj3xrfe2gvmef55,failed,not_found,378,D0273C8566CC9AECE4C762376C9B066FE0F1DADD,CB1EC403A7331FE26F218D178DF8908014CC4F65,400C053623F36C5C3D1CFC73F1AB9DA6E24DEEB7,706B1ED9AF5CCAC90AD488AE2691B358FA598CBB,2020-09-06 02:58:22.490000,2020-09-06 02:58:23.349000
zyj3xrfe2gvmef55,failed,not_found,389,D0273C8566CC9AECE4C762376C9B066FE0F1DADD,951307BA74E44A9C9C208B2F134CDA2409944075,3B953203AF332D8FE1452E1CE7CB50A3B5297DB2,24AF1603CDF4D118E1F7AEBF680C18BDA5E8F793,2020-09-06 02:58:23.349000,2020-09-06 02:58:23.660000
zyj3xrfe2gvmef55,failed,not_found,414,D0273C8566CC9AECE4C762376C9B066FE0F1DADD,B4A96C0852DD0841579D33E09A98D641EACCD73E,F667E4BA1E6F81893B6FDFE4B5D38CE229C3B194,24B1DF80768332990BA8F1230BA41D95D82D52BD,2020-09-06 02:58:23.661000,2020-09-06 02:58:24.102000
zyj3xrfe2gvmef55,failed,not_found,426,D0273C8566CC9AECE4C762376C9B066FE0F1DADD,2D97C1A7D5A06530F3B2B291F8F2C10CB313DC10,3D5D6178C44537E3692853B344385F6572A55767,7088D485934E8A403B81531F8C90BDC75FA43C98,2020-09-06 02:58:24.102000,2020-09-06 02:58:24.576000
zyj3xrfe2gvmef55,failed,not_found,436,D0273C8566CC9AECE4C762376C9B066FE0F1DADD,F35D115BDD5987D301BE0FD27DAB05F5F4B2ABAE,F090D06DD908C91487F0A65DFFDFB1E4CD664288,706A7674A217BA905FE677E82236B7B968A23DB7,2020-09-06 02:58:24.577000,2020-09-06 02:58:25.137000
tlrr3yyipfnvyzo6,failed,not_found,391,D0273C8566CC9AECE4C762376C9B066FE0F1DADD,6DFEB41C04CCE846871338E85DD5ACF5CFB6C1DD,45582F4CCEE4BBF79B44A4853FDD82908B08D4A8,AED04C65D2D0D70DB2932D7D5A0BA58169168CC1,2020-09-06 02:58:22.958000,2020-09-06 02:58:23.316000
tlrr3yyipfnvyzo6,failed,not_found,402,D0273C8566CC9AECE4C762376C9B066FE0F1DADD,F750B4FE53DFB3C63B34C5FBF169778C9C7A62E8,D7316BF7FD633DD7474B18C33E1D5FDEB04D26A7,AECF23413E12738380C7B61E0AF5126D47DF30E3,2020-09-06 02:58:23.317000,2020-09-06 02:58:24.367000
tlrr3yyipfnvyzo6,failed,not_found,431,D0273C8566CC9AECE4C762376C9B066FE0F1DADD,B32B93C90DCAF0012328A8D55D621D26B186E11A,35F63C3C093A2D5CE4F877BD7823A0300A96B0E7,346B952ACA21C53C126F58861A7AB98D5AF5A2F3,2020-09-06 02:58:24.368000,2020-09-06 02:58:24.711000
tlrr3yyipfnvyzo6,failed,not_found,516,D0273C8566CC9AECE4C762376C9B066FE0F1DADD,2EB3C230180694A1E848001E20F36F76A2287039,6FF440DFB1D0697B942357D747900CC308DD57CC,348439F4A3D959E6D1481070DA81A135343419CB,2020-09-06 02:58:24.712000,2020-09-06 02:58:29.197000
tlrr3yyipfnvyzo6,failed,not_found,527,D0273C8566CC9AECE4C762376C9B066FE0F1DADD,5856DB884578915E7C7A0B7B11E4145B1D2A4E2B,B9C1484B549CFE20B4147C819DC510D83B1EA513,3466C887F0F53CA5F65662F601A57F329DB460E9,2020-09-06 02:58:29.197000,2020-09-06 02:58:30.175000
tlrr3yyipfnvyzo6,failed,not_found,628,D0273C8566CC9AECE4C762376C9B066FE0F1DADD,7C22E89AB620E77DF1B4A33787A5EC3F2AB4A8D1,DF81D831D4FF686F52C9ACAA9EB5711F95BF4DD4,AECF1E78CB116AD7105C88B1F08DBFD783E584B2,2020-09-06 02:58:30.176000,2020-09-06 02:58:35.372000
m4sqfl7crxinarwl,failed,not_found,421,D0273C8566CC9AECE4C762376C9B066FE0F1DADD,1DBC55FA202FCD00B844D6E4FA7862A110714985,CAF57EB30FD17389954C9F2B43026734F80E39C0,4623A9EC53BFD83155929E56D6F7B55B5E718C24,2020-09-06 02:58:23.928000,2020-09-06 02:58:24.560000
m4sqfl7crxinarwl,failed,not_found,515,D0273C8566CC9AECE4C762376C9B066FE0F1DADD,BA38C5688E103AE11F50D7188C8E5FDB4B0E5553,63BF46A63F9C21FD315CD061B3EAA3EB05283A0A,EA43347E0DA7CEDD595029B511066628C7C8A653,2020-09-06 02:58:24.561000,2020-09-06 02:58:29.348000
m4sqfl7crxinarwl,failed,not_found,531,D0273C8566CC9AECE4C762376C9B066FE0F1DADD,B1E34EA2AC156AAAA0A1BE2E4F2A38A728891062,980B28A19B0A66948035A3FE143E5CF613C84122,EA3616A0B9BBBDC74121D8D6F01EABDDCF6BE35D,2020-09-06 02:58:29.349000,2020-09-06 02:58:30.114000
m4sqfl7crxinarwl,failed,not_found,537,D0273C8566CC9AECE4C762376C9B066FE0F1DADD,9C0552B04ED88D3434774BA0B049F59D8901F892,8056080EE822B5CA1A8FFF52B7242A82C5E42FBB,EA1AF22E93AC7B8A00DB3197913EE5CAE11FC2F7,2020-09-06 02:58:30.115000,2020-09-06 02:58:30.609000
m4sqfl7crxinarwl,failed,not_found,552,D0273C8566CC9AECE4C762376C9B066FE0F1DADD,188BE26E437D0B0BDD90E0717558CA686D288BAA,87E9E9F7990A1594DFDD63AD61248C546C7122B9,462C4C97170DE94F251A46F4C741032864AD1BFB,2020-09-06 02:58:30.610000,2020-09-06 02:58:31.109000
m4sqfl7crxinarwl,failed,not_found,562,D0273C8566CC9AECE4C762376C9B066FE0F1DADD,5856DB884578915E7C7A0B7B11E4145B1D2A4E2B,1B91B86B67317A63636FE38ABE6C4E701A2B1A99,462D81E70F753A19C429E31086254DD15034CC9B,2020-09-06 02:58:31.110000,2020-09-06 02:58:31.937000
npnm2gbvqnfzk46w,failed,not_found,446,D0273C8566CC9AECE4C762376C9B066FE0F1DADD,7C5C0E83CA290FFF6D5E30D9E0E3FFC9BAE0D0C5,A99B0D9E5FD5BC3C8F2D006EC91F8C7F40E09CB8,28F4F392F8F19E3FBDE09616D9DB8143A1E2DDD3,2020-09-06 02:58:25.095000,2020-09-06 02:58:25.408000
npnm2gbvqnfzk46w,failed,not_found,489,D0273C8566CC9AECE4C762376C9B066FE0F1DADD,07C3EBBE41DF9FE8551DF69642FEBA70E954DC0F,12C4939FD0B11F864612FBB46E5A1F8576987DEB,D6A836B091949DB268139E72BDC3FDC573702055,2020-09-06 02:58:25.409000,2020-09-06 02:58:28.445000
npnm2gbvqnfzk46w,failed,not_found,495,D0273C8566CC9AECE4C762376C9B066FE0F1DADD,F37374DB9FA6EF14CED64FD294E8D8683F032EC8,B83DC1558F0D34353BB992EF93AFEAFDB226A73E,D6670FB54B21818CE7C13524AA003258B8E35D38,2020-09-06 02:58:28.446000,2020-09-06 02:58:28.827000
npnm2gbvqnfzk46w,failed,not_found,706,D0273C8566CC9AECE4C762376C9B066FE0F1DADD,8A57DA2FFB5BA49C041EDE1A095E33E86EA756CC,A98ADD972045D3CCAEE65C788C3F175BAEA3E324,296B2178FD742AB35AB20C9ADF04D5DFD3D407EB,2020-09-06 02:58:28.828000,2020-09-06 02:58:37.633000
npnm2gbvqnfzk46w,failed,not_found,726,D0273C8566CC9AECE4C762376C9B066FE0F1DADD,890F32B8DCFC070E58F5D50AE8EC2BDE01013469,55804F9D37F7B27BD0426B3CB06C64B4D0F95546,D69660417D1BEEC6E9ED2CDCEABC4872BC111ADE,2020-09-06 02:58:37.633000,2020-09-06 02:58:39.717000
npnm2gbvqnfzk46w,failed,not_found,765,D0273C8566CC9AECE4C762376C9B066FE0F1DADD,4D4FD5337E6756158661ABE25AC5902A94CC7174,0FE31E8B143BCA123905993356D1DE49C715E455,28C52CDBB78DA46124DA62EC1D6796689E719210,2020-09-06 02:58:39.718000,2020-09-06 02:58:41
t4e3mjd2imkwho5l,failed,not_found,469,D0273C8566CC9AECE4C762376C9B066FE0F1DADD,8701E70AC4C0C9E1FE47EA853FC997D29BE5D65C,FB43FC51B932F6A8FD75AFBBB45FDD19955889DB,DF390860B5610B8E99C5A78B4099A3705CD36B17,2020-09-06 02:58:25.935000,2020-09-06 02:58:26.596000
t4e3mjd2imkwho5l,failed,not_found,479,D0273C8566CC9AECE4C762376C9B066FE0F1DADD,3BADB3EFFB87534736BFAC9A2024AB78401BDBC3,224C3DD1DFF6F11219604870D48953249EE3C26F,DF445006932A7BA942F3EBB4457D7ABF2E4006E0,2020-09-06 02:58:26.596000,2020-09-06 02:58:27.186000
t4e3mjd2imkwho5l,failed,not_found,481,D0273C8566CC9AECE4C762376C9B066FE0F1DADD,8B6B10A0AED89408E509D4422EC926C89C7933D0,FB1FD9615AD351D773AF13B16E530DD41C81B8F2,229D865D7AC084D30E5F5016CE5A8C21740F74F4,2020-09-06 02:58:27.187000,2020-09-06 02:58:27.548000
t4e3mjd2imkwho5l,failed,not_found,492,D0273C8566CC9AECE4C762376C9B066FE0F1DADD,0B555940D37DC849728841C0B290074E1A1BDCA8,5665A3904C89E22E971305EE8C1997BCA4123C69,DF2A241897F04A7D0C2A195D81E0CB1271AD5B6F,2020-09-06 02:58:27.549000,2020-09-06 02:58:28.510000
t4e3mjd2imkwho5l,failed,not_found,507,D0273C8566CC9AECE4C762376C9B066FE0F1DADD,CC33FBAF8FC92A8EC28913F7C9B1B092BB2C9897,C3799054BC7F0D201FB7C0F9DE31BF1F3D868A37,22775B953E662151549C114CB8EE5FBDBCBDAD02,2020-09-06 02:58:28.510000,2020-09-06 02:58:30.011000
t4e3mjd2imkwho5l,failed,not_found,543,D0273C8566CC9AECE4C762376C9B066FE0F1DADD,1B3E48D75E7F7E61D1B9BBE24BA15A38B454380D,3BB71BAB173DBB4FB24B90843DBD50D8F70406EA,22658368E5AA075AEAACC19075ADC19670A77165,2020-09-06 02:58:30.011000,2020-09-06 02:58:31.366000
rrwylyynb23ntsg7,failed,not_found,483,D0273C8566CC9AECE4C762376C9B066FE0F1DADD,4856C97DC4F2271BC896DF9CABD217EE2D869D68,ACE29EC7700BD112DEB42B934E5E443476CD577C,E37322752F135A344FA33E17F4AFA74C27A687E6,2020-09-06 02:58:26.952000,2020-09-06 02:58:27.549000
rrwylyynb23ntsg7,failed,not_found,493,D0273C8566CC9AECE4C762376C9B066FE0F1DADD,D50EF9DF87048AC3C5929F625169145C21745247,90CBC3F3F13D5E0D5BFF3B1137A4AC64D389CF09,E384748293FC4429E2B427360DB4F9D4C3D619D1,2020-09-06 02:58:27.549000,2020-09-06 02:58:28.189000
rrwylyynb23ntsg7,failed,not_found,501,D0273C8566CC9AECE4C762376C9B066FE0F1DADD,320DB7BEA72C058BA2EEF098BF1AEFBA29371BE0,798A57B4E129699A521A03E7F72BC0FDEC31F4D6,A1DEB529DE86E7CABC3212778374933D68FB7F2F,2020-09-06 02:58:28.190000,2020-09-06 02:58:28.634000
rrwylyynb23ntsg7,failed,not_found,510,D0273C8566CC9AECE4C762376C9B066FE0F1DADD,B56B9FE93F83B4FA69234B17A060E8A8E7446D19,1D54F7CCB7C7A185EE8AA5616C079DD923EB57F2,E379A6CACEFAFE1B8EA68503BFCFF1215BF1EE7F,2020-09-06 02:58:28.634000,2020-09-06 02:58:29.123000
rrwylyynb23ntsg7,failed,not_found,606,D0273C8566CC9AECE4C762376C9B066FE0F1DADD,8BE79CE3261C027CE94F84D6CBE45F03BE9B8B59,005079A42356183CEA5A3ADD239303F44F12E7EA,A1B7C1F83E5DA4376FD2E1DBA7AC28A71AB332AD,2020-09-06 02:58:29.124000,2020-09-06 02:58:33.463000
rrwylyynb23ntsg7,failed,not_found,618,D0273C8566CC9AECE4C762376C9B066FE0F1DADD,513753D2C4A1246DCC21241C5BE5022CCBD2645C,490B2D70C150FB72E31F9A9CA11D2851D94FD449,A1BBCBEC113DAAC7F17E7A7E698AAA7B147D691A,2020-09-06 02:58:33.464000,2020-09-06 02:58:33.991000
oxwqrtmh7qh26ryo,failed,not_found,576,D0273C8566CC9AECE4C762376C9B066FE0F1DADD,B545577D2991381AD08037641AB2E36E307E38BC,678CD3C34D97A32C2E574F3FBAD13711C031D004,475C893CCA9661B407865B6DBB30C021AE45F1DA,2020-09-06 02:58:27.928000,2020-09-06 02:58:32.553000
oxwqrtmh7qh26ryo,failed,not_found,595,D0273C8566CC9AECE4C762376C9B066FE0F1DADD,7B0D94D348D9F98C50B6674C5CB17AF35EA2605F,195A26A390C42A1CE9FA77D2FDC25FB65AE27D45,474648D2DFC1C060A5CA74C8A5976807B7FB5FE0,2020-09-06 02:58:32.554000,2020-09-06 02:58:33.620000
oxwqrtmh7qh26ryo,failed,not_found,625,D0273C8566CC9AECE4C762376C9B066FE0F1DADD,44412B315567A50EF6BBF592B76F1D9B44C146E3,BFA905EA10DFD54A38A0C119FAE00182DE4C173B,475B34D76756910C11EB7752EB8285F6BE00C1EE,2020-09-06 02:58:33.621000,2020-09-06 02:58:34.213000
oxwqrtmh7qh26ryo,failed,not_found,629,D0273C8566CC9AECE4C762376C9B066FE0F1DADD,66BD39FE805AED414ADE400CAAD862C9CC3AC34E,331452F317390D3C78BCD759170699E55C5570C9,BE394E28DCE7CAE18FA9F18321771E2102F9F5D1,2020-09-06 02:58:34.214000,2020-09-06 02:58:34.557000
oxwqrtmh7qh26ryo,failed,not_found,647,D0273C8566CC9AECE4C762376C9B066FE0F1DADD,D5C6F62A5D1B3C711CA5E6F9D3772A432E96F6C2,695D811B130673C2DE8DCFC5A9E742790BD25066,BE1E17C00A4BE0FF280CFE062D03F261061E2E63,2020-09-06 02:58:34.557000,2020-09-06 02:58:35.729000
oxwqrtmh7qh26ryo,failed,not_found,679,D0273C8566CC9AECE4C762376C9B066FE0F1DADD,CBD00958A3B897774E333D75C24E6A75F5220DCC,9171101E709ADE5881F5E2CA1100D4044B44263E,BE1DDA83AA099710FF1F141A9F84E77FDF853F0B,2020-09-06 02:58:35.730000,2020-09-06 02:58:36.847000
j5v7qgd7wnqmmiym,failed,not_found,519,D0273C8566CC9AECE4C762376C9B066FE0F1DADD,59A755782C1F977D6DCD76C0EC450FFCC7C29E56,513753D2C4A1246DCC21241C5BE5022CCBD2645C,FDA70EC93DB01E3CB418CB6943B0C68464B18B4C,2020-09-06 02:58:28.938000,2020-09-06 02:58:29.296000
j5v7qgd7wnqmmiym,failed,not_found,529,D0273C8566CC9AECE4C762376C9B066FE0F1DADD,876B69F71C444A4DBD5BD67581789ACE94C9FA98,0C8433B6B92E2F1C744F3CFBE49ADA7CBEFEEBFA,1CA6E34E762AB5550FBB254A7C7BD874F1550710,2020-09-06 02:58:29.297000,2020-09-06 02:58:30.826000
j5v7qgd7wnqmmiym,failed,not_found,554,D0273C8566CC9AECE4C762376C9B066FE0F1DADD,CCAA620D5CAB34CE95FE3C863D9E6520C07451D8,F6FA13D4B4087BA25D1E01EB46176A79E39425E5,1CD17CB202063C51C7DAD3BACEF87ECE81C2350F,2020-09-06 02:58:30.827000,2020-09-06 02:58:31.833000
j5v7qgd7wnqmmiym,failed,not_found,574,D0273C8566CC9AECE4C762376C9B066FE0F1DADD,D52A160303C638D9FB03463F8A6B7934D5787F4C,B872BA6804C8C6E140AE1897B44CF32B42FD2397,FD969C3C4C9869228D03F3D7540CCFD14889B2E8,2020-09-06 02:58:31.833000,2020-09-06 02:58:32.376000
j5v7qgd7wnqmmiym,failed,not_found,589,D0273C8566CC9AECE4C762376C9B066FE0F1DADD,131FBC8A3D4B44DE9B258ADC58674082B1E06D2C,A59AD84F92B2E5A76EBFE3BE62D3B28AF9BFD127,FDAED15C98CFE7A416E5676F614254F78406105C,2020-09-06 02:58:32.377000,2020-09-06 02:58:32.740000
j5v7qgd7wnqmmiym,failed,not_found,598,D0273C8566CC9AECE4C762376C9B066FE0F1DADD,494E8307AE921E46CCD20BD91C4FACEA8E3CCC5F,B7B5FC9C533A3D08A2888E5226D11C7D0506B572,1CBFDCABD9012B06471FF868FE02B6BCC0133520,2020-09-06 02:58:32.740000,2020-09-06 02:58:33.873000
cgvlt7heerd5ytcz,failed,not_found,540,D0273C8566CC9AECE4C762376C9B066FE0F1DADD,5DA69B086B833FC1DFCF2D9C8B9C3B03137C7EFD,7E8BC43AE75EAE16D7EC4676F4A5C355F454B809,7C8A5B1F41B60827D0E22E3DC2F9F26ED5CB9057,2020-09-06 02:58:29.951000,2020-09-06 02:58:32.269000
cgvlt7heerd5ytcz,failed,not_found,577,D0273C8566CC9AECE4C762376C9B066FE0F1DADD,BDEC565B8B5E3DCCB57E4E7C4C245EDA717D2087,3212FA08FB2358B271606E21B1DFBD6717B94FA3,937F201D2797314953F268D252F5C98D3FA9F71E,2020-09-06 02:58:32.270000,2020-09-06 02:58:32.799000
cgvlt7heerd5ytcz,failed,not_found,601,D0273C8566CC9AECE4C762376C9B066FE0F1DADD,1D88F5D86AE108640C347C36326DE2EA81A78040,D8DF9660261B158A9DF6C3D7D63DD92B0FD5B9F7,7C86C73DB17CE20CD26537C9E3EC0FD7A55E5C6D,2020-09-06 02:58:32.800000,2020-09-06 02:58:33.925000
cgvlt7heerd5ytcz,failed,not_found,631,D0273C8566CC9AECE4C762376C9B066FE0F1DADD,02928855BFAD787F8B363F21860D1E7D156E0655,A0F39D32028CEC7F35419E9570401DE15B1B4564,7C7FFB1C48B7E0C5C9B3D11FEC2F8500F464786A,2020-09-06 02:58:33.925000,2020-09-06 02:58:34.345000
cgvlt7heerd5ytcz,failed,not_found,643,D0273C8566CC9AECE4C762376C9B066FE0F1DADD,5DE37A3371AAE7638748EB43C9F1CE66E09D4470,74AC10CA94E400BA4D69E397562597CA04FC5352,93C1E14CD600CF51B117DE736741E7400A069AFC,2020-09-06 02:58:34.346000,2020-09-06 02:58:34.936000
cgvlt7heerd5ytcz,failed,not_found,777,D0273C8566CC9AECE4C762376C9B066FE0F1DADD,3E4932477308B5C209296D3647A41C4D3F325039,4EC87AABE9867796D26CD4B1D2A0682401807280,939126EA4D25CB212A79746C133194F8A24C435B,2020-09-06 02:58:34.936000,2020-09-06 02:58:42.085000
bwfmhhccu4lsusio,failed,not_found,556,D0273C8566CC9AECE4C762376C9B066FE0F1DADD,BB12ECF3DCF12B187CFD735DAC68F98A3E13DEE2,9AB93B5422149E5DFF4BE6A3814E2F6D9648DB6A,70090E9F85FBE004EEBF58461FD6EDD5BF8A523E,2020-09-06 02:58:30.932000,2020-09-06 02:58:31.918000
bwfmhhccu4lsusio,failed,not_found,579,D0273C8566CC9AECE4C762376C9B066FE0F1DADD,EEFFC0D532AB63BB3E9CAEADA822971F6D3AE8D6,63B32F7E5389E8DBC5E1BCEFE48312DA7CCEF5D6,703922C9B2E9C704C2E65CD9E35D64CF237B62CE,2020-09-06 02:58:31.918000,2020-09-06 02:58:32.492000
bwfmhhccu4lsusio,failed,not_found,591,D0273C8566CC9AECE4C762376C9B066FE0F1DADD,87D73471FDC64BD9CEDF84435D20CA4EB5C36FE8,00E1649E69FF91D7F01E74A5E62EF14F7D9915E4,1AAD015F4D885413A2BCE0E58159116901236C49,2020-09-06 02:58:32.493000,2020-09-06 02:58:32.933000
bwfmhhccu4lsusio,failed,not_found,609,D0273C8566CC9AECE4C762376C9B066FE0F1DADD,2D70583AFDE90C7C3D9CFF9F0C076F0C022CC29C,26198AAE02986B4D9172637DD7872A1EDF41BD40,1A90B9C24AAF9564D23761977E496A1066E0AD67,2020-09-06 02:58:32.934000,2020-09-06 02:58:34.669000
bwfmhhccu4lsusio,failed,not_found,650,D0273C8566CC9AECE4C762376C9B066FE0F1DADD,221546DAE86B003139B13BD6F6AE1B4B42B59DF8,81F59E8936D0B2105182E4B8200AC07D9274961F,1AAC19D892F84910AB94C45092241ABA3CFC4C89,2020-09-06 02:58:34.670000,2020-09-06 02:58:35.155000
bwfmhhccu4lsusio,failed,not_found,667,D0273C8566CC9AECE4C762376C9B066FE0F1DADD,0F6E56C326DC9719942E8BBA58C22F71332DA891,F1855E09E867ECD00A4CB7D36D58170A7574C0FF,7010EF5D1F61EC9CB65658239B8DDA0439E78ACB,2020-09-06 02:58:35.156000,2020-09-06 02:58:35.619000
jcattqdjcnxfx7kw,failed,not_found,581,D0273C8566CC9AECE4C762376C9B066FE0F1DADD,E5507444DAC04539B8DC624299616141B0DB64D5,CA4DF2B63A43080C57CF9A561D4A155F97EC5A4F,B7CC64C566EA6486537BA4187870E2F744763CA5,2020-09-06 02:58:31.936000,2020-09-06 02:58:32.826000
jcattqdjcnxfx7kw,failed,not_found,603,D0273C8566CC9AECE4C762376C9B066FE0F1DADD,116C8E8D3AE732617917521A2947F941697E2A3C,AE08D159352237844C60E0153AC8578320922FB8,5BF17163CBE73D8CD9FDBE030C944EA05707DA93,2020-09-06 02:58:32.827000,2020-09-06 02:58:33.603000
jcattqdjcnxfx7kw,failed,not_found,623,D0273C8566CC9AECE4C762376C9B066FE0F1DADD,5CFF40C764AC4F80FEADF94F7140B56FB21B5777,F117B31DF6A73D6F015BCEE4E6AB13474B18A16F,5C42C5D7824DB75EBC5CBE2DE1DB985EA4970D7F,2020-09-06 02:58:33.604000,2020-09-06 02:58:35.468000
jcattqdjcnxfx7kw,failed,not_found,673,D0273C8566CC9AECE4C762376C9B066FE0F1DADD,FD449127D30D8F5D124653D9EF736EDF4A12B4DC,573051CAA3EEEE2B75EBD096BB1F70D3FDAC5F3A,B7E2EBFBE4462FC908E48007517C53ED0FF752B2,2020-09-06 02:58:35.469000,2020-09-06 02:58:35.916000
jcattqdjcnxfx7kw,failed,not_found,686,D0273C8566CC9AECE4C762376C9B066FE0F1DADD,DC9E3C6576CC9A04AAE1C465210A972A722571A0,F73036C92CD94D5A16DEA9E50FE4BEC2AF3DE171,5C01B2D72D75F109550963F810C2010BDA208549,2020-09-06 02:58:35.916000,2020-09-06 02:58:36.426000
jcattqdjcnxfx7kw,failed,not_found,695,D0273C8566CC9AECE4C762376C9B066FE0F1DADD,516034FF15C96CE841ECCD876EF604802AA5C650,BB004C7F4C5C9FAE5E001864537F89388444F572,B7D773E2196DB5B4129D3C050C063DB0F8DF91A5,2020-09-06 02:58:36.426000,2020-09-06 02:58:36.929000
zfyyriumwjsnu43d,failed,not_found,611,D0273C8566CC9AECE4C762376C9B066FE0F1DADD,F8DE8132E599A194E20DDB738AF64A7200CD5949,68773D3FF7B8CEFCEEFCA32AE72015E2D38C62C1,98867F5242505A2DD581C85B1CE256090B87F138,2020-09-06 02:58:32.941000,2020-09-06 02:58:33.475000
zfyyriumwjsnu43d,failed,not_found,620,D0273C8566CC9AECE4C762376C9B066FE0F1DADD,AFF320BA96E4338B61A008D2CA250FFE0E23B09C,D11217B44873FD7C879E541844B4C20B9A7E5CFB,987D0706D42070F1E2142A9FCCB56B3887808D34,2020-09-06 02:58:33.475000,2020-09-06 02:58:34.113000
zfyyriumwjsnu43d,failed,not_found,637,D0273C8566CC9AECE4C762376C9B066FE0F1DADD,6D163F649ECBE9DC20F016236EF36D7E1559E98E,672A56A583C658372E63ACEB43E7F791C2819548,986E29FB17C8C7A1FEAFF203F012D5930BA079DB,2020-09-06 02:58:34.114000,2020-09-06 02:58:34.925000
zfyyriumwjsnu43d,failed,not_found,658,D0273C8566CC9AECE4C762376C9B066FE0F1DADD,B81C95465242AD30C4242F825ACFB43FE9510C04,7992F172EDBE69B99F0190651BAC14DD0FD9E5C8,DAA806E9529D77EF94685FC0E513386EF65B83F8,2020-09-06 02:58:34.926000,2020-09-06 02:58:37.096000
zfyyriumwjsnu43d,failed,not_found,707,D0273C8566CC9AECE4C762376C9B066FE0F1DADD,01B70C7C497FC8667DB5EB82C40D8F9214D6A484,5CE3AD8AD04ADE66C0037A3CF5F7F7A40D48A20B,DAC825BBF05D678ABDEA1C3086E8D99CF0BBF112,2020-09-06 02:58:37.098000,2020-09-06 02:58:37.444000
zfyyriumwjsnu43d,failed,not_found,721,D0273C8566CC9AECE4C762376C9B066FE0F1DADD,E39A758BD81DD27E8AA27998688E816D0A13DC82,CE694BA8D019EE60D8E7838CC177E689CEA825EA,DAD06DC1175ADBF63AEBEE98494366A1B37D876B,2020-09-06 02:58:37.444000,2020-09-06 02:58:37.776000
alopgghoyyz5uwsx,failed,not_found,634,D0273C8566CC9AECE4C762376C9B066FE0F1DADD,AED04C65D2D0D70DB2932D7D5A0BA58169168CC1,431702B3A68A6015F9955DD4FD0129175B43EA0F,27D668BFB3839D8C6E36193FFC3DF4DD6D79B513,2020-09-06 02:58:33.937000,2020-09-06 02:58:34.690000
alopgghoyyz5uwsx,failed,not_found,652,D0273C8566CC9AECE4C762376C9B066FE0F1DADD,5DBAFEE3BF786896947F805EE3B3BD5C986506B0,4B351545DD58473F36B0A20E5500AC6ED51E8CD5,0367E1FFAB716AC3F418CFB7CBB3BDB9403CD9CB,2020-09-06 02:58:34.691000,2020-09-06 02:58:35.278000
alopgghoyyz5uwsx,failed,not_found,656,D0273C8566CC9AECE4C762376C9B066FE0F1DADD,7B10E2D82A60EFC4E97CE5A9F4E8C9A79C59DFC5,73713518E8BD7110D0C6D84F0682C1E0B7541F79,037B6C60DAD4DF32FDA29BF458D5C8C816AA8F3E,2020-09-06 02:58:35.279000,2020-09-06 02:58:35.892000
alopgghoyyz5uwsx,failed,not_found,682,D0273C8566CC9AECE4C762376C9B066FE0F1DADD,54FF87E18CF4B351BB078A640A4DC5265969485E,BD3FBEC1D67C48A2583DB378B92A59C5E9AB4DA2,27D02579AD5F3E32895D99C38E482D1DC6CBAE5E,2020-09-06 02:58:35.893000,2020-09-06 02:58:36.611000
alopgghoyyz5uwsx,failed,not_found,684,D0273C8566CC9AECE4C762376C9B066FE0F1DADD,FDB4D0BBF9111D98453CBB8E38D6A876E0F3A5FA,8111FEB45EF2950EB8F84BFD8FF070AB07AEE9DD,036EFD2E61DEA3D2FEE59861BA4245E4DE864112,2020-09-06 02:58:36.612000,2020-09-06 02:58:37.462000
alopgghoyyz5uwsx,failed,not_found,723,D0273C8566CC9AECE4C762376C9B066FE0F1DADD,39379E4177FFFB0ED90C2013D97668BD284A1798,5CF342DBBD6170BEE00CD52ACB4076D551085E7F,27F3833453C4006DF1E21C6BF62E4FCD8E99DEF2,2020-09-06 02:58:37.462000,2020-09-06 02:58:38.034000
qwlclixk22rvoyky,failed,not_found,662,D0273C8566CC9AECE4C762376C9B066FE0F1DADD,B204DE75B37064EF6A4C6BAF955C5724578D0B32,714B1799327355AE7236E35DBE778BC28B0519F1,8275CE20C53D79EC51CA87292E7FC58F238F100C,2020-09-06 02:58:34.944000,2020-09-06 02:58:35.603000
qwlclixk22rvoyky,failed,not_found,677,D0273C8566CC9AECE4C762376C9B066FE0F1DADD,42B4F52C5B11E4D39855F654955425B0D5A0598B,005079A42356183CEA5A3ADD239303F44F12E7EA,22E1D1DB4723A174E713B1BF4073DAC1C25351B3,2020-09-06 02:58:35.603000,2020-09-06 02:58:36.345000
qwlclixk22rvoyky,failed,not_found,693,D0273C8566CC9AECE4C762376C9B066FE0F1DADD,E76E2BC2FC9273BFBA38947EB5572076270D49D5,F667E4BA1E6F81893B6FDFE4B5D38CE229C3B194,82969EAB7C94D76D62C4E48F3471A08D71889692,2020-09-06 02:58:36.345000,2020-09-06 02:58:36.841000
qwlclixk22rvoyky,failed,not_found,704,D0273C8566CC9AECE4C762376C9B066FE0F1DADD,FE1AF5E909002134BFF834F4AD5E1DE723779002,208F39CCF602D9549E57D6A386259C1129B8D244,22E6FBDB8D77B4C0FA017D6C5F9B45BECDCBCFF8,2020-09-06 02:58:36.842000,2020-09-06 02:58:37.367000
qwlclixk22rvoyky,failed,not_found,719,D0273C8566CC9AECE4C762376C9B066FE0F1DADD,EDFBD407618B84A388A0FA5035481DE6C6106731,58ED9C9C35E433EE58764D62892B4FFD518A3CD0,828112B80D28A92311A8C6C7CCF369B316C40744,2020-09-06 02:58:37.368000,2020-09-06 02:58:38.328000
qwlclixk22rvoyky,failed,not_found,744,D0273C8566CC9AECE4C762376C9B066FE0F1DADD,6BE5AA34A5C391724677A3FDC2AA77B3768F6E26,6B7ABD237CF25E5F787F365AF5FC4C86F0213A9F,22D2314BC5146890A8E5C19C884D96C0CBFEAA24,2020-09-06 02:58:38.329000,2020-09-06 02:58:38.814000
pvazrsschr6rfh7y,failed,not_found,688,D0273C8566CC9AECE4C762376C9B066FE0F1DADD,E7EF73B4722CFAF0E8AA2151D3AA78701DE5F19B,B3D56C1E0AD84BA93AF6DC533A8569C3D0E8A58B,C871C91489886D5E2E94C13EA1A5FDC4B6DC5204,2020-09-06 02:58:35.930000,2020-09-06 02:58:37.178000
pvazrsschr6rfh7y,failed,not_found,714,D0273C8566CC9AECE4C762376C9B066FE0F1DADD,1FC89C159EA0F96D52D8A7092BF938C509DB6984,8358BDDA9C9A680B4E3A2809E5C24F5B3624D5C2,65E6EB676633328ADE3BD3168A59134CDDD21E19,2020-09-06 02:58:37.179000,2020-09-06 02:58:37.699000
pvazrsschr6rfh7y,failed,not_found,730,D0273C8566CC9AECE4C762376C9B066FE0F1DADD,8657358DD3076664A5989028CEB1A92F5F93C02A,327F5823438B8EC86EC33355C147D8455AB1C14B,C86F7CB21341970DEDF4B6017CCE5F41D7179289,2020-09-06 02:58:37.699000,2020-09-06 02:58:38.158000
pvazrsschr6rfh7y,failed,not_found,733,D0273C8566CC9AECE4C762376C9B066FE0F1DADD,25DE8C9AE0706FB20C0AFEE4D0B75E72C97F72AE,872B18761953254914F77C71846E8A2623C52591,65F241195AD0C8F124B134D8E1FECDDE42C379F9,2020-09-06 02:58:38.159000,2020-09-06 02:58:38.660000
pvazrsschr6rfh7y,failed,not_found,750,D0273C8566CC9AECE4C762376C9B066FE0F1DADD,A597AC866E40CAB5A67759ADE4942192E99DE684,ADC4E832DC8A3D9242FFA6424A99BD55EBA1403B,C87A4D8B534F78FDF0F4639B55F121401FEF259C,2020-09-06 02:58:38.661000,2020-09-06 02:58:39.553000
pvazrsschr6rfh7y,failed,not_found,754,D0273C8566CC9AECE4C762376C9B066FE0F1DADD,8358BDDA9C9A680B4E3A2809E5C24F5B3624D5C2,3E3CBA3F2870CE76A41D3E97A8D838AA703586E3,65E40F7EDD28E2CF28684E30E0BAB7706819CFC3,2020-09-06 02:58:39.554000,2020-09-06 02:58:39.785000
pszfljoenpl742rj,failed,not_found,709,D0273C8566CC9AECE4C762376C9B066FE0F1DADD,9849137C5596CE64F09D7710ACE8175F59DEA914,3FE39429CB7077BBB13D2774591A1B80EE493742,EA1AF22E93AC7B8A00DB3197913EE5CAE11FC2F7,2020-09-06 02:58:36.940000,2020-09-06 02:58:37.973000
pszfljoenpl742rj,failed,not_found,737,D0273C8566CC9AECE4C762376C9B066FE0F1DADD,9FAF5DB5DF3A2AB135C38A86389ECAA9B1B1217D,6E3176C4429321EC94342CD864054BC008B9E47F,DA1B8B8D617909902572790CE8BB99DA502C6485,2020-09-06 02:58:37.974000,2020-09-06 02:58:39.172000
pszfljoenpl742rj,failed,not_found,804,D0273C8566CC9AECE4C762376C9B066FE0F1DADD,EC8C36BC209BA499263E93D0826046667AAC14BA,3239007CE1FB2ECDFDF2067DF23B949295DC5EF6,EA3616A0B9BBBDC74121D8D6F01EABDDCF6BE35D,2020-09-06 02:58:39.173000,2020-09-06 02:58:43.532000
pszfljoenpl742rj,failed,not_found,826,D0273C8566CC9AECE4C762376C9B066FE0F1DADD,EBE718E1A49EE229071702964F8DB1F318075FF8,5DE37A3371AAE7638748EB43C9F1CE66E09D4470,DA4B488C2826DFBBD04D635DA1E71A2BA5B20747,2020-09-06 02:58:43.532000,2020-09-06 02:58:43.965000
pszfljoenpl742rj,failed,not_found,843,D0273C8566CC9AECE4C762376C9B066FE0F1DADD,4AD9C116A1942D58A714433CA24F087F18036A7E,8A59027657872BC7CB7A5F3E24EB3EAEE60467BB,DA13C3CD7EB23CDFD739C31855658BC5B63841EE,2020-09-06 02:58:43.966000,2020-09-06 02:58:45.084000
pszfljoenpl742rj,failed,not_found,881,D0273C8566CC9AECE4C762376C9B066FE0F1DADD,4F0E5D4E184C40E2B9A89664005B308A1DEE3756,D1F2C5C820B3F96BE6144CBFB84FDDF9D0EC0810,EA43347E0DA7CEDD595029B511066628C7C8A653,2020-09-06 02:58:45.084000,2020-09-06 02:58:45.508000
vy65kzuusbrx42lc,failed,not_found,735,D0273C8566CC9AECE4C762376C9B066FE0F1DADD,1D5B12BD85602D8D006D242F394A8EA304BD8275,CDAF0B74C45FD5B1955198A8D92C8A518A53D07B,C3D92B0696196558E784EF7252A5370192720BE5,2020-09-06 02:58:37.959000,2020-09-06 02:58:38.465000
vy65kzuusbrx42lc,failed,not_found,748,D0273C8566CC9AECE4C762376C9B066FE0F1DADD,3C687A2E201A5CEA7E9CE43CA37EDD1030357F68,B161E036AD43D7F8D22BA18FB612200E6A6138A0,C3ACB0492A644E27A549BC3CDF3B7A129186E3BF,2020-09-06 02:58:38.466000,2020-09-06 02:58:40.988000
vy65kzuusbrx42lc,failed,not_found,781,D0273C8566CC9AECE4C762376C9B066FE0F1DADD,8EE28EAF0874AF9B03EBBD79B5EB5059E2547355,03910F285A33F365838EC66EF2C2EF754D046760,283312BB249FCB6633A7C7E1E8241461000E6004,2020-09-06 02:58:40.988000,2020-09-06 02:58:42.076000
vy65kzuusbrx42lc,failed,not_found,795,D0273C8566CC9AECE4C762376C9B066FE0F1DADD,FCC70D3F500C2EA62004137B0137201A93A2B57E,18B160CD5E22BFC345AEE7BA84B7EA45BF457FCA,C3B5C9391E36631ABEA89A19C24750DBDFF7CEC8,2020-09-06 02:58:42.077000,2020-09-06 02:58:43.768000
vy65kzuusbrx42lc,failed,not_found,829,D0273C8566CC9AECE4C762376C9B066FE0F1DADD,2F69F8C4DC02DD15A39BFDB4078A791D89ECEAA2,300F85C23740B762B01595F3C6C9C59F35190CF8,286F22F5D198AB20C50C65B94A03B52CAE588946,2020-09-06 02:58:43.769000,2020-09-06 02:58:44.392000
vy65kzuusbrx42lc,failed,not_found,857,D0273C8566CC9AECE4C762376C9B066FE0F1DADD,2D41697016C0070174BF079BADA7207604086A15,EAA823552F959DFD038E9AC8FA89345A738B6C00,285B3195256DEA66C7F58C0596B17D923788056C,2020-09-06 02:58:44.393000,2020-09-06 02:58:45.093000
ju4g7qgmwmelhkbj,failed,not_found,803,D0273C8566CC9AECE4C762376C9B066FE0F1DADD,66BD39FE805AED414ADE400CAAD862C9CC3AC34E,00C22D3BC1822EB8EA380AF04245337399E796E2,088A6237EED87EDEB0E1E3AD0A4A419F963F0787,2020-09-06 02:58:38.945000,2020-09-06 02:58:43.459000
ju4g7qgmwmelhkbj,failed,not_found,820,D0273C8566CC9AECE4C762376C9B066FE0F1DADD,D228AE265C966CA4E9A8C4B746A30A9737060A32,69B53A5AE5025DA8947F7C32F69CA90375ED2A4E,085527CBD6485FD475AC983FA8683A2D9028BAA8,2020-09-06 02:58:43.460000,2020-09-06 02:58:44.148000
ju4g7qgmwmelhkbj,failed,not_found,837,D0273C8566CC9AECE4C762376C9B066FE0F1DADD,56927E61B51E6F363FB55498150A6DDFCF7077F2,31419A64188BC8070EE89F3CEE6AA98EAAC7E8E8,0882440874034AFBE2FBF16463A290F3278E24F7,2020-09-06 02:58:44.149000,2020-09-06 02:58:44.455000
ju4g7qgmwmelhkbj,failed,not_found,863,D0273C8566CC9AECE4C762376C9B066FE0F1DADD,2CE9BE1FC88B9D0FA03F387C9E4F000B5D4B2AE9,C2F653A5CEE30C8D5713FA4AE7F75E992A479196,6796E53160714D908B39BCB0058CF488FF940336,2020-09-06 02:58:44.455000,2020-09-06 02:58:44.713000
ju4g7qgmwmelhkbj,failed,not_found,959,D0273C8566CC9AECE4C762376C9B066FE0F1DADD,962778AE0BBF7E1FA6B0F1D40D24FFABA282EECA,438F3EA4C9FB0DB63F5377A3271AB5435FAD7E04,678E7DEE06B447E36046D16AEEC1716A13B3B33C,2020-09-06 02:58:44.713000,2020-09-06 02:58:49.233000
ju4g7qgmwmelhkbj,failed,not_found,972,D0273C8566CC9AECE4C762376C9B066FE0F1DADD,ACF165754601059ED2E472F893AD0FA4CAF1142D,D54247E35545388D9C42E4716EDC59F67907789F,6781471814DF164C2A6F17CD1F2584923FDE2101,2020-09-06 02:58:49.233000,2020-09-06 02:58:49.687000
ykep5qfy25bgv3y3,failed,not_found,767,D0273C8566CC9AECE4C762376C9B066FE0F1DADD,79891C17AD8A3C9DD26CC6E003EF48EFDCBD7A1B,F3F3F4900B87CF4A6B4A7F9402502FC457B7B1FC,17C29FA0BF1CC9E25007C7029683576162C4E688,2020-09-06 02:58:40.113000,2020-09-06 02:58:40.432000
ykep5qfy25bgv3y3,failed,not_found,773,D0273C8566CC9AECE4C762376C9B066FE0F1DADD,A55E513A283DF2CD89FC1DED396B0AF4FC8F25F4,E6E2DA3A7F67886997C40F98EE1F3058FFBDBEDE,17CC4D25E33993D011CDA6E68806435FFFD2E6C7,2020-09-06 02:58:40.433000,2020-09-06 02:58:41.071000
ykep5qfy25bgv3y3,failed,not_found,874,D0273C8566CC9AECE4C762376C9B066FE0F1DADD,59EA74708A9C1A24D2EB1A2F150C27119A5FC2A6,8D0697D62E9970901B4EC64D511DDF399CD19DB9,180A5BCC01866E09E4D229B6C084CD1E3C75636F,2020-09-06 02:58:41.072000,2020-09-06 02:58:45.366000
ykep5qfy25bgv3y3,failed,not_found,875,D0273C8566CC9AECE4C762376C9B066FE0F1DADD,8F02FE5E233730A6AB4C982E18A2136E662A0B59,741BD468A18B922A75639FDA6ABE369C080B8B87,3F5689B1ED8217540F0F6C46390AA18370765827,2020-09-06 02:58:45.367000,2020-09-06 02:58:45.738000
ykep5qfy25bgv3y3,failed,not_found,898,D0273C8566CC9AECE4C762376C9B066FE0F1DADD,B9FC8DFA8939C129BE76CD65EBBACA7DDAEF84F5,4A792A32D1182B36C96D82118246C9E6F27B823B,3F62F05E859D7F98B086F702A31F7714D566E49A,2020-09-06 02:58:45.739000,2020-09-06 02:58:46.257000
ykep5qfy25bgv3y3,failed,not_found,907,D0273C8566CC9AECE4C762376C9B066FE0F1DADD,20524B5FE774360FA325CECB2109C42BD00BD8D2,3D636FB9D24EA781C3C2766C051064C6CA1C0D96,3F65766ADE067D9D08920E3B74DAB9040EDD26B2,2020-09-06 02:58:46.257000,2020-09-06 02:58:47.654000
wvtue6vccpo62lca,failed,not_found,779,D0273C8566CC9AECE4C762376C9B066FE0F1DADD,DAF0A29144F02A4089A291FC697972A4CB03C8E0,7158D1E0D9F90F7999ACB3B073DA762C9B2C3275,863D7DD65F64F06934A8CFB228653E38A061FDCD,2020-09-06 02:58:40.939000,2020-09-06 02:58:41.510000
wvtue6vccpo62lca,failed,not_found,787,D0273C8566CC9AECE4C762376C9B066FE0F1DADD,EEDF0AF1F892C82F056063827B47283CC9AEAA41,C81B6B1A13CC474700D0F3FCAE9533E2BAFAC3DD,8646226690C1D4F2DDC3021F89909A26A8C32A27,2020-09-06 02:58:41.511000,2020-09-06 02:58:43.252000
wvtue6vccpo62lca,failed,not_found,814,D0273C8566CC9AECE4C762376C9B066FE0F1DADD,24F97F98C45E4754655BE66799049763DAEE99CE,406788A9108C14F10067BE7960985EB2EC8224D2,8CA736F332937E4FA0F5F48488B823F31883123C,2020-09-06 02:58:43.252000,2020-09-06 02:58:43.823000
wvtue6vccpo62lca,failed,not_found,833,D0273C8566CC9AECE4C762376C9B066FE0F1DADD,F73036C92CD94D5A16DEA9E50FE4BEC2AF3DE171,761A60D0364D9AA03114F72550483287ED060B2D,8CAA470B905758742203E3EB45941719FCA9FEEC,2020-09-06 02:58:43.824000,2020-09-06 02:58:44.231000
wvtue6vccpo62lca,failed,not_found,1020,D0273C8566CC9AECE4C762376C9B066FE0F1DADD,6245DC873D6F613C795D48663D65BD8A2266CAF6,F2899981E3A601A7B2DDC7DDE02C248069704D9F,863FDDA3CA537CE03646B3AEBD3FD1CC6B077FBE,2020-09-06 02:58:44.231000,2020-09-06 02:58:52.398000
wvtue6vccpo62lca,failed,not_found,1021,D0273C8566CC9AECE4C762376C9B066FE0F1DADD,27C61AE08EBDD8B26B78992C7647D890269E9E03,490B2D70C150FB72E31F9A9CA11D2851D94FD449,8CC7474E0671B257AA821624F6B43D9B07CBDC89,2020-09-06 02:58:52.399000,2020-09-06 02:58:52.745000
sswvzjwhgupnluxy,failed,not_found,793,D0273C8566CC9AECE4C762376C9B066FE0F1DADD,C79820F2B3485B259D408516462B700E99004872,20E0DD3AD266195F4620E8334B4CF7F51A3F210D,36414078C521BA19168260F6DF23C97995976289,2020-09-06 02:58:41.939000,2020-09-06 02:58:42.358000
sswvzjwhgupnluxy,failed,not_found,791,D0273C8566CC9AECE4C762376C9B066FE0F1DADD,EAA088440B100FF8407266B5D4853FFB16A8CB67,64E257D94E739278D5954CC820C9D7EAC4E7A7B7,D10B9112E59DEAA4C6FA507521E61EB86D2C2A7E,2020-09-06 02:58:42.359000,2020-09-06 02:58:42.688000
sswvzjwhgupnluxy,failed,not_found,801,D0273C8566CC9AECE4C762376C9B066FE0F1DADD,8A6F5A21493685B50F1B46A87A2099D6C410F237,6CDF81E5A9BF270CDF4C989D5F7917113591C355,D111CA928084A907D8BE9B3F1E1D05227A5FBBE0,2020-09-06 02:58:42.689000,2020-09-06 02:58:43.203000
sswvzjwhgupnluxy,failed,not_found,805,D0273C8566CC9AECE4C762376C9B066FE0F1DADD,2A621A40FF3081F612946FDFB8DC781BCE859A05,8ABC4D5F6182C7E79B087D1ED9E5CF652C83E52C,D11217B44873FD7C879E541844B4C20B9A7E5CFB,2020-09-06 02:58:43.203000,2020-09-06 02:58:43.475000
sswvzjwhgupnluxy,failed,not_found,822,D0273C8566CC9AECE4C762376C9B066FE0F1DADD,F06392BC87DB067C8BA490450C2DC152BFA0E8BB,372082F3E01DE6A6333D30329C6903A19D0E8E87,361D33C96D0F161275EE67E2C91EE10B276E778B,2020-09-06 02:58:43.475000,2020-09-06 02:58:44.064000
sswvzjwhgupnluxy,failed,not_found,845,D0273C8566CC9AECE4C762376C9B066FE0F1DADD,3E3CBA3F2870CE76A41D3E97A8D838AA703586E3,6ED6758622A73F54F0EF59A9D31D71AABD7A70DA,36045C1900EC3FDF1DDA9BEC72DDF7DE50DAF021,2020-09-06 02:58:44.065000,2020-09-06 02:58:44.398000
yqvuctz6li5xbqjx,failed,not_found,807,D0273C8566CC9AECE4C762376C9B066FE0F1DADD,881F09279F94E9AAD3DE30727DF3AD7C2CE900DF,38F0B34A86E19A2C65B20F95BFB0CBE40E3165C9,08EF9013A84A385806A5682881EB2A1B37145FDE,2020-09-06 02:58:42.958000,2020-09-06 02:58:43.484000
yqvuctz6li5xbqjx,failed,not_found,824,D0273C8566CC9AECE4C762376C9B066FE0F1DADD,87B72722FD580C47C96652AC88939DDEEBF62FC7,461453F94FA0E3CBB011685E22CDAFD2AF0DFDC3,08F4692B60862640F688B86826B66F30DEA7AB73,2020-09-06 02:58:43.484000,2020-09-06 02:58:43.939000
yqvuctz6li5xbqjx,failed,not_found,841,D0273C8566CC9AECE4C762376C9B066FE0F1DADD,BF37445EA2A9F3D04F4B87DFAC624AEF21B559D5,4EC87AABE9867796D26CD4B1D2A0682401807280,A751D8BEE222564B7BA657F74B6658836FF1AEEA,2020-09-06 02:58:43.940000,2020-09-06 02:58:44.417000
yqvuctz6li5xbqjx,failed,not_found,861,D0273C8566CC9AECE4C762376C9B066FE0F1DADD,5293A831F0EF51460B37B37C239BC975C077E920,6940247E04C839D268543E7F62566A91E40567E3,A75453E8E5D10D04CBDCC267CF637376F5D6A0FB,2020-09-06 02:58:44.418000,2020-09-06 02:58:44.735000
yqvuctz6li5xbqjx,failed,not_found,870,D0273C8566CC9AECE4C762376C9B066FE0F1DADD,2D70583AFDE90C7C3D9CFF9F0C076F0C022CC29C,E5507444DAC04539B8DC624299616141B0DB64D5,08F06A0DDAFABF9A26FCB2E392A1435F9E048216,2020-09-06 02:58:44.735000,2020-09-06 02:58:45.238000
yqvuctz6li5xbqjx,failed,not_found,886,D0273C8566CC9AECE4C762376C9B066FE0F1DADD,6D163F649ECBE9DC20F016236EF36D7E1559E98E,0F89912E6A4C4A8ACE43C58FF8B83CA299BFF74F,A7378A215483C6AD9968AD505DA1454F7E294797,2020-09-06 02:58:45.239000,2020-09-06 02:58:45.817000
sbjuwfv76a537dke,failed,not_found,839,D0273C8566CC9AECE4C762376C9B066FE0F1DADD,B13C2C569F3FD0C530B7D96E5FF7933DF7A0E834,FEE41B4BC3056FD2B3BF04E20CAC5AD3904CD5AD,58ED9C9C35E433EE58764D62892B4FFD518A3CD0,2020-09-06 02:58:43.935000,2020-09-06 02:58:44.397000
sbjuwfv76a537dke,failed,not_found,859,D0273C8566CC9AECE4C762376C9B066FE0F1DADD,010B7728454411F485CE29D4C79A14534151C2C4,C1A792D0F70DFEFDCE0D9C70A9CE5ACA095693CA,D49BB7514C78F68303D879AF7C3D5D67148F599B,2020-09-06 02:58:44.398000,2020-09-06 02:58:44.956000
sbjuwfv76a537dke,failed,not_found,879,D0273C8566CC9AECE4C762376C9B066FE0F1DADD,1CD48F4ED0F1821FFBF1940802A13EEFD4C27502,B56B9FE93F83B4FA69234B17A060E8A8E7446D19,58BC63142C881F88D08E071DEB63DBA09DE62141,2020-09-06 02:58:44.957000,2020-09-06 02:58:45.569000
sbjuwfv76a537dke,failed,not_found,894,D0273C8566CC9AECE4C762376C9B066FE0F1DADD,F3F3F4900B87CF4A6B4A7F9402502FC457B7B1FC,E106E06222A1D5A4833DE2C336C870DC3D379901,D4991BF14BF7D4BB684E56AB02A44A6CA6391606,2020-09-06 02:58:45.569000,2020-09-06 02:58:46.256000
sbjuwfv76a537dke,failed,not_found,900,D0273C8566CC9AECE4C762376C9B066FE0F1DADD,0745857B06337B7F343635608975972A9EC14901,B9877C7A9EAD7439C186B6B4C2885612BA379874,D48DC22A810BF47E66C678A63AA54715DD3E9879,2020-09-06 02:58:46.256000,2020-09-06 02:58:46.662000
sbjuwfv76a537dke,failed,not_found,914,D0273C8566CC9AECE4C762376C9B066FE0F1DADD,E087F6FBA148F8BB6A520CEF08FA5BF324828B22,453E51CBAA4C2169EBCB05583247DD6201E87FAD,58A7199712C0E52B3C5F2F8E8B27B5A62BE58BC8,2020-09-06 02:58:46.664000,2020-09-06 02:58:47.633000
x7rsvr5yo3y2emqe,failed,not_found,877,D0273C8566CC9AECE4C762376C9B066FE0F1DADD,5B0DBAC2C854B8EB0E0DD39AD94B66F2FEDC4871,B32B93C90DCAF0012328A8D55D621D26B186E11A,D000291816C0D9EE531FA4DD185EC1AD80386A5A,2020-09-06 02:58:44.932000,2020-09-06 02:58:45.433000
x7rsvr5yo3y2emqe,failed,not_found,892,D0273C8566CC9AECE4C762376C9B066FE0F1DADD,0388F4E194E2138C30A139A82AA3F5306C456C53,D5C01B85FB3A48D55698CA660A2DE8935388816E,CFD34B1E1C4FE1363C39169D65389CF3856810B1,2020-09-06 02:58:45.433000,2020-09-06 02:58:47.123000
x7rsvr5yo3y2emqe,failed,not_found,923,D0273C8566CC9AECE4C762376C9B066FE0F1DADD,876C7CE43774366250D3E768E690DAB9D4B5D5A3,DC2B1E4348AF306326FA63EEDB76EA6139133485,CFDF99EE1923D870329F8DAE54398FD45409F01F,2020-09-06 02:58:47.124000,2020-09-06 02:58:47.473000
x7rsvr5yo3y2emqe,failed,not_found,917,D0273C8566CC9AECE4C762376C9B066FE0F1DADD,34B84952AFCDB00444F27805A5EDEF5F7DD549C7,ABF940561A8E528559747D2237847E1BD823CDB8,A8B44F6FFBDF35F7B0ED6C17E1FD2EDC34F244E9,2020-09-06 02:58:47.474000,2020-09-06 02:58:48.149000
x7rsvr5yo3y2emqe,failed,not_found,946,D0273C8566CC9AECE4C762376C9B066FE0F1DADD,0C6CA58153400FA077EABB14773E36FD61BF0D75,A2F7674E837C4131D70A840262AFC269801F14BA,A8BFE1E65C6DC3C7A50F8DFA0BF57F0A118144A5,2020-09-06 02:58:48.149000,2020-09-06 02:58:48.956000
x7rsvr5yo3y2emqe,failed,not_found,1032,D0273C8566CC9AECE4C762376C9B066FE0F1DADD,229A21B9912BD92D696841F77BDEC95A23B67594,A6C983C2F7EEADD55CE9169E540EBD95423FC260,A8D68ED61673B314CC8CD31C2275ABF1E07387CC,2020-09-06 02:58:48.956000,2020-09-06 02:58:54.246000
z3fitpzsfhooxgmv,failed,not_found,902,D0273C8566CC9AECE4C762376C9B066FE0F1DADD,39CF2F22E5018C01FD57DEB1AB8FDFA4592633FB,34979DBD475FFED9CF6556E349DDEDEE69104345,D4DC70B25409B8E4B0FD482B8A70CA6A3F4A123C,2020-09-06 02:58:45.955000,2020-09-06 02:58:46.484000
z3fitpzsfhooxgmv,failed,not_found,911,D0273C8566CC9AECE4C762376C9B066FE0F1DADD,4D52A12D9AD22A7E1BE5B564953A7CA9C31DA675,5CFF40C764AC4F80FEADF94F7140B56FB21B5777,3A9443710224E5182895C342D1D36C1D460A1206,2020-09-06 02:58:46.484000,2020-09-06 02:58:46.977000
z3fitpzsfhooxgmv,failed,not_found,921,D0273C8566CC9AECE4C762376C9B066FE0F1DADD,5CE3AD8AD04ADE66C0037A3CF5F7F7A40D48A20B,503FCA0040D4701CED8078F0A38C3BFD4DB33CCE,D4C16732E765EB52EB0B749DB35DC14C8E0DF996,2020-09-06 02:58:46.978000,2020-09-06 02:58:47.613000
z3fitpzsfhooxgmv,failed,not_found,932,D0273C8566CC9AECE4C762376C9B066FE0F1DADD,049852A10805835E9AB2C551D6C438BE6DE8B24C,F94A7BAC5D1E3D9372437141E10695A625B8B533,3A8557B067FBE53F168BBEAA7D14D1298AE52A52,2020-09-06 02:58:47.614000,2020-09-06 02:58:48.201000
z3fitpzsfhooxgmv,failed,not_found,948,D0273C8566CC9AECE4C762376C9B066FE0F1DADD,1E30069E4E55AF9AC4F288CD17B10BE72552B939,B975DD0D2286202B00492E6C045253170E85B26D,D4D107680B0897DFFEE500E625A98AAA8060C7F1,2020-09-06 02:58:48.202000,2020-09-06 02:58:49.191000
z3fitpzsfhooxgmv,failed,not_found,938,D0273C8566CC9AECE4C762376C9B066FE0F1DADD,51B3FCCAB714011E317723FAACB718DCEC6EE5E7,016093EE4BAE9AF473FC0C811A9D10FDAA9CA34B,3A7528436E0DD9675FB12750F3EDE23CF74F4ACB,2020-09-06 02:58:49.192000,2020-09-06 02:58:50.086000
nlzadfnpxr7tu6db,failed,not_found,919,D0273C8566CC9AECE4C762376C9B066FE0F1DADD,24F97F98C45E4754655BE66799049763DAEE99CE,F6AAFCFB722532DA3E2A54135000E672B9473835,2B4C0C18906FEE37A936815BEBB5F8EB186CE455,2020-09-06 02:58:46.963000,2020-09-06 02:58:47.631000
nlzadfnpxr7tu6db,failed,not_found,934,D0273C8566CC9AECE4C762376C9B066FE0F1DADD,43C83536DACCD110FF11E049A890064F6F87BEB2,C3799054BC7F0D201FB7C0F9DE31BF1F3D868A37,9BAAA9CBA3109C2C807F2E84D5C9C0C8C147DCE6,2020-09-06 02:58:47.631000,2020-09-06 02:58:48.115000
nlzadfnpxr7tu6db,failed,not_found,944,D0273C8566CC9AECE4C762376C9B066FE0F1DADD,230A8B2A8BA861210D9B4BA97745AEC217A94207,25990FC54D7268C914170A118EE4EE75025451DA,9BB6624A2DE95FC73CCC46C034A83494172EE4D3,2020-09-06 02:58:48.116000,2020-09-06 02:58:48.726000
nlzadfnpxr7tu6db,failed,not_found,955,D0273C8566CC9AECE4C762376C9B066FE0F1DADD,C5D91B75D9B991FB53C41AB694D97C961D37B5AB,4586DF1934953F38206B5117237F79C1C8797FC4,9BA84E8C90083676F86C7427C8D105925F13716C,2020-09-06 02:58:48.727000,2020-09-06 02:58:49.378000
nlzadfnpxr7tu6db,failed,not_found,960,D0273C8566CC9AECE4C762376C9B066FE0F1DADD,F6740DEABFD5F62612FA025A5079EA72846B1F67,F8C77C15C14E06874397A0D508D2D2F447B0FA31,2B5E502536A436FE36DA2C6875F4C77F3593B37F,2020-09-06 02:58:49.379000,2020-09-06 02:58:49.977000
nlzadfnpxr7tu6db,failed,not_found,992,D0273C8566CC9AECE4C762376C9B066FE0F1DADD,F73036C92CD94D5A16DEA9E50FE4BEC2AF3DE171,8EE28EAF0874AF9B03EBBD79B5EB5059E2547355,2B5ED281A399E1FC1C7C0964F349B12A175DDE07,2020-09-06 02:58:49.977000,2020-09-06 02:58:50.663000
lpij2dm2pw6fp24c,failed,not_found,940,D0273C8566CC9AECE4C762376C9B066FE0F1DADD,81F59E8936D0B2105182E4B8200AC07D9274961F,92E807AC5E23CCD9FE623EA4DC020B1627A0D09B,F1F94D50FFBB08F60129B55A865666B5FEC8C8FB,2020-09-06 02:58:47.941000,2020-09-06 02:58:48.603000
lpij2dm2pw6fp24c,failed,not_found,952,D0273C8566CC9AECE4C762376C9B066FE0F1DADD,A016192D0A87FC9354A7523A211BBD9CF859708B,81A9D2FABD2BA01C44824432976FAF8FF0BE2909,F1C8901A569F67638748D7BE97969541B3ECC59D,2020-09-06 02:58:48.604000,2020-09-06 02:58:49.015000
lpij2dm2pw6fp24c,failed,not_found,966,D0273C8566CC9AECE4C762376C9B066FE0F1DADD,76AD361FCE919199F4064A872B666A1FF19A1EA4,EE7CD2A763435C7006095BD167C790ABE5BC4DEA,47C42E2094EE482E7C9B586B10BABFB67557030B,2020-09-06 02:58:49.015000,2020-09-06 02:58:49.586000
lpij2dm2pw6fp24c,failed,not_found,982,D0273C8566CC9AECE4C762376C9B066FE0F1DADD,E64625ED5B01A1F0E97BCF0B5D431A432A24F408,1CD48F4ED0F1821FFBF1940802A13EEFD4C27502,47E49319DD67784F1E65B5793371BE467365979E,2020-09-06 02:58:49.586000,2020-09-06 02:58:50.398000
lpij2dm2pw6fp24c,failed,not_found,988,D0273C8566CC9AECE4C762376C9B066FE0F1DADD,EAA823552F959DFD038E9AC8FA89345A738B6C00,5EACEBD7A3F396848F5E56B3EF028505AF80E191,47E1157F7DA6DF80EC00D745D73ACD7B0A380BCF,2020-09-06 02:58:50.399000,2020-09-06 02:58:51.288000
lpij2dm2pw6fp24c,,,,,,,F1B6FA0ED8C60E9C7317AF027E7C0E5C1AE1DD39,2020-09-06 02:58:51.288000,
y4gxtmwo574gzmqn,failed,not_found,964,D0273C8566CC9AECE4C762376C9B066FE0F1DADD,AA8B7237B4D2C76ED4AF24B3B47B375812AACC83,5CE3AD8AD04ADE66C0037A3CF5F7F7A40D48A20B,CEC0E348E90D60EBC562F338499E1C74298F9DDA,2020-09-06 02:58:48.967000,2020-09-06 02:58:49.424000
y4gxtmwo574gzmqn,failed,not_found,977,D0273C8566CC9AECE4C762376C9B066FE0F1DADD,00EAAFDC05DCD6EBD1E06E0B4F1F35D16DF0BA80,6E4B0D429CD87AB6C25D72E298294C583FF8BA4A,CEA2E066A7F8EC0F235F5190E25DD3C9F86F084B,2020-09-06 02:58:49.425000,2020-09-06 02:58:49.845000
y4gxtmwo574gzmqn,failed,not_found,986,D0273C8566CC9AECE4C762376C9B066FE0F1DADD,1804C06A266F0DA26DF58CD559E01C2F7C3FC42A,6ED6758622A73F54F0EF59A9D31D71AABD7A70DA,619349D82424C601CAEB94161A4CF778993DAEE7,2020-09-06 02:58:49.846000,2020-09-06 02:58:50.399000
y4gxtmwo574gzmqn,failed,not_found,998,D0273C8566CC9AECE4C762376C9B066FE0F1DADD,80E3CAD69AAA9DE9ED9CB6531CA3D73F6FB9FE52,C7106F0C6A7CF0F592CBAFF7C79BD81153B1B5F5,619E413D0C8AFF95B456622707016A7AB7B4DA5D,2020-09-06 02:58:50.399000,2020-09-06 02:58:51.224000
y4gxtmwo574gzmqn,failed,not_found,1004,D0273C8566CC9AECE4C762376C9B066FE0F1DADD,E106E06222A1D5A4833DE2C336C870DC3D379901,E7882187F6FA695450719FD3738D640FBDFF5D48,CEACA34874EAD103D27CA6A7650B16112F12B209,2020-09-06 02:58:51.225000,2020-09-06 02:58:51.607000
y4gxtmwo574gzmqn,failed,not_found,1017,D0273C8566CC9AECE4C762376C9B066FE0F1DADD,8358BDDA9C9A680B4E3A2809E5C24F5B3624D5C2,6ED3BE22B2261258017B3F0584706265985D7AE9,6199EFB9443F343D49CA795337D43A6543F24E74,2020-09-06 02:58:51.609000,2020-09-06 02:58:52.053000
cqar7ndxibi2pxhz,failed,not_found,990,D0273C8566CC9AECE4C762376C9B066FE0F1DADD,59C0D88A5B3C65541CF63D0DD88EF15A379D378E,474648D2DFC1C060A5CA74C8A5976807B7FB5FE0,A8503903F97FF27F5D1C3CA38817329F581925E6,2020-09-06 02:58:49.953000,2020-09-06 02:58:50.476000
cqar7ndxibi2pxhz,,,,,,,CF051D466CBEB31925F48A932E2AA0D7F203120B,2020-09-06 02:58:50.477000,
gvqnerhcfptzm3ze,failed,not_found,1007,D0273C8566CC9AECE4C762376C9B066FE0F1DADD,F4873B3EC3325B81DC36C7E38AD3A5ED12B2F339,A79F94117D73D4AFA4BCE340A3CB6E345C817594,C86C538EF0A24E010342F30DBCACC2A7EB7CA833,2020-09-06 02:58:50.957000,2020-09-06 02:58:51.500000
gvqnerhcfptzm3ze,,,,,,,C866C38DA2D102CD88E138F0AF3A9D6B72606730,2020-09-06 02:58:51.501000,
tfkx6excbekjf55w,failed,not_found,1023,D0273C8566CC9AECE4C762376C9B066FE0F1DADD,6ED48ED0DD8CB8C626FFD8597C01F2D43AEE8D01,D123C0F8F562804693C47D68C61786023B295E98,795790C25BDE834B836EA54DD96DB2610829573B,2020-09-06 02:58:51.951000,2020-09-06 02:58:52.708000
tfkx6excbekjf55w,failed,not_found,1030,D0273C8566CC9AECE4C762376C9B066FE0F1DADD,00240ECB2B535AA4C1E1874D744DFA6AF2E5E941,C1B79C4CD9B713BBB6B0522155B46A7BFE3BFAAE,55177132536CB9FDE758F0AADF4D43593B91A1FB,2020-09-06 02:58:52.709000,2020-09-06 02:58:53.116000
tfkx6excbekjf55w,failed,not_found,1033,D0273C8566CC9AECE4C762376C9B066FE0F1DADD,5CFC486780CBD4446B764E51608D6574003B350D,B545577D2991381AD08037641AB2E36E307E38BC,54F5D800DD9783FCF2200E80EF3D1A867A3F6D6B,2020-09-06 02:58:53.117000,2020-09-06 02:58:53.383000
tfkx6excbekjf55w,failed,not_found,1041,D0273C8566CC9AECE4C762376C9B066FE0F1DADD,A1C12067743FA9733F3EA40051E97E9A3E65EBD3,AAFFA68AB61238F9044B6ECBA62E25264113EB88,5519D9ADEC80894D3FFD564B58AC425AEB38CDB3,2020-09-06 02:58:53.384000,2020-09-06 02:58:54.077000
tfkx6excbekjf55w,,,,,,,7961C9991F022C8A363FD440CA395D47DB5D44D5,2020-09-06 02:58:54.078000,
mnl7qx4umf3tprld,failed,not_found,1035,D0273C8566CC9AECE4C762376C9B066FE0F1DADD,7A3E534C033E3836BD5AF223B642853C502AB33A,C7B06598721344ECA8F31BE89CAFB642FEA57548,2723A5FFD3B6ED842EB44C380D3AB4D26DEF60AA,2020-09-06 02:58:52.958000,2020-09-06 02:58:53.807000
mnl7qx4umf3tprld,,,,,,,2728AD264284944DBDDDFE0C6DBE656A85A93602,2020-09-06 02:58:53.807000,
hkbe2amketecx64b,failed,not_found,1050,D0273C8566CC9AECE4C762376C9B066FE0F1DADD,741BD468A18B922A75639FDA6ABE369C080B8B87,91E7CA6B8D0AAD77C7CFB8FEA25BF4F46DA1042A,4E5868CC28C466E2C97DEF362E7990A1A336C4D3,2020-09-06 02:58:53.938000,2020-09-06 02:58:54.861000
hkbe2amketecx64b,,,,,,,334523D7723EDC633C136CA9CFE9C2012CCC2FE8,2020-09-06 02:58:54.862000,
