addr,status,reason,circ,guard_fp,middle_fp,exit_fp,hsdir_fp,start,end
bv7wscorhtpzfaec,failed,not_found,,,,,3AE9B85D5945000C2A65F4E054171928D5BDE91E,2020-08-28 04:17:06.475000,2020-08-28 04:17:07.005000
bv7wscorhtpzfaec,failed,not_found,8,4C5B8134341E66CB09246985E4039F9BFC0ADCE3,F6CD4DBF5850AC4386DD9A424918AD3C6BA2716F,4D2FCB3C654AD6AFCA4AF87E87AE72735F643D8B,3AFDAAD91A15B4C6A7686A53AA8627CA871FF491,2020-08-28 04:17:07.006000,2020-08-28 04:17:08.475000
bv7wscorhtpzfaec,failed,not_found,126,4C5B8134341E66CB09246985E4039F9BFC0ADCE3,733CB01BFBABADA6AC5C363C4449D7D563C794C1,9772EFB535397C942C3AB8804FB35CFFAD012438,3AF69B3ECCB000879CA1BCD0B36B619DBF712291,2020-08-28 04:17:08.476000,2020-08-28 04:17:17.654000
bv7wscorhtpzfaec,failed,not_found,149,4C5B8134341E66CB09246985E4039F9BFC0ADCE3,6DFEB41C04CCE846871338E85DD5ACF5CFB6C1DD,A9F7185499C5784E35B5C25744ED4AB75437CE5D,FD47FA4A74C2BA062EC731286930B97FA873A7D6,2020-08-28 04:17:17.655000,2020-08-28 04:17:18.295000
bv7wscorhtpzfaec,failed,not_found,167,4C5B8134341E66CB09246985E4039F9BFC0ADCE3,58A7199712C0E52B3C5F2F8E8B27B5A62BE58BC8,7CD234DFEFE8F215EC9AE2BC1D2CAFC9E0D1CC00,FD2F9B881AC640100C428DF47DC9A863DC2F2536,2020-08-28 04:17:18.295000,2020-08-28 04:17:19.707000
bv7wscorhtpzfaec,failed,not_found,196,4C5B8134341E66CB09246985E4039F9BFC0ADCE3,AC2275831607A95CD8B939C3B8DC466CCF48E2B9,116AE83220B11649C3936F8B85D75B28F86109F5,FD709DBF3AF5DDE2812BCE5A5CA2FBB733DEF520,2020-08-28 04:17:19.708000,2020-08-28 04:17:22.031000
hbdbs7fzpgqqhsyr,failed,not_found,,,,,04C3468BE24740347CBCC00534C940DBCBCABC82,2020-08-28 04:17:06.478000,2020-08-28 04:17:06.984000
hbdbs7fzpgqqhsyr,failed,not_found,7,4C5B8134341E66CB09246985E4039F9BFC0ADCE3,88F5FD94C520B22A1A5B98EC20003F046ED601DD,FE547E7D1D2B3797EA07BECD5E75C85AA94A5E4A,049C1168996B33B2240DF6D83C35B85452CF70A6,2020-08-28 04:17:06.984000,2020-08-28 04:17:08.269000
hbdbs7fzpgqqhsyr,failed,not_found,18,4C5B8134341E66CB09246985E4039F9BFC0ADCE3,21E54A1CB86144A4CAF60C636227ABB3D23C30D0,18CA9EA099BB9861E354D2A6FF49337A7E81C2F3,855BC2DABE24C861CD887DB9B2E950424B49FC34,2020-08-28 04:17:08.270000,2020-08-28 04:17:09.189000
hbdbs7fzpgqqhsyr,failed,not_found,26,4C5B8134341E66CB09246985E4039F9BFC0ADCE3,F7ACB36752F2D27A03800E505D1599F26C981B53,ACF165754601059ED2E472F893AD0FA4CAF1142D,04A28A62F27D9C4A60F9ED0C4264E98B988C65A3,2020-08-28 04:17:09.191000,2020-08-28 04:17:10.205000
hbdbs7fzpgqqhsyr,failed,not_found,36,4C5B8134341E66CB09246985E4039F9BFC0ADCE3,03F24BAFD1C1E1BD4786801635E41A28A41390B7,19C374B5EBA98E21CD689B616FD7F4B4E9000392,8566E02B56F1C000012DED3D530728C5B8BD7845,2020-08-28 04:17:10.206000,2020-08-28 04:17:11.444000
hbdbs7fzpgqqhsyr,failed,not_found,49,4C5B8134341E66CB09246985E4039F9BFC0ADCE3,C8C46E3E4F00A92C344B367E45F9D63EBB831DE1,AD187C19DC15552A109BDD3343B1242661DF5702,8554E174D5CDB3E5E194E4A8F8378509255E8243,2020-08-28 04:17:11.445000,2020-08-28 04:17:13.248000
fcacrqmdlcv55yhf,failed,not_found,,,,,7FF94320963B5CDAF9A072CE9BEE9B4F1F2B383C,2020-08-28 04:17:06.479000,2020-08-28 04:17:07.228000
fcacrqmdlcv55yhf,failed,not_found,11,4C5B8134341E66CB09246985E4039F9BFC0ADCE3,0C9B3C686421C5A8C20BAA0D7369CD929F43A174,13D13C0ECB5DE7D9B047E21F674505C90C1E0088,8B9B72D9613E1B674A17DAA6A11FE336C3427191,2020-08-28 04:17:07.229000,2020-08-28 04:17:08.624000
fcacrqmdlcv55yhf,failed,not_found,15,4C5B8134341E66CB09246985E4039F9BFC0ADCE3,E11FC7C83F417808A4CDD84A5ABFC112844C477A,1D54F7CCB7C7A185EE8AA5616C079DD923EB57F2,8B6B10A0AED89408E509D4422EC926C89C7933D0,2020-08-28 04:17:08.625000,2020-08-28 04:17:09.261000
fcacrqmdlcv55yhf,failed,not_found,28,4C5B8134341E66CB09246985E4039F9BFC0ADCE3,C0EDB08D7540D1DD3CA69809ED17D979F51B66E3,08F06A0DDAFABF9A26FCB2E392A1435F9E048216,800267725AF0B34265FB6A2795AB3F743A63DD96,2020-08-28 04:17:09.262000,2020-08-28 04:17:10.840000
fcacrqmdlcv55yhf,failed,not_found,46,4C5B8134341E66CB09246985E4039F9BFC0ADCE3,87B529BCF6B52BE28BBB22EC4AA702F9AE42D551,2F69F8C4DC02DD15A39BFDB4078A791D89ECEAA2,8B64F593CAC2ED05C0FA703AEF50FF71925B569C,2020-08-28 04:17:10.841000,2020-08-28 04:17:11.715000
fcacrqmdlcv55yhf,failed,not_found,58,4C5B8134341E66CB09246985E4039F9BFC0ADCE3,2F69F8C4DC02DD15A39BFDB4078A791D89ECEAA2,AC330D98115D6DA8A82E24469BFB03A5B365AB56,801FC54687E380C226D35CD7DBBF73FCD442EA6B,2020-08-28 04:17:11.717000,2020-08-28 04:17:12.747000
cflareusni3s7vwhq2f7gc4opsik7aa4t2ajedhzr42ez6uajaywh3qd,received,,9,4C5B8134341E66CB09246985E4039F9BFC0ADCE3,78E42C5EA3FC4C5606B3ACF5623DE25FE6B5F167,158581827034DEF1BAB1FC248D180165452E53D3,C12B69DD87847DE8765B1C4335EFB4066FBFD880,2020-08-28 04:17:07.087000,2020-08-28 04:17:08.222000
cflareusni3s7vwhq2f7gc4opsik7aa4t2ajedhzr42ez6uajaywh3qd,received,,42,4C5B8134341E66CB09246985E4039F9BFC0ADCE3,BD6FFF1AD5A88A8D43870D43EC4450081B4B2BBA,8B64F593CAC2ED05C0FA703AEF50FF71925B569C,93C4C20DD1A6797200A60FBE714523FD9D41B5B3,2020-08-28 04:17:10.627000,2020-08-28 04:17:11.935000
fle22p2h3swo53ve,failed,not_found,12,4C5B8134341E66CB09246985E4039F9BFC0ADCE3,795790C25BDE834B836EA54DD96DB2610829573B,8358BDDA9C9A680B4E3A2809E5C24F5B3624D5C2,14D30D32CFFCA63D89E001BE80DE0E3AC4B25046,2020-08-28 04:17:07.485000,2020-08-28 04:17:08.771000
fle22p2h3swo53ve,failed,not_found,23,4C5B8134341E66CB09246985E4039F9BFC0ADCE3,DD0AA66DD9E4E71FFAFAB658DF8300F1CEEA0364,E4BE02471657C3A17C667D7C079498E4B314049F,D245C3E824456945C6759599CB8A0547135A066D,2020-08-28 04:17:08.772000,2020-08-28 04:17:11.274000
fle22p2h3swo53ve,failed,not_found,48,4C5B8134341E66CB09246985E4039F9BFC0ADCE3,322C6E3A973BC10FC36DE3037AD27BC89F14723B,8358BDDA9C9A680B4E3A2809E5C24F5B3624D5C2,D24D0C28AB48768CF8B79DD762D61DB4FD015677,2020-08-28 04:17:11.274000,2020-08-28 04:17:12.215000
fle22p2h3swo53ve,failed,not_found,63,4C5B8134341E66CB09246985E4039F9BFC0ADCE3,42D47C736518BFA495CA31AEE40AE468F0BDA2A6,5B0DBAC2C854B8EB0E0DD39AD94B66F2FEDC4871,14D57DEDF0A4554A2D21AD53CCCC43E31158C733,2020-08-28 04:17:12.215000,2020-08-28 04:17:13.092000
fle22p2h3swo53ve,failed,not_found,75,4C5B8134341E66CB09246985E4039F9BFC0ADCE3,ED2BF11CB3C0205CADC94596DC688A5153FCAB35,E46C3F0533709EE2112874B13A4FE3868B33E75E,D23F48B37526F904EECB3C8ED0747EF254C11BB4,2020-08-28 04:17:13.093000,2020-08-28 04:17:14.016000
fle22p2h3swo53ve,failed,not_found,89,4C5B8134341E66CB09246985E4039F9BFC0ADCE3,A2CD32D9D0668DB764AD68C745CE29693CA851B9,A33573C935B34CD07D988E774819DF0D30359F8B,14D2FDC6ABDCD1A27CA32D13AA2C68566D1E8223,2020-08-28 04:17:14.016000,2020-08-28 04:17:16.919000
bhgc6r7brjlnyglw,failed,not_found,13,4C5B8134341E66CB09246985E4039F9BFC0ADCE3,9AB93B5422149E5DFF4BE6A3814E2F6D9648DB6A,7C22E89AB620E77DF1B4A33787A5EC3F2AB4A8D1,6E8E5CA9B6F567416ADA21E990E7746BC223B0C0,2020-08-28 04:17:07.504000,2020-08-28 04:17:08.828000
bhgc6r7brjlnyglw,failed,not_found,24,4C5B8134341E66CB09246985E4039F9BFC0ADCE3,0D99F89BBB92BF5557F8D3F895DB218A72871089,CE47F0356D86CF0A1A2008D97623216D560FB0A8,6FB20BB05A841CDDB308E85A4D117FCFC911F5EA,2020-08-28 04:17:08.829000,2020-08-28 04:17:09.850000
bhgc6r7brjlnyglw,failed,not_found,25,4C5B8134341E66CB09246985E4039F9BFC0ADCE3,F00EC2E0A2CA79A57FE7A0918A087987747D772D,E81D56AE3FE9919F3A42AB11100901E6BAEC4FCB,6E6C98C926772F55C47D6E31318AA1BE74463E06,2020-08-28 04:17:09.850000,2020-08-28 04:17:10.839000
bhgc6r7brjlnyglw,failed,not_found,45,4C5B8134341E66CB09246985E4039F9BFC0ADCE3,1F768F39EDFA445C14E18E915B0CED7E14E450CF,C5BF27560E4B007365FBA96D32F9E74614218C8E,6E94866ED8CA098BACDFD36D4E8E2B459B8A734E,2020-08-28 04:17:10.840000,2020-08-28 04:17:11.882000
bhgc6r7brjlnyglw,failed,not_found,59,4C5B8134341E66CB09246985E4039F9BFC0ADCE3,0F6E5CA4BF5565D9AA9FDDCA165AFC6A5305763D,6FB20BB05A841CDDB308E85A4D117FCFC911F5EA,6FB41ED1D68FCC399DCE81600CE30360DCFFE263,2020-08-28 04:17:11.883000,2020-08-28 04:17:13.043000
bhgc6r7brjlnyglw,failed,not_found,73,4C5B8134341E66CB09246985E4039F9BFC0ADCE3,9B2BC7EFD661072AFADC533BE8DCF1C19D8C2DCC,BFB14B9ADF1F19E59258CAE7FCDBAAC9937B7B10,6F901069356A789F02294F18A4D5FE1368239702,2020-08-28 04:17:13.044000,2020-08-28 04:17:14.028000
nrmqhhigob6iyi4e,failed,not_found,14,4C5B8134341E66CB09246985E4039F9BFC0ADCE3,EA8CEAA8939F20108D4388B6EAE867A5AC6442C1,E14B30A83FF80C576B2EC0F2C8A5F29D41B8DC8E,AE6A8C18E7499B586CD36246AC4BCAFFBBF93AB2,2020-08-28 04:17:07.504000,2020-08-28 04:17:09.192000
nrmqhhigob6iyi4e,failed,not_found,27,4C5B8134341E66CB09246985E4039F9BFC0ADCE3,74B8B22AF950B0BE11D8A228FB09D2F5279FB757,AB8A96AA4E0303D7D93AECCC1F5C7EE06515D611,AE9377C75CE822E839F15F74C9F346E68D7DB488,2020-08-28 04:17:09.192000,2020-08-28 04:17:12.159000
nrmqhhigob6iyi4e,failed,not_found,61,4C5B8134341E66CB09246985E4039F9BFC0ADCE3,D10B9112E59DEAA4C6FA507521E61EB86D2C2A7E,CDAF0B74C45FD5B1955198A8D92C8A518A53D07B,AE95BDA37A5BB4685FEBB7F06649D6CE949B5316,2020-08-28 04:17:12.160000,2020-08-28 04:17:13.249000
nrmqhhigob6iyi4e,failed,not_found,78,4C5B8134341E66CB09246985E4039F9BFC0ADCE3,32E6CC6C6B428B2043F0B3E78F7332F1016D73E1,7ED3D8AFAC750F8CC0BDF8C87FE3BCBA2BBE2209,6796E53160714D908B39BCB0058CF488FF940336,2020-08-28 04:17:13.250000,2020-08-28 04:17:14.205000
nrmqhhigob6iyi4e,failed,not_found,95,4C5B8134341E66CB09246985E4039F9BFC0ADCE3,3D6C776E8BE9E8AE5D0591594117999E3C5498C8,A55E513A283DF2CD89FC1DED396B0AF4FC8F25F4,6781471814DF164C2A6F17CD1F2584923FDE2101,2020-08-28 04:17:14.206000,2020-08-28 04:17:15.142000
nrmqhhigob6iyi4e,failed,not_found,109,4C5B8134341E66CB09246985E4039F9BFC0ADCE3,F73036C92CD94D5A16DEA9E50FE4BEC2AF3DE171,568583D9E46C68045E2131CF403E48F21DF11F0A,678E7DEE06B447E36046D16AEEC1716A13B3B33C,2020-08-28 04:17:15.143000,2020-08-28 04:17:16.191000
si5kb3djkqgin4lp,failed,not_found,20,4C5B8134341E66CB09246985E4039F9BFC0ADCE3,15BE17C99FACE24470D40AF782D6A9C692AB36D6,8B67AE10335B9D44D31509B9A94ABE8ED769F17A,7145E72C955B5A8A2CDACA6C3953BC5ECD79E102,2020-08-28 04:17:08.488000,2020-08-28 04:17:10.151000
si5kb3djkqgin4lp,failed,not_found,35,4C5B8134341E66CB09246985E4039F9BFC0ADCE3,DC2B1E4348AF306326FA63EEDB76EA6139133485,6E4B0D429CD87AB6C25D72E298294C583FF8BA4A,714724B5D72158B36AC147270D5B0AE915FC1FE9,2020-08-28 04:17:10.152000,2020-08-28 04:17:11.494000
si5kb3djkqgin4lp,failed,not_found,127,4C5B8134341E66CB09246985E4039F9BFC0ADCE3,3586697291602DC8042EB152E60701FFFE8777BD,F15A2A08BF91017DCFB6042171635661E13A8256,714425418EEEDFACC86D87544B265892E98FA32B,2020-08-28 04:17:11.495000,2020-08-28 04:17:17.059000
si5kb3djkqgin4lp,failed,not_found,147,4C5B8134341E66CB09246985E4039F9BFC0ADCE3,088A6237EED87EDEB0E1E3AD0A4A419F963F0787,03910F285A33F365838EC66EF2C2EF754D046760,3098CC656BB3F519FEBF93AF6E0CBBDE4D84002A,2020-08-28 04:17:17.060000,2020-08-28 04:17:18.372000
si5kb3djkqgin4lp,failed,not_found,169,4C5B8134341E66CB09246985E4039F9BFC0ADCE3,7D8EBB86CF2EB560F938BEF018E1D8FD6B36B327,6E4B5DBF0EE117085C50A8F0E07488A1EB30B562,3092A9B4B9356F9D84D7521A59DBFC5CB3B5332C,2020-08-28 04:17:18.372000,2020-08-28 04:17:19.633000
si5kb3djkqgin4lp,failed,not_found,400,4C5B8134341E66CB09246985E4039F9BFC0ADCE3,157CED138D3DE9CBFB5AE0232A319C2980F6C409,AB7E26C3AF536A87E5099335A4CBE832E2194311,308E8E4085CF3DA9F3C9B2DA79FDAF20A3676654,2020-08-28 04:17:19.634000,2020-08-28 04:17:27.219000
b3lqucqt2zwoiaz7,failed,not_found,21,4C5B8134341E66CB09246985E4039F9BFC0ADCE3,0E300A0942899B995AE08CEF58062BCFEB51EEDF,1F97BE0788A261FF978C082E0AB44ADD96AF1F7A,F08A525ACA965CF6A55F0587BF4B7373D98B954E,2020-08-28 04:17:08.498000,2020-08-28 04:17:09.594000
b3lqucqt2zwoiaz7,failed,not_found,33,4C5B8134341E66CB09246985E4039F9BFC0ADCE3,1D81272219B679D511930499AD8286BCD8F6C445,2FFE5FAF70D20E76B0474AE9E40C2A0B53F8D9F0,F07B89BC9D794F3D9342417C62FBA8F9972D04A3,2020-08-28 04:17:09.597000,2020-08-28 04:17:10.657000
b3lqucqt2zwoiaz7,failed,not_found,43,4C5B8134341E66CB09246985E4039F9BFC0ADCE3,5DB9AE27A44EB7B476CC04A66C67A71C97A001E6,1589600C48D2DFA5187ADD908B47CA7E381190CA,77375E4B8A1B4838D5A65C0E9638C4856D5137B3,2020-08-28 04:17:10.657000,2020-08-28 04:17:12.554000
b3lqucqt2zwoiaz7,failed,not_found,71,4C5B8134341E66CB09246985E4039F9BFC0ADCE3,7600899E54FA28AABB1764548ED28CDEC96673B1,638D91FC9EF661348A6994D04C3499BC03F50BBE,77387F000E74717DF92C16C5D4AA30AC9B5B8E3B,2020-08-28 04:17:12.555000,2020-08-28 04:17:13.630000
b3lqucqt2zwoiaz7,failed,not_found,76,4C5B8134341E66CB09246985E4039F9BFC0ADCE3,690C190822B240351DD1A19D0337E8373B1290E8,3098CC656BB3F519FEBF93AF6E0CBBDE4D84002A,7749943AC70AAAF5143638CA9B67786D28C1D39F,2020-08-28 04:17:13.631000,2020-08-28 04:17:14.282000
b3lqucqt2zwoiaz7,failed,not_found,96,4C5B8134341E66CB09246985E4039F9BFC0ADCE3,AE17FAAF8F302A506AF2167666EC62882804403F,1188DC549FDF5E8054E1FE8C789A632CD1872F7E,F0832608B0D52E7B4418E54E655CA18A585DEDB8,2020-08-28 04:17:14.283000,2020-08-28 04:17:15.235000
h6mcszuffcjgmwhp,failed,not_found,22,4C5B8134341E66CB09246985E4039F9BFC0ADCE3,D54247E35545388D9C42E4716EDC59F67907789F,D8E8B73CEE4849D6956CF4D4F64A806AC2258FB1,776FCB8F73F8D84407F5AF2460A75F9EEC982EB3,2020-08-28 04:17:08.508000,2020-08-28 04:17:09.481000
h6mcszuffcjgmwhp,failed,not_found,29,4C5B8134341E66CB09246985E4039F9BFC0ADCE3,C7B6A1B76B6476DB3DA8C960E262CC7425B5C5F8,C2B45199FC6F98E21BFAFE0833348F288FA337E3,77A56CB237740E24AEA2D61C8C8936232AFC1BD8,2020-08-28 04:17:09.482000,2020-08-28 04:17:10.678000
h6mcszuffcjgmwhp,failed,not_found,44,4C5B8134341E66CB09246985E4039F9BFC0ADCE3,874D84382C892F3F61CC9E106BF08843DE0B865A,43C83536DACCD110FF11E049A890064F6F87BEB2,777B2DECD67C607D8857AD60E976EE3E1E8A52BF,2020-08-28 04:17:10.678000,2020-08-28 04:17:12.552000
h6mcszuffcjgmwhp,failed,not_found,70,4C5B8134341E66CB09246985E4039F9BFC0ADCE3,82DA9678A0BAE60087AA68A3E1D6E6A2C4246D6D,316DE45EFFB53671C9FD53CE0992952846709A29,9492CC046A0BB01638C2332073AA0600B3F31252,2020-08-28 04:17:12.553000,2020-08-28 04:17:13.527000
h6mcszuffcjgmwhp,failed,not_found,85,4C5B8134341E66CB09246985E4039F9BFC0ADCE3,1CD48F4ED0F1821FFBF1940802A13EEFD4C27502,DC26790B303AFF12256AF7D016BAA70C8A883450,948DAB87359621CB8DF7D368A4C46C7F905AC84B,2020-08-28 04:17:13.528000,2020-08-28 04:17:15.256000
h6mcszuffcjgmwhp,failed,not_found,114,4C5B8134341E66CB09246985E4039F9BFC0ADCE3,E3E7491900ECA759D7FA64E6B1CCBD6AC69474D7,AA44DDCAAF120676DC6616DF7C5DC7062AE7C208,949545960655C17A26F6525F67C554233CFE163F,2020-08-28 04:17:15.256000,2020-08-28 04:17:16.570000
n73ej7qj7h5noe2t,failed,not_found,30,4C5B8134341E66CB09246985E4039F9BFC0ADCE3,D53AE170BF6650A2C6640484FE1B5DD1C0AB895B,DAA806E9529D77EF94685FC0E513386EF65B83F8,AD7C011CE0280249FA05053C1AC8E770E242ADF8,2020-08-28 04:17:09.492000,2020-08-28 04:17:11.548000
n73ej7qj7h5noe2t,failed,not_found,56,4C5B8134341E66CB09246985E4039F9BFC0ADCE3,1FC89C159EA0F96D52D8A7092BF938C509DB6984,4E41B00F930F3E72530F339EF4C911CE97D2AE9E,AD9F6804869ADD53A55F20DA4A1FC107F38D079E,2020-08-28 04:17:11.549000,2020-08-28 04:17:14.191000
n73ej7qj7h5noe2t,failed,not_found,94,4C5B8134341E66CB09246985E4039F9BFC0ADCE3,6BE5AA34A5C391724677A3FDC2AA77B3768F6E26,557B39146EB121C8CFA22C48AD78BDBDBC8FF3A1,AD86CD1A49573D52A7B6F4A35750F161AAD89C88,2020-08-28 04:17:14.192000,2020-08-28 04:17:15.157000
n73ej7qj7h5noe2t,failed,not_found,110,4C5B8134341E66CB09246985E4039F9BFC0ADCE3,AB687988F260DE9EDC3B36C66287DE2660ED1CE0,FEDE31337E4E19E06B97D282F08B0A0E8B9C5526,B3D56C1E0AD84BA93AF6DC533A8569C3D0E8A58B,2020-08-28 04:17:15.158000,2020-08-28 04:17:16.307000
n73ej7qj7h5noe2t,failed,not_found,132,4C5B8134341E66CB09246985E4039F9BFC0ADCE3,52D5FB2004C67127C73B71478238FA66122BD443,D0681DAAABC320310B8616951D6C19F69F778A6F,B426BB592E20008B7ED9E9D7AC5651ED8B0EB39E,2020-08-28 04:17:16.308000,2020-08-28 04:17:17.200000
n73ej7qj7h5noe2t,failed,not_found,150,4C5B8134341E66CB09246985E4039F9BFC0ADCE3,ED7F2BE5D2AC7FCF821A909E2486FFFB95D65272,980B28A19B0A66948035A3FE143E5CF613C84122,B3DA9D673321B92253DCCD38A9740F2C562C91EA,2020-08-28 04:17:17.201000,2020-08-28 04:17:18.655000
vszshbirzgcb23uu,failed,not_found,31,4C5B8134341E66CB09246985E4039F9BFC0ADCE3,21310F48066A4CAADEB2BFD324F0B38F8E1448D6,12CF6DB4DAE106206D6C6B09988E865C0509843B,D947623B30C9D6E142E7D90FC7368B1A2A4F5045,2020-08-28 04:17:09.510000,2020-08-28 04:17:10.371000
vszshbirzgcb23uu,failed,not_found,37,4C5B8134341E66CB09246985E4039F9BFC0ADCE3,FD79B7F9230858B48E75F389661840C702511078,2F69F8C4DC02DD15A39BFDB4078A791D89ECEAA2,D952BAC96C3FCFB37B7EFF49E615582CD63FF62E,2020-08-28 04:17:10.372000,2020-08-28 04:17:11.495000
vszshbirzgcb23uu,failed,not_found,53,4C5B8134341E66CB09246985E4039F9BFC0ADCE3,D5C6F62A5D1B3C711CA5E6F9D3772A432E96F6C2,782936C16BF876F5F59A1793ADB1C5B251DB65E7,D941D380E5228E7B4D372AF4D484629A96DC48B9,2020-08-28 04:17:11.495000,2020-08-28 04:17:12.428000
vszshbirzgcb23uu,failed,not_found,66,4C5B8134341E66CB09246985E4039F9BFC0ADCE3,F8DE8132E599A194E20DDB738AF64A7200CD5949,3C79702BCC4AA498CB8E9FEC8A51A72AE89169EA,167DCDA849A47EAEC227B584180CB3E220773151,2020-08-28 04:17:12.428000,2020-08-28 04:17:13.808000
vszshbirzgcb23uu,failed,not_found,87,4C5B8134341E66CB09246985E4039F9BFC0ADCE3,39CF2F22E5018C01FD57DEB1AB8FDFA4592633FB,2935E0F03B71BE44F6F265FEF976E810BAAD6F4E,166985A84230B5F9A78C970736AE944B413930D7,2020-08-28 04:17:13.809000,2020-08-28 04:17:15.229000
vszshbirzgcb23uu,failed,not_found,112,4C5B8134341E66CB09246985E4039F9BFC0ADCE3,1D81272219B679D511930499AD8286BCD8F6C445,6C333B5BDBA3DFE7A782E40CB970C271ABFED119,1684B30AE2ADD371E5D3A8B3F28ACA4CE9CA2E00,2020-08-28 04:17:15.231000,2020-08-28 04:17:16.226000
wxqnex537rmxuav5,failed,not_found,32,4C5B8134341E66CB09246985E4039F9BFC0ADCE3,B86BE002D4D6F3E2999E8EEAC9B72CAA796944BE,E00C087ECFB27D7BF969936F1FDD9354E03CAE2F,185663B7C12777F052B2C2D23D7A239D8DA88A0F,2020-08-28 04:17:09.511000,2020-08-28 04:17:10.536000
wxqnex537rmxuav5,failed,not_found,41,4C5B8134341E66CB09246985E4039F9BFC0ADCE3,E3F98C86C9E01138DD8EA06B1E660A0CDB4B2782,AED04C65D2D0D70DB2932D7D5A0BA58169168CC1,1850585BE9BCA1F80D0A051909C94E49D1C49ED3,2020-08-28 04:17:10.537000,2020-08-28 04:17:11.652000
wxqnex537rmxuav5,failed,not_found,47,4C5B8134341E66CB09246985E4039F9BFC0ADCE3,AEF0EADA8C92A4DF1500FAE303ECD8E1EBD56670,8B889E04C60E30D511013189D3C2ADCE522E1F3C,59C0D88A5B3C65541CF63D0DD88EF15A379D378E,2020-08-28 04:17:11.652000,2020-08-28 04:17:12.214000
wxqnex537rmxuav5,failed,not_found,62,4C5B8134341E66CB09246985E4039F9BFC0ADCE3,648E97719EDEC4F0E08F1CEB8D24F2C8F587344C,62A60158A2C302E3DA792D7A4F5339F41321E5D9,1852D84B0341845F2BDC2CCBC673E9D42307A111,2020-08-28 04:17:12.214000,2020-08-28 04:17:13.207000
wxqnex537rmxuav5,failed,not_found,77,4C5B8134341E66CB09246985E4039F9BFC0ADCE3,3D9CE80399B68C01377FEC42395E399B9ED16E18,8358BDDA9C9A680B4E3A2809E5C24F5B3624D5C2,59CA96E7CDA30AB36C597B499C848BD845745EA0,2020-08-28 04:17:13.208000,2020-08-28 04:17:14.181000
wxqnex537rmxuav5,failed,not_found,93,4C5B8134341E66CB09246985E4039F9BFC0ADCE3,7A2A6F39F485C4FC95FB885FFF37C436FD2BB7E5,CCF28BC8FB26C8C172DEE741702056914D2849BD,59CF9A030CC61A4432564738F46E30DB06893494,2020-08-28 04:17:14.182000,2020-08-28 04:17:15.085000
i3726nb356mpn6p6,failed,not_found,38,4C5B8134341E66CB09246985E4039F9BFC0ADCE3,87B529BCF6B52BE28BBB22EC4AA702F9AE42D551,E36536404200A74930DB165858BD5BB554D2BEA2,A96F10828F5D3BA42AC8927F036DEBD994EF04BF,2020-08-28 04:17:10.481000,2020-08-28 04:17:11.476000
i3726nb356mpn6p6,failed,not_found,50,4C5B8134341E66CB09246985E4039F9BFC0ADCE3,636CA2469D3B461FC730BAB9F5AA94EA323FC332,CDAF0B74C45FD5B1955198A8D92C8A518A53D07B,A98ADD972045D3CCAEE65C788C3F175BAEA3E324,2020-08-28 04:17:11.476000,2020-08-28 04:17:13.291000
i3726nb356mpn6p6,failed,not_found,148,4C5B8134341E66CB09246985E4039F9BFC0ADCE3,CB92FA4D7D71F134CE1F1FFF2BFF53E88DD4A1DB,12D552E8AF7AA2B71B218B5BBF6A5FEFA6F26BA0,A943B09784A779C0BFBF627F233797CE98C058D4,2020-08-28 04:17:13.292000,2020-08-28 04:17:18.216000
i3726nb356mpn6p6,failed,not_found,164,4C5B8134341E66CB09246985E4039F9BFC0ADCE3,7FA3FA525901A91A1310B817943668BC2C16289E,B87D46124FCB8BD887CC774349F335ED1F8419F6,4945C1D8A3F51F1E5D353191AC318F47C4AF5D6F,2020-08-28 04:17:18.216000,2020-08-28 04:17:20.418000
i3726nb356mpn6p6,failed,not_found,207,4C5B8134341E66CB09246985E4039F9BFC0ADCE3,E2AB420FC7D9513C79D034BEF9A977635E4E7851,005079A42356183CEA5A3ADD239303F44F12E7EA,49791A9C1CD16463868F407C3968A3DCF1E9DC49,2020-08-28 04:17:20.419000,2020-08-28 04:17:22.354000
i3726nb356mpn6p6,failed,not_found,266,4C5B8134341E66CB09246985E4039F9BFC0ADCE3,0C6D3655763B1A3A60FC42135CD60765AFE953BA,3204DE59F4A2D745F0F31D61D93CB4D257FE0AB6,495B496867C84BBC92338301D924850F226E75DA,2020-08-28 04:17:22.355000,2020-08-28 04:17:23.608000
c6nhjryxawieagf3,failed,not_found,39,4C5B8134341E66CB09246985E4039F9BFC0ADCE3,40E5B2E1158377727BD699FC5F512635119F6CD2,C2481FAAA5508F6C2A64873972281220E9778476,CE564F43529BBC5A78D804496B656E97BFABE66C,2020-08-28 04:17:10.491000,2020-08-28 04:17:12.260000
c6nhjryxawieagf3,failed,not_found,64,4C5B8134341E66CB09246985E4039F9BFC0ADCE3,8E76F1F6E8499CCE975C451560586A5F8BF0BFDB,AA44DDCAAF120676DC6616DF7C5DC7062AE7C208,D983EC97264C0FB1C979C84ACD91C70273C41272,2020-08-28 04:17:12.261000,2020-08-28 04:17:13.425000
c6nhjryxawieagf3,failed,not_found,80,4C5B8134341E66CB09246985E4039F9BFC0ADCE3,506763994792208999529D03C016774C814386A8,52D5FB2004C67127C73B71478238FA66122BD443,D9D1398493254911E6F017B3AEF840D8131C4377,2020-08-28 04:17:13.426000,2020-08-28 04:17:15.079000
c6nhjryxawieagf3,failed,not_found,107,4C5B8134341E66CB09246985E4039F9BFC0ADCE3,D8A2D0080B0C73E1DC0EC9F33B497F64E5FB3F52,4B4D7C727B603EF6777DC0BC3D169179CA977140,CE34F2DA5B7B419D9D126530DCE86EA87D6D13EE,2020-08-28 04:17:15.079000,2020-08-28 04:17:16.082000
c6nhjryxawieagf3,failed,not_found,124,4C5B8134341E66CB09246985E4039F9BFC0ADCE3,F6AAFCFB722532DA3E2A54135000E672B9473835,F3CEC87ED91E0B0B1D86BE4D7DE90F00B607ECAF,CE47F0356D86CF0A1A2008D97623216D560FB0A8,2020-08-28 04:17:16.082000,2020-08-28 04:17:16.975000
c6nhjryxawieagf3,failed,not_found,144,4C5B8134341E66CB09246985E4039F9BFC0ADCE3,9EB3FD84065E5622A57EFEF14E41A01B5B99A022,8D9FCB3088031C52198E7D2344B9542E3D1B0810,D98AE191FAB7B50E851F344B7929394BFBAFB76A,2020-08-28 04:17:16.975000,2020-08-28 04:17:18.155000
qasneh625zmhq3ay,failed,not_found,40,4C5B8134341E66CB09246985E4039F9BFC0ADCE3,63540827C4832D214984EA47B7A68C593F9F862F,CDAF0B74C45FD5B1955198A8D92C8A518A53D07B,4469F441FDAB256575262B013B44D44B37E4DC8B,2020-08-28 04:17:10.501000,2020-08-28 04:17:11.661000
qasneh625zmhq3ay,failed,not_found,57,4C5B8134341E66CB09246985E4039F9BFC0ADCE3,AA44DDCAAF120676DC6616DF7C5DC7062AE7C208,1733D57AA16D2E9E5A448DA607FCA5FA989E4F4D,447A24F3402C4774D89E7AAD2D876D0BF64E3267,2020-08-28 04:17:11.662000,2020-08-28 04:17:13.065000
qasneh625zmhq3ay,failed,not_found,74,4C5B8134341E66CB09246985E4039F9BFC0ADCE3,20462CBA5DA4C2D963567D17D0B7249718114A68,0231CAB7A2C4AD434C437E1E2452F1784EAD9230,90C1BC10DF081A01D50E382D7271955E01FCF6C9,2020-08-28 04:17:13.065000,2020-08-28 04:17:14.310000
qasneh625zmhq3ay,failed,not_found,97,4C5B8134341E66CB09246985E4039F9BFC0ADCE3,82ED9AEC94184EC6DD299A5CDB3378B04BB17489,5B1F0DAF378A1FAFCFD5FA9CDC66D1023DC0276E,44730B2450213BC3E2DAA4854458D134F0644FF2,2020-08-28 04:17:14.311000,2020-08-28 04:17:15.231000
qasneh625zmhq3ay,failed,not_found,113,4C5B8134341E66CB09246985E4039F9BFC0ADCE3,E46C3F0533709EE2112874B13A4FE3868B33E75E,3FF88CAE0BCE85191D8DBBD0BE0E62156AB631AB,90B64F9E18B59AF322EBD28B8F8CD65C53E10CE1,2020-08-28 04:17:15.232000,2020-08-28 04:17:16.151000
qasneh625zmhq3ay,failed,not_found,129,4C5B8134341E66CB09246985E4039F9BFC0ADCE3,CB1EC403A7331FE26F218D178DF8908014CC4F65,16FD7E5D67B7054EE4E7FDDF04AFB48216CA640A,90C3902B9F4AD3A9C8CD7BCF000988E903A1CA5A,2020-08-28 04:17:16.151000,2020-08-28 04:17:17.438000
jd6e5dam6btwtqw6,failed,not_found,51,4C5B8134341E66CB09246985E4039F9BFC0ADCE3,7B190463E733CC292AA4010D194D1798CD8EB9A0,5DB9AE27A44EB7B476CC04A66C67A71C97A001E6,DF81D831D4FF686F52C9ACAA9EB5711F95BF4DD4,2020-08-28 04:17:11.491000,2020-08-28 04:17:13.481000
jd6e5dam6btwtqw6,failed,not_found,81,4C5B8134341E66CB09246985E4039F9BFC0ADCE3,ACBF3D504CFF3D74D1991AFDF6AC070606232B10,61B8BDC91AA7BC9A05EB5A3D652FFF88C98E6911,DF86098968BBCD963E38E03FC3FC1837EF667C13,2020-08-28 04:17:13.482000,2020-08-28 04:17:14.727000
jd6e5dam6btwtqw6,failed,not_found,104,4C5B8134341E66CB09246985E4039F9BFC0ADCE3,D5C01B85FB3A48D55698CA660A2DE8935388816E,B5558CFA70A5308582B25767C9698E6DBE6A90B2,DFA40306BEA6EAF28CEF4AFED473A2877A90F9B5,2020-08-28 04:17:14.727000,2020-08-28 04:17:15.668000
jd6e5dam6btwtqw6,failed,not_found,108,4C5B8134341E66CB09246985E4039F9BFC0ADCE3,005079A42356183CEA5A3ADD239303F44F12E7EA,8404E8B8AAB98208FAEFB1727B637133AD9C6FAF,098D9CF7568D27A8288FA4BB3819A99913315D6E,2020-08-28 04:17:15.670000,2020-08-28 04:17:16.424000
jd6e5dam6btwtqw6,failed,not_found,134,4C5B8134341E66CB09246985E4039F9BFC0ADCE3,A400CF836DA351ADDAD9BA350C1ABA350264A4E0,AECF1E78CB116AD7105C88B1F08DBFD783E584B2,098B3457ABA31AD65A3AF47F61B623E35B3FAB2D,2020-08-28 04:17:16.425000,2020-08-28 04:17:17.357000
jd6e5dam6btwtqw6,failed,not_found,152,4C5B8134341E66CB09246985E4039F9BFC0ADCE3,1E03D81C9744DE0E3C9DE6E6FBDF1DF9DAEA5AFC,10A5EFCCD2FB9C1A4AC20FB779A5DB11B58957A7,09A70E396DE93F54D4541BBB0EC8E2B23761F34F,2020-08-28 04:17:17.358000,2020-08-28 04:17:18.314000
krwtj6bidrc3sgjh,failed,not_found,54,4C5B8134341E66CB09246985E4039F9BFC0ADCE3,19DEA2B8BBD3613C50CA24C96C4DE0C3ADAF4A3E,D5C6F62A5D1B3C711CA5E6F9D3772A432E96F6C2,8C00FA7369A7A308F6A137600F0FA07990D9D451,2020-08-28 04:17:11.522000,2020-08-28 04:17:12.370000
krwtj6bidrc3sgjh,failed,not_found,72,4C5B8134341E66CB09246985E4039F9BFC0ADCE3,795790C25BDE834B836EA54DD96DB2610829573B,C422F88699C18A4F299D834391B15F07DBE60625,5CE3AD8AD04ADE66C0037A3CF5F7F7A40D48A20B,2020-08-28 04:17:12.371000,2020-08-28 04:17:13.923000
krwtj6bidrc3sgjh,failed,not_found,88,4C5B8134341E66CB09246985E4039F9BFC0ADCE3,FCF61C25093BB33BAA203D8EE7E65466D42ECF98,9B2BC7EFD661072AFADC533BE8DCF1C19D8C2DCC,8C030E1C25552F97C591A921DF51CF5EE15E594C,2020-08-28 04:17:13.924000,2020-08-28 04:17:14.947000
krwtj6bidrc3sgjh,failed,not_found,105,4C5B8134341E66CB09246985E4039F9BFC0ADCE3,67B4A50A1FB660386677BF9CA525D7F04D83A91B,9456BBB3FB923DD1CDEC5C8B45D9615BC937DC42,8BE79CE3261C027CE94F84D6CBE45F03BE9B8B59,2020-08-28 04:17:14.947000,2020-08-28 04:17:15.967000
krwtj6bidrc3sgjh,failed,not_found,122,4C5B8134341E66CB09246985E4039F9BFC0ADCE3,EE4B332F13C3F8CCD9DCD86961B47F4AECA02CE6,E81D56AE3FE9919F3A42AB11100901E6BAEC4FCB,5CCC3569C67B7F1BB733664D43DF4645F2A4B04D,2020-08-28 04:17:15.967000,2020-08-28 04:17:16.903000
krwtj6bidrc3sgjh,failed,not_found,142,4C5B8134341E66CB09246985E4039F9BFC0ADCE3,573051CAA3EEEE2B75EBD096BB1F70D3FDAC5F3A,9B5ED3370E002AEBB2A9B25E3213C1817CCD2D88,5CBD45394573828291C8FE9780232FDFD0D202DF,2020-08-28 04:17:16.904000,2020-08-28 04:17:17.943000
tow5jozhf4t25bxj,failed,not_found,55,4C5B8134341E66CB09246985E4039F9BFC0ADCE3,874D84382C892F3F61CC9E106BF08843DE0B865A,5DB9AE27A44EB7B476CC04A66C67A71C97A001E6,478B0E18930CA4117369679AF329FC49D9110966,2020-08-28 04:17:11.533000,2020-08-28 04:17:12.672000
tow5jozhf4t25bxj,failed,not_found,60,4C5B8134341E66CB09246985E4039F9BFC0ADCE3,18671DE5092C67883BFB2450C3267B92618BEC66,8A136F5D0DACBBB6D8537DA4A806C44EF7E9037B,D29D6B8852AFA294C0E402DF78707CC175ECDF69,2020-08-28 04:17:12.673000,2020-08-28 04:17:14.408000
tow5jozhf4t25bxj,failed,not_found,99,4C5B8134341E66CB09246985E4039F9BFC0ADCE3,FE547E7D1D2B3797EA07BECD5E75C85AA94A5E4A,AE3C3B7165B912E1AA5EC4F177CA8E4DA7C8EC18,D27D76E827E92997AC6BCB3E87FF6E61EC070994,2020-08-28 04:17:14.408000,2020-08-28 04:17:15.350000
tow5jozhf4t25bxj,failed,not_found,116,4C5B8134341E66CB09246985E4039F9BFC0ADCE3,050F3C8225623E846A2056ABBC3EF8292CAC2487,42B4F52C5B11E4D39855F654955425B0D5A0598B,D27D4841C13B87A140F09246D5321E99C6824BB2,2020-08-28 04:17:15.351000,2020-08-28 04:17:17.028000
tow5jozhf4t25bxj,failed,not_found,221,4C5B8134341E66CB09246985E4039F9BFC0ADCE3,F73036C92CD94D5A16DEA9E50FE4BEC2AF3DE171,24D0491A2ADAAB52C17625FBC926D84477AEA322,4790BABE24FA29BC4022888C8EB09696C7F7AFD4,2020-08-28 04:17:17.028000,2020-08-28 04:17:23.994000
tow5jozhf4t25bxj,failed,not_found,390,4C5B8134341E66CB09246985E4039F9BFC0ADCE3,B8805CBDBE91A5E68D268FC62DC617B5BD7CC9E7,842B1F6C4B9E41FC9059DF675C5DF5BDA9F0FC73,4780749994B23557F74586BA128B4DC01A546676,2020-08-28 04:17:23.994000,2020-08-28 04:17:26.656000
a5bgvey6kk4fvydz,failed,not_found,67,4C5B8134341E66CB09246985E4039F9BFC0ADCE3,64FC9B3852BA7EC74E79BD4099D850C338009E77,31F373571AA6ECB4D73266E114D58B0AF7227369,C51701910DEA998F4F51287A71B7E94449A3E9BC,2020-08-28 04:17:12.487000,2020-08-28 04:17:13.538000
a5bgvey6kk4fvydz,failed,not_found,86,4C5B8134341E66CB09246985E4039F9BFC0ADCE3,506763994792208999529D03C016774C814386A8,0109706984AA5E15836E9B20A144185DD774411E,C4EF6DFB8A3C442B1A6F9A3CBE63D970E771BFB2,2020-08-28 04:17:13.538000,2020-08-28 04:17:16.714000
a5bgvey6kk4fvydz,failed,not_found,140,4C5B8134341E66CB09246985E4039F9BFC0ADCE3,B7C23613DF258A97D2F3FAA05ECCE683EF0E9B8D,D5C01B85FB3A48D55698CA660A2DE8935388816E,C4FD2403CC929297B559A49E582516944F75C6A9,2020-08-28 04:17:16.715000,2020-08-28 04:17:17.868000
a5bgvey6kk4fvydz,failed,not_found,160,4C5B8134341E66CB09246985E4039F9BFC0ADCE3,B53CCA073616E30BA3376EC40577FBBBFB812C2C,BA27D43AC00F014945DC32D036056F13FE1D5243,E7C1FAFB7525149A0E911512F511D942BA5EEAAF,2020-08-28 04:17:17.868000,2020-08-28 04:17:18.890000
a5bgvey6kk4fvydz,failed,not_found,180,4C5B8134341E66CB09246985E4039F9BFC0ADCE3,62ABC3D1B0D5DE48DE4B8AF5E76D5AA8F535CCDF,A65E1523F313405BB60E4AA136A69EFA504C4F60,E7F857B4B22749220BB5F0316A0A38B713DC9DAB,2020-08-28 04:17:18.891000,2020-08-28 04:17:21.553000
a5bgvey6kk4fvydz,,,,,,,E7EF73B4722CFAF0E8AA2151D3AA78701DE5F19B,2020-08-28 04:17:21.553000,
wbwabbv4jey4rpgb,failed,not_found,68,4C5B8134341E66CB09246985E4039F9BFC0ADCE3,229A21B9912BD92D696841F77BDEC95A23B67594,645C3F0545E0975A49F69EC272C0C3EA28586825,F08A525ACA965CF6A55F0587BF4B7373D98B954E,2020-08-28 04:17:12.499000,2020-08-28 04:17:14.027000
wbwabbv4jey4rpgb,failed,not_found,90,4C5B8134341E66CB09246985E4039F9BFC0ADCE3,E97DAC45ED2AB46DD830A279BDCC7AFCE10EE674,E892A6E903C892FA62DB843A947A34994AA13D26,F07B89BC9D794F3D9342417C62FBA8F9972D04A3,2020-08-28 04:17:14.028000,2020-08-28 04:17:16.177000
wbwabbv4jey4rpgb,failed,not_found,249,4C5B8134341E66CB09246985E4039F9BFC0ADCE3,276AE7A0E974FC96B0933F1DA8FD51FD3BA59944,00C22D3BC1822EB8EA380AF04245337399E796E2,D6A836B091949DB268139E72BDC3FDC573702055,2020-08-28 04:17:16.178000,2020-08-28 04:17:23.466000
wbwabbv4jey4rpgb,failed,not_found,359,4C5B8134341E66CB09246985E4039F9BFC0ADCE3,7158D1E0D9F90F7999ACB3B073DA762C9B2C3275,F50CF02A0E6A9D9B25F7EB220FC26F7BD1B74999,D69660417D1BEEC6E9ED2CDCEABC4872BC111ADE,2020-08-28 04:17:23.467000,2020-08-28 04:17:24.426000
wbwabbv4jey4rpgb,failed,not_found,435,4C5B8134341E66CB09246985E4039F9BFC0ADCE3,5DE37A3371AAE7638748EB43C9F1CE66E09D4470,7F06D18926EF6A71031C3A92F3C6BA682F3F619F,F0832608B0D52E7B4418E54E655CA18A585DEDB8,2020-08-28 04:17:24.427000,2020-08-28 04:17:25.725000
wbwabbv4jey4rpgb,failed,not_found,910,4C5B8134341E66CB09246985E4039F9BFC0ADCE3,47A83EC4D144FB8094A57DC5AEB39E9F6F174036,2CE9BE1FC88B9D0FA03F387C9E4F000B5D4B2AE9,D6A9E320717BC1C8C369292FC5E7292B3E994ED6,2020-08-28 04:17:25.726000,2020-08-28 04:17:31.712000
h5yfe67tkf67aiye,failed,not_found,69,4C5B8134341E66CB09246985E4039F9BFC0ADCE3,1CD48F4ED0F1821FFBF1940802A13EEFD4C27502,42B4F52C5B11E4D39855F654955425B0D5A0598B,F88721B0D184361AD24B14CFD56832824A0E79F2,2020-08-28 04:17:12.508000,2020-08-28 04:17:14.038000
h5yfe67tkf67aiye,failed,not_found,91,4C5B8134341E66CB09246985E4039F9BFC0ADCE3,9B2BC7EFD661072AFADC533BE8DCF1C19D8C2DCC,994FB6A842C0CEE1F1C4CBA9A7604C5FF6014CFC,F8957D61E29A626400029A03A6348400E7502604,2020-08-28 04:17:14.038000,2020-08-28 04:17:15.169000
h5yfe67tkf67aiye,failed,not_found,111,4C5B8134341E66CB09246985E4039F9BFC0ADCE3,648E97719EDEC4F0E08F1CEB8D24F2C8F587344C,2076359FC3BEB6AB4D0F26C5419712A30CDE85D0,5C8A60F3F936C1FCD64D9ACFBCFF898E51A4D179,2020-08-28 04:17:15.169000,2020-08-28 04:17:16.914000
h5yfe67tkf67aiye,failed,not_found,143,4C5B8134341E66CB09246985E4039F9BFC0ADCE3,BF735F669481EE1CCC348F0731551C933D1E2278,0C6D3655763B1A3A60FC42135CD60765AFE953BA,5C818A86C30F51951EA054E0730DF62E4F35E964,2020-08-28 04:17:16.914000,2020-08-28 04:17:18.046000
h5yfe67tkf67aiye,failed,not_found,161,4C5B8134341E66CB09246985E4039F9BFC0ADCE3,304B631B1BC51705DAE7BAF566487AFE25807380,1CDCB48F64E21D5ACAFE2471912E2E76F600EDFA,5C8B811887778DCF705F3D39F19E40A21889451F,2020-08-28 04:17:18.046000,2020-08-28 04:17:18.943000
h5yfe67tkf67aiye,failed,not_found,181,4C5B8134341E66CB09246985E4039F9BFC0ADCE3,9456BBB3FB923DD1CDEC5C8B45D9615BC937DC42,6940247E04C839D268543E7F62566A91E40567E3,F878E3AD594F013195A051CD1072BF33D543A235,2020-08-28 04:17:18.944000,2020-08-28 04:17:20.001000
t5x6iric6pbmhtcn,failed,not_found,82,4C5B8134341E66CB09246985E4039F9BFC0ADCE3,52AB8767E130C3519920C77072E72F347979AAE9,B71DE54802E73B86F0798FB2ED2AFB0BB6B1F7C9,46F90EF3A3628C134DBB4654D0E4FF7EB914B690,2020-08-28 04:17:13.495000,2020-08-28 04:17:14.483000
t5x6iric6pbmhtcn,failed,not_found,100,4C5B8134341E66CB09246985E4039F9BFC0ADCE3,53412DCC555335B400DB72750ED0BE08D034D779,E6C04728E9339DF22F331B7017D4A7AA3F252F0B,46EC7BB31BFEC251B89E0C0715DEC4AA8208A1BA,2020-08-28 04:17:14.484000,2020-08-28 04:17:15.351000
t5x6iric6pbmhtcn,failed,not_found,117,4C5B8134341E66CB09246985E4039F9BFC0ADCE3,6B9EA8927AB6E94E216067E65372182343A5AFA2,3F43D0584A2613C9DB631382FF486DC6B95EA1C8,46F9FB943917858F618F2648595DEACD931D4400,2020-08-28 04:17:15.352000,2020-08-28 04:17:16.454000
t5x6iric6pbmhtcn,failed,not_found,135,4C5B8134341E66CB09246985E4039F9BFC0ADCE3,D773A98AB595228B2E0C2626EDBF732E2F539420,B7826E5C7C22D696E42AE96B696F66C5E9D86984,5EACEBD7A3F396848F5E56B3EF028505AF80E191,2020-08-28 04:17:16.455000,2020-08-28 04:17:18.310000
t5x6iric6pbmhtcn,failed,not_found,168,4C5B8134341E66CB09246985E4039F9BFC0ADCE3,F83A64E0FA85BC224807919772FE14E1BA07CEF5,1AFF59F9B2579D78284EF7173A183F34086D4B56,5EF6450BE81C6B51629B47DD69B382F7CB482C27,2020-08-28 04:17:18.311000,2020-08-28 04:17:19.719000
t5x6iric6pbmhtcn,failed,not_found,197,4C5B8134341E66CB09246985E4039F9BFC0ADCE3,4E98AA295B7171996D18DD1F6A19F64AB4036B4A,A5EB3D3967327169EE882910D712FD9EB666499E,5EDD6628D5E13ED020A1EA03C1944DD6769B4974,2020-08-28 04:17:19.719000,2020-08-28 04:17:21.004000
suk4ei42pq3e3ola,failed,not_found,83,4C5B8134341E66CB09246985E4039F9BFC0ADCE3,12B1A5769D38FF47CF68C2235E1BDA315DF400F2,AC66FFA4AB35A59EBBF5BF4C70008BF24D8A7A5C,8C4ECFC848AF887DA98641FD649087D865161195,2020-08-28 04:17:13.505000,2020-08-28 04:17:14.529000
suk4ei42pq3e3ola,failed,not_found,92,4C5B8134341E66CB09246985E4039F9BFC0ADCE3,68F175CCABE727AA2D2309BCD8789499CEE36ED7,484A10BA2B8D48A5F0216674C8DD50EF27BC32F3,8C5B316ED73018484765C3E0944E4508DCAE0944,2020-08-28 04:17:14.529000,2020-08-28 04:17:15.004000
suk4ei42pq3e3ola,failed,not_found,106,4C5B8134341E66CB09246985E4039F9BFC0ADCE3,198F12E2DEFBE6BEEBC38B2FEDD615AECB38DA7A,51800AF38B30ED1454DD74CB412BADCED5F60593,84BA49ACE1271C15C495ED34530F90C0E20ADDFE,2020-08-28 04:17:15.004000,2020-08-28 04:17:16.178000
suk4ei42pq3e3ola,failed,not_found,131,4C5B8134341E66CB09246985E4039F9BFC0ADCE3,9413E5D74EFDCA7C36FCA9664B98C48C93FE33C7,B81C95465242AD30C4242F825ACFB43FE9510C04,84ABF6381FD0F96B882764F176B85980EBC31FE1,2020-08-28 04:17:16.179000,2020-08-28 04:17:18.102000
suk4ei42pq3e3ola,failed,not_found,162,4C5B8134341E66CB09246985E4039F9BFC0ADCE3,F01AAA640FF4EA025DB8449BD61C055273B4A328,8FA37B93397015B2BC5A525C908485260BE9F422,8C601BFCF56E25120C18A18B9856010A8BD659BD,2020-08-28 04:17:18.102000,2020-08-28 04:17:18.956000
suk4ei42pq3e3ola,failed,not_found,182,4C5B8134341E66CB09246985E4039F9BFC0ADCE3,4FF53BC47097B50DA5B68D72C5B25CC079F4A787,DB2682153AC0CCAECD2BD1E9EBE99C6815807A1E,84AFAE19244541A404F763BA0E2F0CAD8A3FACF0,2020-08-28 04:17:18.957000,2020-08-28 04:17:20.482000
5anzb3gscrjcorkr,failed,not_found,84,4C5B8134341E66CB09246985E4039F9BFC0ADCE3,B42C797CC8CD63C60FB643E820A11D113DF4F5C8,204ECC4FF8F93862E82FA19C53B5BC98B1AF6046,3DF28C6A21F9F063FA1640F7367BE8143816D40F,2020-08-28 04:17:13.517000,2020-08-28 04:17:14.395000
5anzb3gscrjcorkr,failed,not_found,98,4C5B8134341E66CB09246985E4039F9BFC0ADCE3,1804C06A266F0DA26DF58CD559E01C2F7C3FC42A,8ABC4D5F6182C7E79B087D1ED9E5CF652C83E52C,3DD93E6A1959804D0E36D26E83CA86E3AD3F4DE4,2020-08-28 04:17:14.395000,2020-08-28 04:17:15.285000
5anzb3gscrjcorkr,failed,not_found,115,4C5B8134341E66CB09246985E4039F9BFC0ADCE3,52D5FB2004C67127C73B71478238FA66122BD443,204ECC4FF8F93862E82FA19C53B5BC98B1AF6046,3D9CE80399B68C01377FEC42395E399B9ED16E18,2020-08-28 04:17:15.286000,2020-08-28 04:17:16.063000
5anzb3gscrjcorkr,failed,not_found,200,4C5B8134341E66CB09246985E4039F9BFC0ADCE3,61B2102DB3D97F16FBB359EFE86EC6887A1B3B5A,B56B9FE93F83B4FA69234B17A060E8A8E7446D19,953DB709F2A2DECC8D7560661F934E64411444F7,2020-08-28 04:17:16.064000,2020-08-28 04:17:21.374000
5anzb3gscrjcorkr,failed,not_found,226,4C5B8134341E66CB09246985E4039F9BFC0ADCE3,2AB9FFCC6618FBBC973C457FC6BE5E8620A60FDC,F37997F89070869A34C456A2F54577A3276AACB2,952A405111BDDD4164182195D2DF1CE163B66C03,2020-08-28 04:17:21.375000,2020-08-28 04:17:22.514000
5anzb3gscrjcorkr,failed,not_found,279,4C5B8134341E66CB09246985E4039F9BFC0ADCE3,D3B72ADA2F3EEDA2BA98F645D620CA1C4060AAF4,DBE82FA23B9FE3CB2462A6FCF5289DED3CBF4AEE,954B221CFDC3F56A15FE3C29F85D5FE34BB144B2,2020-08-28 04:17:22.515000,2020-08-28 04:17:23.960000
yw2vu5t6v75w6gb3,failed,not_found,101,4C5B8134341E66CB09246985E4039F9BFC0ADCE3,46053D5D5916F20C333406F16911711AB55164C0,4856C97DC4F2271BC896DF9CABD217EE2D869D68,986E29FB17C8C7A1FEAFF203F012D5930BA079DB,2020-08-28 04:17:14.503000,2020-08-28 04:17:16.106000
yw2vu5t6v75w6gb3,failed,not_found,125,4C5B8134341E66CB09246985E4039F9BFC0ADCE3,4011E1BB0E5B9A22AF665B553BFFDDE22A517B16,58ED9C9C35E433EE58764D62892B4FFD518A3CD0,988625BFD9E9B23B35C590250407486F28FF8FFC,2020-08-28 04:17:16.106000,2020-08-28 04:17:20.640000
yw2vu5t6v75w6gb3,failed,not_found,216,4C5B8134341E66CB09246985E4039F9BFC0ADCE3,C3263F4B4E92127B7CD15E8F9746B4382233424A,3E3CBA3F2870CE76A41D3E97A8D838AA703586E3,987D0706D42070F1E2142A9FCCB56B3887808D34,2020-08-28 04:17:20.640000,2020-08-28 04:17:21.773000
yw2vu5t6v75w6gb3,failed,not_found,243,4C5B8134341E66CB09246985E4039F9BFC0ADCE3,0EFEAA8E74F9D9024A019702D31380C7B5CBDEEA,6FF440DFB1D0697B942357D747900CC308DD57CC,0A2151C0492B8A17FD03ED40598627A7027AE39B,2020-08-28 04:17:21.773000,2020-08-28 04:17:22.993000
yw2vu5t6v75w6gb3,failed,not_found,318,4C5B8134341E66CB09246985E4039F9BFC0ADCE3,303509AB910EF207B7438C27435C4A2FD579F1B1,B56B9FE93F83B4FA69234B17A060E8A8E7446D19,0A2CE9D88D3BA28410EE3B24BD4DC16598753462,2020-08-28 04:17:22.994000,2020-08-28 04:17:24.999000
yw2vu5t6v75w6gb3,failed,not_found,469,4C5B8134341E66CB09246985E4039F9BFC0ADCE3,384B51C97D98F34893B37107E74C70295D2C10E7,D29B31FDB5EDD2D1B94CD31C2F13B5CF411B1268,0A0C01DD0044E70318D9E3DA5F125A09069C57C1,2020-08-28 04:17:25,2020-08-28 04:17:26.678000
5b4evxbjcah4hca5,failed,not_found,102,4C5B8134341E66CB09246985E4039F9BFC0ADCE3,130E0CC72BD6E4456783CDEB8BD77252A6619345,4E81EA3528D6FB79B10B0F11C6FC96CE1C060021,37B97F98AA1A51FF282660D3E440DAD9687BA814,2020-08-28 04:17:14.513000,2020-08-28 04:17:15.514000
5b4evxbjcah4hca5,failed,not_found,120,4C5B8134341E66CB09246985E4039F9BFC0ADCE3,E97DAC45ED2AB46DD830A279BDCC7AFCE10EE674,FF8F56B5E1A36341F84FF72927CEB3F0AC6BC6A9,87C08DDFD32C62F3C56D371F9774D27BFDBB807B,2020-08-28 04:17:15.514000,2020-08-28 04:17:16.654000
5b4evxbjcah4hca5,failed,not_found,139,4C5B8134341E66CB09246985E4039F9BFC0ADCE3,D408EA531AA2FA90F25BD14283D38FDBB2094BA3,CD39C258265B25EAA4ABA4FDCB2DF98104CAA362,87EA37CC2F1570EB500C46A691E505A70326BD36,2020-08-28 04:17:16.654000,2020-08-28 04:17:17.824000
5b4evxbjcah4hca5,failed,not_found,159,4C5B8134341E66CB09246985E4039F9BFC0ADCE3,1EDE608C5E190C8682A2F827664E758416104670,B204DE75B37064EF6A4C6BAF955C5724578D0B32,87D28EE0C993B250EF93DBE4D2CB0E30244D757C,2020-08-28 04:17:17.825000,2020-08-28 04:17:18.846000
5b4evxbjcah4hca5,failed,not_found,179,4C5B8134341E66CB09246985E4039F9BFC0ADCE3,F5C3DA7642BB037E0D279359AE88CD7FC03A98A0,173EBA1FACA59718499AE8023187E5F95E8BF1C7,37A8BA9E3F05417EFE93DF626641EFF271E0A3C2,2020-08-28 04:17:18.847000,2020-08-28 04:17:19.989000
5b4evxbjcah4hca5,failed,not_found,199,4C5B8134341E66CB09246985E4039F9BFC0ADCE3,0A7208B8903DD3FF5CDFA218A3823AF498CE69CE,F6EC46933CE8D4FAD5CCDAA8B1C5A377685FC521,37A831DCC0027923A474F1277F6261EE8D9D0B46,2020-08-28 04:17:19.990000,2020-08-28 04:17:20.999000
mkp2kwvaj6ytwty7,failed,not_found,103,4C5B8134341E66CB09246985E4039F9BFC0ADCE3,07623013C3361FE566B71C8CFCC6483D7587A827,64E257D94E739278D5954CC820C9D7EAC4E7A7B7,F3F9CC955F7C59938F244591DB6BB299CB7455A7,2020-08-28 04:17:14.524000,2020-08-28 04:17:16.629000
mkp2kwvaj6ytwty7,failed,not_found,128,4C5B8134341E66CB09246985E4039F9BFC0ADCE3,8358BDDA9C9A680B4E3A2809E5C24F5B3624D5C2,D1AE7E838DF635EB1367F202B84946D73142CDAD,F3F3F4900B87CF4A6B4A7F9402502FC457B7B1FC,2020-08-28 04:17:16.629000,2020-08-28 04:17:17.260000
mkp2kwvaj6ytwty7,failed,not_found,151,4C5B8134341E66CB09246985E4039F9BFC0ADCE3,A79F94117D73D4AFA4BCE340A3CB6E345C817594,EAA823552F959DFD038E9AC8FA89345A738B6C00,F3F55715BE0B6DF38FB6A80326433A440A4B0BFE,2020-08-28 04:17:17.261000,2020-08-28 04:17:18.523000
mkp2kwvaj6ytwty7,failed,not_found,173,4C5B8134341E66CB09246985E4039F9BFC0ADCE3,230A8B2A8BA861210D9B4BA97745AEC217A94207,63C6AB74A5C288C2159DDC783BB00F88AB44427C,530277866466A1425F43A73DBFCB5FC7410C9852,2020-08-28 04:17:18.523000,2020-08-28 04:17:19.572000
mkp2kwvaj6ytwty7,failed,not_found,191,4C5B8134341E66CB09246985E4039F9BFC0ADCE3,E5CC91BAFE7CCD68003E873D32E38027638D49D7,AE9499C08028AA7DE29E0B61930488AC450882A1,530756463FC7C1C012C47C87347397CAEFE3F9CB,2020-08-28 04:17:19.572000,2020-08-28 04:17:21.513000
mkp2kwvaj6ytwty7,failed,not_found,229,4C5B8134341E66CB09246985E4039F9BFC0ADCE3,836460C721577873AD1FF8AB000112A9360EB3A0,40CDE936B04B4573A47223396006443CA5EAC845,53134D9637D9FBE565FA1E3AF82B23CC964C56D6,2020-08-28 04:17:21.514000,2020-08-28 04:17:22.392000
n5tmv3lfjogrccg3,failed,not_found,118,4C5B8134341E66CB09246985E4039F9BFC0ADCE3,BA8546AE9B27F0C81F98A6C12D96B7DAB0814991,F73036C92CD94D5A16DEA9E50FE4BEC2AF3DE171,118496882F58E787DC24F5C219B93F22BA5820D8,2020-08-28 04:17:15.489000,2020-08-28 04:17:17.041000
n5tmv3lfjogrccg3,failed,not_found,146,4C5B8134341E66CB09246985E4039F9BFC0ADCE3,E459E02374D0385D2E2515CBBE707EA208966BCF,4FCF975D71A8663E8066BD1431D8E9459DBE2EAB,46F90EF3A3628C134DBB4654D0E4FF7EB914B690,2020-08-28 04:17:17.042000,2020-08-28 04:17:18.281000
n5tmv3lfjogrccg3,failed,not_found,166,4C5B8134341E66CB09246985E4039F9BFC0ADCE3,6DFEB41C04CCE846871338E85DD5ACF5CFB6C1DD,FC4D03403ECD90463198B9F2F81E0B37ED7AFE1D,1188DC549FDF5E8054E1FE8C789A632CD1872F7E,2020-08-28 04:17:18.281000,2020-08-28 04:17:19.389000
n5tmv3lfjogrccg3,failed,not_found,186,4C5B8134341E66CB09246985E4039F9BFC0ADCE3,6962377722C4AA5E56540F4F9693DFA525449974,1CA5F7A1220A95E1A1CEAA11AC51A47FB04D5CC5,46EC7BB31BFEC251B89E0C0715DEC4AA8208A1BA,2020-08-28 04:17:19.389000,2020-08-28 04:17:20.246000
n5tmv3lfjogrccg3,failed,not_found,204,4C5B8134341E66CB09246985E4039F9BFC0ADCE3,9E6BA60AFBF9A4946A52770ABCDFC95703DAD6CB,56927E61B51E6F363FB55498150A6DDFCF7077F2,46F9FB943917858F618F2648595DEACD931D4400,2020-08-28 04:17:20.247000,2020-08-28 04:17:21.180000
n5tmv3lfjogrccg3,failed,not_found,223,4C5B8134341E66CB09246985E4039F9BFC0ADCE3,AC61D1722091F2FC4760776AF2C230D9DC679C03,55804F9D37F7B27BD0426B3CB06C64B4D0F95546,1170C7261B5A68ADA5CA260879F48722D697EB74,2020-08-28 04:17:21.181000,2020-08-28 04:17:22.440000
fxkjg7bstprko6no,failed,not_found,119,4C5B8134341E66CB09246985E4039F9BFC0ADCE3,EFE48A6A2A02B68D1767C13B9646FA62EA8310B2,AD7CB78ED4001F17267EC2D2B1550D2B8E041669,04EE5E1B23127D26A36F71C66810D88B0B80BB91,2020-08-28 04:17:15.503000,2020-08-28 04:17:18.279000
fxkjg7bstprko6no,failed,not_found,165,4C5B8134341E66CB09246985E4039F9BFC0ADCE3,836460C721577873AD1FF8AB000112A9360EB3A0,6FB20BB05A841CDDB308E85A4D117FCFC911F5EA,B01B34325F53E344AC2D5D1EB78AA1AC73FC8683,2020-08-28 04:17:18.280000,2020-08-28 04:17:19.335000
fxkjg7bstprko6no,failed,not_found,185,4C5B8134341E66CB09246985E4039F9BFC0ADCE3,BDEFE9280529DF52007A6660BE658F09488464B8,2FFE5FAF70D20E76B0474AE9E40C2A0B53F8D9F0,B0430D21D6609459D141078C0D7758B5CA753B6F,2020-08-28 04:17:19.335000,2020-08-28 04:17:20.351000
fxkjg7bstprko6no,failed,not_found,205,4C5B8134341E66CB09246985E4039F9BFC0ADCE3,08F06A0DDAFABF9A26FCB2E392A1435F9E048216,787768FEF9FBFE2D9B8E0214019A7F9960D39206,0516085D6CAC40ED4CDCEFDFC5CCF6B00DE61DED,2020-08-28 04:17:20.351000,2020-08-28 04:17:21.272000
fxkjg7bstprko6no,failed,not_found,224,4C5B8134341E66CB09246985E4039F9BFC0ADCE3,F5F4019509109A07E90C45A022CEED9ECA1643C8,BA8546AE9B27F0C81F98A6C12D96B7DAB0814991,0512FE6BE9CCA0ED133152E64010B2FBA141EB10,2020-08-28 04:17:21.272000,2020-08-28 04:17:23.178000
fxkjg7bstprko6no,failed,not_found,338,4C5B8134341E66CB09246985E4039F9BFC0ADCE3,3F065BB0B02FB2303E144383D16C47A7DED75AE7,BDC1174C794B556C47B7CCE61FFE65FB16727B6C,B04EA2B400D9679E72284E12FB81E68756670A3A,2020-08-28 04:17:23.180000,2020-08-28 04:17:24.852000
evovlyg3nm4qoqj5,failed,not_found,121,4C5B8134341E66CB09246985E4039F9BFC0ADCE3,3BAACE149DB31574B327BF835B594B707D12CD58,0C6D3655763B1A3A60FC42135CD60765AFE953BA,0FF7D03AC5F31F93E3AE11ABF74313D071E11ED3,2020-08-28 04:17:15.525000,2020-08-28 04:17:16.392000
evovlyg3nm4qoqj5,failed,not_found,133,4C5B8134341E66CB09246985E4039F9BFC0ADCE3,6FBD65C22C2996B2038A090BF5E55AA7AEDEE120,986858650F01053230CD061034F2A45ADDF83BAE,0FF9F882501FB1D610522DF6AAD6E75C95F8F2B8,2020-08-28 04:17:16.393000,2020-08-28 04:17:18.652000
evovlyg3nm4qoqj5,failed,not_found,178,4C5B8134341E66CB09246985E4039F9BFC0ADCE3,4495DEA0FE1200E8675065F0DA58E21C93A616CA,547C1CDB516798EC66A01F04A5884DCE1A151919,0FF233C8D78A17B8DB7C8257D2E05CD5AA7C6B88,2020-08-28 04:17:18.654000,2020-08-28 04:17:19.623000
evovlyg3nm4qoqj5,failed,not_found,194,4C5B8134341E66CB09246985E4039F9BFC0ADCE3,B0537CD220A60ECF8045439658A53254C0D63DCB,767E444E1FA1DA75F3B77479DB5AE2FA3FFF75CC,3DD93E6A1959804D0E36D26E83CA86E3AD3F4DE4,2020-08-28 04:17:19.623000,2020-08-28 04:17:20.802000
evovlyg3nm4qoqj5,failed,not_found,475,4C5B8134341E66CB09246985E4039F9BFC0ADCE3,D8A2D0080B0C73E1DC0EC9F33B497F64E5FB3F52,03DC081E4409631006EFCD3AF13AFAAF2B553FFC,3D9CE80399B68C01377FEC42395E399B9ED16E18,2020-08-28 04:17:20.803000,2020-08-28 04:17:26.192000
evovlyg3nm4qoqj5,failed,not_found,569,4C5B8134341E66CB09246985E4039F9BFC0ADCE3,5B1F0DAF378A1FAFCFD5FA9CDC66D1023DC0276E,C5D91B75D9B991FB53C41AB694D97C961D37B5AB,3DF28C6A21F9F063FA1640F7367BE8143816D40F,2020-08-28 04:17:26.193000,2020-08-28 04:17:27.385000
3rjiiw77v6e4drph,failed,not_found,136,4C5B8134341E66CB09246985E4039F9BFC0ADCE3,4B550F757A5904939280CB85DE61F125A08AE5DE,99112C7424782E8F4882F40A13A3234B329172B2,3BFFFD2035BB388B2FDBF47F2E4BA58DD7AB7942,2020-08-28 04:17:16.488000,2020-08-28 04:17:17.369000
3rjiiw77v6e4drph,failed,not_found,153,4C5B8134341E66CB09246985E4039F9BFC0ADCE3,79D9E66BB2FDBF25E846B635D8248FE1194CFD26,6C251FA7F45E9DEDF5F69BA3D167F6BA736F49CD,3C080A867721B4BE11F3BFEB25C662E263E46E56,2020-08-28 04:17:17.370000,2020-08-28 04:17:18.501000
3rjiiw77v6e4drph,failed,not_found,172,4C5B8134341E66CB09246985E4039F9BFC0ADCE3,68D2ABD936233A569E2B46D6228816149A16B4FA,098B3457ABA31AD65A3AF47F61B623E35B3FAB2D,6E6C98C926772F55C47D6E31318AA1BE74463E06,2020-08-28 04:17:18.501000,2020-08-28 04:17:20.420000
3rjiiw77v6e4drph,failed,not_found,208,4C5B8134341E66CB09246985E4039F9BFC0ADCE3,103336165A0D2EFCAD3605339843A0A7710B8B92,05C621B44EF6833889AE7B7E2A0B476569C47E37,6E66D978514FF86CDEF01FE30C23A1002925AA02,2020-08-28 04:17:20.420000,2020-08-28 04:17:21.437000
3rjiiw77v6e4drph,failed,not_found,227,4C5B8134341E66CB09246985E4039F9BFC0ADCE3,9C34EAD957DF77978BCF356F3F96B9A79E3961CB,3239007CE1FB2ECDFDF2067DF23B949295DC5EF6,3BF2133239FD21D97C3E944FA0757CD2AC1E198B,2020-08-28 04:17:21.438000,2020-08-28 04:17:22.355000
3rjiiw77v6e4drph,failed,not_found,267,4C5B8134341E66CB09246985E4039F9BFC0ADCE3,0F89912E6A4C4A8ACE43C58FF8B83CA299BFF74F,8701E70AC4C0C9E1FE47EA853FC997D29BE5D65C,6E30461718F9838BB1785C6863024308148E5344,2020-08-28 04:17:22.355000,2020-08-28 04:17:23.637000
fco77e2kkakuura6,failed,not_found,141,4C5B8134341E66CB09246985E4039F9BFC0ADCE3,E03E581AA42A211F69DC63608B1980F10AE52C26,3A9443710224E5182895C342D1D36C1D460A1206,AE08D159352237844C60E0153AC8578320922FB8,2020-08-28 04:17:16.500000,2020-08-28 04:17:17.655000
fco77e2kkakuura6,failed,not_found,158,4C5B8134341E66CB09246985E4039F9BFC0ADCE3,C5D91B75D9B991FB53C41AB694D97C961D37B5AB,DA4B488C2826DFBBD04D635DA1E71A2BA5B20747,FC79C6655FA52773FFB367D2BF7C50D8F1361C71,2020-08-28 04:17:17.656000,2020-08-28 04:17:19.058000
fco77e2kkakuura6,failed,not_found,183,4C5B8134341E66CB09246985E4039F9BFC0ADCE3,6C71AC0B8FB6E0255C100DCAE0C283FB3F2F1CC2,1FC89C159EA0F96D52D8A7092BF938C509DB6984,AE236568ED01527850FA0D5BEFBBF6C6BDA47AF0,2020-08-28 04:17:19.059000,2020-08-28 04:17:20.368000
fco77e2kkakuura6,failed,not_found,206,4C5B8134341E66CB09246985E4039F9BFC0ADCE3,72A33E374DE5AD1E617394896F0FD8B092D3E7C4,7C5C0E83CA290FFF6D5E30D9E0E3FFC9BAE0D0C5,FC82FEA3E8A86785B202F4C1451F89C5E12A8A00,2020-08-28 04:17:20.369000,2020-08-28 04:17:21.697000
fco77e2kkakuura6,failed,not_found,562,4C5B8134341E66CB09246985E4039F9BFC0ADCE3,708A968F3644F8A547156368FEA3DB664110E631,B291D30517D23299AD7CEE3E60DFE60D0E3A4664,FC773D88785CF34CF0028BA13C5CBD32CAB27AE2,2020-08-28 04:17:21.698000,2020-08-28 04:17:27.567000
fco77e2kkakuura6,failed,not_found,689,4C5B8134341E66CB09246985E4039F9BFC0ADCE3,0ED0EA324C931CF41CB5272BFB1D015B3D5772A9,836460C721577873AD1FF8AB000112A9360EB3A0,AE17FAAF8F302A506AF2167666EC62882804403F,2020-08-28 04:17:27.568000,2020-08-28 04:17:28.496000
74i47qgw3yeqp2cw,failed,not_found,138,4C5B8134341E66CB09246985E4039F9BFC0ADCE3,B32B93C90DCAF0012328A8D55D621D26B186E11A,0F89912E6A4C4A8ACE43C58FF8B83CA299BFF74F,719FD0FA327F3CCBCDA0D4EA74C15EA110338942,2020-08-28 04:17:16.511000,2020-08-28 04:17:17.423000
74i47qgw3yeqp2cw,failed,not_found,154,4C5B8134341E66CB09246985E4039F9BFC0ADCE3,0C8433B6B92E2F1C744F3CFBE49ADA7CBEFEEBFA,B5D11485CE7613F8734D040BF9166F6AAFB30F46,08602BACB604139F07C9530DFC243454C48B9749,2020-08-28 04:17:17.424000,2020-08-28 04:17:18.489000
74i47qgw3yeqp2cw,failed,not_found,171,4C5B8134341E66CB09246985E4039F9BFC0ADCE3,6FBD65C22C2996B2038A090BF5E55AA7AEDEE120,24F97F98C45E4754655BE66799049763DAEE99CE,0861F4966E199C0BA9DB1D904DB4BC843508F12C,2020-08-28 04:17:18.489000,2020-08-28 04:17:19.956000
74i47qgw3yeqp2cw,failed,not_found,198,4C5B8134341E66CB09246985E4039F9BFC0ADCE3,1A002B6E163D502F23381391718E11A568976403,CA29603FE2143C9BF06AFE76AB5D7940194271C1,71A05B576836F54050348AA0D63185B12DBA51E3,2020-08-28 04:17:19.957000,2020-08-28 04:17:21
74i47qgw3yeqp2cw,failed,not_found,219,4C5B8134341E66CB09246985E4039F9BFC0ADCE3,D16A75E422664448F8A7E7D536D359D512B91256,0AF90285D6B3ECC52ABFA3CB31404DF6FAF93134,71AB4726D830FAE776D74AEF790CF04D8E0151B4,2020-08-28 04:17:21.001000,2020-08-28 04:17:22.032000
74i47qgw3yeqp2cw,failed,not_found,252,4C5B8134341E66CB09246985E4039F9BFC0ADCE3,7D2595ABBB2F83E10275C0F3D2944DC580B4B55E,E65BA17239C454A82082B0B4F3DDD8D83E4FD893,085527CBD6485FD475AC983FA8683A2D9028BAA8,2020-08-28 04:17:22.033000,2020-08-28 04:17:23.298000
utfrwmz5lqq6eyfq,failed,not_found,155,4C5B8134341E66CB09246985E4039F9BFC0ADCE3,7639877E13E8BA4EA8FC23A3824B9A02BC3ED4E0,3BAACE149DB31574B327BF835B594B707D12CD58,394629DFE5305F4207B4BB080782C13304B9F545,2020-08-28 04:17:17.487000,2020-08-28 04:17:18.589000
utfrwmz5lqq6eyfq,failed,not_found,177,4C5B8134341E66CB09246985E4039F9BFC0ADCE3,174D93DF6242BD4ABE2C09E6607892C3A3905675,28090710ABE433A47021F22208B3EC245A912900,396650D22D382D59B5048A462DE9B690092452EA,2020-08-28 04:17:18.590000,2020-08-28 04:17:19.762000
utfrwmz5lqq6eyfq,failed,not_found,184,4C5B8134341E66CB09246985E4039F9BFC0ADCE3,A0B05E1D852D874EFAF3603C83246E00AD65AF20,C79B6CDDC423E662E33370E57CBBAF7BC1CC1A4A,39379E4177FFFB0ED90C2013D97668BD284A1798,2020-08-28 04:17:19.763000,2020-08-28 04:17:20.665000
utfrwmz5lqq6eyfq,failed,not_found,203,4C5B8134341E66CB09246985E4039F9BFC0ADCE3,BD4C647508162F59CB44E4DFC1C2B2B8A9387CCA,99D5C9A5A7238986D1EA1D7771CF81B4A192C4D0,7088D485934E8A403B81531F8C90BDC75FA43C98,2020-08-28 04:17:20.666000,2020-08-28 04:17:21.286000
utfrwmz5lqq6eyfq,failed,not_found,225,4C5B8134341E66CB09246985E4039F9BFC0ADCE3,7D8EBB86CF2EB560F938BEF018E1D8FD6B36B327,12D552E8AF7AA2B71B218B5BBF6A5FEFA6F26BA0,708A968F3644F8A547156368FEA3DB664110E631,2020-08-28 04:17:21.286000,2020-08-28 04:17:22.171000
utfrwmz5lqq6eyfq,failed,not_found,260,4C5B8134341E66CB09246985E4039F9BFC0ADCE3,A98ADD972045D3CCAEE65C788C3F175BAEA3E324,9ACD9D526D1F82D7A00225742F1BDB374D7D17D4,706B1ED9AF5CCAC90AD488AE2691B358FA598CBB,2020-08-28 04:17:22.171000,2020-08-28 04:17:23.751000
tal5cpydcpxsdz6j,failed,not_found,156,4C5B8134341E66CB09246985E4039F9BFC0ADCE3,54FF87E18CF4B351BB078A640A4DC5265969485E,CE035C7946CEE68425CD2358E620E408A9C823FD,862B77FD0B50D7EC658E3797BDB93AD8EF7783ED,2020-08-28 04:17:17.511000,2020-08-28 04:17:18.714000
tal5cpydcpxsdz6j,failed,not_found,163,4C5B8134341E66CB09246985E4039F9BFC0ADCE3,96275921105DC2D41B79AD75804A301738B51E47,3D615DEF97F387631F50201FAFA6E7B67FDF3FEF,220E611F6D48A2103CF51CAB85DB1ED5431E4560,2020-08-28 04:17:18.715000,2020-08-28 04:17:20.150000
tal5cpydcpxsdz6j,failed,not_found,202,4C5B8134341E66CB09246985E4039F9BFC0ADCE3,E605E70E86A7777A22DF2259DFA9C5360B54346A,21EB2176DFD7364A8E3705ABF518E880362425FC,221E976B546E60048A01950250399B8534D4E4B7,2020-08-28 04:17:20.151000,2020-08-28 04:17:21.084000
tal5cpydcpxsdz6j,failed,not_found,220,4C5B8134341E66CB09246985E4039F9BFC0ADCE3,F19461FDDD9EA9352E48026168881F8778277786,DF86098968BBCD963E38E03FC3FC1837EF667C13,221546DAE86B003139B13BD6F6AE1B4B42B59DF8,2020-08-28 04:17:21.084000,2020-08-28 04:17:23.109000
tal5cpydcpxsdz6j,failed,not_found,329,4C5B8134341E66CB09246985E4039F9BFC0ADCE3,CBB5AE37E2927A915D70FA71572D2EA203F03E83,E97D754577161C2BEF19042F6E1931D8F3E57DFE,863D7DD65F64F06934A8CFB228653E38A061FDCD,2020-08-28 04:17:23.110000,2020-08-28 04:17:24.729000
tal5cpydcpxsdz6j,failed,not_found,462,4C5B8134341E66CB09246985E4039F9BFC0ADCE3,1D04FF920CE804CE357FE62C665901C578BC26D6,D14EC16949648CEE84EA1664445029EA4B597074,861BCFDD148973985E7FE97C7455C9E4AC4E13BE,2020-08-28 04:17:24.730000,2020-08-28 04:17:25.665000
rx4gmfirlgqdyloz,failed,not_found,157,4C5B8134341E66CB09246985E4039F9BFC0ADCE3,D8E8B73CEE4849D6956CF4D4F64A806AC2258FB1,6DFEB41C04CCE846871338E85DD5ACF5CFB6C1DD,18671DE5092C67883BFB2450C3267B92618BEC66,2020-08-28 04:17:17.512000,2020-08-28 04:17:18.393000
rx4gmfirlgqdyloz,failed,not_found,170,4C5B8134341E66CB09246985E4039F9BFC0ADCE3,4011E1BB0E5B9A22AF665B553BFFDDE22A517B16,9413E5D74EFDCA7C36FCA9664B98C48C93FE33C7,185F2A57B0C4620582602761097D17DB81654F70,2020-08-28 04:17:18.393000,2020-08-28 04:17:19.619000
rx4gmfirlgqdyloz,failed,not_found,193,4C5B8134341E66CB09246985E4039F9BFC0ADCE3,59A755782C1F977D6DCD76C0EC450FFCC7C29E56,40CDE936B04B4573A47223396006443CA5EAC845,185663B7C12777F052B2C2D23D7A239D8DA88A0F,2020-08-28 04:17:19.622000,2020-08-28 04:17:20.483000
rx4gmfirlgqdyloz,failed,not_found,209,4C5B8134341E66CB09246985E4039F9BFC0ADCE3,20CD933EDC7260B19040475B24FD6B01B73E94BB,E9A6E1549300C3551071B71AC547E2568D9F7CEE,819C8AFEDAC733315A8F3DB80F043F13090C49F6,2020-08-28 04:17:20.483000,2020-08-28 04:17:22.204000
rx4gmfirlgqdyloz,,,,,,,81A1D777C023EBB1DEE9E7FA8735629BA8F7497C,2020-08-28 04:17:22.206000,
6avjin4vwifzw5pf,failed,not_found,174,4C5B8134341E66CB09246985E4039F9BFC0ADCE3,CA6A1295456D14F8C78CE623EB779EF2C1CCC7F0,55804F9D37F7B27BD0426B3CB06C64B4D0F95546,7CBC1D4754EF3A62C15CB48C08029C99009E2ECF,2020-08-28 04:17:18.524000,2020-08-28 04:17:19.572000
6avjin4vwifzw5pf,failed,not_found,192,4C5B8134341E66CB09246985E4039F9BFC0ADCE3,75FB9A4469199F251581061391214ACFDC682EF4,B96B5141004995295FE87DCCE1A54519BD0BB48A,E6FAC9A7F33EE66F03C55C119770B2D45D3C576B,2020-08-28 04:17:19.573000,2020-08-28 04:17:20.573000
6avjin4vwifzw5pf,failed,not_found,215,4C5B8134341E66CB09246985E4039F9BFC0ADCE3,3D3A99DF54D6AEC5190CFB4C0B8D26172A8A2E59,C7E332093AD8D8CBBED8AA6136BDDBC337A87BF4,E75ABF29D4B417D3D3565AEDAF89E4F9D16E736F,2020-08-28 04:17:20.574000,2020-08-28 04:17:21.833000
6avjin4vwifzw5pf,failed,not_found,563,4C5B8134341E66CB09246985E4039F9BFC0ADCE3,C699F40B3344D34D3C596791A7EBC67E41C62A0B,881F09279F94E9AAD3DE30727DF3AD7C2CE900DF,E747773C61CF671A222EB913DE17DA33074A6D76,2020-08-28 04:17:21.834000,2020-08-28 04:17:27.385000
6avjin4vwifzw5pf,failed,not_found,672,4C5B8134341E66CB09246985E4039F9BFC0ADCE3,E6C04728E9339DF22F331B7017D4A7AA3F252F0B,AC5CECEF6AF649F2A7F047D102FE9B461DA9234E,7C86C73DB17CE20CD26537C9E3EC0FD7A55E5C6D,2020-08-28 04:17:27.385000,2020-08-28 04:17:28.430000
6avjin4vwifzw5pf,failed,not_found,747,4C5B8134341E66CB09246985E4039F9BFC0ADCE3,B7F60A81737CE635E751C5BCA67BFD20DAF2615C,5790B62AD6C79A1092B30993A8F0F7F23A969FD6,7C8A5B1F41B60827D0E22E3DC2F9F26ED5CB9057,2020-08-28 04:17:28.430000,2020-08-28 04:17:30.865000
t5rxrvnj7rwwqk3x,failed,not_found,175,4C5B8134341E66CB09246985E4039F9BFC0ADCE3,BBBBBAD453263D786EC34AB68A06214288910345,F8DE8132E599A194E20DDB738AF64A7200CD5949,976063DB869FF0B4B71D31270BE996A9B069B432,2020-08-28 04:17:18.534000,2020-08-28 04:17:19.488000
t5rxrvnj7rwwqk3x,failed,not_found,188,4C5B8134341E66CB09246985E4039F9BFC0ADCE3,2E8E7262E39EF1661CC1173AA0F4731C921975A1,1FDF4D0660A7497222C3BA24FEEA316244093CD7,9FA8A16163FB6BDF228E45E329B0E5ACEDBD8309,2020-08-28 04:17:19.489000,2020-08-28 04:17:20.548000
t5rxrvnj7rwwqk3x,failed,not_found,214,4C5B8134341E66CB09246985E4039F9BFC0ADCE3,A1B7C1F83E5DA4376FD2E1DBA7AC28A71AB332AD,24F97F98C45E4754655BE66799049763DAEE99CE,9F90783A672015D4D40F22902964B92AD0EA0C17,2020-08-28 04:17:20.549000,2020-08-28 04:17:21.518000
t5rxrvnj7rwwqk3x,failed,not_found,231,4C5B8134341E66CB09246985E4039F9BFC0ADCE3,0745857B06337B7F343635608975972A9EC14901,204ECC4FF8F93862E82FA19C53B5BC98B1AF6046,9738F8F5C386CDAF5707D0DCED428F2813CA285F,2020-08-28 04:17:21.519000,2020-08-28 04:17:22.640000
t5rxrvnj7rwwqk3x,failed,not_found,296,4C5B8134341E66CB09246985E4039F9BFC0ADCE3,7355A4A20BA4C083C921464302108C121BAC7EF2,96B70F86B45623B4EC71E8E953DCD61A05D5BAAC,973607526BE9C8FDA03EBBAF527D67AE6FFD65DD,2020-08-28 04:17:22.641000,2020-08-28 04:17:23.689000
t5rxrvnj7rwwqk3x,failed,not_found,335,4C5B8134341E66CB09246985E4039F9BFC0ADCE3,D1F2C5C820B3F96BE6144CBFB84FDDF9D0EC0810,EAA823552F959DFD038E9AC8FA89345A738B6C00,9FB2A07867929EA404667247AEE9656F3DF72447,2020-08-28 04:17:23.690000,2020-08-28 04:17:24.384000
rwzv2xatfz7wdibi,failed,not_found,256,4C5B8134341E66CB09246985E4039F9BFC0ADCE3,7C22E89AB620E77DF1B4A33787A5EC3F2AB4A8D1,4EBE3B18F7D38D0A2FDD67B47A55CB9069368723,D5039E1EBFD96D9A3F9846BF99EC9F75EDDE902A,2020-08-28 04:17:18.549000,2020-08-28 04:17:23.223000
rwzv2xatfz7wdibi,failed,not_found,344,4C5B8134341E66CB09246985E4039F9BFC0ADCE3,CE035C7946CEE68425CD2358E620E408A9C823FD,93C1E14CD600CF51B117DE736741E7400A069AFC,D503FBB19BE69F63D7ACAA9B67CAA2AC7B448B11,2020-08-28 04:17:23.224000,2020-08-28 04:17:24.184000
rwzv2xatfz7wdibi,failed,not_found,407,4C5B8134341E66CB09246985E4039F9BFC0ADCE3,9738F8F5C386CDAF5707D0DCED428F2813CA285F,8CA736F332937E4FA0F5F48488B823F31883123C,E05EAB588285C01E8807F00A07CDBBC4662A58D9,2020-08-28 04:17:24.184000,2020-08-28 04:17:25.200000
rwzv2xatfz7wdibi,failed,not_found,635,4C5B8134341E66CB09246985E4039F9BFC0ADCE3,22A6BE98D201B101C32661739967BF4DED12EF96,32EB288C0EFB52964CCF8EF28BE6BC7FF592BB58,E079D5D3651F8DD0408C4CA24D64E22398E30FAB,2020-08-28 04:17:25.200000,2020-08-28 04:17:28.773000
rwzv2xatfz7wdibi,failed,not_found,729,4C5B8134341E66CB09246985E4039F9BFC0ADCE3,069E732EC96774ED5609D4803D7B1130E338B0EB,B32B93C90DCAF0012328A8D55D621D26B186E11A,E05CAC929E391787077066C29461A9D22ECF0809,2020-08-28 04:17:28.774000,2020-08-28 04:17:29.399000
rwzv2xatfz7wdibi,failed,not_found,829,4C5B8134341E66CB09246985E4039F9BFC0ADCE3,F6740DEABFD5F62612FA025A5079EA72846B1F67,B7CC64C566EA6486537BA4187870E2F744763CA5,D50101A2ABD09DC245F7E96C0818D003CDD62351,2020-08-28 04:17:29.400000,2020-08-28 04:17:32.086000
zlkgb24ihnrsgzyo,failed,not_found,332,4C5B8134341E66CB09246985E4039F9BFC0ADCE3,D1F2C5C820B3F96BE6144CBFB84FDDF9D0EC0810,7600899E54FA28AABB1764548ED28CDEC96673B1,A690C6AA8102C027D297AF3401BFE16918CCF7A6,2020-08-28 04:17:19.486000,2020-08-28 04:17:24.316000
zlkgb24ihnrsgzyo,failed,not_found,424,4C5B8134341E66CB09246985E4039F9BFC0ADCE3,DE74E8C4F3CF0FBBCB7E761BB3072050D1D4DD88,18B160CD5E22BFC345AEE7BA84B7EA45BF457FCA,A69221A7EC7498D2F88A0FB795261013FA36CAAE,2020-08-28 04:17:24.317000,2020-08-28 04:17:30.890000
zlkgb24ihnrsgzyo,failed,not_found,977,4C5B8134341E66CB09246985E4039F9BFC0ADCE3,1C7D71A2581DE79C5CFC4ED1FF75D5BE30F01BB7,AD0FCFD83EA4899DB34735E599701592DEA13690,A4F11D693FAB6E949B2B7C18153C3F7989896007,2020-08-28 04:17:30.890000,2020-08-28 04:17:32.060000
zlkgb24ihnrsgzyo,failed,not_found,1085,4C5B8134341E66CB09246985E4039F9BFC0ADCE3,0085057C17BD2E1809E284825F06F94E72FB418C,A6C983C2F7EEADD55CE9169E540EBD95423FC260,A4E7318199A347B70E85B4C8581E608CAEDAD8AC,2020-08-28 04:17:32.061000,2020-08-28 04:17:33.422000
zlkgb24ihnrsgzyo,failed,not_found,1198,4C5B8134341E66CB09246985E4039F9BFC0ADCE3,87987C8B85AEB73A866A67AC696114CFE27E7E77,425E358E94FB53E7F11AF2D9AB60DE25F534BA1A,A4FE021A8B4C4E3CB8851CFC3E0164DEDD0B4AA0,2020-08-28 04:17:33.423000,2020-08-28 04:17:34.951000
zlkgb24ihnrsgzyo,failed,not_found,1327,4C5B8134341E66CB09246985E4039F9BFC0ADCE3,708A968F3644F8A547156368FEA3DB664110E631,50586E25BE067FD1F739998550EDDCB1A14CA5B2,A69CEB30328B1E85C6B167FECAF2F509CBD9517F,2020-08-28 04:17:34.951000,2020-08-28 04:17:36.328000
w2fh7t2i2phifb6l,failed,not_found,189,4C5B8134341E66CB09246985E4039F9BFC0ADCE3,94F367A130296C9EB92BE32E25AAEB7F227DE0D6,BD4C647508162F59CB44E4DFC1C2B2B8A9387CCA,52BFADA8BEAA01BA46C8F767F83C18E2FE50C1B9,2020-08-28 04:17:19.511000,2020-08-28 04:17:20.529000
w2fh7t2i2phifb6l,failed,not_found,212,4C5B8134341E66CB09246985E4039F9BFC0ADCE3,AC898F652D60F9CBD872D102DE1848AED94A77B2,357754D6E70A2FDB53161F674D36FF3AD094F4F8,52BDA1A380E785C86B6ACF92CBE0D482DE48B562,2020-08-28 04:17:20.530000,2020-08-28 04:17:23.182000
w2fh7t2i2phifb6l,failed,not_found,341,4C5B8134341E66CB09246985E4039F9BFC0ADCE3,181DC60C824EB562761FADADFFB7F1E18C19E96A,93F4DAF4F0DE5E6867CE20A0F9C7C059834DACAE,58BC63142C881F88D08E071DEB63DBA09DE62141,2020-08-28 04:17:23.183000,2020-08-28 04:17:24.295000
w2fh7t2i2phifb6l,failed,not_found,1098,4C5B8134341E66CB09246985E4039F9BFC0ADCE3,6E4B0D429CD87AB6C25D72E298294C583FF8BA4A,7C1BEFB5D6897981ECE52817A2D3B702A9EB30D9,52C189FF01FDF7FA177D6678C34D362F7BC45E85,2020-08-28 04:17:24.296000,2020-08-28 04:17:33.989000
w2fh7t2i2phifb6l,failed,not_found,1249,4C5B8134341E66CB09246985E4039F9BFC0ADCE3,32C1100B5EF19A5BFBB431E8D42781C2D09D31C3,66BD39FE805AED414ADE400CAAD862C9CC3AC34E,58C948AFA3065F84D98095CF8C18DE8B53738411,2020-08-28 04:17:33.991000,2020-08-28 04:17:35.199000
w2fh7t2i2phifb6l,failed,not_found,1349,4C5B8134341E66CB09246985E4039F9BFC0ADCE3,7D2595ABBB2F83E10275C0F3D2944DC580B4B55E,44BD70C13DAA7513D6F47773804178B009F21ED5,58E67CDDF7CA2E2BD52389EB2E270E09A1C376F4,2020-08-28 04:17:35.199000,2020-08-28 04:17:36.332000
xvoo6wslt7n4ygi3,failed,not_found,190,4C5B8134341E66CB09246985E4039F9BFC0ADCE3,BDDF8187EA4419951CFD0A54088B634564F63AF3,BF0FB582E37F738CD33C3651125F2772705BB8E8,4D4FD5337E6756158661ABE25AC5902A94CC7174,2020-08-28 04:17:19.522000,2020-08-28 04:17:20.685000
xvoo6wslt7n4ygi3,failed,not_found,217,4C5B8134341E66CB09246985E4039F9BFC0ADCE3,6ED3BE22B2261258017B3F0584706265985D7AE9,FA1845C313B88EF49E8BE1F23B02CD0AC702B636,4D2FCB3C654AD6AFCA4AF87E87AE72735F643D8B,2020-08-28 04:17:20.686000,2020-08-28 04:17:21.888000
xvoo6wslt7n4ygi3,failed,not_found,248,4C5B8134341E66CB09246985E4039F9BFC0ADCE3,3BB035514F8246AC367B5370F4FE120BB11D8C6D,9B047A91AC809AA020A1F42E3E785DBCEBF3652F,4D52A12D9AD22A7E1BE5B564953A7CA9C31DA675,2020-08-28 04:17:21.889000,2020-08-28 04:17:22.845000
xvoo6wslt7n4ygi3,failed,not_found,308,4C5B8134341E66CB09246985E4039F9BFC0ADCE3,2F644DDEF8BAA31BA0240E6C6D36665D90DA57C9,2D8AFA912E2B8623BB2CDACD19332209D524D1A3,3B4C5729F829CA2E895B81AF834A63DB336D0FFE,2020-08-28 04:17:22.847000,2020-08-28 04:17:25.098000
xvoo6wslt7n4ygi3,failed,not_found,474,4C5B8134341E66CB09246985E4039F9BFC0ADCE3,453E51CBAA4C2169EBCB05583247DD6201E87FAD,881F09279F94E9AAD3DE30727DF3AD7C2CE900DF,3B5C6ED2C1DECEB32BF1AD9B7B272F4CE9CE0656,2020-08-28 04:17:25.098000,2020-08-28 04:17:26.090000
xvoo6wslt7n4ygi3,failed,not_found,557,4C5B8134341E66CB09246985E4039F9BFC0ADCE3,68773D3FF7B8CEFCEEFCA32AE72015E2D38C62C1,02A29A2F958211F9BB5821153296EFFED900ECC6,3B3F451BD58F96DC0E8EB7D01F209FC8803C33DF,2020-08-28 04:17:26.090000,2020-08-28 04:17:27.025000
vgrwncs5752uzsbk,failed,not_found,210,4C5B8134341E66CB09246985E4039F9BFC0ADCE3,9B24B2149631167704362E07356A9E9BFC1F0F05,6C251FA7F45E9DEDF5F69BA3D167F6BA736F49CD,F6F59B64B2494F29899E8072BCB0E6B3E070A917,2020-08-28 04:17:20.495000,2020-08-28 04:17:21.597000
vgrwncs5752uzsbk,failed,not_found,235,4C5B8134341E66CB09246985E4039F9BFC0ADCE3,221546DAE86B003139B13BD6F6AE1B4B42B59DF8,CB92FA4D7D71F134CE1F1FFF2BFF53E88DD4A1DB,F72380459C9476C0E2FC99A347B6D9441F681F25,2020-08-28 04:17:21.598000,2020-08-28 04:17:22.844000
vgrwncs5752uzsbk,failed,not_found,258,4C5B8134341E66CB09246985E4039F9BFC0ADCE3,9ACD9D526D1F82D7A00225742F1BDB374D7D17D4,6B5A63BFEEA8EF58DA812F4F05BE98C869809DFB,F6CD4DBF5850AC4386DD9A424918AD3C6BA2716F,2020-08-28 04:17:22.845000,2020-08-28 04:17:23.492000
vgrwncs5752uzsbk,failed,not_found,362,4C5B8134341E66CB09246985E4039F9BFC0ADCE3,872B18761953254914F77C71846E8A2623C52591,C239952D0C8E4EABC3E6B0A8E0B623689174E3C6,D947623B30C9D6E142E7D90FC7368B1A2A4F5045,2020-08-28 04:17:23.493000,2020-08-28 04:17:24.595000
vgrwncs5752uzsbk,failed,not_found,451,4C5B8134341E66CB09246985E4039F9BFC0ADCE3,DC2B1E4348AF306326FA63EEDB76EA6139133485,8A136F5D0DACBBB6D8537DA4A806C44EF7E9037B,D91F295BFAF865BF76DA0820485B6650DD832DC5,2020-08-28 04:17:24.596000,2020-08-28 04:17:25.666000
vgrwncs5752uzsbk,failed,not_found,528,4C5B8134341E66CB09246985E4039F9BFC0ADCE3,A4C83C2BEB4F1B31D40E80D5524C66A117D77C50,754CB99117E6ED570DFCFB7D9F12674B97A4E28E,D941D380E5228E7B4D372AF4D484629A96DC48B9,2020-08-28 04:17:25.667000,2020-08-28 04:17:27.964000
nmutf5seerakdgku,failed,not_found,211,4C5B8134341E66CB09246985E4039F9BFC0ADCE3,6F435F389BC05A34708E99F2B222F580D9065362,33AA6CFE161A698169B548C9D973DAE6DED6BF0E,C35C9FA3FC501BDC22A83FC05102733951E386D0,2020-08-28 04:17:20.509000,2020-08-28 04:17:21.714000
nmutf5seerakdgku,failed,not_found,241,4C5B8134341E66CB09246985E4039F9BFC0ADCE3,874D84382C892F3F61CC9E106BF08843DE0B865A,B4A96C0852DD0841579D33E09A98D641EACCD73E,A8BFE1E65C6DC3C7A50F8DFA0BF57F0A118144A5,2020-08-28 04:17:21.715000,2020-08-28 04:17:22.906000
nmutf5seerakdgku,failed,not_found,311,4C5B8134341E66CB09246985E4039F9BFC0ADCE3,A2F7674E837C4131D70A840262AFC269801F14BA,E81D56AE3FE9919F3A42AB11100901E6BAEC4FCB,A8D68ED61673B314CC8CD31C2275ABF1E07387CC,2020-08-28 04:17:22.907000,2020-08-28 04:17:24.113000
nmutf5seerakdgku,failed,not_found,399,4C5B8134341E66CB09246985E4039F9BFC0ADCE3,E64137EFE2D48BA5EC72803F73AA6A29C8B7AA09,0F6E56C326DC9719942E8BBA58C22F71332DA891,C3636ECA4B40900056590AA7DBFC6ED09379852F,2020-08-28 04:17:24.114000,2020-08-28 04:17:25.516000
nmutf5seerakdgku,failed,not_found,510,4C5B8134341E66CB09246985E4039F9BFC0ADCE3,837D5EA513DF7FDDA36BE569C646151CDA4B9935,40A60D1F1E8AFBED22FCB30B3FBE2E275A14CF99,A8FCDB8C12CDBA4978864613A70B396DCAD4CED5,2020-08-28 04:17:25.516000,2020-08-28 04:17:26.606000
nmutf5seerakdgku,failed,not_found,611,4C5B8134341E66CB09246985E4039F9BFC0ADCE3,1A51BD3B4BC752D175CC5123E83C099F2A0D5004,9F5068310818ED7C70B0BC4087AB55CB12CB4377,C36A434DB54C66E1A97A5653858CE36024352C4D,2020-08-28 04:17:26.606000,2020-08-28 04:17:28.084000
tbjyfvhtmgcaabwl,failed,not_found,401,4C5B8134341E66CB09246985E4039F9BFC0ADCE3,AA44DDCAAF120676DC6616DF7C5DC7062AE7C208,18B160CD5E22BFC345AEE7BA84B7EA45BF457FCA,973607526BE9C8FDA03EBBAF527D67AE6FFD65DD,2020-08-28 04:17:20.531000,2020-08-28 04:17:25.202000
tbjyfvhtmgcaabwl,failed,not_found,487,4C5B8134341E66CB09246985E4039F9BFC0ADCE3,AA44DDCAAF120676DC6616DF7C5DC7062AE7C208,3351BC69807F3C9BACF7C317263D917252160462,66983A6D2B17AF134C28FC1A950A22AC88546593,2020-08-28 04:17:25.202000,2020-08-28 04:17:26.355000
tbjyfvhtmgcaabwl,failed,not_found,582,4C5B8134341E66CB09246985E4039F9BFC0ADCE3,7ED3D8AFAC750F8CC0BDF8C87FE3BCBA2BBE2209,9171E15EBF665768F8EFAE2271D47D922C4EED46,669E5034B6DE2E2C7CFBCF9EAC8D9F5A47757996,2020-08-28 04:17:26.355000,2020-08-28 04:17:27.437000
tbjyfvhtmgcaabwl,failed,not_found,675,4C5B8134341E66CB09246985E4039F9BFC0ADCE3,0DD04EF0B081BBFDE3082D4ECC8A63FD0022FCAF,05E5161EE9E4A64977A2FEFE8AC166941F0646C6,66905A83A4858A4DD075AEA0514377A9F59E110D,2020-08-28 04:17:27.438000,2020-08-28 04:17:30.081000
tbjyfvhtmgcaabwl,failed,not_found,897,4C5B8134341E66CB09246985E4039F9BFC0ADCE3,069DFADA8C65DEA2B9B2272160AF5E57958F9A97,12CF6DB4DAE106206D6C6B09988E865C0509843B,9738F8F5C386CDAF5707D0DCED428F2813CA285F,2020-08-28 04:17:30.082000,2020-08-28 04:17:32.086000
tbjyfvhtmgcaabwl,failed,not_found,1091,4C5B8134341E66CB09246985E4039F9BFC0ADCE3,D7829A21726220AF77401BE5B2B132963A0BE82B,3BAACE149DB31574B327BF835B594B707D12CD58,976063DB869FF0B4B71D31270BE996A9B069B432,2020-08-28 04:17:32.086000,2020-08-28 04:17:33.263000
wozl6ucm4ut6mqvv,failed,not_found,476,4C5B8134341E66CB09246985E4039F9BFC0ADCE3,5CA49C97C4A8002DB6DDF8685B2DE241A116AFDA,71539D1911ECB826069A4D156771AC4F9F4632A7,93F4DAF4F0DE5E6867CE20A0F9C7C059834DACAE,2020-08-28 04:17:21.491000,2020-08-28 04:17:26.068000
wozl6ucm4ut6mqvv,failed,not_found,911,4C5B8134341E66CB09246985E4039F9BFC0ADCE3,2083FBB5A67DB15F8ABF0C8319594EE9FBE65DAF,64B43A6198B6C1F97D9ED8929F5A8913C3815935,93C1E14CD600CF51B117DE736741E7400A069AFC,2020-08-28 04:17:26.068000,2020-08-28 04:17:31.862000
wozl6ucm4ut6mqvv,failed,not_found,1061,4C5B8134341E66CB09246985E4039F9BFC0ADCE3,79D9E66BB2FDBF25E846B635D8248FE1194CFD26,79B207AD51842FA215D956B9307B3D01CD347368,475B34D76756910C11EB7752EB8285F6BE00C1EE,2020-08-28 04:17:31.862000,2020-08-28 04:17:33.153000
wozl6ucm4ut6mqvv,failed,not_found,1174,4C5B8134341E66CB09246985E4039F9BFC0ADCE3,A64BD6DA33D870F3807C5775DEA23F6EE32289B3,04A28A62F27D9C4A60F9ED0C4264E98B988C65A3,475C893CCA9661B407865B6DBB30C021AE45F1DA,2020-08-28 04:17:33.154000,2020-08-28 04:17:34.429000
wozl6ucm4ut6mqvv,failed,not_found,1283,4C5B8134341E66CB09246985E4039F9BFC0ADCE3,861BCFDD148973985E7FE97C7455C9E4AC4E13BE,2CE9BE1FC88B9D0FA03F387C9E4F000B5D4B2AE9,93C4C20DD1A6797200A60FBE714523FD9D41B5B3,2020-08-28 04:17:34.430000,2020-08-28 04:17:35.689000
wozl6ucm4ut6mqvv,failed,not_found,1974,4C5B8134341E66CB09246985E4039F9BFC0ADCE3,CA6A1295456D14F8C78CE623EB779EF2C1CCC7F0,2AFF47D161619E32C21B90AE7C65DC2057150294,4780749994B23557F74586BA128B4DC01A546676,2020-08-28 04:17:35.689000,2020-08-28 04:17:44.974000
oftqtifq2di7d43d,failed,not_found,230,4C5B8134341E66CB09246985E4039F9BFC0ADCE3,12FD624EE73CEF37137C90D38B2406A66F68FAA2,FB52C73C8B728ABDE014DB30DC53D160A71E5708,E11FC7C83F417808A4CDD84A5ABFC112844C477A,2020-08-28 04:17:21.514000,2020-08-28 04:17:22.677000
oftqtifq2di7d43d,failed,not_found,652,4C5B8134341E66CB09246985E4039F9BFC0ADCE3,7D2595ABBB2F83E10275C0F3D2944DC580B4B55E,B70629C29A032979E5AD00CC51D2330845AAFD6A,A0CB36F75235903DED7B2A02B969EE021C09A5A2,2020-08-28 04:17:22.678000,2020-08-28 04:17:28.661000
oftqtifq2di7d43d,failed,not_found,776,4C5B8134341E66CB09246985E4039F9BFC0ADCE3,91E7CA6B8D0AAD77C7CFB8FEA25BF4F46DA1042A,3A94EFBF4A220B35A92D0A5B4A80D6324C3C306A,E13F7EE1535ED8AEAB92A5EEAEE9A0C782ED33E2,2020-08-28 04:17:28.662000,2020-08-28 04:17:30.035000
oftqtifq2di7d43d,failed,not_found,892,4C5B8134341E66CB09246985E4039F9BFC0ADCE3,860FBCD6D09A0843088F88527BFBD38F1BC70F0A,8D912126FA40BD67EE7D5759BD19459450AEBEA1,E1382D287705E5197461F25039AD08A9B97D001F,2020-08-28 04:17:30.036000,2020-08-28 04:17:31.614000
oftqtifq2di7d43d,failed,not_found,1030,4C5B8134341E66CB09246985E4039F9BFC0ADCE3,65888719E2F619E6198F1045A93AF0176C05354D,213F2B4AB09EE6FF8CA21B804B2E1BD8835088D3,A0C59410B9030AC1385C4CA44C8DBFE13AF4BC9B,2020-08-28 04:17:31.614000,2020-08-28 04:17:33.547000
oftqtifq2di7d43d,failed,not_found,1355,4C5B8134341E66CB09246985E4039F9BFC0ADCE3,B204DE75B37064EF6A4C6BAF955C5724578D0B32,4856C97DC4F2271BC896DF9CABD217EE2D869D68,A0BA38A5AB64350CEC343872F852EDF30D941326,2020-08-28 04:17:33.547000,2020-08-28 04:17:36.521000
6bbfofo366bup5bb,failed,not_found,232,4C5B8134341E66CB09246985E4039F9BFC0ADCE3,0CC18E42E5ECADFE76862CE2EB7189EFA17A11FD,D5A2B3AE1E8047017A0BBC7209FD624DB84D47CE,8C16DA0EF2AD91E56C4E4DD1AA9BD3C89F4D8CEB,2020-08-28 04:17:21.545000,2020-08-28 04:17:23.078000
6bbfofo366bup5bb,failed,not_found,325,4C5B8134341E66CB09246985E4039F9BFC0ADCE3,6FB20BB05A841CDDB308E85A4D117FCFC911F5EA,04C3468BE24740347CBCC00534C940DBCBCABC82,8C030E1C25552F97C591A921DF51CF5EE15E594C,2020-08-28 04:17:23.079000,2020-08-28 04:17:24.273000
6bbfofo366bup5bb,failed,not_found,418,4C5B8134341E66CB09246985E4039F9BFC0ADCE3,BD3FBEC1D67C48A2583DB378B92A59C5E9AB4DA2,6C620C35C0EA16657960882DE88B28968EBC8689,138ED47EE2156E6492FDE0B61338D973C9717F32,2020-08-28 04:17:24.274000,2020-08-28 04:17:25.872000
6bbfofo366bup5bb,failed,not_found,543,4C5B8134341E66CB09246985E4039F9BFC0ADCE3,A18CD278493BB18BEFD8AB54A669BFF6BB73B9CB,CDA2C336AD87E22DF02983887A3F74B21070D02D,8C00FA7369A7A308F6A137600F0FA07990D9D451,2020-08-28 04:17:25.872000,2020-08-28 04:17:27.675000
6bbfofo366bup5bb,failed,not_found,706,4C5B8134341E66CB09246985E4039F9BFC0ADCE3,708A968F3644F8A547156368FEA3DB664110E631,2A8D8F430B2947D1F00CC776A628C972356BAC09,13A34AD03EE2DF8B7193851DD8E795ADDE280A3D,2020-08-28 04:17:27.675000,2020-08-28 04:17:29.640000
6bbfofo366bup5bb,failed,not_found,854,4C5B8134341E66CB09246985E4039F9BFC0ADCE3,DBE82FA23B9FE3CB2462A6FCF5289DED3CBF4AEE,8B6B10A0AED89408E509D4422EC926C89C7933D0,138B95F9A10E8BEBA6B142ADAC7331765C61ACE4,2020-08-28 04:17:29.641000,2020-08-28 04:17:30.742000
fdsbgefkl6apz2t2,failed,not_found,565,4C5B8134341E66CB09246985E4039F9BFC0ADCE3,9BE181C94EB3675F69BE0919D48CD67DD6D0C277,FA85FE81093FE5D53DDCEA2DBA286E8CCC9C6DDD,1DA69A4C1DAF3FC59D2846E2CC0D1D3B5CFDFF24,2020-08-28 04:17:22.491000,2020-08-28 04:17:27.340000
fdsbgefkl6apz2t2,failed,not_found,660,4C5B8134341E66CB09246985E4039F9BFC0ADCE3,334DF2164322B98FCC567BC444947B74AC92DAEA,CDA2C336AD87E22DF02983887A3F74B21070D02D,615ABEA2DE76EB3760BC51E7306BAA59F15CD8F2,2020-08-28 04:17:27.341000,2020-08-28 04:17:28.562000
fdsbgefkl6apz2t2,failed,not_found,761,4C5B8134341E66CB09246985E4039F9BFC0ADCE3,C9FAA93525ACE580BDB03ABC662ED2045262BD89,1424000B86DF67D1FBFF685B204073BB9591CEFD,1D8DE4EF4BFA38D366FCE7249DC41A540D8E1EB9,2020-08-28 04:17:28.562000,2020-08-28 04:17:29.760000
fdsbgefkl6apz2t2,failed,not_found,1267,4C5B8134341E66CB09246985E4039F9BFC0ADCE3,5F276A6F7AA74AFB2AF100EADA28C7A6F48BA50F,B5212DB685A2A0FCFBAE425738E478D12361710D,619A18E2960058B7BD38719D7ABFDECCB354780E,2020-08-28 04:17:29.761000,2020-08-28 04:17:35.360000
fdsbgefkl6apz2t2,failed,not_found,1358,4C5B8134341E66CB09246985E4039F9BFC0ADCE3,6962377722C4AA5E56540F4F9693DFA525449974,A751D8BEE222564B7BA657F74B6658836FF1AEEA,614094CAF0701EB568106E60EC12A785E704AE0F,2020-08-28 04:17:35.361000,2020-08-28 04:17:36.463000
fdsbgefkl6apz2t2,failed,not_found,1445,4C5B8134341E66CB09246985E4039F9BFC0ADCE3,B7826E5C7C22D696E42AE96B696F66C5E9D86984,70F09E981D6D4A34A35F248F0C873CBA356A0612,1D8ED54EA9DF2D46558AD0096DD5D9DD297F13A8,2020-08-28 04:17:36.464000,2020-08-28 04:17:37.764000
j6ez2wbfbvslkpoh,failed,not_found,282,4C5B8134341E66CB09246985E4039F9BFC0ADCE3,0085057C17BD2E1809E284825F06F94E72FB418C,C239952D0C8E4EABC3E6B0A8E0B623689174E3C6,690DA42C9C47577A383394CE4AF61BE628824E21,2020-08-28 04:17:22.535000,2020-08-28 04:17:23.559000
j6ez2wbfbvslkpoh,failed,not_found,374,4C5B8134341E66CB09246985E4039F9BFC0ADCE3,2AFF47D161619E32C21B90AE7C65DC2057150294,7AAF5597B18D82CC90CA95FB7976A1CEA4A32E06,690C190822B240351DD1A19D0337E8373B1290E8,2020-08-28 04:17:23.559000,2020-08-28 04:17:24.598000
j6ez2wbfbvslkpoh,failed,not_found,455,4C5B8134341E66CB09246985E4039F9BFC0ADCE3,875F74A3DC14737BECA06F8B500022154D1A29D1,1841CB960128806151B61FC6D87AFBE9A98B99D7,FB13B3060516E4C50E5E178227A036977103E4AD,2020-08-28 04:17:24.599000,2020-08-28 04:17:26.118000
j6ez2wbfbvslkpoh,failed,not_found,560,4C5B8134341E66CB09246985E4039F9BFC0ADCE3,63DE54637F349FD686CF1C036827B5BE826B9F7C,66F8C32B94D73B51A5D2FA079C6A09047C9ABA71,6919A8656F85830ED5778FE3FDD522F3F18FFF6F,2020-08-28 04:17:26.118000,2020-08-28 04:17:27.099000
j6ez2wbfbvslkpoh,failed,not_found,641,4C5B8134341E66CB09246985E4039F9BFC0ADCE3,874D84382C892F3F61CC9E106BF08843DE0B865A,1DC17C4A52A458B5C8B1E79157F8665696210E10,FB016E16B8CD7A0E53DEEF31ED8754E4F6B8E837,2020-08-28 04:17:27.099000,2020-08-28 04:17:28.256000
j6ez2wbfbvslkpoh,failed,not_found,734,4C5B8134341E66CB09246985E4039F9BFC0ADCE3,96B70F86B45623B4EC71E8E953DCD61A05D5BAAC,461453F94FA0E3CBB011685E22CDAFD2AF0DFDC3,FB04717E621A4F97115C8E36030778EE0A70E6E6,2020-08-28 04:17:28.257000,2020-08-28 04:17:29.141000
4zscxvviugj4ktxq,failed,not_found,285,4C5B8134341E66CB09246985E4039F9BFC0ADCE3,F2D09EBC1F1BD97A7EEF896D015D6BB9C6874753,F7D3EF888541DDE246D36F4E7C8E90F24618910E,0CD62346D1B5CB1648DDA907F818B0DFEA752E88,2020-08-28 04:17:22.589000,2020-08-28 04:17:23.602000
4zscxvviugj4ktxq,failed,not_found,377,4C5B8134341E66CB09246985E4039F9BFC0ADCE3,4FDDFAD51B24DDABB62FB59071F4DC421E76C685,AEF6C1FBA0FC16F4931638BF065085B974D3E90F,05AD6F4906142276C606558C9C3B8876B43CD90F,2020-08-28 04:17:23.603000,2020-08-28 04:17:24.596000
4zscxvviugj4ktxq,failed,not_found,452,4C5B8134341E66CB09246985E4039F9BFC0ADCE3,AE31E0FBF0D3E1B39F1DD8F55BC070D11AF524B0,9AB93B5422149E5DFF4BE6A3814E2F6D9648DB6A,05B451C0562FDE23307AFA84FD6A37652E615233,2020-08-28 04:17:24.597000,2020-08-28 04:17:26.551000
4zscxvviugj4ktxq,failed,not_found,600,4C5B8134341E66CB09246985E4039F9BFC0ADCE3,B6312967D70463ABB6FD3416027854C845EB21BD,FDAF57C097E8CB0110B5B0869598C4819F9005F6,05C383DC813C464B7132569722BE5243A9FF735C,2020-08-28 04:17:26.552000,2020-08-28 04:17:28.884000
4zscxvviugj4ktxq,failed,not_found,792,4C5B8134341E66CB09246985E4039F9BFC0ADCE3,3BAACE149DB31574B327BF835B594B707D12CD58,6F901069356A789F02294F18A4D5FE1368239702,0CB40D12177CBABAB87652BBFC00A7E6F4434D3E,2020-08-28 04:17:28.885000,2020-08-28 04:17:30.177000
4zscxvviugj4ktxq,failed,not_found,907,4C5B8134341E66CB09246985E4039F9BFC0ADCE3,ABB904183743FCC9672355ABCB9EDA2ABB11DED2,18671DE5092C67883BFB2450C3267B92618BEC66,0C93559D6D7E95B41561424345B0B176FBE66F00,2020-08-28 04:17:30.178000,2020-08-28 04:17:31.751000
z3wzkbqqi54n7id3,failed,not_found,367,4C5B8134341E66CB09246985E4039F9BFC0ADCE3,FE1AF5E909002134BFF834F4AD5E1DE723779002,DD0C8EEC5CA402A9FA4478F10C31A440F71F6885,B71E68A80C5156745DDE7741F6DE5E3202ABD092,2020-08-28 04:17:23.527000,2020-08-28 04:17:24.485000
z3wzkbqqi54n7id3,failed,not_found,438,4C5B8134341E66CB09246985E4039F9BFC0ADCE3,AE6A8C18E7499B586CD36246AC4BCAFFBBF93AB2,DA9E02BB8080E473157052F70439B7886AA8569D,912709C7F560CC3E9FE9604B58D598B1BFAED8C7,2020-08-28 04:17:24.485000,2020-08-28 04:17:25.433000
z3wzkbqqi54n7id3,failed,not_found,503,4C5B8134341E66CB09246985E4039F9BFC0ADCE3,84BA49ACE1271C15C495ED34530F90C0E20ADDFE,300F85C23740B762B01595F3C6C9C59F35190CF8,9127D95DAA81291F26BE45B1A73E2F1145887B94,2020-08-28 04:17:25.434000,2020-08-28 04:17:26.864000
z3wzkbqqi54n7id3,failed,not_found,566,4C5B8134341E66CB09246985E4039F9BFC0ADCE3,C013F6A7A2297FA4CD00D05EF4A1C5222B844B25,225A8EA367DF3073433E0A845DDDA26D2357E4C6,B740BCECC4A9569232CDD45C0E1330BA0D030D33,2020-08-28 04:17:26.864000,2020-08-28 04:17:27.477000
z3wzkbqqi54n7id3,failed,not_found,678,4C5B8134341E66CB09246985E4039F9BFC0ADCE3,856B7EFB7E09D02A29DD2FF024B7E1EFE21FE9EB,AC330D98115D6DA8A82E24469BFB03A5B365AB56,B71DE54802E73B86F0798FB2ED2AFB0BB6B1F7C9,2020-08-28 04:17:27.478000,2020-08-28 04:17:28.529000
z3wzkbqqi54n7id3,failed,not_found,757,4C5B8134341E66CB09246985E4039F9BFC0ADCE3,18B160CD5E22BFC345AEE7BA84B7EA45BF457FCA,E3E75603998661EA67C6767493FC606830DDC345,912B7597346A74A44AD4B6068C645772B758DCB7,2020-08-28 04:17:28.530000,2020-08-28 04:17:29.659000
cadqz35slhl6qcjy,failed,not_found,370,4C5B8134341E66CB09246985E4039F9BFC0ADCE3,63540827C4832D214984EA47B7A68C593F9F862F,87987C8B85AEB73A866A67AC696114CFE27E7E77,248CE89A310534DF139DF6A36BD87EB4CA237DCF,2020-08-28 04:17:23.557000,2020-08-28 04:17:24.556000
cadqz35slhl6qcjy,failed,not_found,448,4C5B8134341E66CB09246985E4039F9BFC0ADCE3,169535CC4C75FF79C6D548D41720064EE4FE61D2,855D23C80D1A2C5DCA44EB6BD3D57BE8F88E4F02,24AF1603CDF4D118E1F7AEBF680C18BDA5E8F793,2020-08-28 04:17:24.556000,2020-08-28 04:17:25.835000
cadqz35slhl6qcjy,failed,not_found,479,4C5B8134341E66CB09246985E4039F9BFC0ADCE3,51E1CF613FD6F9F11FE24743C91D6F9981807D82,1C24A2669C7E0D62B2157B95F56ED00EE307C85C,3684B8673A30B73FED280359C5FBA9F954690D4C,2020-08-28 04:17:25.836000,2020-08-28 04:17:26.657000
cadqz35slhl6qcjy,failed,not_found,614,4C5B8134341E66CB09246985E4039F9BFC0ADCE3,431702B3A68A6015F9955DD4FD0129175B43EA0F,75FCFA1225B5B4B35E25DA53C8BA7545463B679E,24A17A4C1FA8C2108ACDE3BE681B0731384BF3A5,2020-08-28 04:17:26.657000,2020-08-28 04:17:27.622000
cadqz35slhl6qcjy,failed,not_found,721,4C5B8134341E66CB09246985E4039F9BFC0ADCE3,A0B05E1D852D874EFAF3603C83246E00AD65AF20,61004152C709672EE739F2667B56EF5550A51332,3683DB4B6730C80E157F400A93D89B9377227F70,2020-08-28 04:17:27.623000,2020-08-28 04:17:29.398000
cadqz35slhl6qcjy,failed,not_found,828,4C5B8134341E66CB09246985E4039F9BFC0ADCE3,CB4EBE9C475A60A5F2CDA92C83CE093BD945D940,3239007CE1FB2ECDFDF2067DF23B949295DC5EF6,369FD7461D2FF60A860816EB8A0CB289CEF3AE93,2020-08-28 04:17:29.399000,2020-08-28 04:17:31.694000
y64rhup2ajzclpfm,failed,not_found,371,4C5B8134341E66CB09246985E4039F9BFC0ADCE3,8118F4C0E60C84A453ACCD1641F3A7328CBE6280,EC3EC2E26C9C57B46686E9EFE7EEABD4B570D6D3,B8D8E07448E0405F4275E52884ED9CEF63FEE4A3,2020-08-28 04:17:23.557000,2020-08-28 04:17:24.705000
y64rhup2ajzclpfm,failed,not_found,404,4C5B8134341E66CB09246985E4039F9BFC0ADCE3,708A968F3644F8A547156368FEA3DB664110E631,ACBBB426CE1D0641A590BF1FC1CF05416FC0FF6F,0ED0EA324C931CF41CB5272BFB1D015B3D5772A9,2020-08-28 04:17:24.706000,2020-08-28 04:17:25.262000
y64rhup2ajzclpfm,failed,not_found,490,4C5B8134341E66CB09246985E4039F9BFC0ADCE3,2AE2CA4BD2B7754F29432C25E03314D52AC4CAF1,8CDF2F3A8ABD834CF9F3E8FC202DF64625BFB443,B8E514ADDC653D61DE1FCB67821BB0303778782F,2020-08-28 04:17:25.262000,2020-08-28 04:17:26.394000
y64rhup2ajzclpfm,failed,not_found,587,4C5B8134341E66CB09246985E4039F9BFC0ADCE3,F2E60DE0F39BEA826B50EB619A014ADCE9619359,28B39D67BD18D13694DE03679EA4A864EB6977E9,0EFEAA8E74F9D9024A019702D31380C7B5CBDEEA,2020-08-28 04:17:26.394000,2020-08-28 04:17:27.383000
y64rhup2ajzclpfm,failed,not_found,669,4C5B8134341E66CB09246985E4039F9BFC0ADCE3,D2F4DAC5918BB082A5CFAC5275B29FAC9B399B2B,3BADB3EFFB87534736BFAC9A2024AB78401BDBC3,0ED06F12AF64D5027422169B61D1AC5366C6FFE9,2020-08-28 04:17:27.384000,2020-08-28 04:17:28.953000
y64rhup2ajzclpfm,failed,not_found,797,4C5B8134341E66CB09246985E4039F9BFC0ADCE3,AE6A8C18E7499B586CD36246AC4BCAFFBBF93AB2,F1624D70C3AD373C849A5B2A8D07A20C73C0C7AD,B8F6E68B36BEE2BF548750BDCCC3C2A7DB56A623,2020-08-28 04:17:28.953000,2020-08-28 04:17:29.832000
hlckzjgdc2lulqn5,failed,not_found,441,4C5B8134341E66CB09246985E4039F9BFC0ADCE3,173EBA1FACA59718499AE8023187E5F95E8BF1C7,8EB722FA1AE9DDE1914BC21FEA22819D4DE99DB4,2E414CD28823B5AEB51FD172AA0EE3E9EB9BCA90,2020-08-28 04:17:24.506000,2020-08-28 04:17:25.629000
hlckzjgdc2lulqn5,failed,not_found,525,4C5B8134341E66CB09246985E4039F9BFC0ADCE3,38D3D15DAD843AB99CC257ACBABD4FACF9A3F215,A1DEB529DE86E7CABC3212778374933D68FB7F2F,7FF94320963B5CDAF9A072CE9BEE9B4F1F2B383C,2020-08-28 04:17:25.629000,2020-08-28 04:17:27.478000
hlckzjgdc2lulqn5,failed,not_found,679,4C5B8134341E66CB09246985E4039F9BFC0ADCE3,E14D10669DD6E472235F8F0161544B4E7B7CB3C7,45D67EDBFE0A61F9784F34A88DA6D5E13C397786,2E5B5397CDD7F02798F9713B2C3D85C3FEFBAFBE,2020-08-28 04:17:27.479000,2020-08-28 04:17:29.962000
hlckzjgdc2lulqn5,failed,not_found,887,4C5B8134341E66CB09246985E4039F9BFC0ADCE3,22775B953E662151549C114CB8EE5FBDBCBDAD02,875F74A3DC14737BECA06F8B500022154D1A29D1,2E408F8D1CDA3AA22FF44C4C4B6A9F51D8E74042,2020-08-28 04:17:29.963000,2020-08-28 04:17:31.119000
hlckzjgdc2lulqn5,failed,not_found,990,4C5B8134341E66CB09246985E4039F9BFC0ADCE3,4E81EA3528D6FB79B10B0F11C6FC96CE1C060021,0745857B06337B7F343635608975972A9EC14901,7FD6C9AB839761B3334BC9BA8E8543261B93BB88,2020-08-28 04:17:31.120000,2020-08-28 04:17:32.366000
hlckzjgdc2lulqn5,failed,not_found,1113,4C5B8134341E66CB09246985E4039F9BFC0ADCE3,103336165A0D2EFCAD3605339843A0A7710B8B92,ABC426893B642BDA2F78D7CAE99B251126F89F74,800267725AF0B34265FB6A2795AB3F743A63DD96,2020-08-28 04:17:32.368000,2020-08-28 04:17:33.379000
jil65hqi7wgum6oo,failed,not_found,444,4C5B8134341E66CB09246985E4039F9BFC0ADCE3,CDAF0B74C45FD5B1955198A8D92C8A518A53D07B,58332DDDA15415CB3D13F5ECA3D54BE961B8C458,A452410658C4F2986381839633CDB98FBFCBCAAF,2020-08-28 04:17:24.536000,2020-08-28 04:17:25.870000
jil65hqi7wgum6oo,failed,not_found,540,4C5B8134341E66CB09246985E4039F9BFC0ADCE3,901C2689FDABE7165AB7AC4E8231F12A2674916E,96B70F86B45623B4EC71E8E953DCD61A05D5BAAC,A44062AE3484310CE728BBD7769E9CD44C09FBB0,2020-08-28 04:17:25.870000,2020-08-28 04:17:27.078000
jil65hqi7wgum6oo,failed,not_found,638,4C5B8134341E66CB09246985E4039F9BFC0ADCE3,A0DFB31231C718829FA18EAB4D0CD51DEDBAE08C,BF37445EA2A9F3D04F4B87DFAC624AEF21B559D5,A447DCCE0534C6BD558B095D1180302AA945A6A3,2020-08-28 04:17:27.079000,2020-08-28 04:17:28.040000
jil65hqi7wgum6oo,failed,not_found,653,4C5B8134341E66CB09246985E4039F9BFC0ADCE3,4E81EA3528D6FB79B10B0F11C6FC96CE1C060021,8358BDDA9C9A680B4E3A2809E5C24F5B3624D5C2,92E807AC5E23CCD9FE623EA4DC020B1627A0D09B,2020-08-28 04:17:28.041000,2020-08-28 04:17:28.660000
jil65hqi7wgum6oo,failed,not_found,773,4C5B8134341E66CB09246985E4039F9BFC0ADCE3,09C2AA312AE0DDDF4C5E57CB1BE24158A5408590,2F8B9500DC98C13FD28CC51E47D3416DE423ED78,92E7BD70682F392900E4E2CDAE8B48635E9C9BE0,2020-08-28 04:17:28.661000,2020-08-28 04:17:29.803000
jil65hqi7wgum6oo,failed,not_found,809,4C5B8134341E66CB09246985E4039F9BFC0ADCE3,30C0B4DE58CFBB350485B326A0D67352E0138CCF,2AD22DDE34790BBE19FB4D11DDCBBFDC45EF16A6,92F1064AC1A2A1D7B4A97506484B7798016F88B6,2020-08-28 04:17:29.803000,2020-08-28 04:17:30.422000
w6zyq6md2bbfch2g,failed,not_found,445,4C5B8134341E66CB09246985E4039F9BFC0ADCE3,2119E5A4B5F420165BF5DF19A5A28F4610FFD103,25A84EFEE28E443EB9D3130138243452586F8BAA,18E9B9EF2D6BD6DEBB0F6A443CB195E041389398,2020-08-28 04:17:24.536000,2020-08-28 04:17:25.546000
w6zyq6md2bbfch2g,failed,not_found,515,4C5B8134341E66CB09246985E4039F9BFC0ADCE3,E8BAE7393740A700D50B010DED9D9EC9A66B390D,7260949459C2D4D4A5ABC3AC10C1AD6939E6525C,18EA6AFA3609A0B24752FBF411A2DAADE27DE129,2020-08-28 04:17:25.546000,2020-08-28 04:17:26.519000
w6zyq6md2bbfch2g,failed,not_found,597,4C5B8134341E66CB09246985E4039F9BFC0ADCE3,2BF341398A55E8C0C4B6BD193A7F50CCE44BF883,BA856D21B1A22CAE677A712DA4C9F0852D799DF8,EBDE762412D1F0D75338053F5A5A9B6EE053D642,2020-08-28 04:17:26.520000,2020-08-28 04:17:28.847000
w6zyq6md2bbfch2g,failed,not_found,789,4C5B8134341E66CB09246985E4039F9BFC0ADCE3,31F373571AA6ECB4D73266E114D58B0AF7227369,9C900A7F6F5DD034CFFD192DAEC9CCAA813DB022,EBB76D096FF5787A303B2C81E21BFF9816C6FA0D,2020-08-28 04:17:28.848000,2020-08-28 04:17:29.832000
w6zyq6md2bbfch2g,failed,not_found,881,4C5B8134341E66CB09246985E4039F9BFC0ADCE3,F2D09EBC1F1BD97A7EEF896D015D6BB9C6874753,B96B5141004995295FE87DCCE1A54519BD0BB48A,EBB799FADD615E93CA97BE5583E5EB97DD21E10F,2020-08-28 04:17:29.832000,2020-08-28 04:17:30.957000
w6zyq6md2bbfch2g,failed,not_found,980,4C5B8134341E66CB09246985E4039F9BFC0ADCE3,6C333B5BDBA3DFE7A782E40CB970C271ABFED119,158581827034DEF1BAB1FC248D180165452E53D3,18EEE9D8553BA0171A7967CEB96366864EF0E552,2020-08-28 04:17:30.958000,2020-08-28 04:17:32.341000
7li3wff4lacs2ano,failed,not_found,518,4C5B8134341E66CB09246985E4039F9BFC0ADCE3,C41ADE229598201F913426E9C6B9647098AEE28D,64A0B5722613DDFC2EB84897C550FBF4A096DE0D,AB687988F260DE9EDC3B36C66287DE2660ED1CE0,2020-08-28 04:17:25.575000,2020-08-28 04:17:26.552000
7li3wff4lacs2ano,failed,not_found,737,4C5B8134341E66CB09246985E4039F9BFC0ADCE3,DB2682153AC0CCAECD2BD1E9EBE99C6815807A1E,32A43B0C153C2298FDBD24A3B298DA9368DC73B8,7D31D5118D47BF86C550ABB79EDDE865EC31B67F,2020-08-28 04:17:26.553000,2020-08-28 04:17:29.323000
7li3wff4lacs2ano,failed,not_found,821,4C5B8134341E66CB09246985E4039F9BFC0ADCE3,2F69F8C4DC02DD15A39BFDB4078A791D89ECEAA2,93F97B76A7D0F0947C4C75AC62017E45BBFE6C08,AB7E26C3AF536A87E5099335A4CBE832E2194311,2020-08-28 04:17:29.323000,2020-08-28 04:17:30.338000
7li3wff4lacs2ano,failed,not_found,925,4C5B8134341E66CB09246985E4039F9BFC0ADCE3,E36536404200A74930DB165858BD5BB554D2BEA2,1852D84B0341845F2BDC2CCBC673E9D42307A111,AB73816E5D7BC52664CBB9D005FF579BAFEAFE87,2020-08-28 04:17:30.339000,2020-08-28 04:17:31.714000
7li3wff4lacs2ano,failed,not_found,1043,4C5B8134341E66CB09246985E4039F9BFC0ADCE3,1211AC1BBB8A1AF7CBA86BCE8689AA3146B86423,D8EA105E79803FB0040A8C2A676D93DAEA2CFFF0,7D41FED58481A0E594C642E74176C811778D91A6,2020-08-28 04:17:31.715000,2020-08-28 04:17:32.973000
7li3wff4lacs2ano,failed,not_found,1164,4C5B8134341E66CB09246985E4039F9BFC0ADCE3,BF735F669481EE1CCC348F0731551C933D1E2278,98A1D0BCCC5D45C7E096D7634C8ED3FFBF1908C6,7D3307C578AD1B1D818D74E38635BDACB390A845,2020-08-28 04:17:32.974000,2020-08-28 04:17:34.668000
war7oyxnppvrz6hy,failed,not_found,521,4C5B8134341E66CB09246985E4039F9BFC0ADCE3,834C91DEEB2FE4FEFCE55A99C378968FB659115C,BD839A8E18E97E084430D9342B94B5676F81A373,5E16EF9247D192830EF696B554B5C633188FFE27,2020-08-28 04:17:25.605000,2020-08-28 04:17:28.496000
war7oyxnppvrz6hy,failed,not_found,752,4C5B8134341E66CB09246985E4039F9BFC0ADCE3,0ED0EA324C931CF41CB5272BFB1D015B3D5772A9,6E4B5DBF0EE117085C50A8F0E07488A1EB30B562,5E1207FC5BE02728D9D0B540384EB081B53987E6,2020-08-28 04:17:28.496000,2020-08-28 04:17:30.490000
war7oyxnppvrz6hy,failed,not_found,938,4C5B8134341E66CB09246985E4039F9BFC0ADCE3,DCEA2A6D8034E164A4FFDD8AFF997E2F6FB2ECF8,63540827C4832D214984EA47B7A68C593F9F862F,FFA72BD683BC2FCF988356E6BEC1E490F313FB07,2020-08-28 04:17:30.491000,2020-08-28 04:17:31.749000
war7oyxnppvrz6hy,failed,not_found,1048,4C5B8134341E66CB09246985E4039F9BFC0ADCE3,431702B3A68A6015F9955DD4FD0129175B43EA0F,390142CBD75401F37E8A77353004A05EB35B8801,FF9FC6D130FA26AE3AE8B23688691DC419F0F22E,2020-08-28 04:17:31.750000,2020-08-28 04:17:32.772000
war7oyxnppvrz6hy,failed,not_found,1146,4C5B8134341E66CB09246985E4039F9BFC0ADCE3,BC238DA10F427C21685F766317F7E0946954B88F,99339F3E68BCCC1391BF14C821D80766FE0C5956,FFB3455EC1DD7EEF917BE944365C8C362746F7FD,2020-08-28 04:17:32.773000,2020-08-28 04:17:34.623000
war7oyxnppvrz6hy,failed,not_found,1306,4C5B8134341E66CB09246985E4039F9BFC0ADCE3,2AF23516A65C6FF674D33D81480253902388FDBC,BF0FB582E37F738CD33C3651125F2772705BB8E8,5E4D1E6D31413DCCC148A8050224578CBBF12883,2020-08-28 04:17:34.624000,2020-08-28 04:17:35.839000
b2v6mqa6jydmbn7m,failed,not_found,522,4C5B8134341E66CB09246985E4039F9BFC0ADCE3,B840C7DE596E77A22187E638C5116DC5B3BBDDD1,3033FD18BBD658C5ECE926FB17D2269BFE337358,FD7ED9F4871E2EC46035FC602960EACC32E08FF8,2020-08-28 04:17:25.605000,2020-08-28 04:17:26.605000
b2v6mqa6jydmbn7m,failed,not_found,608,4C5B8134341E66CB09246985E4039F9BFC0ADCE3,63BF46A63F9C21FD315CD061B3EAA3EB05283A0A,3DC748C2DFF1F8E9DA5626BB3CBAAFF31D706C10,FD79B7F9230858B48E75F389661840C702511078,2020-08-28 04:17:26.606000,2020-08-28 04:17:28.429000
b2v6mqa6jydmbn7m,failed,not_found,746,4C5B8134341E66CB09246985E4039F9BFC0ADCE3,38471394F06B2B86404768193C929313962FDC2F,A9406A006D6E7B5DA30F2C6D4E42A338B5E340B2,48E5377E5C2DDD95ED6ADC8D89CE8D830ADEF0FD,2020-08-28 04:17:28.430000,2020-08-28 04:17:29.716000
b2v6mqa6jydmbn7m,failed,not_found,868,4C5B8134341E66CB09246985E4039F9BFC0ADCE3,98F788200CC64060695B07555F09A8FE47679AC8,CDAF0B74C45FD5B1955198A8D92C8A518A53D07B,FD709DBF3AF5DDE2812BCE5A5CA2FBB733DEF520,2020-08-28 04:17:29.716000,2020-08-28 04:17:30.839000
b2v6mqa6jydmbn7m,failed,not_found,970,4C5B8134341E66CB09246985E4039F9BFC0ADCE3,FF06E7A068A1CA66CE593DCE85E2477807C48302,2FFE5FAF70D20E76B0474AE9E40C2A0B53F8D9F0,48D934E776B739D38F9EAFDCFD85203C6A68A67B,2020-08-28 04:17:30.840000,2020-08-28 04:17:32.003000
b2v6mqa6jydmbn7m,failed,not_found,1082,4C5B8134341E66CB09246985E4039F9BFC0ADCE3,F5C3DA7642BB037E0D279359AE88CD7FC03A98A0,EAB20BD4083C820EC8329ED5AEBF12019A7749F3,48DE832F4BE6955B3F3F1F060310F3BFD7A7903E,2020-08-28 04:17:32.004000,2020-08-28 04:17:33.260000
bxrydr3qp43pzizc,failed,not_found,594,4C5B8134341E66CB09246985E4039F9BFC0ADCE3,FFA72BD683BC2FCF988356E6BEC1E490F313FB07,77A56CB237740E24AEA2D61C8C8936232AFC1BD8,D8056CAD4A3D6EE7D82748027474BF5C53E569D9,2020-08-28 04:17:26.497000,2020-08-28 04:17:27.674000
bxrydr3qp43pzizc,failed,not_found,703,4C5B8134341E66CB09246985E4039F9BFC0ADCE3,A9406A006D6E7B5DA30F2C6D4E42A338B5E340B2,0E300A0942899B995AE08CEF58062BCFEB51EEDF,D7E1B4F504FC22027FA06BA5F1F0F59C24FA2912,2020-08-28 04:17:27.674000,2020-08-28 04:17:28.995000
bxrydr3qp43pzizc,failed,not_found,800,4C5B8134341E66CB09246985E4039F9BFC0ADCE3,A597AC866E40CAB5A67759ADE4942192E99DE684,6521A3AEF9AC4B83361411F769EEDCBAB124F162,D7DB8E82604F806766FC3F80213CF719A0481D0B,2020-08-28 04:17:28.996000,2020-08-28 04:17:29.938000
bxrydr3qp43pzizc,,,,,,,ADB2C26629643DBB9F8FE0096E7D16F9414B4F8D,2020-08-28 04:17:29.939000,
3ezdiwmtriwldp2n,failed,not_found,604,4C5B8134341E66CB09246985E4039F9BFC0ADCE3,E00DFD54DC165D5452FBD3530D30186DAD016A0C,D56A98D38FC3C75E0347EEF3DD9C12749AF7C7C5,003BFA1B6CC5CBEFD5D0082F8FC9AF2A8868A8FB,2020-08-28 04:17:26.584000,2020-08-28 04:17:27.618000
3ezdiwmtriwldp2n,failed,not_found,697,4C5B8134341E66CB09246985E4039F9BFC0ADCE3,31F373571AA6ECB4D73266E114D58B0AF7227369,614094CAF0701EB568106E60EC12A785E704AE0F,0EB07340EF2D1608FC16F6268E1DA0C532EB3D11,2020-08-28 04:17:27.618000,2020-08-28 04:17:28.611000
3ezdiwmtriwldp2n,failed,not_found,765,4C5B8134341E66CB09246985E4039F9BFC0ADCE3,97767B43E78119A613B46CEAF81A788F45CC05D9,EC4AD91674B5AFECCA117A396776F120651E55BF,0ED06F12AF64D5027422169B61D1AC5366C6FFE9,2020-08-28 04:17:28.612000,2020-08-28 04:17:30.337000
3ezdiwmtriwldp2n,failed,not_found,922,4C5B8134341E66CB09246985E4039F9BFC0ADCE3,3463148EB2A173F416C1E030A4F97B7C4AFD4C83,0DD04EF0B081BBFDE3082D4ECC8A63FD0022FCAF,0E92BF02B3C11B0DD18301A0DE1B164A0546E36F,2020-08-28 04:17:30.337000,2020-08-28 04:17:31.999000
3ezdiwmtriwldp2n,failed,not_found,1079,4C5B8134341E66CB09246985E4039F9BFC0ADCE3,DC0E94BC65DB2C5AA752A30234E2723DF704A1A9,13F7EAE731CA4600951986921E08ECAB9B1D2AF6,00342C0E155D4542E55391788B2D779F14578DEB,2020-08-28 04:17:32,2020-08-28 04:17:33.261000
3ezdiwmtriwldp2n,failed,not_found,1188,4C5B8134341E66CB09246985E4039F9BFC0ADCE3,FD7ED9F4871E2EC46035FC602960EACC32E08FF8,872B18761953254914F77C71846E8A2623C52591,0020D8A204A81FC8C8A1D79E2324621705DE4F2F,2020-08-28 04:17:33.262000,2020-08-28 04:17:34.320000
iedgrhujnmmczann,failed,not_found,605,4C5B8134341E66CB09246985E4039F9BFC0ADCE3,8E7ACAD878BBD61097C0E0D557160F5D59BCE5CA,32EE911D968BE3E016ECA572BB1ED0A9EE43FC2F,81D8BDAEB86E16AAEC2EB4A395A791E43A73C351,2020-08-28 04:17:26.584000,2020-08-28 04:17:27.593000
iedgrhujnmmczann,failed,not_found,694,4C5B8134341E66CB09246985E4039F9BFC0ADCE3,221546DAE86B003139B13BD6F6AE1B4B42B59DF8,E36536404200A74930DB165858BD5BB554D2BEA2,81C55D403A82BF6E7C3FBDBD41D102B7088900D9,2020-08-28 04:17:27.593000,2020-08-28 04:17:28.823000
iedgrhujnmmczann,failed,not_found,784,4C5B8134341E66CB09246985E4039F9BFC0ADCE3,FB4BC8A17AD016963AA34EB98060F475DBB2DD9D,CEA2E066A7F8EC0F235F5190E25DD3C9F86F084B,2F2B8D5BBA29F7DBD41163FF5187A77E446C527D,2020-08-28 04:17:28.823000,2020-08-28 04:17:30.294000
iedgrhujnmmczann,failed,not_found,915,4C5B8134341E66CB09246985E4039F9BFC0ADCE3,E97DAC45ED2AB46DD830A279BDCC7AFCE10EE674,8EB722FA1AE9DDE1914BC21FEA22819D4DE99DB4,81E0F62FF2687A96A1E9C4C91E0F0676276338DB,2020-08-28 04:17:30.294000,2020-08-28 04:17:31.392000
iedgrhujnmmczann,failed,not_found,1012,4C5B8134341E66CB09246985E4039F9BFC0ADCE3,92BBADCB0697F5EB1792C607EE2DC1C291A98ADC,DF86098968BBCD963E38E03FC3FC1837EF667C13,2F26D43258285FEB39E4320888DFAFA8A0D20E11,2020-08-28 04:17:31.393000,2020-08-28 04:17:32.712000
iedgrhujnmmczann,failed,not_found,1135,4C5B8134341E66CB09246985E4039F9BFC0ADCE3,9063C7EC4A3273446DC05E9310A5C5B2F4235696,D5C01B85FB3A48D55698CA660A2DE8935388816E,2F2710152A2344B1DE3EF619E85CB1B298643D27,2020-08-28 04:17:32.713000,2020-08-28 04:17:34.056000
7yqi5rjozspcr7vy,failed,not_found,999,4C5B8134341E66CB09246985E4039F9BFC0ADCE3,EE7CD2A763435C7006095BD167C790ABE5BC4DEA,A4E120350425BAD920307FFA74440F95D0172302,61AF790EF78C2D73C8E3D8E2596D42A1AACE1359,2020-08-28 04:17:27.500000,2020-08-28 04:17:32.532000
7yqi5rjozspcr7vy,failed,not_found,1120,4C5B8134341E66CB09246985E4039F9BFC0ADCE3,575F15A0A41B951BEE03E25B2A0A3FC3E8D7C7D1,B96A2DF1C23DF9169D70ADE0993BD003311F51DA,619A18E2960058B7BD38719D7ABFDECCB354780E,2020-08-28 04:17:32.533000,2020-08-28 04:17:33.992000
7yqi5rjozspcr7vy,failed,not_found,1311,4C5B8134341E66CB09246985E4039F9BFC0ADCE3,51D6626BBBE283903BB2F31A047766229CD10E29,1E1A7C9134637383BE653C41973995A229D81595,98BCA63DD82E13A637FF8D0EC28135663DB08CA1,2020-08-28 04:17:33.992000,2020-08-28 04:17:35.774000
7yqi5rjozspcr7vy,failed,not_found,1352,4C5B8134341E66CB09246985E4039F9BFC0ADCE3,0C93559D6D7E95B41561424345B0B176FBE66F00,9B2BC7EFD661072AFADC533BE8DCF1C19D8C2DCC,619E413D0C8AFF95B456622707016A7AB7B4DA5D,2020-08-28 04:17:35.775000,2020-08-28 04:17:36.545000
7yqi5rjozspcr7vy,failed,not_found,1455,4C5B8134341E66CB09246985E4039F9BFC0ADCE3,64E257D94E739278D5954CC820C9D7EAC4E7A7B7,29DDD25C8383FDA559D4E0E88F820AB88C26212A,98E659B5B701076BE433B4723F20A1811739588A,2020-08-28 04:17:36.545000,2020-08-28 04:17:38.316000
7yqi5rjozspcr7vy,failed,not_found,1588,4C5B8134341E66CB09246985E4039F9BFC0ADCE3,15FEE423DFF8AF9E2E081959B0C6326072C60DA1,03DC081E4409631006EFCD3AF13AFAAF2B553FFC,98DBFA6DC7F4013566D09E3DDC6F6CAF510E7FD6,2020-08-28 04:17:38.316000,2020-08-28 04:17:40.607000
mi3ingg3px2hfexi,failed,not_found,685,4C5B8134341E66CB09246985E4039F9BFC0ADCE3,F5F4019509109A07E90C45A022CEED9ECA1643C8,21A183AB1F0B207B50A1E08687685A8D940C5F80,167DCDA849A47EAEC227B584180CB3E220773151,2020-08-28 04:17:27.531000,2020-08-28 04:17:29.219000
mi3ingg3px2hfexi,failed,not_found,812,4C5B8134341E66CB09246985E4039F9BFC0ADCE3,7D4261853A5CC5E96C8886391919FF2DA02A5801,CB7905DFEC71CA65A2AF2F3F468D0612F250FD7F,E96C071A67833C2C93D74F7C84C99148E15181F8,2020-08-28 04:17:29.220000,2020-08-28 04:17:30.491000
mi3ingg3px2hfexi,failed,not_found,939,4C5B8134341E66CB09246985E4039F9BFC0ADCE3,B849824F8FCD7AEB130DF356F592BA40C686CA08,528BAECE8CB9151346BDD80F6A95556D6C12ABF0,E95955CD7AB012DE770711878F147C784FC13D37,2020-08-28 04:17:30.491000,2020-08-28 04:17:32.336000
mi3ingg3px2hfexi,failed,not_found,1108,4C5B8134341E66CB09246985E4039F9BFC0ADCE3,3CD5F7766CF8E96FE315678B0CAC6A5B999FC47D,E4F7869E2E9AF579EC93F5CCB823ECFCB297DA4E,165532BF5B1A34DF60D74375409D632D6FBEF83F,2020-08-28 04:17:32.336000,2020-08-28 04:17:33.496000
mi3ingg3px2hfexi,failed,not_found,1209,4C5B8134341E66CB09246985E4039F9BFC0ADCE3,0F89912E6A4C4A8ACE43C58FF8B83CA299BFF74F,96E0D19D735D47039844EA83372183BB606F87B4,E947C029087FA1C3499BEF5D4372947C51223D8F,2020-08-28 04:17:33.496000,2020-08-28 04:17:34.976000
mi3ingg3px2hfexi,failed,not_found,1330,4C5B8134341E66CB09246985E4039F9BFC0ADCE3,B204DE75B37064EF6A4C6BAF955C5724578D0B32,3CD5F7766CF8E96FE315678B0CAC6A5B999FC47D,166985A84230B5F9A78C970736AE944B413930D7,2020-08-28 04:17:34.977000,2020-08-28 04:17:36.040000
oo3l3dfy2wsxih4o,failed,not_found,686,4C5B8134341E66CB09246985E4039F9BFC0ADCE3,7D2595ABBB2F83E10275C0F3D2944DC580B4B55E,4E81EA3528D6FB79B10B0F11C6FC96CE1C060021,5F5A59E3ECB0987407D916ABBDE60613F83EA1E9,2020-08-28 04:17:27.532000,2020-08-28 04:17:28.774000
oo3l3dfy2wsxih4o,failed,not_found,781,4C5B8134341E66CB09246985E4039F9BFC0ADCE3,9B2BC7EFD661072AFADC533BE8DCF1C19D8C2DCC,4FF53BC47097B50DA5B68D72C5B25CC079F4A787,5F6B1DF8C9FA561EC11670C455A4A9188D7F96D9,2020-08-28 04:17:28.775000,2020-08-28 04:17:30.121000
oo3l3dfy2wsxih4o,failed,not_found,902,4C5B8134341E66CB09246985E4039F9BFC0ADCE3,E3D61BAEA0B7CB12CACEDC8821C520557BDFCEA3,63BF46A63F9C21FD315CD061B3EAA3EB05283A0A,B56B9FE93F83B4FA69234B17A060E8A8E7446D19,2020-08-28 04:17:30.122000,2020-08-28 04:17:31.049000
oo3l3dfy2wsxih4o,failed,not_found,987,4C5B8134341E66CB09246985E4039F9BFC0ADCE3,29DDD25C8383FDA559D4E0E88F820AB88C26212A,BAE58EF7F58C11DAFD81C9EDD10EB74150AF3CFE,B55B11A739C43396B10CC621D9C9F9D7F3A8CDE4,2020-08-28 04:17:31.050000,2020-08-28 04:17:32.110000
oo3l3dfy2wsxih4o,failed,not_found,1094,4C5B8134341E66CB09246985E4039F9BFC0ADCE3,C3E0E9EA1FF3FCFC27E856BFE61533020DD7F090,1C8B3C3D8BC705883B7799C915B2FE1E0FEB006F,B56D5A0543C35B45D81D792A4735590E3612A815,2020-08-28 04:17:32.110000,2020-08-28 04:17:33.609000
oo3l3dfy2wsxih4o,failed,not_found,1219,4C5B8134341E66CB09246985E4039F9BFC0ADCE3,98AEF7B834D688773CE2BCC5A32761A4943CF623,8D912126FA40BD67EE7D5759BD19459450AEBEA1,5F58E9417DF94A66529864FA1134635614958A44,2020-08-28 04:17:33.610000,2020-08-28 04:17:34.670000
rtily4ivvsaajy5t,failed,not_found,760,4C5B8134341E66CB09246985E4039F9BFC0ADCE3,1A10F6E2BA45CA4A5EBAA6EF759FCBF4E8AFEEA8,8F02FE5E233730A6AB4C982E18A2136E662A0B59,76C0C613B63D83E84EC870A7F49FD5E0CBB9C8E0,2020-08-28 04:17:28.561000,2020-08-28 04:17:29.660000
rtily4ivvsaajy5t,failed,not_found,863,4C5B8134341E66CB09246985E4039F9BFC0ADCE3,0ED0EA324C931CF41CB5272BFB1D015B3D5772A9,3C4B5F67E092261DD87626CCA76C7402A4A1CCC3,76AB50C3EC0472A63AFB9A833A535FA6BD691478,2020-08-28 04:17:29.661000,2020-08-28 04:17:30.648000
rtily4ivvsaajy5t,failed,not_found,959,4C5B8134341E66CB09246985E4039F9BFC0ADCE3,72FF4C64E28396446B58892C356B61A8018C5C95,B0537CD220A60ECF8045439658A53254C0D63DCB,C282248597D1C8522A2A7525E61C8B77BBC37614,2020-08-28 04:17:30.649000,2020-08-28 04:17:31.775000
rtily4ivvsaajy5t,failed,not_found,1051,4C5B8134341E66CB09246985E4039F9BFC0ADCE3,8B64F593CAC2ED05C0FA703AEF50FF71925B569C,8646226690C1D4F2DDC3021F89909A26A8C32A27,76B4FEDD0696D924A407CFAB50B6E574B28CCDCA,2020-08-28 04:17:31.776000,2020-08-28 04:17:32.939000
rtily4ivvsaajy5t,failed,not_found,1508,4C5B8134341E66CB09246985E4039F9BFC0ADCE3,E14E1B6706360EFEF51556313207968870BFA8BC,F966CC62522A4F9C482CB555D43249A9874413D8,C272E4D1E9A823C724B23430123ECCBC1B0ADF2B,2020-08-28 04:17:32.939000,2020-08-28 04:17:39.935000
rtily4ivvsaajy5t,failed,not_found,1710,4C5B8134341E66CB09246985E4039F9BFC0ADCE3,E00DFD54DC165D5452FBD3530D30186DAD016A0C,AECBAD3537B7E5D2BF2967B627D23E36283B3D2A,C25E5C62897BACBA309571C2548084B45050FEDF,2020-08-28 04:17:39.936000,2020-08-28 04:17:40.974000
5kp636qduqwymurs,failed,not_found,764,4C5B8134341E66CB09246985E4039F9BFC0ADCE3,361D33C96D0F161275EE67E2C91EE10B276E778B,62ABC3D1B0D5DE48DE4B8AF5E76D5AA8F535CCDF,1270F39EF4D3B2EE87927F2D7CE44D7D417359AA,2020-08-28 04:17:28.611000,2020-08-28 04:17:29.761000
5kp636qduqwymurs,failed,not_found,872,4C5B8134341E66CB09246985E4039F9BFC0ADCE3,7961C9991F022C8A363FD440CA395D47DB5D44D5,D000291816C0D9EE531FA4DD185EC1AD80386A5A,ADD35A22BF77D56AFC18CF58E5D8E2604B8985CF,2020-08-28 04:17:29.761000,2020-08-28 04:17:30.783000
5kp636qduqwymurs,failed,not_found,965,4C5B8134341E66CB09246985E4039F9BFC0ADCE3,95192DF01A6F358ABDA913858D4928C0088E4F5B,F73036C92CD94D5A16DEA9E50FE4BEC2AF3DE171,ADE226D8CEA7F9FABF69D24DCFF0BDEC5D4B2B6C,2020-08-28 04:17:30.784000,2020-08-28 04:17:32.061000
5kp636qduqwymurs,failed,not_found,1088,4C5B8134341E66CB09246985E4039F9BFC0ADCE3,BF0FB582E37F738CD33C3651125F2772705BB8E8,F81963C0AE90882F12453CEA57B26E651BF43B10,ADE6AB2BFBD7A5780B321DC33BBACCD0D777C94D,2020-08-28 04:17:32.061000,2020-08-28 04:17:34.701000
5kp636qduqwymurs,failed,not_found,1312,4C5B8134341E66CB09246985E4039F9BFC0ADCE3,1D54F7CCB7C7A185EE8AA5616C079DD923EB57F2,B0553175AADB0501E5A61FC61CEA3970BE130FF2,126E438B6921882FC17F1FC32AAC617300561938,2020-08-28 04:17:34.701000,2020-08-28 04:17:35.935000
5kp636qduqwymurs,failed,not_found,1419,4C5B8134341E66CB09246985E4039F9BFC0ADCE3,B74DABBE248B935CDC1038CD5C9280878C8C94E7,1A002B6E163D502F23381391718E11A568976403,1270E3CFBAFB5FCCE8BFD370CDC9AEA30C23FD55,2020-08-28 04:17:35.936000,2020-08-28 04:17:37.017000
ccd7qjbgpnza6pqi,failed,not_found,770,4C5B8134341E66CB09246985E4039F9BFC0ADCE3,C1939D36649DE98A202429631D8EFC70128D5F5F,66BBCD0D58FDB891AD86CE22A2613A9BEE3CA274,361D33C96D0F161275EE67E2C91EE10B276E778B,2020-08-28 04:17:28.635000,2020-08-28 04:17:29.505000
ccd7qjbgpnza6pqi,failed,not_found,840,4C5B8134341E66CB09246985E4039F9BFC0ADCE3,9E1E4F5B5F94812D02C4D18CB4086CE71CA5C614,A1B28D636A56AAFFE92ADCCA937AA4BD5333BB4C,361FAD570CA5DECF10A1C27EC3F8961D076E10D2,2020-08-28 04:17:29.505000,2020-08-28 04:17:30.623000
ccd7qjbgpnza6pqi,failed,not_found,951,4C5B8134341E66CB09246985E4039F9BFC0ADCE3,6962377722C4AA5E56540F4F9693DFA525449974,22775B953E662151549C114CB8EE5FBDBCBDAD02,4B4102F57ADE6C61727E3119B61D89B42A0E241E,2020-08-28 04:17:30.624000,2020-08-28 04:17:31.899000
ccd7qjbgpnza6pqi,failed,not_found,1069,4C5B8134341E66CB09246985E4039F9BFC0ADCE3,9ACD9D526D1F82D7A00225742F1BDB374D7D17D4,8CAA470B905758742203E3EB45941719FCA9FEEC,4B351545DD58473F36B0A20E5500AC6ED51E8CD5,2020-08-28 04:17:31.900000,2020-08-28 04:17:33.294000
ccd7qjbgpnza6pqi,failed,not_found,1191,4C5B8134341E66CB09246985E4039F9BFC0ADCE3,91517F219F7648E4B8BBF3C162C77DDC55315612,AB3227DB470B17883D24D830EA84EBFBDC7D5815,4B483F57D9660EBF33FA3CCA670FFD1BBB0F315A,2020-08-28 04:17:33.294000,2020-08-28 04:17:35.057000
ccd7qjbgpnza6pqi,failed,not_found,1269,4C5B8134341E66CB09246985E4039F9BFC0ADCE3,39F096961ED2576975C866D450373A9913AFDC92,F966CC62522A4F9C482CB555D43249A9874413D8,36045C1900EC3FDF1DDA9BEC72DDF7DE50DAF021,2020-08-28 04:17:35.058000,2020-08-28 04:17:35.893000
6h53wc723k6oumoe,failed,not_found,843,4C5B8134341E66CB09246985E4039F9BFC0ADCE3,071ACB713A9558A4B5750520B0A738C66033E0B1,61B2102DB3D97F16FBB359EFE86EC6887A1B3B5A,3CC2F6162A3E278F77FE4B413A2B67A7F07F28D1,2020-08-28 04:17:29.549000,2020-08-28 04:17:30.648000
6h53wc723k6oumoe,failed,not_found,958,4C5B8134341E66CB09246985E4039F9BFC0ADCE3,9EB3FD84065E5622A57EFEF14E41A01B5B99A022,BE9B12FAAB7429842D643E2308390ECD8961E0A1,EF83AE5958C7DF647C6CADD52157169488E902D1,2020-08-28 04:17:30.648000,2020-08-28 04:17:31.897000
6h53wc723k6oumoe,failed,not_found,1066,4C5B8134341E66CB09246985E4039F9BFC0ADCE3,F94A7BAC5D1E3D9372437141E10695A625B8B533,BDEFE9280529DF52007A6660BE658F09488464B8,EF6604B95A942F1C7AD807DF10F93B9E00C47A6B,2020-08-28 04:17:31.898000,2020-08-28 04:17:33.054000
6h53wc723k6oumoe,failed,not_found,1171,4C5B8134341E66CB09246985E4039F9BFC0ADCE3,51F733EAC4DFD128CF957A14D5F2DC023803D1A2,014BD09636373B78CC28BA70E36C7190E3DE236A,3CBC541F2A763ADD7BF742919229251E2C065E4E,2020-08-28 04:17:33.055000,2020-08-28 04:17:35.455000
6h53wc723k6oumoe,failed,not_found,1367,4C5B8134341E66CB09246985E4039F9BFC0ADCE3,4856C97DC4F2271BC896DF9CABD217EE2D869D68,046F2D59A85FAE693676A87533717C57436261C2,EF51877D84CE07D5A4F98DF8B68128B0D15EE381,2020-08-28 04:17:35.455000,2020-08-28 04:17:36.774000
6h53wc723k6oumoe,failed,not_found,1476,4C5B8134341E66CB09246985E4039F9BFC0ADCE3,AB977A400143C8441703993D02956977C9AB0349,2FCFF074B5ED9017A078F350442D4FF0BA4D260C,3CCF9573F59137E52787D9C322AC19D2BD090B70,2020-08-28 04:17:36.775000,2020-08-28 04:17:38.181000
mozckwf3zqvlmrob,failed,not_found,846,4C5B8134341E66CB09246985E4039F9BFC0ADCE3,24E1C6412183972BFD76D838AC04D1ED261743D3,003BFA1B6CC5CBEFD5D0082F8FC9AF2A8868A8FB,73A5A81688BD536BFBABE18630F5BD6306C9AC8E,2020-08-28 04:17:29.552000,2020-08-28 04:17:30.801000
mozckwf3zqvlmrob,failed,not_found,912,4C5B8134341E66CB09246985E4039F9BFC0ADCE3,0B19BBFDC498CCEA23027B1D7BD8E20121B95E60,509EAB4C5D10C9A9A24B4EA0CE402C047A2D64E6,24F97F98C45E4754655BE66799049763DAEE99CE,2020-08-28 04:17:30.802000,2020-08-28 04:17:31.271000
mozckwf3zqvlmrob,failed,not_found,1003,4C5B8134341E66CB09246985E4039F9BFC0ADCE3,00E1649E69FF91D7F01E74A5E62EF14F7D9915E4,9413E5D74EFDCA7C36FCA9664B98C48C93FE33C7,2508698CEE27AEE60E2FD25AFDA4E22ABF453D2A,2020-08-28 04:17:31.272000,2020-08-28 04:17:32.714000
mozckwf3zqvlmrob,failed,not_found,1138,4C5B8134341E66CB09246985E4039F9BFC0ADCE3,09A70E396DE93F54D4541BBB0EC8E2B23761F34F,29A39144AD141242436D07901F7A8B91F7516A66,2507E6A97AC52DC09FA519D31340156EEC626A5B,2020-08-28 04:17:32.715000,2020-08-28 04:17:34.084000
mozckwf3zqvlmrob,failed,not_found,1260,4C5B8134341E66CB09246985E4039F9BFC0ADCE3,4B351545DD58473F36B0A20E5500AC6ED51E8CD5,261E29D740EBB5FC5593FACB65E4CD78E933266E,73B1D3EDF0BD6BA63820CEFC4FD7D9FEFAD513D7,2020-08-28 04:17:34.084000,2020-08-28 04:17:37.014000
mozckwf3zqvlmrob,failed,not_found,1495,4C5B8134341E66CB09246985E4039F9BFC0ADCE3,2E8E7262E39EF1661CC1173AA0F4731C921975A1,D9F061CC5EE68CC916586CF8522E73FFB8848C3F,73CC65219889443C06E06A0B6D427B1FE1C37379,2020-08-28 04:17:37.015000,2020-08-28 04:17:38.182000
jk4dbarzlqy2zty6,failed,not_found,849,4C5B8134341E66CB09246985E4039F9BFC0ADCE3,E7723680EA1F78E015DF312411990D5F5E815C27,1BD3B1951420BF0CF9F979B9276C0549EB03892C,CBB5AE37E2927A915D70FA71572D2EA203F03E83,2020-08-28 04:17:29.588000,2020-08-28 04:17:30.759000
jk4dbarzlqy2zty6,failed,not_found,962,4C5B8134341E66CB09246985E4039F9BFC0ADCE3,BF0FB582E37F738CD33C3651125F2772705BB8E8,03CFF90060461087D34FFB7B485C3AD30143775C,CBD00958A3B897774E333D75C24E6A75F5220DCC,2020-08-28 04:17:30.760000,2020-08-28 04:17:31.926000
jk4dbarzlqy2zty6,failed,not_found,2052,4C5B8134341E66CB09246985E4039F9BFC0ADCE3,0C3D5E19E3C75B505C8ACD26F89DCA2DF970553E,65379EED488599B0A1512E80D4743BC9125CB306,4150EDB300692A1839962D71E28E0746892A5FFB,2020-08-28 04:17:31.926000,2020-08-28 04:17:46.695000
jk4dbarzlqy2zty6,failed,not_found,2240,4C5B8134341E66CB09246985E4039F9BFC0ADCE3,599A708756048993A1029B2775EEF8C9E40BB640,6406B69F95D06F6A94CFDD83E85EE9C410A05D47,41427448C41642832130C2C29AF1FEAC3B3EED35,2020-08-28 04:17:46.695000,2020-08-28 04:17:48.205000
jk4dbarzlqy2zty6,failed,not_found,2285,4C5B8134341E66CB09246985E4039F9BFC0ADCE3,1A2B77AD0A742CD804B9DD747E2DD8E38D06C915,A2F7674E837C4131D70A840262AFC269801F14BA,CBBA40F7D9F284F47A243EE2C081E96682741D22,2020-08-28 04:17:48.206000,2020-08-28 04:17:48.825000
jk4dbarzlqy2zty6,failed,not_found,2389,4C5B8134341E66CB09246985E4039F9BFC0ADCE3,6D6EC2A2E2ED8BFF2D4834F8D669D82FC2A9FA8D,B00B6BA943600447CF72D58DB7A35B16754E43C8,4147447F3311BCCA41E5843473C4AEA3DE929436,2020-08-28 04:17:48.826000,2020-08-28 04:17:50.528000
pb34hibosruf7brm,failed,not_found,944,4C5B8134341E66CB09246985E4039F9BFC0ADCE3,4AD9C116A1942D58A714433CA24F087F18036A7E,8358BDDA9C9A680B4E3A2809E5C24F5B3624D5C2,85A885433E50B1874F11CEC9BE98451E24660976,2020-08-28 04:17:30.545000,2020-08-28 04:17:31.828000
pb34hibosruf7brm,failed,not_found,1058,4C5B8134341E66CB09246985E4039F9BFC0ADCE3,7010EF5D1F61EC9CB65658239B8DDA0439E78ACB,8A00CE9638BDB4686B91F1F0B229DB3F8C9B8415,7AFC157269130BCF36BCCAC0F2DAA0685E70D40D,2020-08-28 04:17:31.828000,2020-08-28 04:17:32.854000
pb34hibosruf7brm,failed,not_found,1099,4C5B8134341E66CB09246985E4039F9BFC0ADCE3,87D73471FDC64BD9CEDF84435D20CA4EB5C36FE8,37C1D66559D0C7884E3D21F7DEB58C75D79B98A8,7AE573E0DA3CE2AF263A067803AC5F37D00B1ECC,2020-08-28 04:17:32.855000,2020-08-28 04:17:33.424000
pb34hibosruf7brm,failed,not_found,1366,4C5B8134341E66CB09246985E4039F9BFC0ADCE3,3EEEB7021D974D38B6D97BEFB55E5E48551A8FEA,DA8D76F5F5819693B5C96F499BA19F7404014769,7AF9A195510DBFDA7AF8A016758D493EEE1535D6,2020-08-28 04:17:33.425000,2020-08-28 04:17:37.215000
pb34hibosruf7brm,failed,not_found,1505,4C5B8134341E66CB09246985E4039F9BFC0ADCE3,62712B2C24A169B24336CD2FE2BE55DA67476C8B,A55E513A283DF2CD89FC1DED396B0AF4FC8F25F4,857614896A8DA87D3D398F741BD32E2A21B1BDDF,2020-08-28 04:17:37.216000,2020-08-28 04:17:38.893000
pb34hibosruf7brm,failed,not_found,1633,4C5B8134341E66CB09246985E4039F9BFC0ADCE3,21239CC313A28B3E6CEE48D949BF7787471B1519,E087F6FBA148F8BB6A520CEF08FA5BF324828B22,85A3AC041E3FCD796AF5D653953D5E27A56E3719,2020-08-28 04:17:38.894000,2020-08-28 04:17:40.292000
5dsoqb3sks5ea2jl,failed,not_found,947,4C5B8134341E66CB09246985E4039F9BFC0ADCE3,071ACB713A9558A4B5750520B0A738C66033E0B1,622842AE5ECFF0809B4C986D52CA75C349ED11E8,76959901386E8C908F50235D9894007886B67C2E,2020-08-28 04:17:30.622000,2020-08-28 04:17:31.975000
5dsoqb3sks5ea2jl,failed,not_found,1000,4C5B8134341E66CB09246985E4039F9BFC0ADCE3,D8DF9660261B158A9DF6C3D7D63DD92B0FD5B9F7,543F96D0C17CDBAC326F644DB0C8A17193BCCFC9,76AB50C3EC0472A63AFB9A833A535FA6BD691478,2020-08-28 04:17:31.976000,2020-08-28 04:17:32.617000
5dsoqb3sks5ea2jl,failed,not_found,1123,4C5B8134341E66CB09246985E4039F9BFC0ADCE3,8F89078575FEE57675A922E9E088918F63AC750C,4B351545DD58473F36B0A20E5500AC6ED51E8CD5,769A297017BB5E92A9A5A3D76725CA12D694AA30,2020-08-28 04:17:32.617000,2020-08-28 04:17:33.678000
5dsoqb3sks5ea2jl,failed,not_found,1225,4C5B8134341E66CB09246985E4039F9BFC0ADCE3,1E9E17F01FD0F4A40BBEDF9B282EBE2F1811DD3E,6C71AC0B8FB6E0255C100DCAE0C283FB3F2F1CC2,FCC392FC20A5C1C5B5E95AB6E24735E493E3AEB7,2020-08-28 04:17:33.678000,2020-08-28 04:17:35.146000
5dsoqb3sks5ea2jl,failed,not_found,1344,4C5B8134341E66CB09246985E4039F9BFC0ADCE3,15FEE423DFF8AF9E2E081959B0C6326072C60DA1,DBE82FA23B9FE3CB2462A6FCF5289DED3CBF4AEE,FCC70D3F500C2EA62004137B0137201A93A2B57E,2020-08-28 04:17:35.146000,2020-08-28 04:17:37.480000
5dsoqb3sks5ea2jl,failed,not_found,1523,4C5B8134341E66CB09246985E4039F9BFC0ADCE3,9EB3FD84065E5622A57EFEF14E41A01B5B99A022,893BAE43EAC1507C5FBD046C325343D58FC04588,FCCCECDC44273C67FB374200138464F38DDF39AC,2020-08-28 04:17:37.481000,2020-08-28 04:17:38.705000
6vvqit34fr2ypjfb,failed,not_found,950,4C5B8134341E66CB09246985E4039F9BFC0ADCE3,B7F60A81737CE635E751C5BCA67BFD20DAF2615C,61F3A840F61EEFFF682C6243534ECEB09ADFE3B3,2DE7F6294336C47C0BDF8F10856F548348B2FB63,2020-08-28 04:17:30.623000,2020-08-28 04:17:32.110000
6vvqit34fr2ypjfb,failed,not_found,1095,4C5B8134341E66CB09246985E4039F9BFC0ADCE3,B76A047C20D3E4F9B5A64428298DA55A90D62472,1687ECEA6D20E62CF371BA8D53B95E68788F98C1,2DCEA7E830BB77C9B332EEB7C1501A5EE2BA0001,2020-08-28 04:17:32.111000,2020-08-28 04:17:34.055000
6vvqit34fr2ypjfb,failed,not_found,1255,4C5B8134341E66CB09246985E4039F9BFC0ADCE3,F5F4019509109A07E90C45A022CEED9ECA1643C8,8C5B316ED73018484765C3E0944E4508DCAE0944,2DEF1C5F4529665BB08A593C65BAF6917E9D2081,2020-08-28 04:17:34.056000,2020-08-28 04:17:35.890000
6vvqit34fr2ypjfb,failed,not_found,1414,4C5B8134341E66CB09246985E4039F9BFC0ADCE3,5F3AD48D0FC1BC7F70CCA3008C5307EFBC6F8307,E81993EA52B73285CFFD02FEC003569D21483001,069DFADA8C65DEA2B9B2272160AF5E57958F9A97,2020-08-28 04:17:35.891000,2020-08-28 04:17:37.351000
6vvqit34fr2ypjfb,failed,not_found,1512,4C5B8134341E66CB09246985E4039F9BFC0ADCE3,38E48C9509E18F405749859EEF299EBC1B829602,461D6EA15966C7F99B43D37ADC116B5B8E47D130,067ECF198238BD14B0CFE24899475A53A94E14EC,2020-08-28 04:17:37.351000,2020-08-28 04:17:38.621000
6vvqit34fr2ypjfb,failed,not_found,1612,4C5B8134341E66CB09246985E4039F9BFC0ADCE3,3F3E911D64F8DED71208D614782ABED41F4D7A0D,6A365870758A1E3E7A9EE0E82BCC0D6226A9EAAA,06804E6383EE94E83C9453F39B1E524C272D6D84,2020-08-28 04:17:38.621000,2020-08-28 04:17:40.007000
ltrgu2zap7pux4fq,failed,not_found,1029,4C5B8134341E66CB09246985E4039F9BFC0ADCE3,18671DE5092C67883BFB2450C3267B92618BEC66,ED664A0DB3B686FAAFEBD905DFFCE0E1981F3F1A,F4C0EDAA0BF0F7EC138746F8FEF1CE26C7860265,2020-08-28 04:17:31.614000,2020-08-28 04:17:33.904000
ltrgu2zap7pux4fq,failed,not_found,1185,4C5B8134341E66CB09246985E4039F9BFC0ADCE3,DC9564AE8BC7BF5F722E3677C897ED1B578C8D81,C422F88699C18A4F299D834391B15F07DBE60625,E690103F3E388A3D9C125936F1AE5C64C1A26D51,2020-08-28 04:17:33.905000,2020-08-28 04:17:34.920000
ltrgu2zap7pux4fq,failed,not_found,1611,4C5B8134341E66CB09246985E4039F9BFC0ADCE3,2FFE5FAF70D20E76B0474AE9E40C2A0B53F8D9F0,6406B69F95D06F6A94CFDD83E85EE9C410A05D47,E689C03C0990FDCE4FD25C5F1DF17D5DA793B620,2020-08-28 04:17:34.921000,2020-08-28 04:17:40.164000
ltrgu2zap7pux4fq,failed,not_found,1733,4C5B8134341E66CB09246985E4039F9BFC0ADCE3,BF7BFCB3096FC81FBD0B7ADA66164431EC7FD117,05C621B44EF6833889AE7B7E2A0B476569C47E37,F4BABDAA5DA115DE122DE4158712D53D7450BC65,2020-08-28 04:17:40.165000,2020-08-28 04:17:41.349000
ltrgu2zap7pux4fq,failed,not_found,1829,4C5B8134341E66CB09246985E4039F9BFC0ADCE3,D56A98D38FC3C75E0347EEF3DD9C12749AF7C7C5,FA5647DE9745BA239C9F34E262512C99605472C9,F4C836A27BF192F3364A67166E8EE2B19693AED1,2020-08-28 04:17:41.350000,2020-08-28 04:17:42.952000
ltrgu2zap7pux4fq,failed,not_found,1956,4C5B8134341E66CB09246985E4039F9BFC0ADCE3,C4D43EC18179F7B2E8187D7E284D6D547217B39E,6919A8656F85830ED5778FE3FDD522F3F18FFF6F,E68CC9C2E262E01C4C71C8F66F07517B0AB5E245,2020-08-28 04:17:42.952000,2020-08-28 04:17:44.971000
em5st7zc6bocisxp,failed,not_found,1037,4C5B8134341E66CB09246985E4039F9BFC0ADCE3,B4A96C0852DD0841579D33E09A98D641EACCD73E,99339F3E68BCCC1391BF14C821D80766FE0C5956,FEDF4998951A750D5D7974DF243035499E84882E,2020-08-28 04:17:31.668000,2020-08-28 04:17:32.772000
em5st7zc6bocisxp,failed,not_found,1145,4C5B8134341E66CB09246985E4039F9BFC0ADCE3,8111FEB45EF2950EB8F84BFD8FF070AB07AEE9DD,62712B2C24A169B24336CD2FE2BE55DA67476C8B,9910C6DEEA9907EE7AEFCE0DA072F94F86EBFD48,2020-08-28 04:17:32.772000,2020-08-28 04:17:34.406000
em5st7zc6bocisxp,failed,not_found,1280,4C5B8134341E66CB09246985E4039F9BFC0ADCE3,2096BCFEBB95A1134F39FCF8CEB076FF41A2B48B,5BB51E650366D14C95027DB2F1D7A69BC5B00676,FE9CB0E0629636EBD8D0C71F46E387B944C01BCF,2020-08-28 04:17:34.407000,2020-08-28 04:17:35.386000
em5st7zc6bocisxp,failed,not_found,1361,4C5B8134341E66CB09246985E4039F9BFC0ADCE3,B149064611DC466405E1825956F36B202DCE6E4A,2AD82F3964D325B3FE2FF74E980FB006374EF190,993845A39881E6A1C4DD6C9A73F45541DB1092AE,2020-08-28 04:17:35.386000,2020-08-28 04:17:37.451000
em5st7zc6bocisxp,failed,not_found,1520,4C5B8134341E66CB09246985E4039F9BFC0ADCE3,4FF53BC47097B50DA5B68D72C5B25CC079F4A787,DA8D76F5F5819693B5C96F499BA19F7404014769,FEDE31337E4E19E06B97D282F08B0A0E8B9C5526,2020-08-28 04:17:37.451000,2020-08-28 04:17:38.694000
em5st7zc6bocisxp,failed,not_found,1621,4C5B8134341E66CB09246985E4039F9BFC0ADCE3,6F901069356A789F02294F18A4D5FE1368239702,5F9141428BF5EAE485F0E2F7912DEDED4F4D17A7,99339F3E68BCCC1391BF14C821D80766FE0C5956,2020-08-28 04:17:38.695000,2020-08-28 04:17:40.198000
cpvlxol4hogz22ha,failed,not_found,1038,4C5B8134341E66CB09246985E4039F9BFC0ADCE3,04EE5E1B23127D26A36F71C66810D88B0B80BB91,67CDF7A4D06E98E55AAE595BBEBF38E64C4CCBF3,BFA905EA10DFD54A38A0C119FAE00182DE4C173B,2020-08-28 04:17:31.669000,2020-08-28 04:17:33.489000
cpvlxol4hogz22ha,failed,not_found,1206,4C5B8134341E66CB09246985E4039F9BFC0ADCE3,F73036C92CD94D5A16DEA9E50FE4BEC2AF3DE171,6BE5AA34A5C391724677A3FDC2AA77B3768F6E26,495B496867C84BBC92338301D924850F226E75DA,2020-08-28 04:17:33.489000,2020-08-28 04:17:34.593000
cpvlxol4hogz22ha,failed,not_found,1299,4C5B8134341E66CB09246985E4039F9BFC0ADCE3,C0F3C0EF81D84182379AA4CA5AD5A5289D011145,EC4AD91674B5AFECCA117A396776F120651E55BF,4945C1D8A3F51F1E5D353191AC318F47C4AF5D6F,2020-08-28 04:17:34.594000,2020-08-28 04:17:35.976000
cpvlxol4hogz22ha,failed,not_found,1422,4C5B8134341E66CB09246985E4039F9BFC0ADCE3,AEF6C1FBA0FC16F4931638BF065085B974D3E90F,FB016E16B8CD7A0E53DEEF31ED8754E4F6B8E837,BFBAB22CA31F6C2344C69E05DAE55B1782AD7A36,2020-08-28 04:17:35.977000,2020-08-28 04:17:38.149000
cpvlxol4hogz22ha,failed,not_found,1694,4C5B8134341E66CB09246985E4039F9BFC0ADCE3,06432D1B5A7C132071626D186D7F1A429C5BBED9,E081937B40664CE674FAB1CC3DD8993C9CA6A9AE,BFC2EEBFE31AA782949AA7D410046BF28EAF89C8,2020-08-28 04:17:38.149000,2020-08-28 04:17:41.231000
cpvlxol4hogz22ha,failed,not_found,1818,4C5B8134341E66CB09246985E4039F9BFC0ADCE3,9B047A91AC809AA020A1F42E3E785DBCEBF3652F,45582F4CCEE4BBF79B44A4853FDD82908B08D4A8,49791A9C1CD16463868F407C3968A3DCF1E9DC49,2020-08-28 04:17:41.231000,2020-08-28 04:17:42.358000
4nmdzmppzuusexmf,failed,not_found,1126,4C5B8134341E66CB09246985E4039F9BFC0ADCE3,C422F88699C18A4F299D834391B15F07DBE60625,8C993A76F7F647E44256958CBCF1FB712139B3AF,928FA1C68048456991707113975701FD75CB311B,2020-08-28 04:17:32.620000,2020-08-28 04:17:34.503000
4nmdzmppzuusexmf,failed,not_found,1893,4C5B8134341E66CB09246985E4039F9BFC0ADCE3,24A17A4C1FA8C2108ACDE3BE681B0731384BF3A5,5A224EFAC453F7EF2D0435E336890DECDC5CEBFD,DB8D1454CE078844DDA447C8ACBEE440B267258D,2020-08-28 04:17:34.503000,2020-08-28 04:17:43.866000
4nmdzmppzuusexmf,failed,not_found,2010,4C5B8134341E66CB09246985E4039F9BFC0ADCE3,44785E74F67FCABDCAF054486950B35140B9EE6E,0745857B06337B7F343635608975972A9EC14901,DB79AC7630A57A83916DFF17B07208E09BF4C9FA,2020-08-28 04:17:43.866000,2020-08-28 04:17:45.841000
4nmdzmppzuusexmf,failed,not_found,2164,4C5B8134341E66CB09246985E4039F9BFC0ADCE3,6DFEB41C04CCE846871338E85DD5ACF5CFB6C1DD,37C1D66559D0C7884E3D21F7DEB58C75D79B98A8,DB710B14D7329B7289CFCC547F48EF53F812C40D,2020-08-28 04:17:45.842000,2020-08-28 04:17:47.572000
4nmdzmppzuusexmf,failed,not_found,2571,4C5B8134341E66CB09246985E4039F9BFC0ADCE3,D7230F4F13324A28C308AF94E2385D0A7F1B05F9,46A91ECF7C4F36F830E015EF484BE3B5A53B74DD,926955277C7BDB6CD1E1561A91847CBCD5B079E5,2020-08-28 04:17:47.572000,2020-08-28 04:17:53.141000
4nmdzmppzuusexmf,failed,not_found,2681,4C5B8134341E66CB09246985E4039F9BFC0ADCE3,D8E8B73CEE4849D6956CF4D4F64A806AC2258FB1,2ABA928945F7EC1E9DD105A628D5C05609DB5B6D,929BB84A68198CE35E2F2828812840AF5C2CBC4A,2020-08-28 04:17:53.142000,2020-08-28 04:17:54.614000
t67ilaefzkmtzhof,failed,not_found,1131,4C5B8134341E66CB09246985E4039F9BFC0ADCE3,F9E32D4058F7F35E9BC4F1D8C3B2DAA0C4466660,F5C3DA7642BB037E0D279359AE88CD7FC03A98A0,3A7528436E0DD9675FB12750F3EDE23CF74F4ACB,2020-08-28 04:17:32.661000,2020-08-28 04:17:33.786000
t67ilaefzkmtzhof,failed,not_found,1236,4C5B8134341E66CB09246985E4039F9BFC0ADCE3,1841CB960128806151B61FC6D87AFBE9A98B99D7,2D70583AFDE90C7C3D9CFF9F0C076F0C022CC29C,3A4D13F52A4C9A13AD60D94615D4C0B2F5F69E3C,2020-08-28 04:17:33.787000,2020-08-28 04:17:35.819000
t67ilaefzkmtzhof,failed,not_found,1408,4C5B8134341E66CB09246985E4039F9BFC0ADCE3,8EB722FA1AE9DDE1914BC21FEA22819D4DE99DB4,79621D3F36A0B377670B4647C3370635CD2521AD,327F5823438B8EC86EC33355C147D8455AB1C14B,2020-08-28 04:17:35.819000,2020-08-28 04:17:37.763000
t67ilaefzkmtzhof,failed,not_found,1550,4C5B8134341E66CB09246985E4039F9BFC0ADCE3,2F4C603CCBBCA287B04ECAB0EB0EEC9DFCA9CED9,1FC89C159EA0F96D52D8A7092BF938C509DB6984,32828476F4F84E15C42B4C360A5CD8DE4C3C2BE7,2020-08-28 04:17:37.763000,2020-08-28 04:17:39.678000
t67ilaefzkmtzhof,failed,not_found,1689,4C5B8134341E66CB09246985E4039F9BFC0ADCE3,4A72492BACE7815554E45F4AB9AF05D549136D8F,229A21B9912BD92D696841F77BDEC95A23B67594,3A51E32A303A0E0A3AB8AA1CCBE98FF8791E2341,2020-08-28 04:17:39.679000,2020-08-28 04:17:41.516000
t67ilaefzkmtzhof,failed,not_found,1845,4C5B8134341E66CB09246985E4039F9BFC0ADCE3,E5CC91BAFE7CCD68003E873D32E38027638D49D7,FD79B7F9230858B48E75F389661840C702511078,3275589A15682CB7D3701B71999336674D86EE3E,2020-08-28 04:17:41.516000,2020-08-28 04:17:43.030000
cjsxz3b7t7epsmkq,failed,not_found,1437,4C5B8134341E66CB09246985E4039F9BFC0ADCE3,1A52E1EA95EA1C05E6A3B643AA9AC1E87FC796F3,605EE4375EE4C38215C8949F5808863749FD4F4A,3C384D6002A0B0DD30F6C816E54DDBEB5DD12795,2020-08-28 04:17:32.661000,2020-08-28 04:17:37.810000
cjsxz3b7t7epsmkq,failed,not_found,1555,4C5B8134341E66CB09246985E4039F9BFC0ADCE3,AC61D1722091F2FC4760776AF2C230D9DC679C03,E36536404200A74930DB165858BD5BB554D2BEA2,3C4B5F67E092261DD87626CCA76C7402A4A1CCC3,2020-08-28 04:17:37.812000,2020-08-28 04:17:38.942000
cjsxz3b7t7epsmkq,failed,not_found,1636,4C5B8134341E66CB09246985E4039F9BFC0ADCE3,3FFDFB5A9A278C7C303745606DB5B68FC5B9FADF,A09DAAAD16E3F77C2ED1A012BD8A18FFCBFEB422,11ABDB4D0B944F186A898560CB82C70439957DCA,2020-08-28 04:17:38.942000,2020-08-28 04:17:40.167000
cjsxz3b7t7epsmkq,failed,not_found,1736,4C5B8134341E66CB09246985E4039F9BFC0ADCE3,7D2595ABBB2F83E10275C0F3D2944DC580B4B55E,B872BA6804C8C6E140AE1897B44CF32B42FD2397,119E566B3D747658908EA00F336F4E158AE97AAD,2020-08-28 04:17:40.167000,2020-08-28 04:17:41.315000
cjsxz3b7t7epsmkq,failed,not_found,1826,4C5B8134341E66CB09246985E4039F9BFC0ADCE3,B9E7A637B00BBB77853A639CC33245A2FEB8F033,A0C59410B9030AC1385C4CA44C8DBFE13AF4BC9B,3C5915348D731505C48112F4F03235FDE7B8C837,2020-08-28 04:17:41.316000,2020-08-28 04:17:42.656000
cjsxz3b7t7epsmkq,failed,not_found,1925,4C5B8134341E66CB09246985E4039F9BFC0ADCE3,6118DDB580EEDD6FE5F8D3CC0DF1EE17D8A2A4C6,049852A10805835E9AB2C551D6C438BE6DE8B24C,1188DC549FDF5E8054E1FE8C789A632CD1872F7E,2020-08-28 04:17:42.657000,2020-08-28 04:17:44.087000
qirv6efvv3sqdhkm,failed,not_found,1215,4C5B8134341E66CB09246985E4039F9BFC0ADCE3,CDA9361C072A86719AA3D5A283F5BFBCBF82133B,2F2710152A2344B1DE3EF619E85CB1B298643D27,8FA37B93397015B2BC5A525C908485260BE9F422,2020-08-28 04:17:33.584000,2020-08-28 04:17:34.979000
qirv6efvv3sqdhkm,failed,not_found,1333,4C5B8134341E66CB09246985E4039F9BFC0ADCE3,6C71AC0B8FB6E0255C100DCAE0C283FB3F2F1CC2,3AB334331819AC0BA1A8AFE002D4321672109CAC,1B54FC6897A77F5BD006D0DB06971735E6527D1E,2020-08-28 04:17:34.979000,2020-08-28 04:17:36.495000
qirv6efvv3sqdhkm,failed,not_found,1977,4C5B8134341E66CB09246985E4039F9BFC0ADCE3,4FDDFAD51B24DDABB62FB59071F4DC421E76C685,0EFEAA8E74F9D9024A019702D31380C7B5CBDEEA,1B6D2FA8D4B87B5CD8E2AE8DD5A4A9DC6A69B45B,2020-08-28 04:17:36.495000,2020-08-28 04:17:41.381000
qirv6efvv3sqdhkm,failed,not_found,1835,4C5B8134341E66CB09246985E4039F9BFC0ADCE3,6565F31D9EC0C7DFFEA1920BE3BA4C73EF35B5C4,6FF440DFB1D0697B942357D747900CC308DD57CC,1B8188170F0AD7998A7D04BD5CE9F6128B032C8E,2020-08-28 04:17:41.382000,2020-08-28 04:17:43.363000
qirv6efvv3sqdhkm,failed,not_found,1980,4C5B8134341E66CB09246985E4039F9BFC0ADCE3,8F893399C8CA284583E3A526A6B4E5FD75449E87,1FC89C159EA0F96D52D8A7092BF938C509DB6984,8F7E120C1D4371FEA19E3C158C180D7DE4EE505C,2020-08-28 04:17:43.364000,2020-08-28 04:17:44.924000
qirv6efvv3sqdhkm,failed,not_found,2105,4C5B8134341E66CB09246985E4039F9BFC0ADCE3,2AA5F598F9A1812F01CD99E3B59BB87362ED7438,529CA3EB08AD6EC1791B5110AA3540A4CFA1197F,8F8911CEB5CAA353735DE1EF566B132AB649EF4C,2020-08-28 04:17:44.925000,2020-08-28 04:17:46.443000
vcbbioikj2bv6t4q,failed,not_found,1216,4C5B8134341E66CB09246985E4039F9BFC0ADCE3,C55AC4238C66CE8D00838572D563A284DBEF0228,05C621B44EF6833889AE7B7E2A0B476569C47E37,7BB70F8585DFC27E75D692970C0EEB0F22983A63,2020-08-28 04:17:33.585000,2020-08-28 04:17:34.594000
vcbbioikj2bv6t4q,failed,not_found,1300,4C5B8134341E66CB09246985E4039F9BFC0ADCE3,0F89912E6A4C4A8ACE43C58FF8B83CA299BFF74F,B872BA6804C8C6E140AE1897B44CF32B42FD2397,7BE4752877553A96CD4035D0C526BCD09E81CC64,2020-08-28 04:17:34.595000,2020-08-28 04:17:35.719000
vcbbioikj2bv6t4q,failed,not_found,1396,4C5B8134341E66CB09246985E4039F9BFC0ADCE3,EE4AF632058F0734C1426B1AD689F47445CA2056,8B6B10A0AED89408E509D4422EC926C89C7933D0,C1B79C4CD9B713BBB6B0522155B46A7BFE3BFAAE,2020-08-28 04:17:35.720000,2020-08-28 04:17:36.807000
vcbbioikj2bv6t4q,failed,not_found,1479,4C5B8134341E66CB09246985E4039F9BFC0ADCE3,25990FC54D7268C914170A118EE4EE75025451DA,A39721D284AA1ED1AE87AE63523535484AA14FB5,7BE3CB407039AA39EB88EF3B00053D3F92EC32AB,2020-08-28 04:17:36.808000,2020-08-28 04:17:38.057000
vcbbioikj2bv6t4q,failed,not_found,1569,4C5B8134341E66CB09246985E4039F9BFC0ADCE3,26B2BBE67149973AA6F631FD09E2A34E73253AB4,1B91B86B67317A63636FE38ABE6C4E701A2B1A99,C1BB67D3FBED68D4BAD400D1A49C5B79ECE3965E,2020-08-28 04:17:38.058000,2020-08-28 04:17:40.111000
vcbbioikj2bv6t4q,failed,not_found,1726,4C5B8134341E66CB09246985E4039F9BFC0ADCE3,A066E7983758C7CC0097E16ACF4F7B71BAFA44E9,2AD82F3964D325B3FE2FF74E980FB006374EF190,C1B8C6887867CED2564454058F9082311FAF1AC7,2020-08-28 04:17:40.111000,2020-08-28 04:17:41.380000
hl7g73jejjqmq7nm,failed,not_found,1222,4C5B8134341E66CB09246985E4039F9BFC0ADCE3,103336165A0D2EFCAD3605339843A0A7710B8B92,38471394F06B2B86404768193C929313962FDC2F,50E3CEA0D7EB9644B89B965743797279196775D5,2020-08-28 04:17:33.637000,2020-08-28 04:17:34.859000
hl7g73jejjqmq7nm,failed,not_found,1319,4C5B8134341E66CB09246985E4039F9BFC0ADCE3,B01BF09244C6B73687BB781C5A9C9E812974D086,573051CAA3EEEE2B75EBD096BB1F70D3FDAC5F3A,50F6216AD70E26B9FE70808380A1754BDF3DD0E5,2020-08-28 04:17:34.860000,2020-08-28 04:17:36.176000
hl7g73jejjqmq7nm,failed,not_found,1429,4C5B8134341E66CB09246985E4039F9BFC0ADCE3,29E156A09E151AF230D682382C723C77D35160D0,D1AE7E838DF635EB1367F202B84946D73142CDAD,510176C07005D47B23E6796F02C93241A29AA0E9,2020-08-28 04:17:36.177000,2020-08-28 04:17:38.693000
hl7g73jejjqmq7nm,failed,not_found,1620,4C5B8134341E66CB09246985E4039F9BFC0ADCE3,CE34F2DA5B7B419D9D126530DCE86EA87D6D13EE,0E300A0942899B995AE08CEF58062BCFEB51EEDF,C55AC4238C66CE8D00838572D563A284DBEF0228,2020-08-28 04:17:38.694000,2020-08-28 04:17:39.800000
hl7g73jejjqmq7nm,failed,not_found,1698,4C5B8134341E66CB09246985E4039F9BFC0ADCE3,7D6FAE9198BBBC1FDE46B2842F2161AB6328918D,4B351545DD58473F36B0A20E5500AC6ED51E8CD5,C59E079437340E3AD14E6785C0A91A5B6F328566,2020-08-28 04:17:39.801000,2020-08-28 04:17:41.063000
hl7g73jejjqmq7nm,failed,not_found,1801,4C5B8134341E66CB09246985E4039F9BFC0ADCE3,CB72A74E8197DF3B33EE6A0895E5BB871D10CF92,39F096961ED2576975C866D450373A9913AFDC92,C577C56EAD654C829D1FF2F86133F89A1A59AA89,2020-08-28 04:17:41.063000,2020-08-28 04:17:42.979000
zq2dhaolg5q2uiyp,failed,not_found,1303,4C5B8134341E66CB09246985E4039F9BFC0ADCE3,4FF53BC47097B50DA5B68D72C5B25CC079F4A787,648E97719EDEC4F0E08F1CEB8D24F2C8F587344C,9C305BC09852C7CB62E9A41F9ECA108BBFB23521,2020-08-28 04:17:34.622000,2020-08-28 04:17:35.817000
zq2dhaolg5q2uiyp,failed,not_found,1405,4C5B8134341E66CB09246985E4039F9BFC0ADCE3,11DF0017A43AF1F08825CD5D973297F81AB00FF3,B96B5141004995295FE87DCCE1A54519BD0BB48A,9C2BF9B1E30EBB1A3836FA04BEEE8CC192CC1E5B,2020-08-28 04:17:35.818000,2020-08-28 04:17:36.924000
zq2dhaolg5q2uiyp,failed,not_found,1438,4C5B8134341E66CB09246985E4039F9BFC0ADCE3,32A1ED707343CDEFFC105EC8DF068A0E154DF6CE,64B43A6198B6C1F97D9ED8929F5A8913C3815935,0B28C72A82D4CE016016DAB98D077C997F524AA1,2020-08-28 04:17:36.924000,2020-08-28 04:17:37.647000
zq2dhaolg5q2uiyp,failed,not_found,1539,4C5B8134341E66CB09246985E4039F9BFC0ADCE3,D228AE265C966CA4E9A8C4B746A30A9737060A32,F94A7BAC5D1E3D9372437141E10695A625B8B533,0B19BBFDC498CCEA23027B1D7BD8E20121B95E60,2020-08-28 04:17:37.648000,2020-08-28 04:17:38.732000
zq2dhaolg5q2uiyp,failed,not_found,1624,4C5B8134341E66CB09246985E4039F9BFC0ADCE3,EEDF0AF1F892C82F056063827B47283CC9AEAA41,9171101E709ADE5881F5E2CA1100D4044B44263E,9C34EAD957DF77978BCF356F3F96B9A79E3961CB,2020-08-28 04:17:38.732000,2020-08-28 04:17:39.978000
zq2dhaolg5q2uiyp,failed,not_found,1715,4C5B8134341E66CB09246985E4039F9BFC0ADCE3,E3D61BAEA0B7CB12CACEDC8821C520557BDFCEA3,D5C6F62A5D1B3C711CA5E6F9D3772A432E96F6C2,0B25110BA3473A6DC04AB58A3A0D5E4D6922A0E0,2020-08-28 04:17:39.978000,2020-08-28 04:17:41.023000
lqjda3mkz3zxihgx,failed,not_found,1307,4C5B8134341E66CB09246985E4039F9BFC0ADCE3,43FF3346A3F8E4ED27F631DC956C4CD8D6173D7A,3FE39429CB7077BBB13D2774591A1B80EE493742,373BF7A2CD16E86D4C5BEC591A41945C9AED392D,2020-08-28 04:17:34.666000,2020-08-28 04:17:35.864000
lqjda3mkz3zxihgx,failed,not_found,1411,4C5B8134341E66CB09246985E4039F9BFC0ADCE3,E81993EA52B73285CFFD02FEC003569D21483001,38DC78302D5CB107B6D5CCC02EE4D8773AA910DE,3E13E2EB87CCF5690564EE33E9F9F9F80B229FBB,2020-08-28 04:17:35.864000,2020-08-28 04:17:37.418000
lqjda3mkz3zxihgx,failed,not_found,1517,4C5B8134341E66CB09246985E4039F9BFC0ADCE3,7749943AC70AAAF5143638CA9B67786D28C1D39F,61B2102DB3D97F16FBB359EFE86EC6887A1B3B5A,372A38794527887333B52ED1D707609D808C0659,2020-08-28 04:17:37.418000,2020-08-28 04:17:38.655000
lqjda3mkz3zxihgx,failed,not_found,1617,4C5B8134341E66CB09246985E4039F9BFC0ADCE3,1AAD015F4D885413A2BCE0E58159116901236C49,F8DE8132E599A194E20DDB738AF64A7200CD5949,37535409102DFFE92F3DAC809E470E62BC27F1DF,2020-08-28 04:17:38.655000,2020-08-28 04:17:39.841000
lqjda3mkz3zxihgx,failed,not_found,1701,4C5B8134341E66CB09246985E4039F9BFC0ADCE3,F142793FBD6F8E9EC1FC972BCCD8A06009E3DAFC,A1FC8E424167AD70B6FA4953D9348BCD82CEB788,3E18FEBABD94CDC986416C957DF323FEDE97A2BD,2020-08-28 04:17:39.842000,2020-08-28 04:17:41.563000
lqjda3mkz3zxihgx,failed,not_found,1848,4C5B8134341E66CB09246985E4039F9BFC0ADCE3,29A39144AD141242436D07901F7A8B91F7516A66,8701E70AC4C0C9E1FE47EA853FC997D29BE5D65C,3E04505D362AA324E6E4E1C8516CCD9EF4D41B9C,2020-08-28 04:17:41.564000,2020-08-28 04:17:42.950000
tdhse6e7fqci57qv,failed,not_found,1582,4C5B8134341E66CB09246985E4039F9BFC0ADCE3,66BD39FE805AED414ADE400CAAD862C9CC3AC34E,24F97F98C45E4754655BE66799049763DAEE99CE,D0CDC93C97C8D4C275117F6D44B95F8909A01E96,2020-08-28 04:17:34.667000,2020-08-28 04:17:39.532000
tdhse6e7fqci57qv,failed,not_found,1672,4C5B8134341E66CB09246985E4039F9BFC0ADCE3,1E0C555FA666B2C3B7E8B6068540A2356A1D167D,B204DE75B37064EF6A4C6BAF955C5724578D0B32,F29A5D7E317934CDFFFA3DD9B26AC9AB48CB1C6C,2020-08-28 04:17:39.533000,2020-08-28 04:17:41.721000
tdhse6e7fqci57qv,failed,not_found,1863,4C5B8134341E66CB09246985E4039F9BFC0ADCE3,014BD09636373B78CC28BA70E36C7190E3DE236A,861BCFDD148973985E7FE97C7455C9E4AC4E13BE,F2AF93D23D91F9CFE03C5151DF01B0481BF99E12,2020-08-28 04:17:41.721000,2020-08-28 04:17:43.090000
tdhse6e7fqci57qv,failed,not_found,1966,4C5B8134341E66CB09246985E4039F9BFC0ADCE3,B6495EB04241A8D95996F7C8ACAF790B62E8111B,509EAB4C5D10C9A9A24B4EA0CE402C047A2D64E6,D0CE898B1530C14F9FCE27E1449941579607F1D6,2020-08-28 04:17:43.090000,2020-08-28 04:17:44.892000
tdhse6e7fqci57qv,failed,not_found,2102,4C5B8134341E66CB09246985E4039F9BFC0ADCE3,A8FEC75C75C24997467B15603DBDE43D108DEE75,E947C029087FA1C3499BEF5D4372947C51223D8F,F2D09EBC1F1BD97A7EEF896D015D6BB9C6874753,2020-08-28 04:17:44.893000,2020-08-28 04:17:46.245000
tdhse6e7fqci57qv,failed,not_found,2199,4C5B8134341E66CB09246985E4039F9BFC0ADCE3,0A6001B1E3A9F5365BD3C2988BD69BB8EAD71289,0085057C17BD2E1809E284825F06F94E72FB418C,D0BF6A6400081DA6031536ECEAD59F79BDABEB65,2020-08-28 04:17:46.245000,2020-08-28 04:17:47.595000
doexzcgsp54cki2v,failed,not_found,1382,4C5B8134341E66CB09246985E4039F9BFC0ADCE3,58FC2AAB3792AC37897D34331F4F4E00341DEC0C,EE010EF80A27AC0B02CDC2B8B214A6201BB02D2B,F0C9513539800F762ECAE37F16370D7CBA5E52C2,2020-08-28 04:17:35.597000,2020-08-28 04:17:36.773000
doexzcgsp54cki2v,failed,not_found,1473,4C5B8134341E66CB09246985E4039F9BFC0ADCE3,DCE8DBF94576272AD10D996C9AA0794A4567F304,73A62B590CC4F290D068FA20A12D6408A0D8B60C,E3D61BAEA0B7CB12CACEDC8821C520557BDFCEA3,2020-08-28 04:17:36.773000,2020-08-28 04:17:38.177000
doexzcgsp54cki2v,failed,not_found,1577,4C5B8134341E66CB09246985E4039F9BFC0ADCE3,77A56CB237740E24AEA2D61C8C8936232AFC1BD8,59A755782C1F977D6DCD76C0EC450FFCC7C29E56,E3C80B91620F9B4352C403B2D692C09403DA2599,2020-08-28 04:17:38.178000,2020-08-28 04:17:40.378000
doexzcgsp54cki2v,failed,not_found,1748,4C5B8134341E66CB09246985E4039F9BFC0ADCE3,4BED68DF9EAF6C111D8778E19CC9AC7AFEC4FC02,B849824F8FCD7AEB130DF356F592BA40C686CA08,F0EEBEA2D9A5A2742A81AF7C300FFB98F6D09B7D,2020-08-28 04:17:40.379000,2020-08-28 04:17:41.784000
doexzcgsp54cki2v,failed,not_found,1869,4C5B8134341E66CB09246985E4039F9BFC0ADCE3,7FA3FA525901A91A1310B817943668BC2C16289E,575F15A0A41B951BEE03E25B2A0A3FC3E8D7C7D1,F0E40D2CD68BCEE16FA6B768FE48062AEF093B1E,2020-08-28 04:17:41.784000,2020-08-28 04:17:45.180000
doexzcgsp54cki2v,failed,not_found,2115,4C5B8134341E66CB09246985E4039F9BFC0ADCE3,9B2BC7EFD661072AFADC533BE8DCF1C19D8C2DCC,A066E7983758C7CC0097E16ACF4F7B71BAFA44E9,E3BE523603E9CB038A289FA38066E01A4FE7BD98,2020-08-28 04:17:45.181000,2020-08-28 04:17:46.945000
y7rqxa7zcdma7dbi,failed,not_found,1385,4C5B8134341E66CB09246985E4039F9BFC0ADCE3,484F666C491BCDE22B45E0E19D1CEA5ACC5A9611,7FA3FA525901A91A1310B817943668BC2C16289E,1B3E48D75E7F7E61D1B9BBE24BA15A38B454380D,2020-08-28 04:17:35.639000,2020-08-28 04:17:37.040000
y7rqxa7zcdma7dbi,failed,not_found,1498,4C5B8134341E66CB09246985E4039F9BFC0ADCE3,88249F18737379DAC87185E5EC75626EB1F414EB,38F21DEE29E40DCDF9460A80662B7723562CA008,1B54FC6897A77F5BD006D0DB06971735E6527D1E,2020-08-28 04:17:37.041000,2020-08-28 04:17:38.498000
y7rqxa7zcdma7dbi,failed,not_found,1603,4C5B8134341E66CB09246985E4039F9BFC0ADCE3,C577C56EAD654C829D1FF2F86133F89A1A59AA89,40850AA955BC184B617F12C1CAC4414AA3218054,7F4F46E4E856F345A1B21F32BC48ADC6DC0D267A,2020-08-28 04:17:38.499000,2020-08-28 04:17:40.442000
y7rqxa7zcdma7dbi,failed,not_found,1742,4C5B8134341E66CB09246985E4039F9BFC0ADCE3,63DE54637F349FD686CF1C036827B5BE826B9F7C,03910F285A33F365838EC66EF2C2EF754D046760,1B6D2FA8D4B87B5CD8E2AE8DD5A4A9DC6A69B45B,2020-08-28 04:17:40.442000,2020-08-28 04:17:44.859000
y7rqxa7zcdma7dbi,failed,not_found,2096,4C5B8134341E66CB09246985E4039F9BFC0ADCE3,F0A3054C76604DC75D3F57F55C27F1BFB643F107,005ED97213F725867E422B8DC0443361BBB24E3C,7F64B84FA7889688041D2413AD60EA3F9CA6801D,2020-08-28 04:17:44.860000,2020-08-28 04:17:46.442000
y7rqxa7zcdma7dbi,failed,not_found,2218,4C5B8134341E66CB09246985E4039F9BFC0ADCE3,A9F5135AE18C7E25C7C79117CD8C7619BFEB85ED,FC4B0432A0E4724042CEF347FC62B33FB9A5D97F,7F3D20E72A24ED2EBD92AA9C430B805BA389D02B,2020-08-28 04:17:46.443000,2020-08-28 04:17:48.552000
5f3g5yzklo7unc4k,failed,not_found,1390,4C5B8134341E66CB09246985E4039F9BFC0ADCE3,B143D439B72D239A419F8DCE07B8A8EB1B486FA7,E6C04728E9339DF22F331B7017D4A7AA3F252F0B,ADE92B0150C933FFE00683E7492F1D930AFABB6D,2020-08-28 04:17:35.664000,2020-08-28 04:17:36.986000
5f3g5yzklo7unc4k,failed,not_found,1492,4C5B8134341E66CB09246985E4039F9BFC0ADCE3,97B7BA747B62A9962DEDCE404FF33106D4032F91,C5A1D5B7CB0D12A7B7334F2915134E6DA8F5C46D,AE08D159352237844C60E0153AC8578320922FB8,2020-08-28 04:17:36.986000,2020-08-28 04:17:39.214000
5f3g5yzklo7unc4k,failed,not_found,1654,4C5B8134341E66CB09246985E4039F9BFC0ADCE3,0B25110BA3473A6DC04AB58A3A0D5E4D6922A0E0,72B2B12A3F60408BDBC98C6DF53988D3A0B3F0EE,926955277C7BDB6CD1E1561A91847CBCD5B079E5,2020-08-28 04:17:39.214000,2020-08-28 04:17:40.652000
5f3g5yzklo7unc4k,failed,not_found,1767,4C5B8134341E66CB09246985E4039F9BFC0ADCE3,1099983E2C5C3ECDAD0B7D5AABD2AC6BF2CBBF70,9715C81BA8C5B0C698882035F75C67D6D643DBE3,ADE6AB2BFBD7A5780B321DC33BBACCD0D777C94D,2020-08-28 04:17:40.653000,2020-08-28 04:17:42.451000
5f3g5yzklo7unc4k,failed,not_found,1906,4C5B8134341E66CB09246985E4039F9BFC0ADCE3,38DC78302D5CB107B6D5CCC02EE4D8773AA910DE,9A51C5D79C30B9F3B527EC77EF901DDAB76C3AB5,924B24AFA7F075D059E8EEB284CC400B33D3D036,2020-08-28 04:17:42.452000,2020-08-28 04:17:44.015000
5f3g5yzklo7unc4k,failed,not_found,2023,4C5B8134341E66CB09246985E4039F9BFC0ADCE3,3098CC656BB3F519FEBF93AF6E0CBBDE4D84002A,C3E0E9EA1FF3FCFC27E856BFE61533020DD7F090,928FA1C68048456991707113975701FD75CB311B,2020-08-28 04:17:44.016000,2020-08-28 04:17:46.211000
kzvzda433eviufhl,failed,not_found,1458,4C5B8134341E66CB09246985E4039F9BFC0ADCE3,19D353B8AA0927DF82CB26E0396C57BE27C0ACC5,C303038FDCC72805A160FF64E994333A49ECDA71,63799328222647BE7ED9171FC9FDDED0B77AAFB5,2020-08-28 04:17:36.649000,2020-08-28 04:17:38.031000
kzvzda433eviufhl,failed,not_found,1509,4C5B8134341E66CB09246985E4039F9BFC0ADCE3,A066E7983758C7CC0097E16ACF4F7B71BAFA44E9,38F21DEE29E40DCDF9460A80662B7723562CA008,EF6604B95A942F1C7AD807DF10F93B9E00C47A6B,2020-08-28 04:17:38.031000,2020-08-28 04:17:38.759000
kzvzda433eviufhl,failed,not_found,1627,4C5B8134341E66CB09246985E4039F9BFC0ADCE3,9F5068310818ED7C70B0BC4087AB55CB12CB4377,3F43D0584A2613C9DB631382FF486DC6B95EA1C8,6372CADE2B9A608E5114002A7A825AF0D11B449A,2020-08-28 04:17:38.759000,2020-08-28 04:17:40.008000
kzvzda433eviufhl,failed,not_found,1718,4C5B8134341E66CB09246985E4039F9BFC0ADCE3,09A70E396DE93F54D4541BBB0EC8E2B23761F34F,F6AAFCFB722532DA3E2A54135000E672B9473835,6389ECB4891334B846300FDD8A68250EBB5B7C52,2020-08-28 04:17:40.008000,2020-08-28 04:17:41.379000
kzvzda433eviufhl,failed,not_found,1832,4C5B8134341E66CB09246985E4039F9BFC0ADCE3,8FD3BAF5E14EBE1124D6253D59882AFE1C2B9B8E,8B1CC76D6D1370A67263628D4CBC01B62903D0BF,EF51877D84CE07D5A4F98DF8B68128B0D15EE381,2020-08-28 04:17:41.379000,2020-08-28 04:17:42.751000
kzvzda433eviufhl,failed,not_found,1939,4C5B8134341E66CB09246985E4039F9BFC0ADCE3,FB52C73C8B728ABDE014DB30DC53D160A71E5708,836F57D4443C32F5C41179B7522680FD859E45F1,EF83AE5958C7DF647C6CADD52157169488E902D1,2020-08-28 04:17:42.752000,2020-08-28 04:17:44.975000
jxsooedywwu3tfl3,failed,not_found,1648,4C5B8134341E66CB09246985E4039F9BFC0ADCE3,355140498339A8FEBBA1453E93A3FAE8F7973968,F142793FBD6F8E9EC1FC972BCCD8A06009E3DAFC,0C039F35C2E40DCB71CD8A07E97C7FD7787D42D6,2020-08-28 04:17:36.681000,2020-08-28 04:17:40.765000
jxsooedywwu3tfl3,failed,not_found,1776,4C5B8134341E66CB09246985E4039F9BFC0ADCE3,A25F6BDE6E5E45555E2FCCC4F50460A65544D61F,CF6A6080091BB210AA3892FEFE2F6A396DA08DF3,0BF606DE836D4C794CAFF7CA78720F8C87660998,2020-08-28 04:17:40.766000,2020-08-28 04:17:42.821000
jxsooedywwu3tfl3,failed,not_found,1942,4C5B8134341E66CB09246985E4039F9BFC0ADCE3,539572FE3430A83E8F502052FC7E178E20A07EE0,F1A7CE1B1D558DC24E39B6B30FF217ECCEECF141,AB8A96AA4E0303D7D93AECCC1F5C7EE06515D611,2020-08-28 04:17:42.821000,2020-08-28 04:17:44.510000
jxsooedywwu3tfl3,failed,not_found,2066,4C5B8134341E66CB09246985E4039F9BFC0ADCE3,9F7D6E6420183C2B76D3CE99624EBC98A21A967E,D7230F4F13324A28C308AF94E2385D0A7F1B05F9,0C3599079EF21C4994AD6DDE91F72A48F16E8A98,2020-08-28 04:17:44.511000,2020-08-28 04:17:45.893000
jxsooedywwu3tfl3,failed,not_found,2169,4C5B8134341E66CB09246985E4039F9BFC0ADCE3,9456BBB3FB923DD1CDEC5C8B45D9615BC937DC42,4B351545DD58473F36B0A20E5500AC6ED51E8CD5,ABF940561A8E528559747D2237847E1BD823CDB8,2020-08-28 04:17:45.893000,2020-08-28 04:17:47.413000
jxsooedywwu3tfl3,failed,not_found,2284,4C5B8134341E66CB09246985E4039F9BFC0ADCE3,A597AC866E40CAB5A67759ADE4942192E99DE684,5DB9AE27A44EB7B476CC04A66C67A71C97A001E6,ABB904183743FCC9672355ABCB9EDA2ABB11DED2,2020-08-28 04:17:47.413000,2020-08-28 04:17:49.383000
lcgolgfheqpk3zcp,failed,not_found,1464,4C5B8134341E66CB09246985E4039F9BFC0ADCE3,9EB3FD84065E5622A57EFEF14E41A01B5B99A022,1D963F0A72B8FF21ECD2B2666D70E7040BEDEAB6,FD2F9B881AC640100C428DF47DC9A863DC2F2536,2020-08-28 04:17:36.682000,2020-08-28 04:17:37.873000
lcgolgfheqpk3zcp,failed,not_found,1558,4C5B8134341E66CB09246985E4039F9BFC0ADCE3,58A7199712C0E52B3C5F2F8E8B27B5A62BE58BC8,17ABA734572DBB1050CF3800F0DD145BAE7ED9A7,AFA9E5B8D77B736CCA77704B465F9FA4B9566924,2020-08-28 04:17:37.873000,2020-08-28 04:17:38.966000
lcgolgfheqpk3zcp,failed,not_found,1643,4C5B8134341E66CB09246985E4039F9BFC0ADCE3,0085057C17BD2E1809E284825F06F94E72FB418C,37DDF1906EE3DB96130A717EA54667C64DAC78DF,FD1952B22EF53D491E0D7E3CECB85C3CEF63CABB,2020-08-28 04:17:38.966000,2020-08-28 04:17:40.135000
lcgolgfheqpk3zcp,failed,not_found,1660,4C5B8134341E66CB09246985E4039F9BFC0ADCE3,39E785F73A62FDE38C4797E61ABE512328E5C26C,504F23DC734459DBBA58B2F11A4799EB945188A3,AFC69ACD47E4CBD5CF8EA47F9B5622C91BF2DA60,2020-08-28 04:17:40.135000,2020-08-28 04:17:41.150000
lcgolgfheqpk3zcp,failed,not_found,1812,4C5B8134341E66CB09246985E4039F9BFC0ADCE3,AFFD147DBCC065A5CEF7258BC1367CC35855A431,9B2BC7EFD661072AFADC533BE8DCF1C19D8C2DCC,FCF61C25093BB33BAA203D8EE7E65466D42ECF98,2020-08-28 04:17:41.150000,2020-08-28 04:17:42.452000
lcgolgfheqpk3zcp,failed,not_found,1907,4C5B8134341E66CB09246985E4039F9BFC0ADCE3,2F2B8D5BBA29F7DBD41163FF5187A77E446C527D,06B308F54B4A779D74B30536964182A09C08AB8F,AFA0C24F635C3E198A151D09A796430F0778BA65,2020-08-28 04:17:42.453000,2020-08-28 04:17:45.112000
o4hfkdrf6juibuap,failed,not_found,1526,4C5B8134341E66CB09246985E4039F9BFC0ADCE3,E11FC7C83F417808A4CDD84A5ABFC112844C477A,9F90783A672015D4D40F22902964B92AD0EA0C17,13D13C0ECB5DE7D9B047E21F674505C90C1E0088,2020-08-28 04:17:37.507000,2020-08-28 04:17:38.964000
o4hfkdrf6juibuap,failed,not_found,1583,4C5B8134341E66CB09246985E4039F9BFC0ADCE3,836460C721577873AD1FF8AB000112A9360EB3A0,FF8F56B5E1A36341F84FF72927CEB3F0AC6BC6A9,7327876AE79C997DFE311A7B15B4FA875736BBD1,2020-08-28 04:17:38.965000,2020-08-28 04:17:39.448000
o4hfkdrf6juibuap,failed,not_found,1665,4C5B8134341E66CB09246985E4039F9BFC0ADCE3,4FF53BC47097B50DA5B68D72C5B25CC079F4A787,6118DDB580EEDD6FE5F8D3CC0DF1EE17D8A2A4C6,13F7EAE731CA4600951986921E08ECAB9B1D2AF6,2020-08-28 04:17:39.449000,2020-08-28 04:17:40.926000
o4hfkdrf6juibuap,failed,not_found,1743,4C5B8134341E66CB09246985E4039F9BFC0ADCE3,56784608242CB15B70ED6CBB8F40EEA3B62AF69E,58A9921DD0A1389356634625C5B14ACC1194A95C,7335A5A83067AE1BDB073F2E00A3E3982FFFE23D,2020-08-28 04:17:40.927000,2020-08-28 04:17:42.655000
o4hfkdrf6juibuap,failed,not_found,1924,4C5B8134341E66CB09246985E4039F9BFC0ADCE3,6C6753D352653AC63C01562984F26088502A7E4E,4FF53BC47097B50DA5B68D72C5B25CC079F4A787,7332A06B00D6AF54AA804F03C624DFBBC9E66172,2020-08-28 04:17:42.656000,2020-08-28 04:17:43.957000
o4hfkdrf6juibuap,failed,not_found,2355,4C5B8134341E66CB09246985E4039F9BFC0ADCE3,5C818A86C30F51951EA054E0730DF62E4F35E964,FF82B371BDDDA0F48D849CA38E33A9AA39C0D2BE,13EE0E14C6A2751633138277C1443A4C37DD55D4,2020-08-28 04:17:43.958000,2020-08-28 04:17:50.605000
3fjcj7i3q3hpssgo,failed,not_found,1529,4C5B8134341E66CB09246985E4039F9BFC0ADCE3,32B1913ADEAB0EC6D87516995D755D7D5A44FE56,82ED9AEC94184EC6DD299A5CDB3378B04BB17489,24AF1603CDF4D118E1F7AEBF680C18BDA5E8F793,2020-08-28 04:17:37.579000,2020-08-28 04:17:39.799000
3fjcj7i3q3hpssgo,failed,not_found,1697,4C5B8134341E66CB09246985E4039F9BFC0ADCE3,DD0C8EEC5CA402A9FA4478F10C31A440F71F6885,3049EFE686931232C81EA4DD975AF60C962CED01,1AE180250D80A692077EDA35CC8E7387A9FDF220,2020-08-28 04:17:39.800000,2020-08-28 04:17:41.660000
3fjcj7i3q3hpssgo,failed,not_found,1860,4C5B8134341E66CB09246985E4039F9BFC0ADCE3,8F22AFDD06AA4238ADD93A8EA6FBC2BB9C652711,A171F8332AA037A2855C390488F8EFDFD438AAE6,24A17A4C1FA8C2108ACDE3BE681B0731384BF3A5,2020-08-28 04:17:41.660000,2020-08-28 04:17:43.224000
3fjcj7i3q3hpssgo,failed,not_found,1969,4C5B8134341E66CB09246985E4039F9BFC0ADCE3,23A2D8DDF761F35CC63BDF65E604B76A7E2F6971,E97D754577161C2BEF19042F6E1931D8F3E57DFE,1AAC19D892F84910AB94C45092241ABA3CFC4C89,2020-08-28 04:17:43.225000,2020-08-28 04:17:44.648000
3fjcj7i3q3hpssgo,failed,not_found,2077,4C5B8134341E66CB09246985E4039F9BFC0ADCE3,0B85617241252517E8ECF2CFC7F4C1A32DCD153F,0EB07340EF2D1608FC16F6268E1DA0C532EB3D11,1AE039EE0B11DB79E4B4B29CBA9F752864A0259E,2020-08-28 04:17:44.648000,2020-08-28 04:17:46.099000
3fjcj7i3q3hpssgo,failed,not_found,2323,4C5B8134341E66CB09246985E4039F9BFC0ADCE3,B2D98685327A52354259CA921049BB37DE758FB1,63540827C4832D214984EA47B7A68C593F9F862F,248CE89A310534DF139DF6A36BD87EB4CA237DCF,2020-08-28 04:17:46.100000,2020-08-28 04:17:49.527000
mgww4zd45kw2svqw,failed,not_found,1532,4C5B8134341E66CB09246985E4039F9BFC0ADCE3,A4DEEE8F4467621C0A3CB7F4E25CB6F7A11FAEE4,40CDE936B04B4573A47223396006443CA5EAC845,E00C087ECFB27D7BF969936F1FDD9354E03CAE2F,2020-08-28 04:17:37.581000,2020-08-28 04:17:38.794000
mgww4zd45kw2svqw,failed,not_found,1630,4C5B8134341E66CB09246985E4039F9BFC0ADCE3,03910F285A33F365838EC66EF2C2EF754D046760,D7230F4F13324A28C308AF94E2385D0A7F1B05F9,E0023AC14180112A2FFF00A84C6049862BB3E6C3,2020-08-28 04:17:38.795000,2020-08-28 04:17:40.049000
mgww4zd45kw2svqw,failed,not_found,1721,4C5B8134341E66CB09246985E4039F9BFC0ADCE3,461D6EA15966C7F99B43D37ADC116B5B8E47D130,68FBE72B0D411C314EC7F272CB5B3F14C2429246,BE0AC3B6692085308CA766F9E03736D1CAAED6F3,2020-08-28 04:17:40.049000,2020-08-28 04:17:41.149000
mgww4zd45kw2svqw,failed,not_found,1809,4C5B8134341E66CB09246985E4039F9BFC0ADCE3,BF50E09EED25B82861CF95E1AAA42DCFEF53E5D1,9413E5D74EFDCA7C36FCA9664B98C48C93FE33C7,E00764EDD2D5DA338CEA2EED8691E1FCAAF4A6E9,2020-08-28 04:17:41.149000,2020-08-28 04:17:42.718000
mgww4zd45kw2svqw,failed,not_found,1935,4C5B8134341E66CB09246985E4039F9BFC0ADCE3,CB72A74E8197DF3B33EE6A0895E5BB871D10CF92,6CDF81E5A9BF270CDF4C989D5F7917113591C355,BDEFE9280529DF52007A6660BE658F09488464B8,2020-08-28 04:17:42.718000,2020-08-28 04:17:44.018000
mgww4zd45kw2svqw,failed,not_found,2026,4C5B8134341E66CB09246985E4039F9BFC0ADCE3,E8BAE7393740A700D50B010DED9D9EC9A66B390D,EE010EF80A27AC0B02CDC2B8B214A6201BB02D2B,BDEC565B8B5E3DCCB57E4E7C4C245EDA717D2087,2020-08-28 04:17:44.019000,2020-08-28 04:17:45.458000
7yh7i22lyxlf5ryb,failed,not_found,1649,4C5B8134341E66CB09246985E4039F9BFC0ADCE3,946BB39545FCB4D4A4929DC9B84EAA28725EDF6F,7185B69E3267E71D0E4CBE30209677205DEA5E67,714724B5D72158B36AC147270D5B0AE915FC1FE9,2020-08-28 04:17:38.551000,2020-08-28 04:17:41.474000
7yh7i22lyxlf5ryb,failed,not_found,1838,4C5B8134341E66CB09246985E4039F9BFC0ADCE3,B411027C926A9BFFCF7DA91E3CAF1856A321EFFD,5586AB97C910C5C0C7E29C36FD2C1B0D97E0E078,2F2710152A2344B1DE3EF619E85CB1B298643D27,2020-08-28 04:17:41.475000,2020-08-28 04:17:42.866000
7yh7i22lyxlf5ryb,failed,not_found,1949,4C5B8134341E66CB09246985E4039F9BFC0ADCE3,30D457317789E20449CBC12E02F5658FA23E0BEE,E3F98C86C9E01138DD8EA06B1E660A0CDB4B2782,7145E72C955B5A8A2CDACA6C3953BC5ECD79E102,2020-08-28 04:17:42.866000,2020-08-28 04:17:44.298000
7yh7i22lyxlf5ryb,failed,not_found,2045,4C5B8134341E66CB09246985E4039F9BFC0ADCE3,DB5A100152FB7937F02F00B5DDFFFD012789C242,8885EA6F74A694825B13B8A7080F6CF164DF74FB,2F26D43258285FEB39E4320888DFAFA8A0D20E11,2020-08-28 04:17:44.298000,2020-08-28 04:17:46.411000
7yh7i22lyxlf5ryb,failed,not_found,2213,4C5B8134341E66CB09246985E4039F9BFC0ADCE3,B5212DB685A2A0FCFBAE425738E478D12361710D,8A00CE9638BDB4686B91F1F0B229DB3F8C9B8415,714425418EEEDFACC86D87544B265892E98FA32B,2020-08-28 04:17:46.411000,2020-08-28 04:17:47.914000
7yh7i22lyxlf5ryb,failed,not_found,2327,4C5B8134341E66CB09246985E4039F9BFC0ADCE3,A6E0F950CAC74AF867CA21976069529D6D4D3E30,CC651A7620A8129209BF865CA6ECC1F09023DD28,2F2B8D5BBA29F7DBD41163FF5187A77E446C527D,2020-08-28 04:17:47.915000,2020-08-28 04:17:49.924000
qf6nacotuo3fsaap,failed,not_found,2208,4C5B8134341E66CB09246985E4039F9BFC0ADCE3,61B2102DB3D97F16FBB359EFE86EC6887A1B3B5A,C5D55D11F26C52A6BFEE8DD23C250548AA67E9AC,A1688972E4AA4F24C4C9AA2372CD387B82834C40,2020-08-28 04:17:38.622000,2020-08-28 04:17:48.080000
qf6nacotuo3fsaap,failed,not_found,2341,4C5B8134341E66CB09246985E4039F9BFC0ADCE3,EE010EF80A27AC0B02CDC2B8B214A6201BB02D2B,12B1A5769D38FF47CF68C2235E1BDA315DF400F2,AC2BEDD0BAC72838EA7E6F113F856C4E8018ACDB,2020-08-28 04:17:48.080000,2020-08-28 04:17:49.792000
qf6nacotuo3fsaap,failed,not_found,2462,4C5B8134341E66CB09246985E4039F9BFC0ADCE3,069E732EC96774ED5609D4803D7B1130E338B0EB,42B4F52C5B11E4D39855F654955425B0D5A0598B,AC2275831607A95CD8B939C3B8DC466CCF48E2B9,2020-08-28 04:17:49.792000,2020-08-28 04:17:51.574000
qf6nacotuo3fsaap,failed,not_found,2795,4C5B8134341E66CB09246985E4039F9BFC0ADCE3,90C98965404140BC114CF012D58FCA1F50348DFB,334DF2164322B98FCC567BC444947B74AC92DAEA,AC28D573C16BD0C7D42AA70976BF36984A1E4DE0,2020-08-28 04:17:51.575000,2020-08-28 04:17:58.509000
qf6nacotuo3fsaap,failed,not_found,2998,4C5B8134341E66CB09246985E4039F9BFC0ADCE3,8A00CE9638BDB4686B91F1F0B229DB3F8C9B8415,D80EA21626BFAE8044E4037FE765252E157E3586,A1699AF5D7E0294E45D42FFA697F762BA26340E9,2020-08-28 04:17:58.509000,2020-08-28 04:18:01.379000
qf6nacotuo3fsaap,,,,,,,A171F8332AA037A2855C390488F8EFDFD438AAE6,2020-08-28 04:18:01.380000,
5g3etd7xgej36xvf,failed,not_found,1614,4C5B8134341E66CB09246985E4039F9BFC0ADCE3,5043E5D2E9CE99066DF1FBF0B18E065B08131863,D5C01B85FB3A48D55698CA660A2DE8935388816E,9EEAA02E338CDF5919F983F3245AA95A790B9B6C,2020-08-28 04:17:38.622000,2020-08-28 04:17:39.629000
5g3etd7xgej36xvf,failed,not_found,1685,4C5B8134341E66CB09246985E4039F9BFC0ADCE3,5BB51E650366D14C95027DB2F1D7A69BC5B00676,5F276A6F7AA74AFB2AF100EADA28C7A6F48BA50F,9EFF16EA25FF27BC438A3FBF23C5315E576467AF,2020-08-28 04:17:39.629000,2020-08-28 04:17:41.205000
5g3etd7xgej36xvf,failed,not_found,1815,4C5B8134341E66CB09246985E4039F9BFC0ADCE3,31D270A38505D4BFBBCABF717E9FB4BCA6DDF2FF,0F89912E6A4C4A8ACE43C58FF8B83CA299BFF74F,AA8B7237B4D2C76ED4AF24B3B47B375812AACC83,2020-08-28 04:17:41.206000,2020-08-28 04:17:42.506000
5g3etd7xgej36xvf,failed,not_found,1912,4C5B8134341E66CB09246985E4039F9BFC0ADCE3,40CDE936B04B4573A47223396006443CA5EAC845,4B351545DD58473F36B0A20E5500AC6ED51E8CD5,9F19251CEE17B1E05084898D164F0544CCB095DD,2020-08-28 04:17:42.506000,2020-08-28 04:17:44.766000
5g3etd7xgej36xvf,failed,not_found,2093,4C5B8134341E66CB09246985E4039F9BFC0ADCE3,327F5823438B8EC86EC33355C147D8455AB1C14B,438E8C214576AF13480A550D45C116F43333C319,AA616315BA97729EA47DAD8718FA59269C7229E7,2020-08-28 04:17:44.766000,2020-08-28 04:17:46.531000
5g3etd7xgej36xvf,failed,not_found,2223,4C5B8134341E66CB09246985E4039F9BFC0ADCE3,A0F59999AC612315805D50A3E49FC47B601B8D30,81E18725397D620DA548ABBE24D9CD263DEF2FDC,AA753FB1A81E1AE483F19F446490C000943678BB,2020-08-28 04:17:46.531000,2020-08-28 04:17:48.047000
uupd4sotbb5mrrvf,failed,not_found,1675,4C5B8134341E66CB09246985E4039F9BFC0ADCE3,58BC63142C881F88D08E071DEB63DBA09DE62141,E00DFD54DC165D5452FBD3530D30186DAD016A0C,BBD9BAE1130F9F33F2F8449A2ED67F9A36853863,2020-08-28 04:17:39.561000,2020-08-28 04:17:41.092000
uupd4sotbb5mrrvf,failed,not_found,1804,4C5B8134341E66CB09246985E4039F9BFC0ADCE3,12CF6DB4DAE106206D6C6B09988E865C0509843B,143F5A3EF84BF1A8E82998CA261D9C889C247127,0B19BBFDC498CCEA23027B1D7BD8E20121B95E60,2020-08-28 04:17:41.093000,2020-08-28 04:17:42.569000
uupd4sotbb5mrrvf,failed,not_found,2454,4C5B8134341E66CB09246985E4039F9BFC0ADCE3,EC80EECFCD599612C9A74678C8001146450141E8,2F09BD6D9A2D5A7D6D26C17651CE8ECF0B7BA257,BBBBBAD453263D786EC34AB68A06214288910345,2020-08-28 04:17:42.570000,2020-08-28 04:17:51.261000
uupd4sotbb5mrrvf,failed,not_found,2564,4C5B8134341E66CB09246985E4039F9BFC0ADCE3,E46C3F0533709EE2112874B13A4FE3868B33E75E,02648F2F135C7296A27B1F59D2AE4EEC25D9A877,0B25110BA3473A6DC04AB58A3A0D5E4D6922A0E0,2020-08-28 04:17:51.262000,2020-08-28 04:17:53.575000
uupd4sotbb5mrrvf,failed,not_found,2712,4C5B8134341E66CB09246985E4039F9BFC0ADCE3,AE236568ED01527850FA0D5BEFBBF6C6BDA47AF0,35DA04A92634AF2392CBA6AF158E00B5589A1CFA,BBD1B1A22695396C75DFF338A8FF7A12804A607A,2020-08-28 04:17:53.575000,2020-08-28 04:17:56.615000
uupd4sotbb5mrrvf,failed,not_found,2876,4C5B8134341E66CB09246985E4039F9BFC0ADCE3,12B6C5B34B03988D86A48B88F7922157AAD8FFD7,681D82B559E2DEC25A966B0CE593168CD75ADB16,0AF90285D6B3ECC52ABFA3CB31404DF6FAF93134,2020-08-28 04:17:56.615000,2020-08-28 04:17:59.620000
qaoi5lp2mauu3ln2,failed,not_found,1975,4C5B8134341E66CB09246985E4039F9BFC0ADCE3,53C9F4954E7A7332BB0C610C5B8E04CA065AF29B,4B483F57D9660EBF33FA3CCA670FFD1BBB0F315A,DCB5A6BF7EC2D8277459E288115706286C4B9C86,2020-08-28 04:17:39.624000,2020-08-28 04:17:44.708000
qaoi5lp2mauu3ln2,failed,not_found,2085,4C5B8134341E66CB09246985E4039F9BFC0ADCE3,655541277C24CB421C5EC5AC504F83849B4CBA1D,9E1E4F5B5F94812D02C4D18CB4086CE71CA5C614,DCE5AA5B2287663BE7DBE9C87635FA846138D9A6,2020-08-28 04:17:44.709000,2020-08-28 04:17:46.091000
qaoi5lp2mauu3ln2,failed,not_found,2186,4C5B8134341E66CB09246985E4039F9BFC0ADCE3,272AC842521666E3D1B0E5EAFAC79EF73EC88972,1AAC19D892F84910AB94C45092241ABA3CFC4C89,D971A4E181162BD99FEE4C2AD605D604A4FD5D4B,2020-08-28 04:17:46.092000,2020-08-28 04:17:48.310000
qaoi5lp2mauu3ln2,failed,not_found,2363,4C5B8134341E66CB09246985E4039F9BFC0ADCE3,F43C497039F836FE32DE416F4CBD97892C3F6E9E,8A00CE9638BDB4686B91F1F0B229DB3F8C9B8415,DCC6C70E8F4340CBD633F506BC9E7D99818601D9,2020-08-28 04:17:48.311000,2020-08-28 04:17:51.007000
qaoi5lp2mauu3ln2,failed,not_found,2540,4C5B8134341E66CB09246985E4039F9BFC0ADCE3,754CB99117E6ED570DFCFB7D9F12674B97A4E28E,96B70F86B45623B4EC71E8E953DCD61A05D5BAAC,D98AE191FAB7B50E851F344B7929394BFBAFB76A,2020-08-28 04:17:51.008000,2020-08-28 04:17:53.098000
qaoi5lp2mauu3ln2,failed,not_found,2675,4C5B8134341E66CB09246985E4039F9BFC0ADCE3,A6E0F950CAC74AF867CA21976069529D6D4D3E30,DA9E02BB8080E473157052F70439B7886AA8569D,D983EC97264C0FB1C979C84ACD91C70273C41272,2020-08-28 04:17:53.098000,2020-08-28 04:17:54.548000
uuyijn46daew6mrg,failed,not_found,1976,4C5B8134341E66CB09246985E4039F9BFC0ADCE3,8ABC4D5F6182C7E79B087D1ED9E5CF652C83E52C,DBE82FA23B9FE3CB2462A6FCF5289DED3CBF4AEE,F6AAFCFB722532DA3E2A54135000E672B9473835,2020-08-28 04:17:39.676000,2020-08-28 04:17:44.550000
uuyijn46daew6mrg,failed,not_found,2356,4C5B8134341E66CB09246985E4039F9BFC0ADCE3,A597AC866E40CAB5A67759ADE4942192E99DE684,874D84382C892F3F61CC9E106BF08843DE0B865A,F6CD4DBF5850AC4386DD9A424918AD3C6BA2716F,2020-08-28 04:17:44.551000,2020-08-28 04:17:49.922000
uuyijn46daew6mrg,failed,not_found,2429,4C5B8134341E66CB09246985E4039F9BFC0ADCE3,8F89078575FEE57675A922E9E088918F63AC750C,6118DDB580EEDD6FE5F8D3CC0DF1EE17D8A2A4C6,5EACEBD7A3F396848F5E56B3EF028505AF80E191,2020-08-28 04:17:49.922000,2020-08-28 04:17:51.187000
uuyijn46daew6mrg,failed,not_found,2793,4C5B8134341E66CB09246985E4039F9BFC0ADCE3,D1D4BA21EA2B195826656E237FDEC669CABA4D5C,10A5EFCCD2FB9C1A4AC20FB779A5DB11B58957A7,5EF6450BE81C6B51629B47DD69B382F7CB482C27,2020-08-28 04:17:51.188000,2020-08-28 04:17:57.865000
uuyijn46daew6mrg,failed,not_found,3094,4C5B8134341E66CB09246985E4039F9BFC0ADCE3,8C5B316ED73018484765C3E0944E4508DCAE0944,0F89912E6A4C4A8ACE43C58FF8B83CA299BFF74F,5EDD6628D5E13ED020A1EA03C1944DD6769B4974,2020-08-28 04:17:57.866000,2020-08-28 04:18:04.291000
uuyijn46daew6mrg,,,,,,,F6F59B64B2494F29899E8072BCB0E6B3E070A917,2020-08-28 04:18:04.292000,
llz4tbx3ep6f3h4x,failed,not_found,1756,4C5B8134341E66CB09246985E4039F9BFC0ADCE3,16FD7E5D67B7054EE4E7FDDF04AFB48216CA640A,12D552E8AF7AA2B71B218B5BBF6A5FEFA6F26BA0,47E1157F7DA6DF80EC00D745D73ACD7B0A380BCF,2020-08-28 04:17:40.527000,2020-08-28 04:17:41.724000
llz4tbx3ep6f3h4x,failed,not_found,1866,4C5B8134341E66CB09246985E4039F9BFC0ADCE3,8EA58F28DCA60F56C6F2131BDFE9BF5FAF2233CE,539ABCC9AF0FD80278E89457A1663DABAEBF81DD,CEACA34874EAD103D27CA6A7650B16112F12B209,2020-08-28 04:17:41.725000,2020-08-28 04:17:43.053000
llz4tbx3ep6f3h4x,failed,not_found,1895,4C5B8134341E66CB09246985E4039F9BFC0ADCE3,A231513B758330E6E6DB18F5B6EC6DAAA406C31D,2FD0BA57A34DC2792AF470398F72F37F9E51DC2D,CED52DAAF10D9DEDAE036272D5D0050F121F3EDF,2020-08-28 04:17:43.054000,2020-08-28 04:17:43.749000
llz4tbx3ep6f3h4x,failed,not_found,2003,4C5B8134341E66CB09246985E4039F9BFC0ADCE3,42D47C736518BFA495CA31AEE40AE468F0BDA2A6,0B555940D37DC849728841C0B290074E1A1BDCA8,47A3D00525F041F382B398BF95BC58E0EC23276B,2020-08-28 04:17:43.750000,2020-08-28 04:17:45.181000
llz4tbx3ep6f3h4x,failed,not_found,2116,4C5B8134341E66CB09246985E4039F9BFC0ADCE3,FCF61C25093BB33BAA203D8EE7E65466D42ECF98,CDC4E266687686EEC65313D4B0A5D3FA1653015D,47E0EEB4E75C2C3633A7E294885F146B1E786DA9,2020-08-28 04:17:45.181000,2020-08-28 04:17:48.231000
llz4tbx3ep6f3h4x,failed,not_found,2352,4C5B8134341E66CB09246985E4039F9BFC0ADCE3,CD39C258265B25EAA4ABA4FDCB2DF98104CAA362,0B58A95E539FFA6C05C010F5C1DA35FB8038E3A8,CEC0E348E90D60EBC562F338499E1C74298F9DDA,2020-08-28 04:17:48.232000,2020-08-28 04:17:50.305000
5podvkw7wxikpzop,failed,not_found,1759,4C5B8134341E66CB09246985E4039F9BFC0ADCE3,94318CC2299A3826D81899EB23C25A2B7D6B1FFE,571263804EF55F49A8615AA24A20244B777BF539,4D52A12D9AD22A7E1BE5B564953A7CA9C31DA675,2020-08-28 04:17:40.566000,2020-08-28 04:17:41.801000
5podvkw7wxikpzop,failed,not_found,1821,4C5B8134341E66CB09246985E4039F9BFC0ADCE3,B32B93C90DCAF0012328A8D55D621D26B186E11A,E9A6E1549300C3551071B71AC547E2568D9F7CEE,4D52E15C5637FB70736DD3B03F2AAE7C253BF4B4,2020-08-28 04:17:41.801000,2020-08-28 04:17:43.028000
5podvkw7wxikpzop,failed,not_found,1959,4C5B8134341E66CB09246985E4039F9BFC0ADCE3,881F09279F94E9AAD3DE30727DF3AD7C2CE900DF,5665A3904C89E22E971305EE8C1997BCA4123C69,4D4FD5337E6756158661ABE25AC5902A94CC7174,2020-08-28 04:17:43.029000,2020-08-28 04:17:44.677000
5podvkw7wxikpzop,failed,not_found,2082,4C5B8134341E66CB09246985E4039F9BFC0ADCE3,8701E70AC4C0C9E1FE47EA853FC997D29BE5D65C,49791A9C1CD16463868F407C3968A3DCF1E9DC49,E56F07759E704C4F53334E161066F12FAF7F7C97,2020-08-28 04:17:44.679000,2020-08-28 04:17:47.597000
5podvkw7wxikpzop,failed,not_found,2304,4C5B8134341E66CB09246985E4039F9BFC0ADCE3,38F21DEE29E40DCDF9460A80662B7723562CA008,96DCD1D17C1F0FA4DED207C148E54C0A55553076,E5507444DAC04539B8DC624299616141B0DB64D5,2020-08-28 04:17:47.597000,2020-08-28 04:17:49.650000
5podvkw7wxikpzop,failed,not_found,2450,4C5B8134341E66CB09246985E4039F9BFC0ADCE3,61B8BDC91AA7BC9A05EB5A3D652FFF88C98E6911,E6C04728E9339DF22F331B7017D4A7AA3F252F0B,E54B0FA7D957593344B0C316C83ABC1CD2EE87EA,2020-08-28 04:17:49.651000,2020-08-28 04:17:51.614000
n3ygvjjg5j6kx6ay,failed,not_found,1760,4C5B8134341E66CB09246985E4039F9BFC0ADCE3,5912529D0861D2FC52BFA65899A8480C365B6872,4586DF1934953F38206B5117237F79C1C8797FC4,F0AE922B4D358F3AF6B76222A2526B0470E7D913,2020-08-28 04:17:40.567000,2020-08-28 04:17:42.750000
n3ygvjjg5j6kx6ay,failed,not_found,1938,4C5B8134341E66CB09246985E4039F9BFC0ADCE3,9149A87E1C8AD684494580FBB3F65AD131A77C56,7355A4A20BA4C083C921464302108C121BAC7EF2,3AD29FE1241B73595F99BA2C6D830AF0B6874043,2020-08-28 04:17:42.751000,2020-08-28 04:17:44.220000
n3ygvjjg5j6kx6ay,failed,not_found,2038,4C5B8134341E66CB09246985E4039F9BFC0ADCE3,59C0D88A5B3C65541CF63D0DD88EF15A379D378E,9AB93B5422149E5DFF4BE6A3814E2F6D9648DB6A,F0A3054C76604DC75D3F57F55C27F1BFB643F107,2020-08-28 04:17:44.221000,2020-08-28 04:17:45.728000
n3ygvjjg5j6kx6ay,failed,not_found,2152,4C5B8134341E66CB09246985E4039F9BFC0ADCE3,D7829A21726220AF77401BE5B2B132963A0BE82B,876C7CE43774366250D3E768E690DAB9D4B5D5A3,F0B580798BB303BA36ED1268568E2AD935B6C486,2020-08-28 04:17:45.728000,2020-08-28 04:17:47.166000
n3ygvjjg5j6kx6ay,failed,not_found,2210,4C5B8134341E66CB09246985E4039F9BFC0ADCE3,AE08D159352237844C60E0153AC8578320922FB8,DF0605518567D637ABA846CAE2EDE50E8A2BD57D,3AF69B3ECCB000879CA1BCD0B36B619DBF712291,2020-08-28 04:17:47.166000,2020-08-28 04:17:48.180000
n3ygvjjg5j6kx6ay,failed,not_found,2347,4C5B8134341E66CB09246985E4039F9BFC0ADCE3,7494CB6B5C82725BAFB6C1084DC0A1BE76591B51,CAC1EEB324F8CEDAE9C432E99CE8F42DDF4CB490,3AE9B85D5945000C2A65F4E054171928D5BDE91E,2020-08-28 04:17:48.180000,2020-08-28 04:17:49.797000
ah6moidtkz3zuqwd,failed,not_found,1851,4C5B8134341E66CB09246985E4039F9BFC0ADCE3,F6740DEABFD5F62612FA025A5079EA72846B1F67,2A5746BFF32A363CD3AAD05196C0F10E7143BBB6,255CF8CC68137449DEBD443797AB3D851E3065B2,2020-08-28 04:17:41.608000,2020-08-28 04:17:42.945000
ah6moidtkz3zuqwd,failed,not_found,2282,4C5B8134341E66CB09246985E4039F9BFC0ADCE3,16F50F2728581FE5CA7AC31F5066DCE8653F996C,F3A3461889BF97250F50A7BAAAE4A2B92062F6D7,30E899AAFEB7429FEA43A15F2B43759D965E289F,2020-08-28 04:17:42.946000,2020-08-28 04:17:49.231000
ah6moidtkz3zuqwd,failed,not_found,2420,4C5B8134341E66CB09246985E4039F9BFC0ADCE3,AC330D98115D6DA8A82E24469BFB03A5B365AB56,D8A2D0080B0C73E1DC0EC9F33B497F64E5FB3F52,310056E3539B2EE9F227B0D230B0835554051475,2020-08-28 04:17:49.231000,2020-08-28 04:17:50.926000
ah6moidtkz3zuqwd,failed,not_found,2535,4C5B8134341E66CB09246985E4039F9BFC0ADCE3,6B9EA8927AB6E94E216067E65372182343A5AFA2,041E3FCC0262E5AF1AA2EC89A135658C07C0D9A9,30D457317789E20449CBC12E02F5658FA23E0BEE,2020-08-28 04:17:50.926000,2020-08-28 04:17:53.028000
ah6moidtkz3zuqwd,failed,not_found,2672,4C5B8134341E66CB09246985E4039F9BFC0ADCE3,E7C1FAFB7525149A0E911512F511D942BA5EEAAF,C91102131E6B9CECFC56C4A29ADA4E638D7872F7,254FF480BF5642929460532FF59BCE15DF1070EB,2020-08-28 04:17:53.029000,2020-08-28 04:17:55.141000
ah6moidtkz3zuqwd,failed,not_found,2785,4C5B8134341E66CB09246985E4039F9BFC0ADCE3,E5CC91BAFE7CCD68003E873D32E38027638D49D7,EE010EF80A27AC0B02CDC2B8B214A6201BB02D2B,2543BCADFCBA2B5ADE83FB93194B5E9D45810532,2020-08-28 04:17:55.142000,2020-08-28 04:17:57.084000
lbelq76iyeo6d5l2,failed,not_found,2127,4C5B8134341E66CB09246985E4039F9BFC0ADCE3,77A56CB237740E24AEA2D61C8C8936232AFC1BD8,BB12ECF3DCF12B187CFD735DAC68F98A3E13DEE2,3BF2133239FD21D97C3E944FA0757CD2AC1E198B,2020-08-28 04:17:41.608000,2020-08-28 04:17:46.901000
lbelq76iyeo6d5l2,failed,not_found,2248,4C5B8134341E66CB09246985E4039F9BFC0ADCE3,E6C04728E9339DF22F331B7017D4A7AA3F252F0B,853246C4EBF7FD27C2EBE31E2DF37B2B5F13A39C,3BBF9D98C7D058D7C2E60F6BA5BD574CB4F3FE26,2020-08-28 04:17:46.902000,2020-08-28 04:17:48.249000
lbelq76iyeo6d5l2,failed,not_found,2360,4C5B8134341E66CB09246985E4039F9BFC0ADCE3,874D84382C892F3F61CC9E106BF08843DE0B865A,FA1845C313B88EF49E8BE1F23B02CD0AC702B636,F21760E63FE2BB45629BB14FCDB0FD677485DAF8,2020-08-28 04:17:48.250000,2020-08-28 04:17:50.117000
lbelq76iyeo6d5l2,failed,not_found,2479,4C5B8134341E66CB09246985E4039F9BFC0ADCE3,07B35BCCF6211E6D970A015012FC9A2C676848F9,1D5A20A47771B80995711E20195A21ECB173E1C2,F21DFB7CCD5EEF3E021086EC96EF7CFCAA72F4F3,2020-08-28 04:17:50.118000,2020-08-28 04:17:52.030000
lbelq76iyeo6d5l2,failed,not_found,2768,4C5B8134341E66CB09246985E4039F9BFC0ADCE3,E6C04728E9339DF22F331B7017D4A7AA3F252F0B,0C6D3655763B1A3A60FC42135CD60765AFE953BA,3BC7D4276D67D466857EC7369DACE13425D6C8B8,2020-08-28 04:17:52.030000,2020-08-28 04:17:56.992000
lbelq76iyeo6d5l2,failed,not_found,2894,4C5B8134341E66CB09246985E4039F9BFC0ADCE3,AE6A8C18E7499B586CD36246AC4BCAFFBBF93AB2,F0C9513539800F762ECAE37F16370D7CBA5E52C2,F237DAC181708BEEFF180632CD7AB42ECA0ACF91,2020-08-28 04:17:56.993000,2020-08-28 04:17:59.948000
rivl3d2xf2skuckq,failed,not_found,1855,4C5B8134341E66CB09246985E4039F9BFC0ADCE3,945AA2F6C2EC644B533D048C79E035A6CF092C4F,DC2B1E4348AF306326FA63EEDB76EA6139133485,74A55E12F6A9FD17165A356C00407F4D206E8368,2020-08-28 04:17:41.657000,2020-08-28 04:17:42.946000
rivl3d2xf2skuckq,failed,not_found,1953,4C5B8134341E66CB09246985E4039F9BFC0ADCE3,E081937B40664CE674FAB1CC3DD8993C9CA6A9AE,A810FF1E5C7983D43B3517506479274B5DA5AC73,74A99385B6EC9603409CA84CDA3D81D24B054C0D,2020-08-28 04:17:42.946000,2020-08-28 04:17:44.862000
rivl3d2xf2skuckq,failed,not_found,2099,4C5B8134341E66CB09246985E4039F9BFC0ADCE3,5CF342DBBD6170BEE00CD52ACB4076D551085E7F,BF37445EA2A9F3D04F4B87DFAC624AEF21B559D5,74A19D86DDF63F1133B414B81F36E1F44640811F,2020-08-28 04:17:44.862000,2020-08-28 04:17:46.180000
rivl3d2xf2skuckq,failed,not_found,2194,4C5B8134341E66CB09246985E4039F9BFC0ADCE3,1E03D81C9744DE0E3C9DE6E6FBDF1DF9DAEA5AFC,27C61AE08EBDD8B26B78992C7647D890269E9E03,5AFF7583F5ED62A274823C83199F2E19083692EC,2020-08-28 04:17:46.181000,2020-08-28 04:17:47.869000
rivl3d2xf2skuckq,failed,not_found,2324,4C5B8134341E66CB09246985E4039F9BFC0ADCE3,A9F545AE03B731AD32F9A93D698EA20C4FA6D0D9,0C6D3655763B1A3A60FC42135CD60765AFE953BA,5B1F0DAF378A1FAFCFD5FA9CDC66D1023DC0276E,2020-08-28 04:17:47.869000,2020-08-28 04:17:49.307000
rivl3d2xf2skuckq,failed,not_found,2423,4C5B8134341E66CB09246985E4039F9BFC0ADCE3,5D2A8CAA119D0528722C2438350FAB0C8DE01AB7,C3263F4B4E92127B7CD15E8F9746B4382233424A,5AFAC3D00E97D6733112CC9CA2A788691FA87125,2020-08-28 04:17:49.308000,2020-08-28 04:17:51.379000
6cz5fta4jlcbnch2,failed,not_found,1922,4C5B8134341E66CB09246985E4039F9BFC0ADCE3,F83A64E0FA85BC224807919772FE14E1BA07CEF5,63CD37872814AD1623C239CB7A0CB9C4E3CEB923,EB60A3BD25E01AF2564EF0397D8508E5D2AFD58A,2020-08-28 04:17:42.655000,2020-08-28 04:17:43.952000
6cz5fta4jlcbnch2,failed,not_found,2017,4C5B8134341E66CB09246985E4039F9BFC0ADCE3,C303038FDCC72805A160FF64E994333A49ECDA71,2AA5F598F9A1812F01CD99E3B59BB87362ED7438,BA0A023DF7D0A03E2CB5A180E1DD54B0950AA5C1,2020-08-28 04:17:43.953000,2020-08-28 04:17:45.364000
6cz5fta4jlcbnch2,failed,not_found,2131,4C5B8134341E66CB09246985E4039F9BFC0ADCE3,E03E581AA42A211F69DC63608B1980F10AE52C26,708A968F3644F8A547156368FEA3DB664110E631,EB60858E074016216315AA6F6E8E3D4F17381D5D,2020-08-28 04:17:45.365000,2020-08-28 04:17:47.115000
6cz5fta4jlcbnch2,failed,not_found,2259,4C5B8134341E66CB09246985E4039F9BFC0ADCE3,F878E3AD594F013195A051CD1072BF33D543A235,43E187B8C7361F47EA968ED5389435865D7F4FE7,EB44DEFA821E3672B955ED9B14E28C36F80C5FA8,2020-08-28 04:17:47.115000,2020-08-28 04:17:48.729000
6cz5fta4jlcbnch2,failed,not_found,2383,4C5B8134341E66CB09246985E4039F9BFC0ADCE3,4FE3FD67F2F06D8AD929217A357F623FC7C692D9,A59AD84F92B2E5A76EBFE3BE62D3B28AF9BFD127,BA0BA7A976F153DBB050266CD3D21F499FCB975D,2020-08-28 04:17:48.730000,2020-08-28 04:17:51.113000
6cz5fta4jlcbnch2,failed,not_found,2549,4C5B8134341E66CB09246985E4039F9BFC0ADCE3,1034775A01EA629979D0A601EC85FDF2F584CC45,D6670FB54B21818CE7C13524AA003258B8E35D38,BA0071ABE4A5BEA669A8524C1CD8A6EEB9D5FC39,2020-08-28 04:17:51.113000,2020-08-28 04:17:52.871000
wifhp57rx4lj6tyo,failed,not_found,1923,4C5B8134341E66CB09246985E4039F9BFC0ADCE3,38F21DEE29E40DCDF9460A80662B7723562CA008,656C60B5FC9810BECA159B9BFF0AB999883ADF02,C86F7CB21341970DEDF4B6017CCE5F41D7179289,2020-08-28 04:17:42.655000,2020-08-28 04:17:44.549000
wifhp57rx4lj6tyo,failed,not_found,2071,4C5B8134341E66CB09246985E4039F9BFC0ADCE3,63540827C4832D214984EA47B7A68C593F9F862F,20FD9F93C8C67E198929FD9A0B8ED84134877FBB,C86C538EF0A24E010342F30DBCACC2A7EB7CA833,2020-08-28 04:17:44.550000,2020-08-28 04:17:46.048000
wifhp57rx4lj6tyo,failed,not_found,2128,4C5B8134341E66CB09246985E4039F9BFC0ADCE3,9DA672F46D0AD9BA59B2FA56A8F343D38C78BF4C,0F89912E6A4C4A8ACE43C58FF8B83CA299BFF74F,CE5ED345398CC02D573347C2F238F80B18E680EE,2020-08-28 04:17:46.048000,2020-08-28 04:17:46.793000
wifhp57rx4lj6tyo,failed,not_found,2243,4C5B8134341E66CB09246985E4039F9BFC0ADCE3,AFA9E5B8D77B736CCA77704B465F9FA4B9566924,12779DC4CCBB9C0A0AD99679C5F06B3E15A5CC49,C871C91489886D5E2E94C13EA1A5FDC4B6DC5204,2020-08-28 04:17:46.794000,2020-08-28 04:17:49.011000
wifhp57rx4lj6tyo,failed,not_found,2403,4C5B8134341E66CB09246985E4039F9BFC0ADCE3,1B8188170F0AD7998A7D04BD5CE9F6128B032C8E,2CE96A8A1DA032664C90F574AFFBECE18A6E8DFC,CE6813FEA256EE63BCD2A178E453202BFAA64FA7,2020-08-28 04:17:49.012000,2020-08-28 04:17:50.752000
wifhp57rx4lj6tyo,failed,not_found,2517,4C5B8134341E66CB09246985E4039F9BFC0ADCE3,AFF320BA96E4338B61A008D2CA250FFE0E23B09C,573051CAA3EEEE2B75EBD096BB1F70D3FDAC5F3A,CE694BA8D019EE60D8E7838CC177E689CEA825EA,2020-08-28 04:17:50.753000,2020-08-28 04:17:52.573000
5kypomrexsotjsb6,failed,not_found,1930,4C5B8134341E66CB09246985E4039F9BFC0ADCE3,F37374DB9FA6EF14CED64FD294E8D8683F032EC8,0C3D5E19E3C75B505C8ACD26F89DCA2DF970553E,537DFC2019C77FF60A0A29BEF358F7F6D6C68688,2020-08-28 04:17:42.688000,2020-08-28 04:17:44.142000
5kypomrexsotjsb6,failed,not_found,2033,4C5B8134341E66CB09246985E4039F9BFC0ADCE3,9684C4D6C71131EEEF2E5C23C3EA234A684CD501,C3E0E9EA1FF3FCFC27E856BFE61533020DD7F090,320DB7BEA72C058BA2EEF098BF1AEFBA29371BE0,2020-08-28 04:17:44.142000,2020-08-28 04:17:45.620000
5kypomrexsotjsb6,failed,not_found,2908,4C5B8134341E66CB09246985E4039F9BFC0ADCE3,CBBA40F7D9F284F47A243EE2C081E96682741D22,A8EE835BB5623802F41AE32720AA0B969B56D474,3212FA08FB2358B271606E21B1DFBD6717B94FA3,2020-08-28 04:17:45.620000,2020-08-28 04:18:01.547000
5kypomrexsotjsb6,,,,,,,322BB33F4887230B0767F54BA08A450B68D777F2,2020-08-28 04:18:01.548000,
t6vhyxlnp2owu3bo,failed,not_found,1986,4C5B8134341E66CB09246985E4039F9BFC0ADCE3,81F59E8936D0B2105182E4B8200AC07D9274961F,BF50E09EED25B82861CF95E1AAA42DCFEF53E5D1,CA52E423ECBF7D07BB8E1139A39B4D8668CFE2A4,2020-08-28 04:17:43.509000,2020-08-28 04:17:45.281000
t6vhyxlnp2owu3bo,failed,not_found,2053,4C5B8134341E66CB09246985E4039F9BFC0ADCE3,24D0491A2ADAAB52C17625FBC926D84477AEA322,2935E0F03B71BE44F6F265FEF976E810BAAD6F4E,CA4DF2B63A43080C57CF9A561D4A155F97EC5A4F,2020-08-28 04:17:45.282000,2020-08-28 04:17:46.245000
t6vhyxlnp2owu3bo,failed,not_found,2202,4C5B8134341E66CB09246985E4039F9BFC0ADCE3,A0261C16D15B44F7C98B470FC073EA2B9CD10D41,BA39D0333CF0F2026F58D8A493168F92A016CAA1,CA4E9DFE87DE87E502F3B503D07EC8EFCAEE2549,2020-08-28 04:17:46.246000,2020-08-28 04:17:47.966000
t6vhyxlnp2owu3bo,failed,not_found,2330,4C5B8134341E66CB09246985E4039F9BFC0ADCE3,BEBA52AC89045D6EAD68E977DF3F98BCF8330AAF,BF37445EA2A9F3D04F4B87DFAC624AEF21B559D5,43E896D36AAB20B5B63094BBC52CAD4B560E47BF,2020-08-28 04:17:47.966000,2020-08-28 04:17:49.466000
t6vhyxlnp2owu3bo,failed,not_found,2439,4C5B8134341E66CB09246985E4039F9BFC0ADCE3,B13C2C569F3FD0C530B7D96E5FF7933DF7A0E834,38F74AD4503689A3FD5DCADC11783F8D8255F839,43E187B8C7361F47EA968ED5389435865D7F4FE7,2020-08-28 04:17:49.467000,2020-08-28 04:17:51.743000
t6vhyxlnp2owu3bo,failed,not_found,2609,4C5B8134341E66CB09246985E4039F9BFC0ADCE3,8838B9E8F70E10B5895427D370A65B5554C3F25D,E81993EA52B73285CFFD02FEC003569D21483001,43DDEF0543EC11B7623305908E0BB48E3733F08A,2020-08-28 04:17:51.744000,2020-08-28 04:17:54.239000
lqwsve3nmkuxyyts,failed,not_found,1989,4C5B8134341E66CB09246985E4039F9BFC0ADCE3,AED04C65D2D0D70DB2932D7D5A0BA58169168CC1,D0BF6A6400081DA6031536ECEAD59F79BDABEB65,1702F6888757D679AFBEC9842F4B98E9B02B6D40,2020-08-28 04:17:43.523000,2020-08-28 04:17:45.840000
lqwsve3nmkuxyyts,failed,not_found,2163,4C5B8134341E66CB09246985E4039F9BFC0ADCE3,D1C60F9BCF2DBA07A775978F66C9927D3A9490BB,0CC18E42E5ECADFE76862CE2EB7189EFA17A11FD,5B7ECD80310B35E6B95FC887E143C889CF8C2841,2020-08-28 04:17:45.841000,2020-08-28 04:17:47.446000
lqwsve3nmkuxyyts,failed,not_found,2290,4C5B8134341E66CB09246985E4039F9BFC0ADCE3,C239952D0C8E4EABC3E6B0A8E0B623689174E3C6,D86BAD5ED54EBA055E796C87BE99BBC4B5A87E14,5B701D5C806F91D8A3C6B3E92624727EC43E26C2,2020-08-28 04:17:47.447000,2020-08-28 04:17:49.575000
lqwsve3nmkuxyyts,failed,not_found,2447,4C5B8134341E66CB09246985E4039F9BFC0ADCE3,6962377722C4AA5E56540F4F9693DFA525449974,90A40EAF6090BD260237BDFE9391A2EFF35E8733,5B9BB7A543C2C035A423A6B411780E50645782C0,2020-08-28 04:17:49.575000,2020-08-28 04:17:51.696000
lqwsve3nmkuxyyts,failed,not_found,2606,4C5B8134341E66CB09246985E4039F9BFC0ADCE3,EAA088440B100FF8407266B5D4853FFB16A8CB67,B56B9FE93F83B4FA69234B17A060E8A8E7446D19,16F50F2728581FE5CA7AC31F5066DCE8653F996C,2020-08-28 04:17:51.696000,2020-08-28 04:17:53.706000
lqwsve3nmkuxyyts,failed,not_found,2724,4C5B8134341E66CB09246985E4039F9BFC0ADCE3,1B112696C3B42410E7F141B49B5C6259EF867EF2,3FE1AA163445DC0E0677B5227F507907C4872A30,16F8469B848F9DCB4590BCC5CEA5F24980BDC806,2020-08-28 04:17:53.706000,2020-08-28 04:17:56.100000
cq74zb2jlhmdbcc3,failed,not_found,1992,4C5B8134341E66CB09246985E4039F9BFC0ADCE3,3EE6BA5394B18AEF14E0D3B959D733B7A1EC3AD5,93F97B76A7D0F0947C4C75AC62017E45BBFE6C08,7185B69E3267E71D0E4CBE30209677205DEA5E67,2020-08-28 04:17:43.568000,2020-08-28 04:17:45.087000
cq74zb2jlhmdbcc3,failed,not_found,2112,4C5B8134341E66CB09246985E4039F9BFC0ADCE3,CB2DBDB2D9422D57AD85148EF9511AF4CE4D6052,74B8B22AF950B0BE11D8A228FB09D2F5279FB757,E75F2ACA1A18291AFE52E6BE0BAC1F805ABC1439,2020-08-28 04:17:45.088000,2020-08-28 04:17:46.694000
cq74zb2jlhmdbcc3,failed,not_found,2386,4C5B8134341E66CB09246985E4039F9BFC0ADCE3,63540827C4832D214984EA47B7A68C593F9F862F,BD6FFF1AD5A88A8D43870D43EC4450081B4B2BBA,71840F45C2478347B872321066F9805D1A1B79FD,2020-08-28 04:17:46.695000,2020-08-28 04:17:51.225000
cq74zb2jlhmdbcc3,failed,not_found,2561,4C5B8134341E66CB09246985E4039F9BFC0ADCE3,283F225B4241DD7F0E2BB85FC7A95868D69AFEC5,DAD19570682F47FB775B263330BD62B7BF0DEEA8,E75ABF29D4B417D3D3565AEDAF89E4F9D16E736F,2020-08-28 04:17:51.226000,2020-08-28 04:17:52.951000
cq74zb2jlhmdbcc3,failed,not_found,2663,4C5B8134341E66CB09246985E4039F9BFC0ADCE3,E8933280866253B6262EFC8D830085C28557EFEE,56781CCC9F6D29FEA148799AB588429C893A473C,716EE92A2E93ED69113D8F81E98530BA9A30DC31,2020-08-28 04:17:52.955000,2020-08-28 04:17:54.666000
cq74zb2jlhmdbcc3,failed,not_found,2758,4C5B8134341E66CB09246985E4039F9BFC0ADCE3,6E3B4821305D96F167C392DBE5A13240D6CCE024,6E4B0D429CD87AB6C25D72E298294C583FF8BA4A,E747773C61CF671A222EB913DE17DA33074A6D76,2020-08-28 04:17:54.667000,2020-08-28 04:17:56.708000
sbyipmchhwtce6xy,failed,not_found,2088,4C5B8134341E66CB09246985E4039F9BFC0ADCE3,4CE6D83FFA8AD24767007E8C972F371F2468F09A,A4F11D693FAB6E949B2B7C18153C3F7989896007,60A5547B2203DD2E148EF9BDD6FF3891081C5DF4,2020-08-28 04:17:44.763000,2020-08-28 04:17:46.306000
sbyipmchhwtce6xy,failed,not_found,2205,4C5B8134341E66CB09246985E4039F9BFC0ADCE3,5043E5D2E9CE99066DF1FBF0B18E065B08131863,AA44DDCAAF120676DC6616DF7C5DC7062AE7C208,1C24A2669C7E0D62B2157B95F56ED00EE307C85C,2020-08-28 04:17:46.306000,2020-08-28 04:17:47.682000
sbyipmchhwtce6xy,failed,not_found,2307,4C5B8134341E66CB09246985E4039F9BFC0ADCE3,EBB76D096FF5787A303B2C81E21BFF9816C6FA0D,BDDF8187EA4419951CFD0A54088B634564F63AF3,609E598FB6A00BCF7872906B602B705B64541C50,2020-08-28 04:17:47.683000,2020-08-28 04:17:49.463000
sbyipmchhwtce6xy,failed,not_found,2436,4C5B8134341E66CB09246985E4039F9BFC0ADCE3,547C1CDB516798EC66A01F04A5884DCE1A151919,A65E1523F313405BB60E4AA136A69EFA504C4F60,1C2F0929A4A8D9661D83E70FDE96B61040ECA14D,2020-08-28 04:17:49.464000,2020-08-28 04:17:51.185000
sbyipmchhwtce6xy,failed,not_found,2552,4C5B8134341E66CB09246985E4039F9BFC0ADCE3,ED543557E8FEAB6D7F6599DCC9487DE26B851B75,76543749510CD00CB16E1DD4940CAA8FAC727F58,60B1681670B185813E762B71F3C3B129A981F37B,2020-08-28 04:17:51.186000,2020-08-28 04:17:52.990000
sbyipmchhwtce6xy,failed,not_found,2666,4C5B8134341E66CB09246985E4039F9BFC0ADCE3,AE17FAAF8F302A506AF2167666EC62882804403F,547C1CDB516798EC66A01F04A5884DCE1A151919,1C265471CAAB20F1D3EFBBB6D6648E060E7F75C4,2020-08-28 04:17:52.991000,2020-08-28 04:17:55.099000
rfrv4m6vc2iva2be,failed,not_found,2089,4C5B8134341E66CB09246985E4039F9BFC0ADCE3,99339F3E68BCCC1391BF14C821D80766FE0C5956,B22D917B27FB48EC5C3E07A6155C5AA5C893BB28,DD0C8EEC5CA402A9FA4478F10C31A440F71F6885,2020-08-28 04:17:44.764000,2020-08-28 04:17:46.090000
rfrv4m6vc2iva2be,failed,not_found,2185,4C5B8134341E66CB09246985E4039F9BFC0ADCE3,3098CC656BB3F519FEBF93AF6E0CBBDE4D84002A,103336165A0D2EFCAD3605339843A0A7710B8B92,6C9F1A9CA87546159E5D4C33C78128C26DF3CECD,2020-08-28 04:17:46.091000,2020-08-28 04:17:47.515000
rfrv4m6vc2iva2be,failed,not_found,2296,4C5B8134341E66CB09246985E4039F9BFC0ADCE3,BDDF8187EA4419951CFD0A54088B634564F63AF3,2AA5F598F9A1812F01CD99E3B59BB87362ED7438,DD08F4F385A97501EE532F51D8126E3BF4DCC382,2020-08-28 04:17:47.515000,2020-08-28 04:17:48.868000
rfrv4m6vc2iva2be,failed,not_found,2396,4C5B8134341E66CB09246985E4039F9BFC0ADCE3,77F80DF77B0687B7242A3603A3D4C73291B877D7,071ACB713A9558A4B5750520B0A738C66033E0B1,DD0AA66DD9E4E71FFAFAB658DF8300F1CEEA0364,2020-08-28 04:17:48.868000,2020-08-28 04:17:51.477000
rfrv4m6vc2iva2be,failed,not_found,2581,4C5B8134341E66CB09246985E4039F9BFC0ADCE3,E46C3F0533709EE2112874B13A4FE3868B33E75E,F6740DEABFD5F62612FA025A5079EA72846B1F67,6C71AC0B8FB6E0255C100DCAE0C283FB3F2F1CC2,2020-08-28 04:17:51.479000,2020-08-28 04:17:53.140000
rfrv4m6vc2iva2be,failed,not_found,3011,4C5B8134341E66CB09246985E4039F9BFC0ADCE3,BDDF8187EA4419951CFD0A54088B634564F63AF3,8A5E7C2D09835974B4D58252BAD51FD8AD54F9CE,6CA1E52071B159D74AF35AD3B0DCE128A1B32AE9,2020-08-28 04:17:53.141000,2020-08-28 04:18:01.733000
32zpdmg6yvhsnwgs,failed,not_found,2090,4C5B8134341E66CB09246985E4039F9BFC0ADCE3,EE4AF632058F0734C1426B1AD689F47445CA2056,A857DA8F3728DE4475BFCD86D91351F5E302B3DF,1BE46B6CB88D29BEB8E107CAE4B1277668019239,2020-08-28 04:17:44.764000,2020-08-28 04:17:46.024000
32zpdmg6yvhsnwgs,failed,not_found,2176,4C5B8134341E66CB09246985E4039F9BFC0ADCE3,7AB8B08DF8B90D108EFC37D74CA90A7B939A023D,617EB1F3994E13EFE20D4D6A4273B724776D05D2,229D865D7AC084D30E5F5016CE5A8C21740F74F4,2020-08-28 04:17:46.024000,2020-08-28 04:17:48.043000
32zpdmg6yvhsnwgs,failed,not_found,2335,4C5B8134341E66CB09246985E4039F9BFC0ADCE3,79D9E66BB2FDBF25E846B635D8248FE1194CFD26,EBB50442D1D826DBE9C61A9EE5E0A2CE44DD989A,1C0736CF3744A3B87C2D2269B8BD3388C7E60552,2020-08-28 04:17:48.044000,2020-08-28 04:17:49.651000
32zpdmg6yvhsnwgs,failed,not_found,2451,4C5B8134341E66CB09246985E4039F9BFC0ADCE3,F50CF02A0E6A9D9B25F7EB220FC26F7BD1B74999,F7B024DB02C601185C202E26DFFD2AD525C16A36,1BDBE9C0F7034E6789A9BF7BED82BE2045F0F5B7,2020-08-28 04:17:49.651000,2020-08-28 04:17:51.325000
32zpdmg6yvhsnwgs,failed,not_found,2567,4C5B8134341E66CB09246985E4039F9BFC0ADCE3,0ED0EA324C931CF41CB5272BFB1D015B3D5772A9,79D110419709C4B3D1F92FC3CE121B5317DBE8B3,22A3E5C3A74CC41D21E90F14862D3FAA9F41506C,2020-08-28 04:17:51.326000,2020-08-28 04:17:53.198000
32zpdmg6yvhsnwgs,failed,not_found,2624,4C5B8134341E66CB09246985E4039F9BFC0ADCE3,FDFD675D05216549EB7DA545E32ECFCEEAE805F2,53412DCC555335B400DB72750ED0BE08D034D779,22A6BE98D201B101C32661739967BF4DED12EF96,2020-08-28 04:17:53.199000,2020-08-28 04:17:54.552000
ocxie6lc2qqhag3b,failed,not_found,2138,4C5B8134341E66CB09246985E4039F9BFC0ADCE3,881F09279F94E9AAD3DE30727DF3AD7C2CE900DF,4FF53BC47097B50DA5B68D72C5B25CC079F4A787,EA1AF22E93AC7B8A00DB3197913EE5CAE11FC2F7,2020-08-28 04:17:45.547000,2020-08-28 04:17:47.412000
ocxie6lc2qqhag3b,failed,not_found,2283,4C5B8134341E66CB09246985E4039F9BFC0ADCE3,8A6F5A21493685B50F1B46A87A2099D6C410F237,0E300A0942899B995AE08CEF58062BCFEB51EEDF,C76113D5AB3FC731D678A408EB75BC06F4465F4E,2020-08-28 04:17:47.413000,2020-08-28 04:17:48.867000
ocxie6lc2qqhag3b,failed,not_found,2395,4C5B8134341E66CB09246985E4039F9BFC0ADCE3,AB687988F260DE9EDC3B36C66287DE2660ED1CE0,F740DDDB1A6B536B5CC47111BFE4E2F7CF9B4C28,EA3616A0B9BBBDC74121D8D6F01EABDDCF6BE35D,2020-08-28 04:17:48.868000,2020-08-28 04:17:50.831000
ocxie6lc2qqhag3b,failed,not_found,2524,4C5B8134341E66CB09246985E4039F9BFC0ADCE3,5CFC486780CBD4446B764E51608D6574003B350D,92E807AC5E23CCD9FE623EA4DC020B1627A0D09B,C75CDD818316ABBC839F9F0DDAEC873FCF60C370,2020-08-28 04:17:50.832000,2020-08-28 04:17:52.836000
ocxie6lc2qqhag3b,failed,not_found,2655,4C5B8134341E66CB09246985E4039F9BFC0ADCE3,2151722FC89329E9FA40448FA875B9B459901E66,6C9F1A9CA87546159E5D4C33C78128C26DF3CECD,C74E2C7FB511861A489C60F7503A6FD74C12723E,2020-08-28 04:17:52.837000,2020-08-28 04:17:54.553000
ocxie6lc2qqhag3b,failed,not_found,2752,4C5B8134341E66CB09246985E4039F9BFC0ADCE3,6940247E04C839D268543E7F62566A91E40567E3,9B047A91AC809AA020A1F42E3E785DBCEBF3652F,EA4366BCDCA6167B8CFF70E41D8CD1EE9968E445,2020-08-28 04:17:54.554000,2020-08-28 04:17:56.300000
yt5ejosvipt65nrg,failed,not_found,2143,4C5B8134341E66CB09246985E4039F9BFC0ADCE3,B5558CFA70A5308582B25767C9698E6DBE6A90B2,138ED47EE2156E6492FDE0B61338D973C9717F32,912709C7F560CC3E9FE9604B58D598B1BFAED8C7,2020-08-28 04:17:45.582000,2020-08-28 04:17:47.261000
yt5ejosvipt65nrg,failed,not_found,2272,4C5B8134341E66CB09246985E4039F9BFC0ADCE3,3A27CC4147062E4EFDF46F848FEA7FF032A04E5F,8FA37B93397015B2BC5A525C908485260BE9F422,2A8D8F430B2947D1F00CC776A628C972356BAC09,2020-08-28 04:17:47.261000,2020-08-28 04:17:49.038000
yt5ejosvipt65nrg,failed,not_found,2409,4C5B8134341E66CB09246985E4039F9BFC0ADCE3,96CFE178A1D12489D9D59A0CAE17FE86F5A3A79F,636CA2469D3B461FC730BAB9F5AA94EA323FC332,2AB6F7D59DF6153F4DB1DB6479C3422F5724C4BA,2020-08-28 04:17:49.038000,2020-08-28 04:17:51.381000
yt5ejosvipt65nrg,failed,not_found,2575,4C5B8134341E66CB09246985E4039F9BFC0ADCE3,90A40EAF6090BD260237BDFE9391A2EFF35E8733,B2A9C1C82699C557CFC2E2C9981A589C6DF3E94D,910842202572BBB890692971614758AD9F3FEBD7,2020-08-28 04:17:51.381000,2020-08-28 04:17:54.851000
yt5ejosvipt65nrg,failed,not_found,2774,4C5B8134341E66CB09246985E4039F9BFC0ADCE3,E6C04728E9339DF22F331B7017D4A7AA3F252F0B,0CD62346D1B5CB1648DDA907F818B0DFEA752E88,2AA5F598F9A1812F01CD99E3B59BB87362ED7438,2020-08-28 04:17:54.852000,2020-08-28 04:17:57.649000
yt5ejosvipt65nrg,failed,not_found,2924,4C5B8134341E66CB09246985E4039F9BFC0ADCE3,77A56CB237740E24AEA2D61C8C8936232AFC1BD8,0A58B05D403A2663EB56124F8C7AAB0CABFAA115,90FD830C357A5109AB3C505287713F1AC811174C,2020-08-28 04:17:57.650000,2020-08-28 04:17:59.957000
j7rxs6v7zyng6lk7,failed,not_found,2151,4C5B8134341E66CB09246985E4039F9BFC0ADCE3,103336165A0D2EFCAD3605339843A0A7710B8B92,856B7EFB7E09D02A29DD2FF024B7E1EFE21FE9EB,D426B3F7FF144AAE24AECD72ED96820DDB338055,2020-08-28 04:17:45.728000,2020-08-28 04:17:47.450000
j7rxs6v7zyng6lk7,failed,not_found,2293,4C5B8134341E66CB09246985E4039F9BFC0ADCE3,EC4AD91674B5AFECCA117A396776F120651E55BF,76D2EBA82BBCCA3DF9F254A9A8372A10A26F3D14,976063DB869FF0B4B71D31270BE996A9B069B432,2020-08-28 04:17:47.451000,2020-08-28 04:17:48.865000
j7rxs6v7zyng6lk7,failed,not_found,2392,4C5B8134341E66CB09246985E4039F9BFC0ADCE3,E36536404200A74930DB165858BD5BB554D2BEA2,483CE40BAD189F840EB2222A558F96C11C2B79B0,D405FCCF06ADEDF898DF2F29C9348DCB623031BA,2020-08-28 04:17:48.866000,2020-08-28 04:17:50.606000
j7rxs6v7zyng6lk7,failed,not_found,2507,4C5B8134341E66CB09246985E4039F9BFC0ADCE3,875F74A3DC14737BECA06F8B500022154D1A29D1,303509AB910EF207B7438C27435C4A2FD579F1B1,D408EA531AA2FA90F25BD14283D38FDBB2094BA3,2020-08-28 04:17:50.606000,2020-08-28 04:17:52.702000
j7rxs6v7zyng6lk7,failed,not_found,2637,4C5B8134341E66CB09246985E4039F9BFC0ADCE3,FF06E7A068A1CA66CE593DCE85E2477807C48302,A1DEB529DE86E7CABC3212778374933D68FB7F2F,9738F8F5C386CDAF5707D0DCED428F2813CA285F,2020-08-28 04:17:52.703000,2020-08-28 04:17:54.403000
j7rxs6v7zyng6lk7,failed,not_found,2739,4C5B8134341E66CB09246985E4039F9BFC0ADCE3,881F09279F94E9AAD3DE30727DF3AD7C2CE900DF,B3C6B4D26A20151F568D39ACFA63E15DBC01CD5D,97755455E7DC4E95F0F2EE660FCF11726B6BF69A,2020-08-28 04:17:54.403000,2020-08-28 04:17:56.334000
dlsyy4gbfv3ofiuv,failed,not_found,2230,4C5B8134341E66CB09246985E4039F9BFC0ADCE3,061E0496931D23A81A2B685C9339D36857DD0FA1,58ED9C9C35E433EE58764D62892B4FFD518A3CD0,4FAB66DD36CF53A4D1F8D933037FA509ADE063BA,2020-08-28 04:17:46.624000,2020-08-28 04:17:48.145000
dlsyy4gbfv3ofiuv,failed,not_found,2344,4C5B8134341E66CB09246985E4039F9BFC0ADCE3,5D716DBBCD8D52E054E29659CCA2A7571832D7AB,04A28A62F27D9C4A60F9ED0C4264E98B988C65A3,4FCF975D71A8663E8066BD1431D8E9459DBE2EAB,2020-08-28 04:17:48.146000,2020-08-28 04:17:49.887000
dlsyy4gbfv3ofiuv,failed,not_found,2738,4C5B8134341E66CB09246985E4039F9BFC0ADCE3,94F16DA2BDDBA092954FF8EC29F9234A69949403,1C8B3C3D8BC705883B7799C915B2FE1E0FEB006F,4F95B7313679ECC000F38F870CF0CF39C7386C50,2020-08-28 04:17:49.887000,2020-08-28 04:17:56.221000
dlsyy4gbfv3ofiuv,failed,not_found,2859,4C5B8134341E66CB09246985E4039F9BFC0ADCE3,6B13A2C3331FB5F8B37F0AEE9341D5CF1C21F3AD,06E72526BBE040C51C5ADFBAA07ADD9AEB5E1FA1,E05EAB588285C01E8807F00A07CDBBC4662A58D9,2020-08-28 04:17:56.222000,2020-08-28 04:17:58.793000
dlsyy4gbfv3ofiuv,failed,not_found,3023,4C5B8134341E66CB09246985E4039F9BFC0ADCE3,2F69F8C4DC02DD15A39BFDB4078A791D89ECEAA2,3FADE2EBD3F987F15A9DD1AC44223D392B0D89A2,E05CAC929E391787077066C29461A9D22ECF0809,2020-08-28 04:17:58.794000,2020-08-28 04:18:01.760000
dlsyy4gbfv3ofiuv,,,,,,,E03E581AA42A211F69DC63608B1980F10AE52C26,2020-08-28 04:18:01.761000,
y7rwl376bpzbrbkh,failed,not_found,2231,4C5B8134341E66CB09246985E4039F9BFC0ADCE3,44BD70C13DAA7513D6F47773804178B009F21ED5,DE9B97B7E056FE1DFB2413C9E56AB25E72C5C2CD,7716DE8030A56A80080446E0CBC59738605454E6,2020-08-28 04:17:46.624000,2020-08-28 04:17:48.077000
y7rwl376bpzbrbkh,failed,not_found,2338,4C5B8134341E66CB09246985E4039F9BFC0ADCE3,ACBF3D504CFF3D74D1991AFDF6AC070606232B10,875F74A3DC14737BECA06F8B500022154D1A29D1,85300B26A8ED4D145BD2DF5AC19978F803ED0380,2020-08-28 04:17:48.077000,2020-08-28 04:17:49.886000
y7rwl376bpzbrbkh,failed,not_found,2737,4C5B8134341E66CB09246985E4039F9BFC0ADCE3,C6CCBFCAECDD9B23294D393DC98AB3CB48863E2F,BD020D8EDB355C537199420AAF2649FA04536C9A,770E5AFB0A796DA2DA88434F11427513BAA1FACC,2020-08-28 04:17:49.887000,2020-08-28 04:17:57.864000
y7rwl376bpzbrbkh,failed,not_found,3013,4C5B8134341E66CB09246985E4039F9BFC0ADCE3,3CC2F6162A3E278F77FE4B413A2B67A7F07F28D1,8C94FAB733C8F1E6C1828946DB77699DD9AC63D7,853E2DF3997D6215ACBB86D53E5630669961A39A,2020-08-28 04:17:57.865000,2020-08-28 04:18:02.212000
y7rwl376bpzbrbkh,,,,,,,8554E174D5CDB3E5E194E4A8F8378509255E8243,2020-08-28 04:18:02.212000,
i3kfn5tjq2tpcmak,failed,not_found,2408,4C5B8134341E66CB09246985E4039F9BFC0ADCE3,461453F94FA0E3CBB011685E22CDAFD2AF0DFDC3,8A57DA2FFB5BA49C041EDE1A095E33E86EA756CC,9C900A7F6F5DD034CFFD192DAEC9CCAA813DB022,2020-08-28 04:17:46.663000,2020-08-28 04:17:51.224000
i3kfn5tjq2tpcmak,failed,not_found,2794,4C5B8134341E66CB09246985E4039F9BFC0ADCE3,1DA69A4C1DAF3FC59D2846E2CC0D1D3B5CFDFF24,12D9DA539F47A5591FD53D92BA9BDDF8889689EC,F475E5987E44A2B7B143A2BEE3F8128EEFD7E5A3,2020-08-28 04:17:51.224000,2020-08-28 04:17:58.294000
i3kfn5tjq2tpcmak,,,,,,,F47B13BFCE4EF48CDEF6C4D7C7A99208EBB972B5,2020-08-28 04:17:58.295000,
httiju6dz3nl6tsx,failed,not_found,2312,4C5B8134341E66CB09246985E4039F9BFC0ADCE3,787768FEF9FBFE2D9B8E0214019A7F9960D39206,903044B185D293317A0CB4E7EB7FF898B076E3CB,23917BB3F3994BC61F0C9D7AD19B069F9E150D26,2020-08-28 04:17:47.803000,2020-08-28 04:17:49.559000
httiju6dz3nl6tsx,failed,not_found,2688,4C5B8134341E66CB09246985E4039F9BFC0ADCE3,FBC2856A48705F3ED17E504F8FC89EC6433ED25D,0B58A95E539FFA6C05C010F5C1DA35FB8038E3A8,235D3444236ABC28F412E93814F6B783200D4630,2020-08-28 04:17:49.560000,2020-08-28 04:17:56.021000
httiju6dz3nl6tsx,failed,not_found,2837,4C5B8134341E66CB09246985E4039F9BFC0ADCE3,DA8D76F5F5819693B5C96F499BA19F7404014769,BDEFE9280529DF52007A6660BE658F09488464B8,02930FFEB87968D518101EB79202F1C3766078DA,2020-08-28 04:17:56.022000,2020-08-28 04:17:58.069000
httiju6dz3nl6tsx,failed,not_found,2953,4C5B8134341E66CB09246985E4039F9BFC0ADCE3,1C8B3C3D8BC705883B7799C915B2FE1E0FEB006F,67CDF7A4D06E98E55AAE595BBEBF38E64C4CCBF3,02928855BFAD787F8B363F21860D1E7D156E0655,2020-08-28 04:17:58.070000,2020-08-28 04:18:00.209000
httiju6dz3nl6tsx,,,,,,,237F905E744850CFE3B5108C9112FDFCE8DC05D6,2020-08-28 04:18:00.209000,
6277jvppot7vryjq,failed,not_found,2319,4C5B8134341E66CB09246985E4039F9BFC0ADCE3,208F39CCF602D9549E57D6A386259C1129B8D244,E65BA17239C454A82082B0B4F3DDD8D83E4FD893,2E2F424CD9C0FB6BB0F16390BFCB46853AE37CC1,2020-08-28 04:17:47.807000,2020-08-28 04:17:49.820000
6277jvppot7vryjq,failed,not_found,2465,4C5B8134341E66CB09246985E4039F9BFC0ADCE3,58A7199712C0E52B3C5F2F8E8B27B5A62BE58BC8,7FA3FA525901A91A1310B817943668BC2C16289E,0006DE2E77E3C3EC5E1825B076E5257FD200ED0A,2020-08-28 04:17:49.820000,2020-08-28 04:17:51.512000
6277jvppot7vryjq,failed,not_found,2584,4C5B8134341E66CB09246985E4039F9BFC0ADCE3,9AB93B5422149E5DFF4BE6A3814E2F6D9648DB6A,8B1CC76D6D1370A67263628D4CBC01B62903D0BF,0011BD2485AD45D984EC4159C88FC066E5E3300E,2020-08-28 04:17:51.512000,2020-08-28 04:17:53.289000
6277jvppot7vryjq,failed,not_found,2697,4C5B8134341E66CB09246985E4039F9BFC0ADCE3,68773D3FF7B8CEFCEEFCA32AE72015E2D38C62C1,699388030AFC5C110822C85DE97A51545B192987,2E414CD28823B5AEB51FD172AA0EE3E9EB9BCA90,2020-08-28 04:17:53.290000,2020-08-28 04:17:56.433000
6277jvppot7vryjq,failed,not_found,2796,4C5B8134341E66CB09246985E4039F9BFC0ADCE3,37C1D66559D0C7884E3D21F7DEB58C75D79B98A8,6C251FA7F45E9DEDF5F69BA3D167F6BA736F49CD,2E408F8D1CDA3AA22FF44C4C4B6A9F51D8E74042,2020-08-28 04:17:56.434000,2020-08-28 04:17:57.616000
6277jvppot7vryjq,failed,not_found,2921,4C5B8134341E66CB09246985E4039F9BFC0ADCE3,0F89912E6A4C4A8ACE43C58FF8B83CA299BFF74F,13D13C0ECB5DE7D9B047E21F674505C90C1E0088,FFF78C44BA6E6B6F7525095BBE14EF7CBEB89744,2020-08-28 04:17:57.617000,2020-08-28 04:18:00.182000
k2lwgiots6s3r32o,failed,not_found,2320,4C5B8134341E66CB09246985E4039F9BFC0ADCE3,3F065BB0B02FB2303E144383D16C47A7DED75AE7,8FA37B93397015B2BC5A525C908485260BE9F422,1C0736CF3744A3B87C2D2269B8BD3388C7E60552,2020-08-28 04:17:47.807000,2020-08-28 04:17:49.140000
k2lwgiots6s3r32o,failed,not_found,2357,4C5B8134341E66CB09246985E4039F9BFC0ADCE3,672A56A583C658372E63ACEB43E7F791C2819548,724E86E7F5DA715529DC0ECAA013AE4BDC680E4C,1C24A2669C7E0D62B2157B95F56ED00EE307C85C,2020-08-28 04:17:49.140000,2020-08-28 04:17:49.882000
k2lwgiots6s3r32o,failed,not_found,2468,4C5B8134341E66CB09246985E4039F9BFC0ADCE3,E81D56AE3FE9919F3A42AB11100901E6BAEC4FCB,6A365870758A1E3E7A9EE0E82BCC0D6226A9EAAA,530277866466A1425F43A73DBFCB5FC7410C9852,2020-08-28 04:17:49.883000,2020-08-28 04:17:51.633000
k2lwgiots6s3r32o,failed,not_found,2855,4C5B8134341E66CB09246985E4039F9BFC0ADCE3,1DC17C4A52A458B5C8B1E79157F8665696210E10,210C0F11CDE4ADA5F83D088C5A89710E31BDC9DD,530756463FC7C1C012C47C87347397CAEFE3F9CB,2020-08-28 04:17:51.633000,2020-08-28 04:17:59.381000
k2lwgiots6s3r32o,failed,not_found,2966,4C5B8134341E66CB09246985E4039F9BFC0ADCE3,1CBA20ECB204FB968103CE5E5BA770B5ABD8AC4E,2AE2CA4BD2B7754F29432C25E03314D52AC4CAF1,52E4804A8DB55F79604AC03611226820AEDA1BFA,2020-08-28 04:17:59.382000,2020-08-28 04:18:01.616000
k2lwgiots6s3r32o,failed,not_found,3096,4C5B8134341E66CB09246985E4039F9BFC0ADCE3,BCDE75725B927738B6FD34EA2D78F4FA77B99848,0BF606DE836D4C794CAFF7CA78720F8C87660998,1C0D0AF3FF05CCBBA4B6ED262196A4C5A76102E6,2020-08-28 04:18:01.616000,2020-08-28 04:18:04.134000
7yrwhiw5swh3vg4l,failed,not_found,2372,4C5B8134341E66CB09246985E4039F9BFC0ADCE3,1FC89C159EA0F96D52D8A7092BF938C509DB6984,3BADB3EFFB87534736BFAC9A2024AB78401BDBC3,0824D7C7FB117D5C6AC01581FD798E670C37C804,2020-08-28 04:17:48.603000,2020-08-28 04:17:50.480000
7yrwhiw5swh3vg4l,failed,not_found,2498,4C5B8134341E66CB09246985E4039F9BFC0ADCE3,C1B79C4CD9B713BBB6B0522155B46A7BFE3BFAAE,A2CD32D9D0668DB764AD68C745CE29693CA851B9,080BBF9B14454976FDEAD1AD620A04388F5A21F8,2020-08-28 04:17:50.481000,2020-08-28 04:17:52.794000
7yrwhiw5swh3vg4l,failed,not_found,2652,4C5B8134341E66CB09246985E4039F9BFC0ADCE3,0BBEE90C814F9DFD2135890CA20FCD37C695BA64,003BFA1B6CC5CBEFD5D0082F8FC9AF2A8868A8FB,E6FAC9A7F33EE66F03C55C119770B2D45D3C576B,2020-08-28 04:17:52.794000,2020-08-28 04:17:55.022000
7yrwhiw5swh3vg4l,failed,not_found,2782,4C5B8134341E66CB09246985E4039F9BFC0ADCE3,8B889E04C60E30D511013189D3C2ADCE522E1F3C,85A3AC041E3FCD796AF5D653953D5E27A56E3719,081C9DF6A615A300B382C004DFE2CC37B561C9A0,2020-08-28 04:17:55.022000,2020-08-28 04:17:57.526000
7yrwhiw5swh3vg4l,failed,not_found,2905,4C5B8134341E66CB09246985E4039F9BFC0ADCE3,68FFA5E36B952576F934E0C0942F3E67B2FD2115,9EA4649400C7D35E20C734FA737CF615E925F1E4,E6C532D7C7614F19EF809F50AA735054BAB47979,2020-08-28 04:17:57.527000,2020-08-28 04:17:59.760000
7yrwhiw5swh3vg4l,failed,not_found,3049,4C5B8134341E66CB09246985E4039F9BFC0ADCE3,F4D3FBD1E4918978D1D13604798CECB5EE5C9188,B9FC8DFA8939C129BE76CD65EBBACA7DDAEF84F5,E6C04728E9339DF22F331B7017D4A7AA3F252F0B,2020-08-28 04:17:59.761000,2020-08-28 04:18:02.943000
nptr5enc7vmbfoke,failed,not_found,2375,4C5B8134341E66CB09246985E4039F9BFC0ADCE3,819C8AFEDAC733315A8F3DB80F043F13090C49F6,DD0C8EEC5CA402A9FA4478F10C31A440F71F6885,39AB354F12B497FCD443B85BEAB5BAF4B391CFAC,2020-08-28 04:17:48.668000,2020-08-28 04:17:50.250000
nptr5enc7vmbfoke,failed,not_found,2484,4C5B8134341E66CB09246985E4039F9BFC0ADCE3,6B9EA8927AB6E94E216067E65372182343A5AFA2,0F6E5CA4BF5565D9AA9FDDCA165AFC6A5305763D,399B6E76080F8677D08B626CFFA7AB7ACB974D3E,2020-08-28 04:17:50.251000,2020-08-28 04:17:53.500000
nptr5enc7vmbfoke,failed,not_found,2703,4C5B8134341E66CB09246985E4039F9BFC0ADCE3,2CE9BE1FC88B9D0FA03F387C9E4F000B5D4B2AE9,34133CC3192CF7538089B14511400DF21BA5A077,26B09A4C9F6A9D4815DB46EBA3626A0ED8D71E8F,2020-08-28 04:17:53.501000,2020-08-28 04:17:56.297000
nptr5enc7vmbfoke,failed,not_found,2862,4C5B8134341E66CB09246985E4039F9BFC0ADCE3,CACD9D63B759B35555D8C965A3E01071E9DFB44C,E14E1B6706360EFEF51556313207968870BFA8BC,26B2BBE67149973AA6F631FD09E2A34E73253AB4,2020-08-28 04:17:56.298000,2020-08-28 04:17:58.426000
nptr5enc7vmbfoke,failed,not_found,2989,4C5B8134341E66CB09246985E4039F9BFC0ADCE3,29A39144AD141242436D07901F7A8B91F7516A66,ECB0A13C33B9C0BB101104E08738C19048222393,26ACD3A1EFECBB695CE8DF2EB769DB9242964C6C,2020-08-28 04:17:58.427000,2020-08-28 04:18:01.865000
nptr5enc7vmbfoke,failed,not_found,3151,4C5B8134341E66CB09246985E4039F9BFC0ADCE3,5D995EC983ED3DF9DAABD32B9BF1540AFF42A457,A2F7674E837C4131D70A840262AFC269801F14BA,39BC283D9734073A13BE346ACD4091C0FA505CA4,2020-08-28 04:18:01.866000,2020-08-28 04:18:05.462000
yiyzhushsedd43hn,failed,not_found,2376,4C5B8134341E66CB09246985E4039F9BFC0ADCE3,708A968F3644F8A547156368FEA3DB664110E631,0B58A95E539FFA6C05C010F5C1DA35FB8038E3A8,26ACD3A1EFECBB695CE8DF2EB769DB9242964C6C,2020-08-28 04:17:48.669000,2020-08-28 04:17:53.455000
yiyzhushsedd43hn,failed,not_found,2700,4C5B8134341E66CB09246985E4039F9BFC0ADCE3,22E6FBDB8D77B4C0FA017D6C5F9B45BECDCBCFF8,56781CCC9F6D29FEA148799AB588429C893A473C,E91905CFEB230B1BEA6B0309816F9EE9C1A1A83A,2020-08-28 04:17:53.455000,2020-08-28 04:17:55.850000
yiyzhushsedd43hn,failed,not_found,2825,4C5B8134341E66CB09246985E4039F9BFC0ADCE3,35DBE43445BB44D817084200BA05E8A0573EDFD4,6E4B0D429CD87AB6C25D72E298294C583FF8BA4A,E916F2ACBA67EC57AFAF450AA84E528308835418,2020-08-28 04:17:55.850000,2020-08-28 04:17:57.951000
yiyzhushsedd43hn,failed,not_found,2945,4C5B8134341E66CB09246985E4039F9BFC0ADCE3,128FC6D8FBF753121C5662FEE309CCD47B64BA6B,E00DFD54DC165D5452FBD3530D30186DAD016A0C,26B2BBE67149973AA6F631FD09E2A34E73253AB4,2020-08-28 04:17:57.951000,2020-08-28 04:18:00.491000
yiyzhushsedd43hn,failed,not_found,3080,4C5B8134341E66CB09246985E4039F9BFC0ADCE3,61004152C709672EE739F2667B56EF5550A51332,BB059A5AE3541412DDBCCF49356A6D4AB0817D3D,E8FA2C9B690F3BC16ADE9A4803CE2C51132F10A6,2020-08-28 04:18:00.491000,2020-08-28 04:18:04.100000
yiyzhushsedd43hn,,,,,,,26B09A4C9F6A9D4815DB46EBA3626A0ED8D71E8F,2020-08-28 04:18:04.100000,
rr7cy3la64uqr3h5,failed,not_found,2455,4C5B8134341E66CB09246985E4039F9BFC0ADCE3,2F69F8C4DC02DD15A39BFDB4078A791D89ECEAA2,4CA64E677ECFF23B138CFE70A6A02E94BDF3A805,8D62E8BEE96F6C6818C715CD64C8B719E523E497,2020-08-28 04:17:49.738000,2020-08-28 04:17:51.538000
rr7cy3la64uqr3h5,failed,not_found,2493,4C5B8134341E66CB09246985E4039F9BFC0ADCE3,9413E5D74EFDCA7C36FCA9664B98C48C93FE33C7,046F2D59A85FAE693676A87533717C57436261C2,6A2F0C055A1CDE77741BA7D93D8FAE856C86F54C,2020-08-28 04:17:51.538000,2020-08-28 04:17:52.422000
rr7cy3la64uqr3h5,failed,not_found,2621,4C5B8134341E66CB09246985E4039F9BFC0ADCE3,CD0F9AA1A5064430B1DE8E645CBA7A502B27ED5F,04DFE047ACDF7A6620ACA782FAFC5EF1AE7F4754,6A1B4F8A87E327F4E115A385206C0880DB051B3B,2020-08-28 04:17:52.422000,2020-08-28 04:17:54.491000
rr7cy3la64uqr3h5,failed,not_found,2749,4C5B8134341E66CB09246985E4039F9BFC0ADCE3,708A968F3644F8A547156368FEA3DB664110E631,CACD9D63B759B35555D8C965A3E01071E9DFB44C,6A2676DACAFDBD00C5B94BD343690957A12BB758,2020-08-28 04:17:54.492000,2020-08-28 04:17:56.322000
rr7cy3la64uqr3h5,failed,not_found,2865,4C5B8134341E66CB09246985E4039F9BFC0ADCE3,400C053623F36C5C3D1CFC73F1AB9DA6E24DEEB7,25E87454241CA8BDA9649114D28B5B1229B4EA7B,8D79F73DCD91FC4F5017422FAC70074D6DB8DD81,2020-08-28 04:17:56.322000,2020-08-28 04:18:00.809000
rr7cy3la64uqr3h5,failed,not_found,3102,4C5B8134341E66CB09246985E4039F9BFC0ADCE3,4B351545DD58473F36B0A20E5500AC6ED51E8CD5,73DCA56424912F69F1478D6630DF27CFE8F41439,8D62C3DC2AADE43324329A5F5FFD97710234DD0B,2020-08-28 04:18:00.810000,2020-08-28 04:18:04.725000
xzl3ynr56wdjkbjo,failed,not_found,2458,4C5B8134341E66CB09246985E4039F9BFC0ADCE3,DC0E94BC65DB2C5AA752A30234E2723DF704A1A9,24D0491A2ADAAB52C17625FBC926D84477AEA322,15C3F39B273727B6AEF44975C5E6F8FA341C2F4B,2020-08-28 04:17:49.739000,2020-08-28 04:17:51.671000
xzl3ynr56wdjkbjo,failed,not_found,2572,4C5B8134341E66CB09246985E4039F9BFC0ADCE3,FDCCAF8E5F3F8D33B633238CFCB7113FB9B7AA78,4856C97DC4F2271BC896DF9CABD217EE2D869D68,15BE17C99FACE24470D40AF782D6A9C692AB36D6,2020-08-28 04:17:51.671000,2020-08-28 04:17:53.026000
xzl3ynr56wdjkbjo,failed,not_found,2669,4C5B8134341E66CB09246985E4039F9BFC0ADCE3,F6D600CF13B3BBE2A91A0653F1EC9D00E7CB3A6B,E916F2ACBA67EC57AFAF450AA84E528308835418,15CBD7508DDCBA816975565787D38403BB32D40C,2020-08-28 04:17:53.027000,2020-08-28 04:17:54.930000
xzl3ynr56wdjkbjo,failed,not_found,3012,4C5B8134341E66CB09246985E4039F9BFC0ADCE3,064E2C4024F002084075D08529E497AC32660152,528BAECE8CB9151346BDD80F6A95556D6C12ABF0,599A708756048993A1029B2775EEF8C9E40BB640,2020-08-28 04:17:54.930000,2020-08-28 04:18:02.079000
xzl3ynr56wdjkbjo,,,,,,,598EA0E595C541EA91B4434BC643F01110862AC5,2020-08-28 04:18:02.079000,
ju7nb42r77c7im5r,failed,not_found,2459,4C5B8134341E66CB09246985E4039F9BFC0ADCE3,5BB51E650366D14C95027DB2F1D7A69BC5B00676,E00DFD54DC165D5452FBD3530D30186DAD016A0C,FFF78C44BA6E6B6F7525095BBE14EF7CBEB89744,2020-08-28 04:17:49.740000,2020-08-28 04:17:51.441000
ju7nb42r77c7im5r,failed,not_found,2578,4C5B8134341E66CB09246985E4039F9BFC0ADCE3,3098CC656BB3F519FEBF93AF6E0CBBDE4D84002A,8E4A12024FE3A23467C5A63E3D6B431547D7C1E1,44517C72DD0C7206E2B6E9FE3917406AE8AF3193,2020-08-28 04:17:51.441000,2020-08-28 04:17:53.197000
ju7nb42r77c7im5r,failed,not_found,2684,4C5B8134341E66CB09246985E4039F9BFC0ADCE3,221546DAE86B003139B13BD6F6AE1B4B42B59DF8,79E3B585803DE805CCBC00C1EF36B1E74372861D,0011BD2485AD45D984EC4159C88FC066E5E3300E,2020-08-28 04:17:53.197000,2020-08-28 04:17:54.929000
ju7nb42r77c7im5r,failed,not_found,2740,4C5B8134341E66CB09246985E4039F9BFC0ADCE3,CBD00958A3B897774E333D75C24E6A75F5220DCC,1AAD015F4D885413A2BCE0E58159116901236C49,0006DE2E77E3C3EC5E1825B076E5257FD200ED0A,2020-08-28 04:17:54.929000,2020-08-28 04:17:56.176000
ju7nb42r77c7im5r,failed,not_found,2852,4C5B8134341E66CB09246985E4039F9BFC0ADCE3,7FA3FA525901A91A1310B817943668BC2C16289E,088A6237EED87EDEB0E1E3AD0A4A419F963F0787,44496B18C68356AF3A58ACAD835429C37B9432ED,2020-08-28 04:17:56.177000,2020-08-28 04:17:58.482000
ju7nb42r77c7im5r,failed,not_found,2992,4C5B8134341E66CB09246985E4039F9BFC0ADCE3,F73036C92CD94D5A16DEA9E50FE4BEC2AF3DE171,C2F653A5CEE30C8D5713FA4AE7F75E992A479196,443114A8673927436BC3F8FCFE6E08B16B1D5F86,2020-08-28 04:17:58.483000,2020-08-28 04:18:01.243000
lsrvjhjdjoqzi5mc,failed,not_found,2516,4C5B8134341E66CB09246985E4039F9BFC0ADCE3,169D36A75108D9D77B422C89EFA783CFBC662BF8,D7230F4F13324A28C308AF94E2385D0A7F1B05F9,130E69E8F783DEF256E757FA78154B7DC2A39E0E,2020-08-28 04:17:50.752000,2020-08-28 04:17:52.705000
lsrvjhjdjoqzi5mc,failed,not_found,2643,4C5B8134341E66CB09246985E4039F9BFC0ADCE3,F966CC62522A4F9C482CB555D43249A9874413D8,3FE1AA163445DC0E0677B5227F507907C4872A30,9B047A91AC809AA020A1F42E3E785DBCEBF3652F,2020-08-28 04:17:52.705000,2020-08-28 04:17:54.449000
lsrvjhjdjoqzi5mc,failed,not_found,2743,4C5B8134341E66CB09246985E4039F9BFC0ADCE3,1C7215BC0123DDA23BDED0F9D2849D3AD80183CB,3C9DFAB14D02F792B81782C2BB5B3C43E38E6254,13135CF96F4AD44B37D454CD185D2F5884EF9019,2020-08-28 04:17:54.449000,2020-08-28 04:17:56.154000
lsrvjhjdjoqzi5mc,failed,not_found,2849,4C5B8134341E66CB09246985E4039F9BFC0ADCE3,F83A64E0FA85BC224807919772FE14E1BA07CEF5,B86BE002D4D6F3E2999E8EEAC9B72CAA796944BE,9B0EDF40A0268472992163EFFC6AE698A3A69166,2020-08-28 04:17:56.154000,2020-08-28 04:17:58.423000
lsrvjhjdjoqzi5mc,failed,not_found,2986,4C5B8134341E66CB09246985E4039F9BFC0ADCE3,288C100FFA656938C23F32207CAF0DA932ECD247,54A403A1B015F6E5A641AD121530966BD873136E,130E0CC72BD6E4456783CDEB8BD77252A6619345,2020-08-28 04:17:58.423000,2020-08-28 04:18:01.134000
lsrvjhjdjoqzi5mc,failed,not_found,3105,4C5B8134341E66CB09246985E4039F9BFC0ADCE3,283F225B4241DD7F0E2BB85FC7A95868D69AFEC5,E8D114B3C78D8E6E7FEB1004650DD632C2143C9E,9B1BE5D20FB9069523EF4889027325CE89B42460,2020-08-28 04:18:01.135000,2020-08-28 04:18:04.368000
x4dbhxiscofgulmx,failed,not_found,2525,4C5B8134341E66CB09246985E4039F9BFC0ADCE3,6D163F649ECBE9DC20F016236EF36D7E1559E98E,6A35EE13D4354FF0A03374C063B10290614BB6A9,0A2CE9D88D3BA28410EE3B24BD4DC16598753462,2020-08-28 04:17:50.833000,2020-08-28 04:17:53.288000
x4dbhxiscofgulmx,failed,not_found,2694,4C5B8134341E66CB09246985E4039F9BFC0ADCE3,42B4F52C5B11E4D39855F654955425B0D5A0598B,CB21756D213C09812ED2B03DC111CDE937387F9D,0A2151C0492B8A17FD03ED40598627A7027AE39B,2020-08-28 04:17:53.289000,2020-08-28 04:17:56.096000
x4dbhxiscofgulmx,failed,not_found,2840,4C5B8134341E66CB09246985E4039F9BFC0ADCE3,9C4DAED4759AA66D0E93EB27093BD21CFE2C2271,B291D30517D23299AD7CEE3E60DFE60D0E3A4664,0A58B05D403A2663EB56124F8C7AAB0CABFAA115,2020-08-28 04:17:56.097000,2020-08-28 04:17:58.158000
x4dbhxiscofgulmx,failed,not_found,2962,4C5B8134341E66CB09246985E4039F9BFC0ADCE3,59BC32EA48ED1D06A373856434C0C5C4D2D86603,8D8E090832FCAFEA083BA150DA6D154E365A590C,82969EAB7C94D76D62C4E48F3471A08D71889692,2020-08-28 04:17:58.159000,2020-08-28 04:18:00.177000
x4dbhxiscofgulmx,failed,not_found,3074,4C5B8134341E66CB09246985E4039F9BFC0ADCE3,5380653A53FAFFFF0599B69F9AC302CB4B6AAE0B,8A57DA2FFB5BA49C041EDE1A095E33E86EA756CC,8275CE20C53D79EC51CA87292E7FC58F238F100C,2020-08-28 04:18:00.178000,2020-08-28 04:18:03.921000
x4dbhxiscofgulmx,,,,,,,828112B80D28A92311A8C6C7CCF369B316C40744,2020-08-28 04:18:03.921000,
qwc7c6kd2gwnyzil,failed,not_found,2530,4C5B8134341E66CB09246985E4039F9BFC0ADCE3,55804F9D37F7B27BD0426B3CB06C64B4D0F95546,BEBA52AC89045D6EAD68E977DF3F98BCF8330AAF,530277866466A1425F43A73DBFCB5FC7410C9852,2020-08-28 04:17:50.868000,2020-08-28 04:17:52.914000
qwc7c6kd2gwnyzil,failed,not_found,2660,4C5B8134341E66CB09246985E4039F9BFC0ADCE3,461453F94FA0E3CBB011685E22CDAFD2AF0DFDC3,8554E174D5CDB3E5E194E4A8F8378509255E8243,7E47D28F07443B57F8262E1412936B3E258694A3,2020-08-28 04:17:52.914000,2020-08-28 04:17:54.791000
qwc7c6kd2gwnyzil,failed,not_found,2771,4C5B8134341E66CB09246985E4039F9BFC0ADCE3,8A2CCF9A354EF89C08CB0AE2DD7F7E8418ADF713,CB4EBE9C475A60A5F2CDA92C83CE093BD945D940,7E44E0D39CE8666A98EA5DEBCBB8E12B3906410F,2020-08-28 04:17:54.792000,2020-08-28 04:17:57.055000
qwc7c6kd2gwnyzil,failed,not_found,2856,4C5B8134341E66CB09246985E4039F9BFC0ADCE3,3FFDFB5A9A278C7C303745606DB5B68FC5B9FADF,9B2BC7EFD661072AFADC533BE8DCF1C19D8C2DCC,7E317CFA44E7B6013DE4BC5F837C376A77179C72,2020-08-28 04:17:57.055000,2020-08-28 04:17:58.483000
qwc7c6kd2gwnyzil,failed,not_found,2995,4C5B8134341E66CB09246985E4039F9BFC0ADCE3,CD39C258265B25EAA4ABA4FDCB2DF98104CAA362,8EA58F28DCA60F56C6F2131BDFE9BF5FAF2233CE,530756463FC7C1C012C47C87347397CAEFE3F9CB,2020-08-28 04:17:58.484000,2020-08-28 04:18:01.326000
qwc7c6kd2gwnyzil,failed,not_found,3110,4C5B8134341E66CB09246985E4039F9BFC0ADCE3,2E72CDAFA12AE1547795F9BAFF402FC16B653CE0,ED9A731373456FA071C12A3E63E2C8BEF0A6E721,53134D9637D9FBE565FA1E3AF82B23CC964C56D6,2020-08-28 04:18:01.326000,2020-08-28 04:18:04.565000
gwb5gybgeevg665o,failed,not_found,2592,4C5B8134341E66CB09246985E4039F9BFC0ADCE3,27D3ED72F263E665C13DA7CCF276FEDF1E495E19,73791109F595BA4A78167F6350EEC0057F7A50D9,3BAACE149DB31574B327BF835B594B707D12CD58,2020-08-28 04:17:51.576000,2020-08-28 04:17:53.545000
gwb5gybgeevg665o,,,,,,,3BB34C63072D9D10E836EE42968713F7B9325F66,2020-08-28 04:17:53.546000,
nede3rv3edul6tq7,failed,not_found,2595,4C5B8134341E66CB09246985E4039F9BFC0ADCE3,6C9F1A9CA87546159E5D4C33C78128C26DF3CECD,438F3EA4C9FB0DB63F5377A3271AB5435FAD7E04,D710B8449C8EC4E3ED55B8C7483B6445ED9A0DBB,2020-08-28 04:17:51.613000,2020-08-28 04:17:53.501000
nede3rv3edul6tq7,failed,not_found,2706,4C5B8134341E66CB09246985E4039F9BFC0ADCE3,43FF3346A3F8E4ED27F631DC956C4CD8D6173D7A,3239007CE1FB2ECDFDF2067DF23B949295DC5EF6,D7082DB97E7F0481CBF4B88CA5F5683399E196A3,2020-08-28 04:17:53.501000,2020-08-28 04:17:55.935000
nede3rv3edul6tq7,failed,not_found,2831,4C5B8134341E66CB09246985E4039F9BFC0ADCE3,6D0D610D63D33584308CA672484DA699FF26A2A3,D10B9112E59DEAA4C6FA507521E61EB86D2C2A7E,4BF3D299BC500C350868F078749291C766C7AA6F,2020-08-28 04:17:55.936000,2020-08-28 04:17:58.762000
nede3rv3edul6tq7,failed,not_found,3020,4C5B8134341E66CB09246985E4039F9BFC0ADCE3,FA1845C313B88EF49E8BE1F23B02CD0AC702B636,005079A42356183CEA5A3ADD239303F44F12E7EA,D701ACAF86413E92529EA8E32088C7FC45EA6F69,2020-08-28 04:17:58.762000,2020-08-28 04:18:02.029000
nede3rv3edul6tq7,,,,,,,4C07CB3365CF3E06A56FD2DC8ECA4E97A6521983,2020-08-28 04:18:02.029000,
uhcojzoba74kthh3,failed,not_found,2598,4C5B8134341E66CB09246985E4039F9BFC0ADCE3,72C2EB697C3CD4CE7408359B386DEE6B2888F714,EB65CCB8612FA67FED17B57DA5B6919E40296DD0,FEEF24CDF15BB59B418D1BF94A64BD3E62BB2CF3,2020-08-28 04:17:51.615000,2020-08-28 04:17:55.940000
uhcojzoba74kthh3,failed,not_found,2834,4C5B8134341E66CB09246985E4039F9BFC0ADCE3,9EA4649400C7D35E20C734FA737CF615E925F1E4,42D47C736518BFA495CA31AEE40AE468F0BDA2A6,F5BF2C835E86DF291DC7D86DD1E1542F4887E3A7,2020-08-28 04:17:55.940000,2020-08-28 04:17:57.948000
uhcojzoba74kthh3,failed,not_found,3095,4C5B8134341E66CB09246985E4039F9BFC0ADCE3,5DB9AE27A44EB7B476CC04A66C67A71C97A001E6,0B19BBFDC498CCEA23027B1D7BD8E20121B95E60,F5C2EB578B9842069DE560F00F808B6BD3554E2A,2020-08-28 04:17:57.949000,2020-08-28 04:18:04.170000
uhcojzoba74kthh3,,,,,,,FEDF4998951A750D5D7974DF243035499E84882E,2020-08-28 04:18:04.171000,
hstpehxsbzjx2sdi,failed,not_found,2640,4C5B8134341E66CB09246985E4039F9BFC0ADCE3,BE9B12FAAB7429842D643E2308390ECD8961E0A1,6919A8656F85830ED5778FE3FDD522F3F18FFF6F,B8BF2948E7830586F64EE92CCEABFB202E2FBF85,2020-08-28 04:17:52.705000,2020-08-28 04:17:54.330000
hstpehxsbzjx2sdi,failed,not_found,2689,4C5B8134341E66CB09246985E4039F9BFC0ADCE3,D079D6818926684C5979C18171FB18862A4A5792,F6D600CF13B3BBE2A91A0653F1EC9D00E7CB3A6B,B8D8E07448E0405F4275E52884ED9CEF63FEE4A3,2020-08-28 04:17:54.330000,2020-08-28 04:17:55.504000
hstpehxsbzjx2sdi,failed,not_found,2801,4C5B8134341E66CB09246985E4039F9BFC0ADCE3,CE73020F2E1C7CE59EDF89EAF262A4485DB21062,92BBADCB0697F5EB1792C607EE2DC1C291A98ADC,410118E874D2263F1CDCD567F81875A8E38B2B3C,2020-08-28 04:17:55.505000,2020-08-28 04:17:58.135000
hstpehxsbzjx2sdi,failed,not_found,2956,4C5B8134341E66CB09246985E4039F9BFC0ADCE3,52D5FB2004C67127C73B71478238FA66122BD443,F6740DEABFD5F62612FA025A5079EA72846B1F67,412AB9D6A761ECADB60D7EA4F2CB389C0AF42F3F,2020-08-28 04:17:58.136000,2020-08-28 04:18:00.126000
hstpehxsbzjx2sdi,failed,not_found,3070,4C5B8134341E66CB09246985E4039F9BFC0ADCE3,88FD7D5810893E72E7354D0EEDCA7A7E4790C768,AE9B4F3B133CF4FC75BD0685F047EA4253C49B09,412767ECB0CEF7DCBAF8748DDBA8575860DD6782,2020-08-28 04:18:00.127000,2020-08-28 04:18:04.169000
hstpehxsbzjx2sdi,,,,,,,B8C7D56B7E87B39BD0878C5D1D69130596D0BFAD,2020-08-28 04:18:04.170000,
zvwjtatu3bf4fnda,failed,not_found,2648,4C5B8134341E66CB09246985E4039F9BFC0ADCE3,F8DE8132E599A194E20DDB738AF64A7200CD5949,2083FBB5A67DB15F8ABF0C8319594EE9FBE65DAF,C9BC841E180B35F229FD47664F84CF8A8ADB3F68,2020-08-28 04:17:52.791000,2020-08-28 04:17:55.889000
zvwjtatu3bf4fnda,failed,not_found,2828,4C5B8134341E66CB09246985E4039F9BFC0ADCE3,557B39146EB121C8CFA22C48AD78BDBDBC8FF3A1,A541C211909264081DC3A4F8E105F06139DDCD8B,C9B68C802CA20C3E4FA46D77153D6EDC80F13CF5,2020-08-28 04:17:55.889000,2020-08-28 04:17:58.231000
zvwjtatu3bf4fnda,failed,not_found,2909,4C5B8134341E66CB09246985E4039F9BFC0ADCE3,E3D61BAEA0B7CB12CACEDC8821C520557BDFCEA3,DC9564AE8BC7BF5F722E3677C897ED1B578C8D81,78B98D12997EDD630F6A674CBF42F20711DEAC11,2020-08-28 04:17:58.231000,2020-08-28 04:17:59.700000
zvwjtatu3bf4fnda,failed,not_found,3034,4C5B8134341E66CB09246985E4039F9BFC0ADCE3,7D31D5118D47BF86C550ABB79EDDE865EC31B67F,071ACB713A9558A4B5750520B0A738C66033E0B1,C9D02B1644BD47C136E379FDFAF4973D1A1CE07C,2020-08-28 04:17:59.700000,2020-08-28 04:18:01.997000
zvwjtatu3bf4fnda,,,,,,,78C7C299DB4C4BD119A22B87B57D5AF5F3741A79,2020-08-28 04:18:01.997000,
kbeusj4xkvqr4ts6,failed,not_found,2649,4C5B8134341E66CB09246985E4039F9BFC0ADCE3,75FE5236E67FFA4A44C1152C35EAB36360E4D7DF,59C0D88A5B3C65541CF63D0DD88EF15A379D378E,C545ED3BE029B226D74B3F798235951D2FEEE3E1,2020-08-28 04:17:52.791000,2020-08-28 04:17:54.489000
kbeusj4xkvqr4ts6,failed,not_found,2746,4C5B8134341E66CB09246985E4039F9BFC0ADCE3,A2E6BB5C391CD46B38C55B4329C35304540771F1,65FBA426CE8126771C5EEB52634F3BB5E6E93B08,C4FD2403CC929297B559A49E582516944F75C6A9,2020-08-28 04:17:54.490000,2020-08-28 04:17:57.559000
kbeusj4xkvqr4ts6,failed,not_found,2912,4C5B8134341E66CB09246985E4039F9BFC0ADCE3,50C7B836942F14BDF1541B017CF21FD03F354E13,DC2B1E4348AF306326FA63EEDB76EA6139133485,C51701910DEA998F4F51287A71B7E94449A3E9BC,2020-08-28 04:17:57.560000,2020-08-28 04:17:59.950000
kbeusj4xkvqr4ts6,failed,not_found,3058,4C5B8134341E66CB09246985E4039F9BFC0ADCE3,71A05B576836F54050348AA0D63185B12DBA51E3,D2F16CBF1BD891968D65D44CD21507E3371279F3,B0DB2F173F0DB364BABF7A465D796B3C048F1F33,2020-08-28 04:17:59.951000,2020-08-28 04:18:04.095000
kbeusj4xkvqr4ts6,,,,,,,B0DA07C71D8E5066C2C391EA963260B4F584D84C,2020-08-28 04:18:04.096000,
sdbb7qol4rij2stg,failed,not_found,2715,4C5B8134341E66CB09246985E4039F9BFC0ADCE3,E5DB116226E752C218D1A2B184674D3BA23C4D31,5184B773C183CBDE68B70E0F36FF4BA076ECA798,F34E681AF8226DEBC9135A48F61DEF9F68966BA5,2020-08-28 04:17:53.598000,2020-08-28 04:17:56.667000
sdbb7qol4rij2stg,failed,not_found,2888,4C5B8134341E66CB09246985E4039F9BFC0ADCE3,C41ADE229598201F913426E9C6B9647098AEE28D,9C34EAD957DF77978BCF356F3F96B9A79E3961CB,C55AC4238C66CE8D00838572D563A284DBEF0228,2020-08-28 04:17:56.668000,2020-08-28 04:17:59.533000
sdbb7qol4rij2stg,,,,,,,C577C56EAD654C829D1FF2F86133F89A1A59AA89,2020-08-28 04:17:59.534000,
2yxtbbru6nz25npj,failed,not_found,2718,4C5B8134341E66CB09246985E4039F9BFC0ADCE3,A8FEC75C75C24997467B15603DBDE43D108DEE75,B0335F7872A698A86E5E9AC3CF323B50AEF9C081,2CDC3F1BA8B1CC698266FF5C4024F9E519BB2C08,2020-08-28 04:17:53.620000,2020-08-28 04:17:56.097000
2yxtbbru6nz25npj,failed,not_found,2843,4C5B8134341E66CB09246985E4039F9BFC0ADCE3,D14EC16949648CEE84EA1664445029EA4B597074,A857DA8F3728DE4475BFCD86D91351F5E302B3DF,2CD317C624803B77EAD32C96382884B0CAD4DB3F,2020-08-28 04:17:56.097000,2020-08-28 04:17:58.137000
2yxtbbru6nz25npj,failed,not_found,2959,4C5B8134341E66CB09246985E4039F9BFC0ADCE3,1804C06A266F0DA26DF58CD559E01C2F7C3FC42A,3D6C776E8BE9E8AE5D0591594117999E3C5498C8,ECAA097324262B60394FE6F3CD446A66A331956E,2020-08-28 04:17:58.137000,2020-08-28 04:18:00.105000
2yxtbbru6nz25npj,failed,not_found,3067,4C5B8134341E66CB09246985E4039F9BFC0ADCE3,0B97514C2C0D07593600281626073571D7071749,B5558CFA70A5308582B25767C9698E6DBE6A90B2,2CAEC55A7854FE3CB37BE80328086FDF89E082C4,2020-08-28 04:18:00.107000,2020-08-28 04:18:03.651000
2yxtbbru6nz25npj,,,,,,,EC8C36BC209BA499263E93D0826046667AAC14BA,2020-08-28 04:18:03.652000,
yl3czaxy32par3sv,failed,not_found,2721,4C5B8134341E66CB09246985E4039F9BFC0ADCE3,B0537CD220A60ECF8045439658A53254C0D63DCB,43E187B8C7361F47EA968ED5389435865D7F4FE7,0ABB63CC809DE89A0A71A9BA8751C4AB5C2DC3C3,2020-08-28 04:17:53.645000,2020-08-28 04:17:56.116000
yl3czaxy32par3sv,failed,not_found,2846,4C5B8134341E66CB09246985E4039F9BFC0ADCE3,930106E732385FD01810AB243E7022C42639BC06,BC238DA10F427C21685F766317F7E0946954B88F,0AD3B16ADF3EED3E5962FA944CD501352E790814,2020-08-28 04:17:56.116000,2020-08-28 04:17:58.054000
yl3czaxy32par3sv,,,,,,,F80FDE27EFCB3F6A7B4E2CC517133DBFFA78BA2D,2020-08-28 04:17:58.054000,
uouu5cmxceoxfhm5,failed,not_found,2755,4C5B8134341E66CB09246985E4039F9BFC0ADCE3,1CD48F4ED0F1821FFBF1940802A13EEFD4C27502,0EB07340EF2D1608FC16F6268E1DA0C532EB3D11,571DAD146B9FED394FDC91A05B18C5E05BC350EF,2020-08-28 04:17:54.641000,2020-08-28 04:17:56.563000
uouu5cmxceoxfhm5,failed,not_found,2870,4C5B8134341E66CB09246985E4039F9BFC0ADCE3,2BA2C8E96B2590E1072AECE2BDB5C48921BF8510,AC66FFA4AB35A59EBBF5BF4C70008BF24D8A7A5C,56DEFDD8CDE21A6FC7A45017AC3999D5255B6D2F,2020-08-28 04:17:56.563000,2020-08-28 04:17:58.731000
uouu5cmxceoxfhm5,failed,not_found,3017,4C5B8134341E66CB09246985E4039F9BFC0ADCE3,126E438B6921882FC17F1FC32AAC617300561938,E747773C61CF671A222EB913DE17DA33074A6D76,56DCA89A6B41ADA30E891EF65FDCC071DC05079B,2020-08-28 04:17:58.732000,2020-08-28 04:18:02.178000
uouu5cmxceoxfhm5,,,,,,,8ADA1AB31B9B49CFFF5A450816053BF4CB72E4AC,2020-08-28 04:18:02.179000,
vwzo7ymd4jftdjkf,failed,not_found,2761,4C5B8134341E66CB09246985E4039F9BFC0ADCE3,12CF6DB4DAE106206D6C6B09988E865C0509843B,3F43D0584A2613C9DB631382FF486DC6B95EA1C8,919680B79198AE4D80A06999A93EBC909AD4DDDC,2020-08-28 04:17:54.668000,2020-08-28 04:17:56.642000
vwzo7ymd4jftdjkf,failed,not_found,2885,4C5B8134341E66CB09246985E4039F9BFC0ADCE3,9ECF0C8EEA5C07DE54A346EDB371B48845A3FD0F,40711843922575CFB306E81C856B8BD8C3F2417C,CB19AC6FFAC13B4C1A143B423884EDEA4381ED2F,2020-08-28 04:17:56.642000,2020-08-28 04:18:00.034000
vwzo7ymd4jftdjkf,failed,not_found,3064,4C5B8134341E66CB09246985E4039F9BFC0ADCE3,30D457317789E20449CBC12E02F5658FA23E0BEE,4EC87AABE9867796D26CD4B1D2A0682401807280,91799AD097018FD5F83B70B978068FB83F72934F,2020-08-28 04:18:00.035000,2020-08-28 04:18:03.373000
vwzo7ymd4jftdjkf,,,,,,,CB040846C647F338EE1950C6CC03267102088C50,2020-08-28 04:18:03.373000,
fdebvgqpcaukzbao,failed,not_found,2765,4C5B8134341E66CB09246985E4039F9BFC0ADCE3,D56A98D38FC3C75E0347EEF3DD9C12749AF7C7C5,E6C04728E9339DF22F331B7017D4A7AA3F252F0B,B054EDB566826DFE1529C18D99F3F46E16CBE8F7,2020-08-28 04:17:54.669000,2020-08-28 04:17:56.779000
fdebvgqpcaukzbao,failed,not_found,2891,4C5B8134341E66CB09246985E4039F9BFC0ADCE3,9C34EAD957DF77978BCF356F3F96B9A79E3961CB,6D72E970EB5218702C854BE250EC0663CC14D9BD,C19B33758B3A5144894233EC4C95D7985B9FD101,2020-08-28 04:17:56.780000,2020-08-28 04:17:59.848000
fdebvgqpcaukzbao,failed,not_found,3055,4C5B8134341E66CB09246985E4039F9BFC0ADCE3,4F0E5D4E184C40E2B9A89664005B308A1DEE3756,DF0605518567D637ABA846CAE2EDE50E8A2BD57D,B04EA2B400D9679E72284E12FB81E68756670A3A,2020-08-28 04:17:59.848000,2020-08-28 04:18:03.857000
fdebvgqpcaukzbao,,,,,,,B0430D21D6609459D141078C0D7758B5CA753B6F,2020-08-28 04:18:03.857000,
adrebbzd5capbpg2,failed,not_found,2812,4C5B8134341E66CB09246985E4039F9BFC0ADCE3,288C100FFA656938C23F32207CAF0DA932ECD247,7D2595ABBB2F83E10275C0F3D2944DC580B4B55E,3EDD00245D93664A33A724BA377150E5531ED033,2020-08-28 04:17:55.719000,2020-08-28 04:17:58.180000
adrebbzd5capbpg2,,,,,,,412BAA4DE44DA7D14583DE63CEB3DF89835E6AC8,2020-08-28 04:17:58.181000,
4qi2hksjqnjm4l75,failed,not_found,2819,4C5B8134341E66CB09246985E4039F9BFC0ADCE3,071ACB713A9558A4B5750520B0A738C66033E0B1,43E187B8C7361F47EA968ED5389435865D7F4FE7,A1915DFA36B3EF33DCC9021ACF1A955C51BF0979,2020-08-28 04:17:55.847000,2020-08-28 04:17:58.232000
4qi2hksjqnjm4l75,failed,not_found,2977,4C5B8134341E66CB09246985E4039F9BFC0ADCE3,34133CC3192CF7538089B14511400DF21BA5A077,E8BAE7393740A700D50B010DED9D9EC9A66B390D,A191F6309396DAD373FE7E4D1EF64B40F38A3637,2020-08-28 04:17:58.233000,2020-08-28 04:18:01.406000
4qi2hksjqnjm4l75,,,,,,,9AA3FF35E7A549D2337E962333D366E102FE4D50,2020-08-28 04:18:01.407000,
nb2jmvuy6yffvjmy,failed,not_found,2824,4C5B8134341E66CB09246985E4039F9BFC0ADCE3,128FC6D8FBF753121C5662FEE309CCD47B64BA6B,872B18761953254914F77C71846E8A2623C52591,430672CD7162FA88AB49D891C38567799F346333,2020-08-28 04:17:55.850000,2020-08-28 04:17:58.335000
nb2jmvuy6yffvjmy,failed,not_found,3073,4C5B8134341E66CB09246985E4039F9BFC0ADCE3,163303F0583A1917326214379BD1AB2D286046EA,A1DEB529DE86E7CABC3212778374933D68FB7F2F,69A06CBBB6C16EEE3F1702A2413CE80F9E2906E2,2020-08-28 04:17:58.335000,2020-08-28 04:18:03.332000
nb2jmvuy6yffvjmy,,,,,,,43016344D7E4CB2E73F289D57EFF9D64ACAA827B,2020-08-28 04:18:03.333000,
hpt3b5ivlgjyp2vz,failed,not_found,2873,4C5B8134341E66CB09246985E4039F9BFC0ADCE3,7355A4A20BA4C083C921464302108C121BAC7EF2,A56A0120A21557832000D5C68FCD7DE08E82A3B0,D53AE170BF6650A2C6640484FE1B5DD1C0AB895B,2020-08-28 04:17:56.593000,2020-08-28 04:17:59.080000
hpt3b5ivlgjyp2vz,failed,not_found,3026,4C5B8134341E66CB09246985E4039F9BFC0ADCE3,38DC78302D5CB107B6D5CCC02EE4D8773AA910DE,9E8FB4EFEF3A6B62D0F0152B0606753D413BE337,F47B13BFCE4EF48CDEF6C4D7C7A99208EBB972B5,2020-08-28 04:17:59.081000,2020-08-28 04:18:04.511000
hpt3b5ivlgjyp2vz,,,,,,,F475E5987E44A2B7B143A2BEE3F8128EEFD7E5A3,2020-08-28 04:18:04.511000,
rxm5kfndbm2vaady,failed,not_found,2879,4C5B8134341E66CB09246985E4039F9BFC0ADCE3,9B2BC7EFD661072AFADC533BE8DCF1C19D8C2DCC,4E98AA295B7171996D18DD1F6A19F64AB4036B4A,FB855A4E362D9DA8661A42D324AB5A06D02E3935,2020-08-28 04:17:56.616000,2020-08-28 04:17:59.760000
rxm5kfndbm2vaady,failed,not_found,3113,4C5B8134341E66CB09246985E4039F9BFC0ADCE3,0935BA9178F9E3B50C99DD53F723865FC224CFA8,2E72CDAFA12AE1547795F9BAFF402FC16B653CE0,EF83AE5958C7DF647C6CADD52157169488E902D1,2020-08-28 04:17:59.760000,2020-08-28 04:18:05.351000
rxm5kfndbm2vaady,,,,,,,FB52C73C8B728ABDE014DB30DC53D160A71E5708,2020-08-28 04:18:05.352000,
soozgdfu5xg67i5p,failed,not_found,3086,4C5B8134341E66CB09246985E4039F9BFC0ADCE3,3FE39429CB7077BBB13D2774591A1B80EE493742,C5A1D5B7CB0D12A7B7334F2915134E6DA8F5C46D,1F037215FF7FE4710BFD0507AECE33C3A7CB6277,2020-08-28 04:17:56.617000,2020-08-28 04:18:04.363000
soozgdfu5xg67i5p,,,,,,,C080D1200C1D9D3E538EF777A4DC05C7DA77BFC4,2020-08-28 04:18:04.364000,
ampr3mawyubbjk7w,failed,not_found,3093,4C5B8134341E66CB09246985E4039F9BFC0ADCE3,A6C983C2F7EEADD55CE9169E540EBD95423FC260,787768FEF9FBFE2D9B8E0214019A7F9960D39206,4273E6D162ED2717A1CF4207A254004CD3F5307B,2020-08-28 04:17:57.749000,2020-08-28 04:18:04.029000
ampr3mawyubbjk7w,,,,,,,42B40A38F79F049129FA2F95532C5A64361A0D21,2020-08-28 04:18:04.030000,
jguhrbqorlwbbfgd,failed,not_found,3037,4C5B8134341E66CB09246985E4039F9BFC0ADCE3,91DDE492833DA13509B2ABEF3E8F6D5161153385,4D1793D423FDB1968EAA7455EBC070A0E48B33ED,44DC23661E05DEFD94398936D9334987ABCB6E5E,2020-08-28 04:17:57.749000,2020-08-28 04:18:02.642000
jguhrbqorlwbbfgd,,,,,,,1A002B6E163D502F23381391718E11A568976403,2020-08-28 04:18:02.643000,
572xoqksdrak6wt4,failed,not_found,2935,4C5B8134341E66CB09246985E4039F9BFC0ADCE3,3E53D3979DB07EFD736661C934A1DED14127B684,1B9C26C1DAB190EAD3EBADB70914E0949ADC2588,D228AE265C966CA4E9A8C4B746A30A9737060A32,2020-08-28 04:17:57.818000,2020-08-28 04:17:59.975000
572xoqksdrak6wt4,,,,,,,84ABF6381FD0F96B882764F176B85980EBC31FE1,2020-08-28 04:17:59.976000,
4hfnce7eg6to6oz3,failed,not_found,3001,4C5B8134341E66CB09246985E4039F9BFC0ADCE3,01FF9C8571D1C09FA8D2ACCE727D5530FEC10038,0B555940D37DC849728841C0B290074E1A1BDCA8,F2D8A6CDED1F4BC42CA4B1164FB6C6644298BE1B,2020-08-28 04:17:58.639000,2020-08-28 04:18:01.791000
4hfnce7eg6to6oz3,,,,,,,4C5B8134341E66CB09246985E4039F9BFC0ADCE3,2020-08-28 04:18:01.792000,
7e2m57pq3ws2lfzw,failed,not_found,3004,4C5B8134341E66CB09246985E4039F9BFC0ADCE3,F4F92D8B840C2D053197AC3EF9C58F3DCFBB20FE,383CFCF03B225B3EDCA519197BAA310A58CEAABC,BC38744FD82618B37EE6A5A61BBCCE8788D55E3D,2020-08-28 04:17:58.666000,2020-08-28 04:18:01.267000
7e2m57pq3ws2lfzw,failed,not_found,3041,4C5B8134341E66CB09246985E4039F9BFC0ADCE3,3B60AEB127F4A8CDE7F3798B799EBDC3463FB9C7,86999BBDE577083BCA6FE4EE2229BC3B1D58BD07,E9B3A2F0DA44AEEC2311273909C2627AFF783C5B,2020-08-28 04:18:01.268000,2020-08-28 04:18:02.904000
7e2m57pq3ws2lfzw,,,,,,,BC64503664C90B4A9DA913736C361DEAD313B130,2020-08-28 04:18:02.904000,
5lmihi7nnjidipm3,failed,not_found,3007,4C5B8134341E66CB09246985E4039F9BFC0ADCE3,D9F061CC5EE68CC916586CF8522E73FFB8848C3F,AEDFB1F1F69DC74A90BCF87B587252334D7D180E,9684C4D6C71131EEEF2E5C23C3EA234A684CD501,2020-08-28 04:17:58.667000,2020-08-28 04:18:01.498000
5lmihi7nnjidipm3,,,,,,,0C93559D6D7E95B41561424345B0B176FBE66F00,2020-08-28 04:18:01.498000,
rnqpphcwj237drdy,failed,not_found,3040,4C5B8134341E66CB09246985E4039F9BFC0ADCE3,2BB85DC5BD3C6F0D81A4F2B5882176C6BF7ECF5A,EAD250EE6D1BDB1BBACFFD1C3C262D59FD55A41A,051E4946244D0A221A676FF9EA577FC90A573F48,2020-08-28 04:17:59.702000,2020-08-28 04:18:02.111000
rnqpphcwj237drdy,,,,,,,8EE44717FA55705C12086F3ECD1F8D9C8676FD05,2020-08-28 04:18:02.112000,
edqj7nkitokrmrf2,failed,not_found,3014,4C5B8134341E66CB09246985E4039F9BFC0ADCE3,98DBFA6DC7F4013566D09E3DDC6F6CAF510E7FD6,EDAF30C58D6CCF359EA062C668C7180A17076440,258837F888FF885131F8F12BC409D69F99597E6A,2020-08-28 04:17:59.759000,2020-08-28 04:18:01.952000
edqj7nkitokrmrf2,,,,,,,939126EA4D25CB212A79746C133194F8A24C435B,2020-08-28 04:18:01.953000,
izmowtkjkpmt6myl,failed,not_found,3052,4C5B8134341E66CB09246985E4039F9BFC0ADCE3,62A60158A2C302E3DA792D7A4F5339F41321E5D9,F7B024DB02C601185C202E26DFFD2AD525C16A36,80F89CB42A1257A6145C1B1D6463C795CB99A6A4,2020-08-28 04:17:59.763000,2020-08-28 04:18:03.044000
izmowtkjkpmt6myl,,,,,,,80E476984A8FAA9C5686E9CF6BA13B9846778775,2020-08-28 04:18:03.044000,
yvvcdoi3x37wlnzy,failed,not_found,3083,4C5B8134341E66CB09246985E4039F9BFC0ADCE3,890480E14E634C8B4467C475E355A6FBF3D99CD5,F0F5074A6DADD3DC22E1FAA18FD6D89CBC52771A,5D2A8CAA119D0528722C2438350FAB0C8DE01AB7,2020-08-28 04:18:00.772000,2020-08-28 04:18:03.648000
yvvcdoi3x37wlnzy,,,,,,,5D5498F76347A2451839667C0913BDDFF302C8F2,2020-08-28 04:18:03.648000,
vtuoipdyzjdf6lug,failed,not_found,3087,4C5B8134341E66CB09246985E4039F9BFC0ADCE3,C49A177510CAA653DA6727BF0E07FB7F56A0F09D,FA1845C313B88EF49E8BE1F23B02CD0AC702B636,CA52E423ECBF7D07BB8E1139A39B4D8668CFE2A4,2020-08-28 04:18:00.807000,2020-08-28 04:18:03.973000
vtuoipdyzjdf6lug,,,,,,,CA4DF2B63A43080C57CF9A561D4A155F97EC5A4F,2020-08-28 04:18:03.974000,
iae35lw7wu7asavl,,,,,,,44730B2450213BC3E2DAA4854458D134F0644FF2,2020-08-28 04:18:00.808000,
tngpc6ie7xj7syxx,,,,,,,E26635F9ED41CDA8467C2AA992D81074337602EF,2020-08-28 04:18:01.689000,
gf3c675g5b3bb4w5,,,,,,,17637BE3C42E4C51596021E30D80B8D025404571,2020-08-28 04:18:01.732000,
ksqhvsddrshx2hfg,,,,,,,ACCE33C8952304D12A113A161DEE7C8E8D330440,2020-08-28 04:18:01.733000,
l335p2fz5ce67oh5,,,,,,,9EEAA02E338CDF5919F983F3245AA95A790B9B6C,2020-08-28 04:18:02.896000,
s5sfl4cm2evewjop,,,,,,,4945C1D8A3F51F1E5D353191AC318F47C4AF5D6F,2020-08-28 04:18:02.897000,
dh5uy4pivnfrenmm,,,,,,,BAF223E9DF62D3261F1675C6CFC4E5D50F15FA57,2020-08-28 04:18:02.898000,
7doxid6df62wmwbp,,,,,,,427DEDAA28D39672F3D9B7714170C724634671F3,2020-08-28 04:18:03.788000,
m775vyueyz7zegc2,,,,,,,43DDEF0543EC11B7623305908E0BB48E3733F08A,2020-08-28 04:18:03.821000,
t5flfeldj3esn35g,,,,,,,762A03C056C10D8EDEEF52AC2949800EEC65E6C8,2020-08-28 04:18:03.856000,
dcsdglaqpxbgbsaa,,,,,,,28F4F392F8F19E3FBDE09616D9DB8143A1E2DDD3,2020-08-28 04:18:04.605000,
abpi25edrbugxzob,,,,,,,DD53A8A1E31C3959AF8AFB5A06F93C7C36350C29,2020-08-28 04:18:04.605000,
ie4vxh2eqtrwrg2n,,,,,,,7E65527BBA5AF598471999BB36734CA6FE389A8C,2020-08-28 04:18:04.642000,
