addr,status,reason,circ,guard_fp,middle_fp,exit_fp,hsdir_fp,start,end
pwxllimv3zx44v4x,failed,not_found,,,,,98EAC67EA6814038285F1A100D786AD8A0CD2A5E,2020-09-24 18:01:36.307000,2020-09-24 18:01:38.001000
pwxllimv3zx44v4x,failed,not_found,9,8BE79CE3261C027CE94F84D6CBE45F03BE9B8B59,64E257D94E739278D5954CC820C9D7EAC4E7A7B7,094FDE9DCED7994406A8AE81F212BC8A89ADEAD8,C22BA9ED6DEE071D2B37B9718DCCFB6A53EAD5E6,2020-09-24 18:01:38.001000,2020-09-24 18:01:41.147000
pwxllimv3zx44v4x,failed,not_found,17,8BE79CE3261C027CE94F84D6CBE45F03BE9B8B59,A13281DBD8F8E484E95DD273B3EE7FC14C1B0A7A,5AD3FB658E490BAD9515F363374AA41D65D31A02,98EF3981F766F9F87D7C399E6DD0FFC3867711AF,2020-09-24 18:01:41.148000,2020-09-24 18:01:43.490000
pwxllimv3zx44v4x,failed,not_found,24,8BE79CE3261C027CE94F84D6CBE45F03BE9B8B59,58F3E2956EABB81F673E2FB90E16E001DB4AC3AE,94890F37CE0CD5D020773CA7A0E397AA592E5AF3,C215211F88FFCF8C6E70CC34C76DA0948E3DD24A,2020-09-24 18:01:43.491000,2020-09-24 18:01:44.700000
pwxllimv3zx44v4x,failed,not_found,31,8BE79CE3261C027CE94F84D6CBE45F03BE9B8B59,A2C6C931D8627C6605288970889DDB88C7BA2142,76D2EBA82BBCCA3DF9F254A9A8372A10A26F3D14,98E659B5B701076BE433B4723F20A1811739588A,2020-09-24 18:01:44.700000,2020-09-24 18:01:46.828000
pwxllimv3zx44v4x,failed,not_found,55,8BE79CE3261C027CE94F84D6CBE45F03BE9B8B59,E08FA051D29468D098C2A3E1B123E4A05967398E,DACE5A96D7D60B5752FB634AA5DA49C30CFE1C14,C239952D0C8E4EABC3E6B0A8E0B623689174E3C6,2020-09-24 18:01:46.829000,2020-09-24 18:01:49.203000
tivmaueohsdyb3kt,failed,not_found,,,,,8C612213C4B5C154FA90847F36FBF36DB78AB1AC,2020-09-24 18:01:36.318000,2020-09-24 18:01:37.116000
tivmaueohsdyb3kt,failed,not_found,,,,,8C94FAB733C8F1E6C1828946DB77699DD9AC63D7,2020-09-24 18:01:37.116000,2020-09-24 18:01:38.215000
tivmaueohsdyb3kt,failed,not_found,10,8BE79CE3261C027CE94F84D6CBE45F03BE9B8B59,A4F11D693FAB6E949B2B7C18153C3F7989896007,F244C5F5DDE2F29CA1F88E4C9F9FACCC48BCA857,7CD234DFEFE8F215EC9AE2BC1D2CAFC9E0D1CC00,2020-09-24 18:01:38.215000,2020-09-24 18:01:40.700000
tivmaueohsdyb3kt,failed,not_found,16,8BE79CE3261C027CE94F84D6CBE45F03BE9B8B59,1034775A01EA629979D0A601EC85FDF2F584CC45,4561FC085C3F3A7271FE960317F02DCD1E9C1188,8C601BFCF56E25120C18A18B9856010A8BD659BD,2020-09-24 18:01:40.701000,2020-09-24 18:01:43.287000
tivmaueohsdyb3kt,failed,not_found,18,8BE79CE3261C027CE94F84D6CBE45F03BE9B8B59,BCDE75725B927738B6FD34EA2D78F4FA77B99848,EF1A9BE231A6C3AC94B9E2BFC86990B16C923A45,7CBC1D4754EF3A62C15CB48C08029C99009E2ECF,2020-09-24 18:01:43.288000,2020-09-24 18:01:44.508000
tivmaueohsdyb3kt,failed,not_found,26,8BE79CE3261C027CE94F84D6CBE45F03BE9B8B59,BDDF8187EA4419951CFD0A54088B634564F63AF3,F29A5D7E317934CDFFFA3DD9B26AC9AB48CB1C6C,7CDADF734BBDBD7F7F20569404392AD7D81085C8,2020-09-24 18:01:44.512000,2020-09-24 18:01:45.483000
jqc3anwbaiozyfdg,failed,not_found,7,8BE79CE3261C027CE94F84D6CBE45F03BE9B8B59,BAF223E9DF62D3261F1675C6CFC4E5D50F15FA57,7A3E534C033E3836BD5AF223B642853C502AB33A,F966CC62522A4F9C482CB555D43249A9874413D8,2020-09-24 18:01:37.175000,2020-09-24 18:01:39.512000
jqc3anwbaiozyfdg,failed,not_found,14,8BE79CE3261C027CE94F84D6CBE45F03BE9B8B59,520952098AEC08A9FAF2802482A61AB1BF2EAC2A,FF8F56B5E1A36341F84FF72927CEB3F0AC6BC6A9,4DE4F06C019EC4814D486524C2A282C1DC7653DE,2020-09-24 18:01:39.513000,2020-09-24 18:01:42.042000
jqc3anwbaiozyfdg,failed,not_found,22,8BE79CE3261C027CE94F84D6CBE45F03BE9B8B59,0E8DB49D5BF5FCAFFA433A78FEE34179419D1C4E,A9406A006D6E7B5DA30F2C6D4E42A338B5E340B2,F959CBDE3403ED478355F6281B96D476684F416C,2020-09-24 18:01:42.043000,2020-09-24 18:01:48.446000
jqc3anwbaiozyfdg,failed,not_found,62,8BE79CE3261C027CE94F84D6CBE45F03BE9B8B59,22775B953E662151549C114CB8EE5FBDBCBDAD02,C5F713E503B9F251642C49A998B0498DDD802B72,F9674F45A25CAA977E7B872807E0A070C121F5FA,2020-09-24 18:01:48.447000,2020-09-24 18:01:49.672000
jqc3anwbaiozyfdg,failed,not_found,104,8BE79CE3261C027CE94F84D6CBE45F03BE9B8B59,DBE82FA23B9FE3CB2462A6FCF5289DED3CBF4AEE,90A5D1355C4B5840E950EB61E673863A6AE3ACA1,4DD11C3F11F5E2891D57EF9F7DF43BEE1B514FCE,2020-09-24 18:01:49.673000,2020-09-24 18:01:52.079000
jqc3anwbaiozyfdg,failed,not_found,141,8BE79CE3261C027CE94F84D6CBE45F03BE9B8B59,24F97F98C45E4754655BE66799049763DAEE99CE,B849824F8FCD7AEB130DF356F592BA40C686CA08,4DCB46379527DD9E958879C18628FDA7C2A4AF84,2020-09-24 18:01:52.080000,2020-09-24 18:01:54.245000
mpxqo5utnw3vf4r2,failed,not_found,8,8BE79CE3261C027CE94F84D6CBE45F03BE9B8B59,8EB722FA1AE9DDE1914BC21FEA22819D4DE99DB4,E8D114B3C78D8E6E7FEB1004650DD632C2143C9E,B2D03CDF45EB4D74A65FAC4F00EBA785C9663A5F,2020-09-24 18:01:39.126000,2020-09-24 18:01:40.446000
mpxqo5utnw3vf4r2,failed,not_found,11,8BE79CE3261C027CE94F84D6CBE45F03BE9B8B59,930106E732385FD01810AB243E7022C42639BC06,FB13B3060516E4C50E5E178227A036977103E4AD,DA1B8B8D617909902572790CE8BB99DA502C6485,2020-09-24 18:01:40.447000,2020-09-24 18:01:41.956000
mpxqo5utnw3vf4r2,failed,not_found,13,8BE79CE3261C027CE94F84D6CBE45F03BE9B8B59,43C83536DACCD110FF11E049A890064F6F87BEB2,DA8D76F5F5819693B5C96F499BA19F7404014769,B2ABDED0AB51FAE1D7E682CB31849FFF103030B3,2020-09-24 18:01:41.957000,2020-09-24 18:01:46.750000
mpxqo5utnw3vf4r2,failed,not_found,53,8BE79CE3261C027CE94F84D6CBE45F03BE9B8B59,D1E706B9021A0BF8E9663DB207D9D9EC03A70DAC,D237E2F1FE64CA47F40544CB53403ABF8F51C3D8,B2CB9E5C80367C9026A806EC4801E22425AA7E8A,2020-09-24 18:01:46.751000,2020-09-24 18:01:48.639000
mpxqo5utnw3vf4r2,failed,not_found,86,8BE79CE3261C027CE94F84D6CBE45F03BE9B8B59,C2E8155BBD06407AB17A768676B8D3A14A3713D3,A4E120350425BAD920307FFA74440F95D0172302,DA13C3CD7EB23CDFD739C31855658BC5B63841EE,2020-09-24 18:01:48.640000,2020-09-24 18:01:51.611000
mpxqo5utnw3vf4r2,failed,not_found,115,8BE79CE3261C027CE94F84D6CBE45F03BE9B8B59,138B95F9A10E8BEBA6B142ADAC7331765C61ACE4,836460C721577873AD1FF8AB000112A9360EB3A0,D9D6C35E932FEF7100A00C99C199356E82DAB7E6,2020-09-24 18:01:51.612000,2020-09-24 18:01:52.716000
nvqwq5fg7ndm2ubo,failed,not_found,12,8BE79CE3261C027CE94F84D6CBE45F03BE9B8B59,216D8778B43123805F3FE3D7157223F34EF74A40,03F26766F14B0B7B5D22461083807D313429A34F,248CE89A310534DF139DF6A36BD87EB4CA237DCF,2020-09-24 18:01:39.179000,2020-09-24 18:01:41.548000
nvqwq5fg7ndm2ubo,failed,not_found,15,8BE79CE3261C027CE94F84D6CBE45F03BE9B8B59,E61D63442BE06CC8CCA60C972DE1C3AE3DD7871E,AEF0EADA8C92A4DF1500FAE303ECD8E1EBD56670,2490CB542EB59E2A028C229DE1986BDB3F94D0B2,2020-09-24 18:01:41.548000,2020-09-24 18:01:42.950000
nvqwq5fg7ndm2ubo,failed,not_found,25,8BE79CE3261C027CE94F84D6CBE45F03BE9B8B59,18747512B2DD1AE88C4CA9F6EAEB687A96389666,3EE6BA5394B18AEF14E0D3B959D733B7A1EC3AD5,24352D30196BEFE5BB29A50923F79A2804527611,2020-09-24 18:01:42.951000,2020-09-24 18:01:45.280000
nvqwq5fg7ndm2ubo,failed,not_found,34,8BE79CE3261C027CE94F84D6CBE45F03BE9B8B59,A99B0D9E5FD5BC3C8F2D006EC91F8C7F40E09CB8,88DF5D708E931C431902AAABEA981E7951E00085,ED5CCD2E90E56B762CF54E118B99CC1835FFC2C1,2020-09-24 18:01:45.281000,2020-09-24 18:01:48.135000
nvqwq5fg7ndm2ubo,failed,not_found,73,8BE79CE3261C027CE94F84D6CBE45F03BE9B8B59,F8DE8132E599A194E20DDB738AF64A7200CD5949,39CF2F22E5018C01FD57DEB1AB8FDFA4592633FB,ED664A0DB3B686FAAFEBD905DFFCE0E1981F3F1A,2020-09-24 18:01:48.139000,2020-09-24 18:01:50.596000
nvqwq5fg7ndm2ubo,failed,not_found,118,8BE79CE3261C027CE94F84D6CBE45F03BE9B8B59,F38FB55A8CCA6A00CDD024A5EA2CFECB38A48E15,98325A5EBC4ABD0C94C11B43C254102BE19C5AAB,ED4325A6DB8D579CFF70F5A5630FD368464B0D64,2020-09-24 18:01:50.597000,2020-09-24 18:01:53.198000
cflarexljc3rw355ysrkrzwapozws6nre6xsy3n4yrj7taye3uiby3ad,received,,19,8BE79CE3261C027CE94F84D6CBE45F03BE9B8B59,88748052843CC93A02BE1D9E9B5B358AB3A104AA,4BF77DBD6796628EC6AC29F5651CEE1969EC7315,51BD25EE06C46E4466427D4ABF94F2964514EB2F,2020-09-24 18:01:41.795000,2020-09-24 18:01:44.461000
eboroieghuetalwh,failed,not_found,20,8BE79CE3261C027CE94F84D6CBE45F03BE9B8B59,4FF53BC47097B50DA5B68D72C5B25CC079F4A787,E013D74009BC7D03CD4BAFAD011CFBB93C63563C,24D95498C0E3912DDF57AE8B3AF8AF9E25486315,2020-09-24 18:01:41.824000,2020-09-24 18:01:45.930000
eboroieghuetalwh,failed,not_found,40,8BE79CE3261C027CE94F84D6CBE45F03BE9B8B59,0ED0EA324C931CF41CB5272BFB1D015B3D5772A9,7C5C0E83CA290FFF6D5E30D9E0E3FFC9BAE0D0C5,1EDE608C5E190C8682A2F827664E758416104670,2020-09-24 18:01:45.931000,2020-09-24 18:01:48.420000
eboroieghuetalwh,failed,not_found,81,8BE79CE3261C027CE94F84D6CBE45F03BE9B8B59,ADD3FC59BA3728DA79662C9ECDD74780CC5A3AFA,B0A63BC3FDA67A7ADD1BE08BAA8309C4B204D29B,24E544FE0746A937019FDA9433E728FE28040A4E,2020-09-24 18:01:48.421000,2020-09-24 18:01:53.003000
eboroieghuetalwh,failed,not_found,130,8BE79CE3261C027CE94F84D6CBE45F03BE9B8B59,8646226690C1D4F2DDC3021F89909A26A8C32A27,C4B21A66B27E82FEF6AC97CEAEFE42DFF5C7511C,1F037215FF7FE4710BFD0507AECE33C3A7CB6277,2020-09-24 18:01:53.004000,2020-09-24 18:01:54.653000
eboroieghuetalwh,failed,not_found,197,8BE79CE3261C027CE94F84D6CBE45F03BE9B8B59,FCE1FA95BC61BC2FF9752EE9BB5651805A30FD99,7AAF5597B18D82CC90CA95FB7976A1CEA4A32E06,1EE882126F8CF613C67DC25415330D8CF328CDBA,2020-09-24 18:01:54.654000,2020-09-24 18:01:56.862000
eboroieghuetalwh,failed,not_found,246,8BE79CE3261C027CE94F84D6CBE45F03BE9B8B59,8859E68A7C95BD5AB403F16DAD92681E184D3710,72B2B12A3F60408BDBC98C6DF53988D3A0B3F0EE,24D0491A2ADAAB52C17625FBC926D84477AEA322,2020-09-24 18:01:56.863000,2020-09-24 18:01:59.046000
bntasfm3wc5ifqub,failed,not_found,21,8BE79CE3261C027CE94F84D6CBE45F03BE9B8B59,F117B31DF6A73D6F015BCEE4E6AB13474B18A16F,4E81EA3528D6FB79B10B0F11C6FC96CE1C060021,A0EDBDA8F24757429DAC82891181D96870623C4E,2020-09-24 18:01:41.848000,2020-09-24 18:01:45.146000
bntasfm3wc5ifqub,failed,not_found,32,8BE79CE3261C027CE94F84D6CBE45F03BE9B8B59,492FF91A6B43110681F7D5DD3B380E537699D3F1,F117B31DF6A73D6F015BCEE4E6AB13474B18A16F,F966CC62522A4F9C482CB555D43249A9874413D8,2020-09-24 18:01:45.146000,2020-09-24 18:01:47.763000
bntasfm3wc5ifqub,failed,not_found,67,8BE79CE3261C027CE94F84D6CBE45F03BE9B8B59,E5507444DAC04539B8DC624299616141B0DB64D5,BDDF8187EA4419951CFD0A54088B634564F63AF3,F959CBDE3403ED478355F6281B96D476684F416C,2020-09-24 18:01:47.764000,2020-09-24 18:01:49.856000
bntasfm3wc5ifqub,failed,not_found,106,8BE79CE3261C027CE94F84D6CBE45F03BE9B8B59,99D5C9A5A7238986D1EA1D7771CF81B4A192C4D0,C63110BDD8736D2C2A733FF962F58D58FDE63A2D,A0F06C2FADF88D3A39AA3072B406F09D7095AC9E,2020-09-24 18:01:49.857000,2020-09-24 18:01:52.235000
bntasfm3wc5ifqub,failed,not_found,144,8BE79CE3261C027CE94F84D6CBE45F03BE9B8B59,F6740DEABFD5F62612FA025A5079EA72846B1F67,F0A3054C76604DC75D3F57F55C27F1BFB643F107,A0F39D32028CEC7F35419E9570401DE15B1B4564,2020-09-24 18:01:52.235000,2020-09-24 18:01:54.918000
bntasfm3wc5ifqub,failed,not_found,200,8BE79CE3261C027CE94F84D6CBE45F03BE9B8B59,5FB384605F53DCBF1CB02143D318DA3E8EE38A24,8859E68A7C95BD5AB403F16DAD92681E184D3710,F94A7BAC5D1E3D9372437141E10695A625B8B533,2020-09-24 18:01:54.919000,2020-09-24 18:01:56.959000
t2kxifcznatlf255,failed,not_found,23,8BE79CE3261C027CE94F84D6CBE45F03BE9B8B59,DC9564AE8BC7BF5F722E3677C897ED1B578C8D81,F4A4D78F16E9A0353AD5BBEF4632C7022E20FB20,16F7E9E93D6CC469392AD0BA020A3F359DF98345,2020-09-24 18:01:42.132000,2020-09-24 18:01:44.376000
t2kxifcznatlf255,failed,not_found,28,8BE79CE3261C027CE94F84D6CBE45F03BE9B8B59,89FD4FB2A5FD73B50F2E5D85C4707883F8CD5130,01FE2137C42E4802507A1FD97B0158116FD78A8C,7ABCCA401B647BED71FF6EEF0E088EB74A1C4E05,2020-09-24 18:01:44.377000,2020-09-24 18:01:46.559000
t2kxifcznatlf255,failed,not_found,33,8BE79CE3261C027CE94F84D6CBE45F03BE9B8B59,404DBE0F72D66576925432B1E4A28425FA2E4825,8358BDDA9C9A680B4E3A2809E5C24F5B3624D5C2,7AB8B08DF8B90D108EFC37D74CA90A7B939A023D,2020-09-24 18:01:46.560000,2020-09-24 18:01:47.390000
t2kxifcznatlf255,failed,not_found,46,8BE79CE3261C027CE94F84D6CBE45F03BE9B8B59,D14EC16949648CEE84EA1664445029EA4B597074,12D552E8AF7AA2B71B218B5BBF6A5FEFA6F26BA0,7ABA39F796B24333F85FA500A057DE9D700E1534,2020-09-24 18:01:47.391000,2020-09-24 18:01:48.878000
t2kxifcznatlf255,failed,not_found,109,8BE79CE3261C027CE94F84D6CBE45F03BE9B8B59,2BE597D0A2255A4E8F44CBFB126B7A7A12A9737B,4280688117CB33E2D1A07CD84DDAD3B3FC9685AF,16F50F2728581FE5CA7AC31F5066DCE8653F996C,2020-09-24 18:01:48.879000,2020-09-24 18:01:53.281000
t2kxifcznatlf255,failed,not_found,167,8BE79CE3261C027CE94F84D6CBE45F03BE9B8B59,59BC32EA48ED1D06A373856434C0C5C4D2D86603,FDAF57C097E8CB0110B5B0869598C4819F9005F6,16F8469B848F9DCB4590BCC5CEA5F24980BDC806,2020-09-24 18:01:53.282000,2020-09-24 18:01:56.957000
ttxxwchblwnykwhk,failed,not_found,27,8BE79CE3261C027CE94F84D6CBE45F03BE9B8B59,327F5823438B8EC86EC33355C147D8455AB1C14B,05C621B44EF6833889AE7B7E2A0B476569C47E37,9A9D48F3D5C572C87DE79236A3FA9353E08E3FF2,2020-09-24 18:01:45.409000,2020-09-24 18:01:46.369000
ttxxwchblwnykwhk,failed,not_found,49,8BE79CE3261C027CE94F84D6CBE45F03BE9B8B59,D08660B6D70B6249A57D89BB7A8F2EA2C952BD35,4ECBF37E4953F48AA02CA30AE929789218B07C80,9A9DAB548013C67EE1608E5AD70AB120190CEB83,2020-09-24 18:01:46.370000,2020-09-24 18:01:49.062000
ttxxwchblwnykwhk,failed,not_found,93,8BE79CE3261C027CE94F84D6CBE45F03BE9B8B59,A977FA8FE8E1B00C05F86D114BD2336C3A9F1D8F,93F97B76A7D0F0947C4C75AC62017E45BBFE6C08,9D21F034C3BFF4E7737D08CF775DC1745706801F,2020-09-24 18:01:49.063000,2020-09-24 18:01:51.547000
ttxxwchblwnykwhk,failed,not_found,132,8BE79CE3261C027CE94F84D6CBE45F03BE9B8B59,127887BF5B69EFEFA0DC47FC767135E0ACAAFD9F,01B70C7C497FC8667DB5EB82C40D8F9214D6A484,9AA3FF35E7A549D2337E962333D366E102FE4D50,2020-09-24 18:01:51.548000,2020-09-24 18:01:53.939000
ttxxwchblwnykwhk,failed,not_found,178,8BE79CE3261C027CE94F84D6CBE45F03BE9B8B59,C3E0E9EA1FF3FCFC27E856BFE61533020DD7F090,94F367A130296C9EB92BE32E25AAEB7F227DE0D6,9CFA49D7F6C1774FFECC12AD3F3E59BD781285EF,2020-09-24 18:01:53.940000,2020-09-24 18:01:56.128000
ttxxwchblwnykwhk,failed,not_found,224,8BE79CE3261C027CE94F84D6CBE45F03BE9B8B59,16FD7E5D67B7054EE4E7FDDF04AFB48216CA640A,7CA5DD27BAA6DCDDD537CE8CB5E11E63642F48F1,9D462FB499BA316E485ED80E0073802D2283FAAB,2020-09-24 18:01:56.128000,2020-09-24 18:01:58.503000
nc7qbqitvtyp7a46,failed,not_found,35,8BE79CE3261C027CE94F84D6CBE45F03BE9B8B59,7B2904FE8AA12E45EA3D65658ED8CECA4A51F7F8,562434D987CF49D45649B76ADCA993BEA8F78471,AD76F68E461FAF90D9A93221A994A0F6F84DD6A3,2020-09-24 18:01:45.444000,2020-09-24 18:01:47.993000
nc7qbqitvtyp7a46,failed,not_found,70,8BE79CE3261C027CE94F84D6CBE45F03BE9B8B59,2EB3C230180694A1E848001E20F36F76A2287039,DB60D9F1E8A2A9F5F1F9847E05BC628666EDC9FC,AD7C011CE0280249FA05053C1AC8E770E242ADF8,2020-09-24 18:01:47.993000,2020-09-24 18:01:50.729000
nc7qbqitvtyp7a46,failed,not_found,122,8BE79CE3261C027CE94F84D6CBE45F03BE9B8B59,AB10D5040BCBBA912FA448B8CF2A653DC8ACDC2C,F52B8C77AC5885566C06E5ADB33A5A09C5E8B534,6C620C35C0EA16657960882DE88B28968EBC8689,2020-09-24 18:01:50.730000,2020-09-24 18:01:53.047000
nc7qbqitvtyp7a46,failed,not_found,161,8BE79CE3261C027CE94F84D6CBE45F03BE9B8B59,3F43D0584A2613C9DB631382FF486DC6B95EA1C8,75FB9A4469199F251581061391214ACFDC682EF4,6C64AE6D7EFDA52A463FB6ADCDAE2D2DDE0677C3,2020-09-24 18:01:53.047000,2020-09-24 18:01:55.317000
nc7qbqitvtyp7a46,failed,not_found,213,8BE79CE3261C027CE94F84D6CBE45F03BE9B8B59,987D0706D42070F1E2142A9FCCB56B3887808D34,11C3D14A1166AEDED6D247A32DE6451F6C95223A,AD86CD1A49573D52A7B6F4A35750F161AAD89C88,2020-09-24 18:01:55.318000,2020-09-24 18:01:57.714000
nc7qbqitvtyp7a46,failed,not_found,269,8BE79CE3261C027CE94F84D6CBE45F03BE9B8B59,FA85FE81093FE5D53DDCEA2DBA286E8CCC9C6DDD,66983A6D2B17AF134C28FC1A950A22AC88546593,6C4EB91C94B7D194CB117093A365A1D06FA9BF03,2020-09-24 18:01:57.715000,2020-09-24 18:02:02.343000
5a5zsxkwvty64hhp,,,,,,,4EBE3B18F7D38D0A2FDD67B47A55CB9069368723,2020-09-24 18:01:45.481000,
rfa2oayifmbeotwm,failed,not_found,44,8BE79CE3261C027CE94F84D6CBE45F03BE9B8B59,037BCD0EBDF7DB9F3D562DA27D463F0F78F1494B,303509AB910EF207B7438C27435C4A2FD579F1B1,3BFFFD2035BB388B2FDBF47F2E4BA58DD7AB7942,2020-09-24 18:01:46.253000,2020-09-24 18:01:48.977000
rfa2oayifmbeotwm,failed,not_found,91,8BE79CE3261C027CE94F84D6CBE45F03BE9B8B59,2CE9BE1FC88B9D0FA03F387C9E4F000B5D4B2AE9,DEF8C760A79FEF2358E03AE5A1950086ABEB953E,3C080A867721B4BE11F3BFEB25C662E263E46E56,2020-09-24 18:01:48.980000,2020-09-24 18:01:53.592000
rfa2oayifmbeotwm,failed,not_found,146,8BE79CE3261C027CE94F84D6CBE45F03BE9B8B59,58FAB58A7DC8E99B9313F6E488E2140D4BE28416,39379E4177FFFB0ED90C2013D97668BD284A1798,78BC2254D3B31CD865F7682633AA438212132532,2020-09-24 18:01:53.593000,2020-09-24 18:01:54.576000
rfa2oayifmbeotwm,failed,not_found,191,8BE79CE3261C027CE94F84D6CBE45F03BE9B8B59,F3F3F4900B87CF4A6B4A7F9402502FC457B7B1FC,1E03D81C9744DE0E3C9DE6E6FBDF1DF9DAEA5AFC,3C4B5F67E092261DD87626CCA76C7402A4A1CCC3,2020-09-24 18:01:54.579000,2020-09-24 18:01:56.859000
rfa2oayifmbeotwm,failed,not_found,243,8BE79CE3261C027CE94F84D6CBE45F03BE9B8B59,4B483F57D9660EBF33FA3CCA670FFD1BBB0F315A,F8DE8132E599A194E20DDB738AF64A7200CD5949,78B98D12997EDD630F6A674CBF42F20711DEAC11,2020-09-24 18:01:56.859000,2020-09-24 18:01:59.065000
rfa2oayifmbeotwm,failed,not_found,261,8BE79CE3261C027CE94F84D6CBE45F03BE9B8B59,3DD93E6A1959804D0E36D26E83CA86E3AD3F4DE4,708A968F3644F8A547156368FEA3DB664110E631,78E2BE744A53631B4AAB781468E94C52AB73968B,2020-09-24 18:01:59.066000,2020-09-24 18:02:00.348000
2jbdy77baitqi5m4,failed,not_found,60,8BE79CE3261C027CE94F84D6CBE45F03BE9B8B59,D1F2C5C820B3F96BE6144CBFB84FDDF9D0EC0810,DBE82FA23B9FE3CB2462A6FCF5289DED3CBF4AEE,5492E760648AABB7BEC08BC87E8F72F55FBBA90D,2020-09-24 18:01:47.236000,2020-09-24 18:01:49.633000
2jbdy77baitqi5m4,failed,not_found,77,8BE79CE3261C027CE94F84D6CBE45F03BE9B8B59,2F09BD6D9A2D5A7D6D26C17651CE8ECF0B7BA257,79C674E6C1AC90687CCCF644D24C17AC1E535A3C,1BD3B1951420BF0CF9F979B9276C0549EB03892C,2020-09-24 18:01:49.634000,2020-09-24 18:01:50.798000
2jbdy77baitqi5m4,failed,not_found,124,8BE79CE3261C027CE94F84D6CBE45F03BE9B8B59,8CAA470B905758742203E3EB45941719FCA9FEEC,FF21B755C60C998E25EDC5864F709C2ED5C38F9D,54A35E582F9E178542ECCFA48DBE14F401729969,2020-09-24 18:01:50.799000,2020-09-24 18:01:53.479000
2jbdy77baitqi5m4,failed,not_found,171,8BE79CE3261C027CE94F84D6CBE45F03BE9B8B59,8B64F593CAC2ED05C0FA703AEF50FF71925B569C,DA8D76F5F5819693B5C96F499BA19F7404014769,1BDBE9C0F7034E6789A9BF7BED82BE2045F0F5B7,2020-09-24 18:01:53.479000,2020-09-24 18:01:55.511000
2jbdy77baitqi5m4,failed,not_found,217,8BE79CE3261C027CE94F84D6CBE45F03BE9B8B59,1CD48F4ED0F1821FFBF1940802A13EEFD4C27502,2507E6A97AC52DC09FA519D31340156EEC626A5B,1BD9EEB6725555246E8ADFFA5FA6B1D82F43447D,2020-09-24 18:01:55.512000,2020-09-24 18:01:57.936000
2jbdy77baitqi5m4,failed,not_found,274,8BE79CE3261C027CE94F84D6CBE45F03BE9B8B59,ED701136F074C44FA7B4E6D5B153C49A07855C7F,01B70C7C497FC8667DB5EB82C40D8F9214D6A484,54A4820B46E65509BF3E2B892E66930A41759DE9,2020-09-24 18:01:57.938000,2020-09-24 18:02:00.703000
jfkkbtwxidjzhelj,failed,not_found,75,8BE79CE3261C027CE94F84D6CBE45F03BE9B8B59,40C773D9F2B16143CDB2ADB661DDC6BB12EF3E2C,3BADB3EFFB87534736BFAC9A2024AB78401BDBC3,CD9549ED5A655BA47427A77835C55FF00EC1DA23,2020-09-24 18:01:48.183000,2020-09-24 18:01:50.663000
jfkkbtwxidjzhelj,failed,not_found,99,8BE79CE3261C027CE94F84D6CBE45F03BE9B8B59,00B57BF614F7ED3051073B5D4526FF0B23AF217B,BD6FFF1AD5A88A8D43870D43EC4450081B4B2BBA,8E38B11E849336D62AB6264FBAE9B03C70F07863,2020-09-24 18:01:50.663000,2020-09-24 18:01:51.814000
jfkkbtwxidjzhelj,failed,not_found,138,8BE79CE3261C027CE94F84D6CBE45F03BE9B8B59,3076FB1CCEB8341322019AD26F69BFC0AA845334,5AD3FB658E490BAD9515F363374AA41D65D31A02,CD5F85DB39C5496558060305AE0B715BE54B794B,2020-09-24 18:01:51.815000,2020-09-24 18:01:54.222000
jfkkbtwxidjzhelj,failed,not_found,185,8BE79CE3261C027CE94F84D6CBE45F03BE9B8B59,1CD48F4ED0F1821FFBF1940802A13EEFD4C27502,EAA823552F959DFD038E9AC8FA89345A738B6C00,CD5CF125FED4BE5DA5F259F75AF3D4DD182C54D0,2020-09-24 18:01:54.222000,2020-09-24 18:01:56.275000
jfkkbtwxidjzhelj,failed,not_found,230,8BE79CE3261C027CE94F84D6CBE45F03BE9B8B59,9A48EC8AAFB2E8C9E20408596383DB74F1196747,E11EDCECC8D7CB7492540502926BB0BD21F403D4,8DF22EEAAE24835783E0581FB2C7CFFE80A5C070,2020-09-24 18:01:56.276000,2020-09-24 18:02:00.615000
jfkkbtwxidjzhelj,failed,not_found,354,8BE79CE3261C027CE94F84D6CBE45F03BE9B8B59,1C7D71A2581DE79C5CFC4ED1FF75D5BE30F01BB7,AEC8A42DE8F9CB115E2479D78AE1CA4BCCF54F4A,8E33A4B1985004E5FBA5F8BF61AE3A23A2BF78E8,2020-09-24 18:02:00.616000,2020-09-24 18:02:04.517000
wdn4qkmo7avtvykf,failed,not_found,117,8BE79CE3261C027CE94F84D6CBE45F03BE9B8B59,7AB8B08DF8B90D108EFC37D74CA90A7B939A023D,13B2354C74CCE29815B4E1F692F2F0E86C7F13DD,FDFD675D05216549EB7DA545E32ECFCEEAE805F2,2020-09-24 18:01:49.168000,2020-09-24 18:01:53.154000
wdn4qkmo7avtvykf,failed,not_found,163,8BE79CE3261C027CE94F84D6CBE45F03BE9B8B59,372082F3E01DE6A6333D30329C6903A19D0E8E87,9E1E4F5B5F94812D02C4D18CB4086CE71CA5C614,BCD2F039FC8B8F1D33742E72E15D710F777F664E,2020-09-24 18:01:53.154000,2020-09-24 18:01:55.772000
wdn4qkmo7avtvykf,failed,not_found,188,8BE79CE3261C027CE94F84D6CBE45F03BE9B8B59,D56A98D38FC3C75E0347EEF3DD9C12749AF7C7C5,CEC92F3BE8A2F3A46D3C042721D6BDBF2F40F4C5,BCDE75725B927738B6FD34EA2D78F4FA77B99848,2020-09-24 18:01:55.773000,2020-09-24 18:01:56.678000
wdn4qkmo7avtvykf,,,,,,,FE1AF5E909002134BFF834F4AD5E1DE723779002,2020-09-24 18:01:56.678000,
s6oyed2brctfwiq5,failed,not_found,113,8BE79CE3261C027CE94F84D6CBE45F03BE9B8B59,672A56A583C658372E63ACEB43E7F791C2819548,E36536404200A74930DB165858BD5BB554D2BEA2,AD76F68E461FAF90D9A93221A994A0F6F84DD6A3,2020-09-24 18:01:50.241000,2020-09-24 18:01:52.406000
s6oyed2brctfwiq5,failed,not_found,150,8BE79CE3261C027CE94F84D6CBE45F03BE9B8B59,2CC941573AE68528BE731B758BCABBE0CE62F231,C333C56EAAD404ACDDE2FB3A675C5F5DA46A81E2,AD7C011CE0280249FA05053C1AC8E770E242ADF8,2020-09-24 18:01:52.407000,2020-09-24 18:01:54.630000
s6oyed2brctfwiq5,failed,not_found,195,8BE79CE3261C027CE94F84D6CBE45F03BE9B8B59,FA32998AF5628483D8E7B7BB0A4641D33A206A28,E7C1FAFB7525149A0E911512F511D942BA5EEAAF,AD86CD1A49573D52A7B6F4A35750F161AAD89C88,2020-09-24 18:01:54.631000,2020-09-24 18:01:56.953000
s6oyed2brctfwiq5,failed,not_found,249,8BE79CE3261C027CE94F84D6CBE45F03BE9B8B59,0F52E9652F96AD1D500AC062350A149902C128B9,5E2134CE8D3A3B7AA5E597B8EFE3E659B03C02B3,2723A5FFD3B6ED842EB44C380D3AB4D26DEF60AA,2020-09-24 18:01:56.953000,2020-09-24 18:01:59.543000
s6oyed2brctfwiq5,failed,not_found,317,8BE79CE3261C027CE94F84D6CBE45F03BE9B8B59,4CE6D83FFA8AD24767007E8C972F371F2468F09A,A550D5FA8081101BB4CCA17DBCD5D6ABABBE6BD0,271C445DEAA2E0DB1E740CDBC61D77BA9133155B,2020-09-24 18:01:59.543000,2020-09-24 18:02:03.054000
s6oyed2brctfwiq5,failed,not_found,413,8BE79CE3261C027CE94F84D6CBE45F03BE9B8B59,F29A5D7E317934CDFFFA3DD9B26AC9AB48CB1C6C,C63110BDD8736D2C2A733FF962F58D58FDE63A2D,26C28F29B611DF4DE23ACF5D9DC1EB4895EF5E8B,2020-09-24 18:02:03.055000,2020-09-24 18:02:05.367000
qk4ql4xubbytods6,failed,not_found,127,8BE79CE3261C027CE94F84D6CBE45F03BE9B8B59,6ED00DB18B4516A9097FC005BE1679BFC9A4C752,C41ADE229598201F913426E9C6B9647098AEE28D,3684B8673A30B73FED280359C5FBA9F954690D4C,2020-09-24 18:01:51.239000,2020-09-24 18:01:55.123000
qk4ql4xubbytods6,failed,not_found,205,8BE79CE3261C027CE94F84D6CBE45F03BE9B8B59,021DDCD687FD505B7EA7E75DA6CEF0D778AA07FB,F117B31DF6A73D6F015BCEE4E6AB13474B18A16F,E1B54925C59ECE813269B9A3309B7A5EB57E9B98,2020-09-24 18:01:55.124000,2020-09-24 18:01:57.508000
qk4ql4xubbytods6,failed,not_found,232,8BE79CE3261C027CE94F84D6CBE45F03BE9B8B59,FB43FC51B932F6A8FD75AFBBB45FDD19955889DB,D87698D8E2276C7E93D531B7C2A1B27D58C71876,369FD7461D2FF60A860816EB8A0CB289CEF3AE93,2020-09-24 18:01:57.508000,2020-09-24 18:01:59.542000
qk4ql4xubbytods6,failed,not_found,365,8BE79CE3261C027CE94F84D6CBE45F03BE9B8B59,E6C04728E9339DF22F331B7017D4A7AA3F252F0B,F6740DEABFD5F62612FA025A5079EA72846B1F67,366EF9AC18388CE15002C7FB32A6C85AEE9EA03A,2020-09-24 18:01:59.542000,2020-09-24 18:02:03.648000
qk4ql4xubbytods6,failed,not_found,394,8BE79CE3261C027CE94F84D6CBE45F03BE9B8B59,B5831845F631C3E053B12D4714332E930219A014,3CFAD0798FF5D3B994F40B8971D4A79D84165A0D,E1DE607E31C2C0FB6F8FC959BF7B58CE35D95990,2020-09-24 18:02:03.649000,2020-09-24 18:02:04.726000
qk4ql4xubbytods6,failed,not_found,468,8BE79CE3261C027CE94F84D6CBE45F03BE9B8B59,F8DE8132E599A194E20DDB738AF64A7200CD5949,79E3B585803DE805CCBC00C1EF36B1E74372861D,E1BAB4F5B0E9D7891DCD9790C8F186D81728348F,2020-09-24 18:02:04.727000,2020-09-24 18:02:06.844000
mulapmucrm5c6l32,failed,not_found,148,8BE79CE3261C027CE94F84D6CBE45F03BE9B8B59,4E98AA295B7171996D18DD1F6A19F64AB4036B4A,F0C9513539800F762ECAE37F16370D7CBA5E52C2,78BC2254D3B31CD865F7682633AA438212132532,2020-09-24 18:01:52.372000,2020-09-24 18:01:54.584000
mulapmucrm5c6l32,failed,not_found,169,8BE79CE3261C027CE94F84D6CBE45F03BE9B8B59,3B60AEB127F4A8CDE7F3798B799EBDC3463FB9C7,85FB52CF11DC1F7DB0CF16F5F2F5939AA7736A86,88CF8D42D49B7C8E9D03ABE5DAE7AF25E9902008,2020-09-24 18:01:54.584000,2020-09-24 18:01:55.391000
mulapmucrm5c6l32,failed,not_found,215,8BE79CE3261C027CE94F84D6CBE45F03BE9B8B59,92E7BD70682F392900E4E2CDAE8B48635E9C9BE0,EC65D72BB9668553999DE4E6CF380207ACA941EA,78E2BE744A53631B4AAB781468E94C52AB73968B,2020-09-24 18:01:55.392000,2020-09-24 18:01:59.651000
mulapmucrm5c6l32,failed,not_found,289,8BE79CE3261C027CE94F84D6CBE45F03BE9B8B59,D777D31F95081D0F7223AAD5F8A74977D524145D,F9246DEF2B653807236DA134F2AEAB103D58ABFE,78B98D12997EDD630F6A674CBF42F20711DEAC11,2020-09-24 18:01:59.652000,2020-09-24 18:02:00.700000
mulapmucrm5c6l32,failed,not_found,360,8BE79CE3261C027CE94F84D6CBE45F03BE9B8B59,C63110BDD8736D2C2A733FF962F58D58FDE63A2D,66DFC51E724E38DDCB3AB67DDF4C0BB0F1F49C0B,889C9C1821CAB437ABAA9286E07D3141179F043A,2020-09-24 18:02:00.700000,2020-09-24 18:02:03.605000
mulapmucrm5c6l32,failed,not_found,433,8BE79CE3261C027CE94F84D6CBE45F03BE9B8B59,4F0E5D4E184C40E2B9A89664005B308A1DEE3756,A977FA8FE8E1B00C05F86D114BD2336C3A9F1D8F,88AE3BC088396F1D3FCC4F2F588C0DC837599D20,2020-09-24 18:02:03.606000,2020-09-24 18:02:05.768000
i5yrxajjened64nq,failed,not_found,165,8BE79CE3261C027CE94F84D6CBE45F03BE9B8B59,CA4E9DFE87DE87E502F3B503D07EC8EFCAEE2549,F4F92D8B840C2D053197AC3EF9C58F3DCFBB20FE,6B7ABD237CF25E5F787F365AF5FC4C86F0213A9F,2020-09-24 18:01:53.196000,2020-09-24 18:01:55.288000
i5yrxajjened64nq,failed,not_found,209,8BE79CE3261C027CE94F84D6CBE45F03BE9B8B59,8701E70AC4C0C9E1FE47EA853FC997D29BE5D65C,6C71AC0B8FB6E0255C100DCAE0C283FB3F2F1CC2,6B6B3650F2FF83BD767AD84838600C62F937558B,2020-09-24 18:01:55.289000,2020-09-24 18:01:57.623000
i5yrxajjened64nq,failed,not_found,266,8BE79CE3261C027CE94F84D6CBE45F03BE9B8B59,06BBEAA6F73759A1795EB461D39D2AA168F305D1,96E0D19D735D47039844EA83372183BB606F87B4,A2CD32D9D0668DB764AD68C745CE29693CA851B9,2020-09-24 18:01:57.624000,2020-09-24 18:02:00.533000
i5yrxajjened64nq,failed,not_found,351,8BE79CE3261C027CE94F84D6CBE45F03BE9B8B59,856B7EFB7E09D02A29DD2FF024B7E1EFE21FE9EB,CCFEE64FBA43BA51F499877172B2D8E4588E4D81,A2CBEC70217814A9DFB21069F8510BE418ABB094,2020-09-24 18:02:00.534000,2020-09-24 18:02:02.831000
i5yrxajjened64nq,failed,not_found,371,8BE79CE3261C027CE94F84D6CBE45F03BE9B8B59,B204DE75B37064EF6A4C6BAF955C5724578D0B32,A99B0D9E5FD5BC3C8F2D006EC91F8C7F40E09CB8,A2C3CB1520C75BEDB21244FD1DF1C371C26E959E,2020-09-24 18:02:02.832000,2020-09-24 18:02:04.149000
i5yrxajjened64nq,failed,not_found,450,8BE79CE3261C027CE94F84D6CBE45F03BE9B8B59,C7D48FA375F1DE6EA39FD95333A7475BBD83931D,15BE17C99FACE24470D40AF782D6A9C692AB36D6,6B61EFE3AEDEB3351FD3C910443D95556316E01C,2020-09-24 18:02:04.150000,2020-09-24 18:02:06.186000
ghiv2gvnrszxq3uf,failed,not_found,183,8BE79CE3261C027CE94F84D6CBE45F03BE9B8B59,D5607ADD1FDDB657482E23F09AB173310C802590,96E0D19D735D47039844EA83372183BB606F87B4,CC4A3AE960E3617F49BF9887B79186C14CBA6813,2020-09-24 18:01:54.148000,2020-09-24 18:01:56.581000
ghiv2gvnrszxq3uf,failed,not_found,211,8BE79CE3261C027CE94F84D6CBE45F03BE9B8B59,6E9642DDB353D044931029C036D1CAD832F3DFD7,B0335F7872A698A86E5E9AC3CF323B50AEF9C081,CC33FBAF8FC92A8EC28913F7C9B1B092BB2C9897,2020-09-24 18:01:56.583000,2020-09-24 18:01:58.024000
ghiv2gvnrszxq3uf,failed,not_found,277,8BE79CE3261C027CE94F84D6CBE45F03BE9B8B59,879B036468D30AB1A2195F96D2C91F3CAA8D1DC2,92E807AC5E23CCD9FE623EA4DC020B1627A0D09B,CC3E3D891997A8E62D828F71BC48D295E622623A,2020-09-24 18:01:58.024000,2020-09-24 18:02:00.657000
ghiv2gvnrszxq3uf,failed,not_found,357,8BE79CE3261C027CE94F84D6CBE45F03BE9B8B59,E81993EA52B73285CFFD02FEC003569D21483001,8CDF2F3A8ABD834CF9F3E8FC202DF64625BFB443,645DE9BF7A2E858F8A6B45F1F530371176D0238A,2020-09-24 18:02:00.658000,2020-09-24 18:02:02.895000
ghiv2gvnrszxq3uf,failed,not_found,428,8BE79CE3261C027CE94F84D6CBE45F03BE9B8B59,D8056CAD4A3D6EE7D82748027474BF5C53E569D9,5B0DBAC2C854B8EB0E0DD39AD94B66F2FEDC4871,644DECC5A1879C0FE23DE927DD7049F58BBDF349,2020-09-24 18:02:02.897000,2020-09-24 18:02:06.714000
ghiv2gvnrszxq3uf,failed,not_found,537,8BE79CE3261C027CE94F84D6CBE45F03BE9B8B59,C6604D457AC319E53DC314B81F0EF9D16CB937A0,9171E15EBF665768F8EFAE2271D47D922C4EED46,645C3F0545E0975A49F69EC272C0C3EA28586825,2020-09-24 18:02:06.714000,2020-09-24 18:02:08.918000
vinz2cte46xfgoya,failed,not_found,207,8BE79CE3261C027CE94F84D6CBE45F03BE9B8B59,C69BE3F0326A7328556501BE237408F32748247D,A9BEA2E0699D1F60521C8A1167340945A419D102,5B0DBAC2C854B8EB0E0DD39AD94B66F2FEDC4871,2020-09-24 18:01:55.153000,2020-09-24 18:01:59.152000
vinz2cte46xfgoya,failed,not_found,426,8BE79CE3261C027CE94F84D6CBE45F03BE9B8B59,04DFE047ACDF7A6620ACA782FAFC5EF1AE7F4754,31D270A38505D4BFBBCABF717E9FB4BCA6DDF2FF,5AFF7583F5ED62A274823C83199F2E19083692EC,2020-09-24 18:01:59.153000,2020-09-24 18:02:05.656000
vinz2cte46xfgoya,failed,not_found,499,8BE79CE3261C027CE94F84D6CBE45F03BE9B8B59,05B451C0562FDE23307AFA84FD6A37652E615233,C0F3C0EF81D84182379AA4CA5AD5A5289D011145,F84661C6C715DA2ECFB00CFE5859AE5733229BC0,2020-09-24 18:02:05.656000,2020-09-24 18:02:08.744000
vinz2cte46xfgoya,failed,not_found,561,8BE79CE3261C027CE94F84D6CBE45F03BE9B8B59,0D99F89BBB92BF5557F8D3F895DB218A72871089,F836446663F1EB816F13708955F105D0B2F5C8E0,5AFAC3D00E97D6733112CC9CA2A788691FA87125,2020-09-24 18:02:08.745000,2020-09-24 18:02:09.868000
vinz2cte46xfgoya,failed,not_found,637,8BE79CE3261C027CE94F84D6CBE45F03BE9B8B59,DE4EB74B8105751568A75649F6672A31F2A3DE20,022A5535F42B1A9F9AA755C4EAB5F36FEF9781D8,F878E3AD594F013195A051CD1072BF33D543A235,2020-09-24 18:02:09.868000,2020-09-24 18:02:12.299000
vinz2cte46xfgoya,failed,not_found,705,8BE79CE3261C027CE94F84D6CBE45F03BE9B8B59,CF6A6080091BB210AA3892FEFE2F6A396DA08DF3,91517F219F7648E4B8BBF3C162C77DDC55315612,F81F63FDF6B566D63D3A1112FC9D3EA1D3A285D1,2020-09-24 18:02:12.300000,2020-09-24 18:02:14.580000
5s5lnj2wn3chfduk,failed,not_found,227,8BE79CE3261C027CE94F84D6CBE45F03BE9B8B59,BAF223E9DF62D3261F1675C6CFC4E5D50F15FA57,4E0C20FE5369CF91793AE0762B6D6EBFE8DD7D93,B0B0D34D0C207589B54D514E8F3AD1D1C6C014CB,2020-09-24 18:01:56.196000,2020-09-24 18:01:59.373000
5s5lnj2wn3chfduk,failed,not_found,427,8BE79CE3261C027CE94F84D6CBE45F03BE9B8B59,CFA7447C66A709932F038FEE6B028B84A6E676E8,484A10BA2B8D48A5F0216674C8DD50EF27BC32F3,27D668BFB3839D8C6E36193FFC3DF4DD6D79B513,2020-09-24 18:01:59.374000,2020-09-24 18:02:06.653000
5s5lnj2wn3chfduk,failed,not_found,534,8BE79CE3261C027CE94F84D6CBE45F03BE9B8B59,828112B80D28A92311A8C6C7CCF369B316C40744,05FEA2DB1FD29DE229B589DFEF5E80A5C6C7EE9E,27C6A5DA5D06113D0E08C5C2BE5527BA9A0F1192,2020-09-24 18:02:06.654000,2020-09-24 18:02:10.839000
5s5lnj2wn3chfduk,failed,not_found,625,8BE79CE3261C027CE94F84D6CBE45F03BE9B8B59,81E18725397D620DA548ABBE24D9CD263DEF2FDC,6118DDB580EEDD6FE5F8D3CC0DF1EE17D8A2A4C6,B0B26AEDB0D1E21EA8E06530CAAD953B464286FB,2020-09-24 18:02:10.840000,2020-09-24 18:02:13.660000
5s5lnj2wn3chfduk,failed,not_found,751,8BE79CE3261C027CE94F84D6CBE45F03BE9B8B59,AF7B4AA147DD4A42903B8078EB4C34A704D54114,6B88E20FEE8EB47F1A8E30207F327005C61A013D,27D02579AD5F3E32895D99C38E482D1DC6CBAE5E,2020-09-24 18:02:13.661000,2020-09-24 18:02:16.092000
5s5lnj2wn3chfduk,failed,not_found,825,8BE79CE3261C027CE94F84D6CBE45F03BE9B8B59,E384748293FC4429E2B427360DB4F9D4C3D619D1,34133CC3192CF7538089B14511400DF21BA5A077,B0A63BC3FDA67A7ADD1BE08BAA8309C4B204D29B,2020-09-24 18:02:16.093000,2020-09-24 18:02:19.100000
whsvhrta3qnnfz3x,failed,not_found,254,8BE79CE3261C027CE94F84D6CBE45F03BE9B8B59,60CA295745930AFA59DB73F877834B4100C7B712,2D6C93A2336368D9A5778416FD4DDDD97FF37D40,CE34F2DA5B7B419D9D126530DCE86EA87D6D13EE,2020-09-24 18:01:57.240000,2020-09-24 18:01:59.374000
whsvhrta3qnnfz3x,failed,not_found,313,8BE79CE3261C027CE94F84D6CBE45F03BE9B8B59,EBDD9A8BC45D0543D0FDC93940EE06E56E749A99,708A968F3644F8A547156368FEA3DB664110E631,CE3653A45A52FF59E798D3FF9A487AC110470597,2020-09-24 18:01:59.374000,2020-09-24 18:02:02.737000
whsvhrta3qnnfz3x,failed,not_found,399,8BE79CE3261C027CE94F84D6CBE45F03BE9B8B59,BCF2FAF95847123B3FF0A54D6CDA11A0C90B746D,DC40A59D4D744F2C3C7A655EC6BF3A59AFA1C66C,CE47F0356D86CF0A1A2008D97623216D560FB0A8,2020-09-24 18:02:02.738000,2020-09-24 18:02:04.858000
whsvhrta3qnnfz3x,failed,not_found,471,8BE79CE3261C027CE94F84D6CBE45F03BE9B8B59,4CD4DFFEF3971C902A22100D911CAC639BE2EF5C,435397A34B281D8F31ED3EC388FC692C8D06CEA0,63C6AB74A5C288C2159DDC783BB00F88AB44427C,2020-09-24 18:02:04.859000,2020-09-24 18:02:06.757000
whsvhrta3qnnfz3x,failed,not_found,540,8BE79CE3261C027CE94F84D6CBE45F03BE9B8B59,C333C56EAAD404ACDDE2FB3A675C5F5DA46A81E2,2F9AFDE43DC8E3F05803304C01BD3DBF329169AC,63C81BCA835570069A7FCD48312DEA707F6CBAA2,2020-09-24 18:02:06.758000,2020-09-24 18:02:09.207000
whsvhrta3qnnfz3x,failed,not_found,672,8BE79CE3261C027CE94F84D6CBE45F03BE9B8B59,05B451C0562FDE23307AFA84FD6A37652E615233,0C6CA58153400FA077EABB14773E36FD61BF0D75,63B32F7E5389E8DBC5E1BCEFE48312DA7CCEF5D6,2020-09-24 18:02:09.208000,2020-09-24 18:02:13.819000
gl64l2wx25hk2iyi,failed,not_found,280,8BE79CE3261C027CE94F84D6CBE45F03BE9B8B59,E130296683B896A117CE5DA531A5645644178734,56781CCC9F6D29FEA148799AB588429C893A473C,5C01B2D72D75F109550963F810C2010BDA208549,2020-09-24 18:01:58.220000,2020-09-24 18:02:00.293000
gl64l2wx25hk2iyi,failed,not_found,345,8BE79CE3261C027CE94F84D6CBE45F03BE9B8B59,272AC842521666E3D1B0E5EAFAC79EF73EC88972,B9EAEADEDD4937363CD25FCD7022E55764B8DBBA,988625BFD9E9B23B35C590250407486F28FF8FFC,2020-09-24 18:02:00.294000,2020-09-24 18:02:03.303000
gl64l2wx25hk2iyi,failed,not_found,419,8BE79CE3261C027CE94F84D6CBE45F03BE9B8B59,28C52CDBB78DA46124DA62EC1D6796689E719210,067ECF198238BD14B0CFE24899475A53A94E14EC,5BF170F5773748C783BE4B67DABF5338C03B1AE7,2020-09-24 18:02:03.304000,2020-09-24 18:02:05.881000
gl64l2wx25hk2iyi,failed,not_found,508,8BE79CE3261C027CE94F84D6CBE45F03BE9B8B59,6A3B3FEB340B8D40727FADE8B30CC2107ECA0695,BEA635C89C057DB8E879572C6A2C188239CFAD68,5BF17163CBE73D8CD9FDBE030C944EA05707DA93,2020-09-24 18:02:05.887000,2020-09-24 18:02:08.686000
gl64l2wx25hk2iyi,failed,not_found,593,8BE79CE3261C027CE94F84D6CBE45F03BE9B8B59,6DFEB41C04CCE846871338E85DD5ACF5CFB6C1DD,73713518E8BD7110D0C6D84F0682C1E0B7541F79,986E29FB17C8C7A1FEAFF203F012D5930BA079DB,2020-09-24 18:02:08.688000,2020-09-24 18:02:11.196000
gl64l2wx25hk2iyi,failed,not_found,673,8BE79CE3261C027CE94F84D6CBE45F03BE9B8B59,D8056CAD4A3D6EE7D82748027474BF5C53E569D9,221546DAE86B003139B13BD6F6AE1B4B42B59DF8,987D0706D42070F1E2142A9FCCB56B3887808D34,2020-09-24 18:02:11.197000,2020-09-24 18:02:13.818000
ycikgczr2hae5tya,failed,not_found,309,8BE79CE3261C027CE94F84D6CBE45F03BE9B8B59,41CEB66108B70108F148BF7778260A87723AACA1,43E187B8C7361F47EA968ED5389435865D7F4FE7,C8DE26D2D119BE7F509E672EE1A3D5FB25DCBA97,2020-09-24 18:01:59.203000,2020-09-24 18:02:01.577000
ycikgczr2hae5tya,failed,not_found,376,8BE79CE3261C027CE94F84D6CBE45F03BE9B8B59,64E257D94E739278D5954CC820C9D7EAC4E7A7B7,B411027C926A9BFFCF7DA91E3CAF1856A321EFFD,CA94704217260E7483DA88719CACD7A94C564D5C,2020-09-24 18:02:01.578000,2020-09-24 18:02:04.053000
ycikgczr2hae5tya,failed,not_found,445,8BE79CE3261C027CE94F84D6CBE45F03BE9B8B59,327F5823438B8EC86EC33355C147D8455AB1C14B,6E4B0D429CD87AB6C25D72E298294C583FF8BA4A,C8C3B9A11830314C1538CF19ABC3AB2658ED6B3D,2020-09-24 18:02:04.053000,2020-09-24 18:02:06.525000
ycikgczr2hae5tya,failed,not_found,491,8BE79CE3261C027CE94F84D6CBE45F03BE9B8B59,92E807AC5E23CCD9FE623EA4DC020B1627A0D09B,CC701FCE86D6AF95FC3D5B71645D3430794910C1,CA6A1295456D14F8C78CE623EB779EF2C1CCC7F0,2020-09-24 18:02:06.526000,2020-09-24 18:02:07.841000
ycikgczr2hae5tya,failed,not_found,569,8BE79CE3261C027CE94F84D6CBE45F03BE9B8B59,CDAF0B74C45FD5B1955198A8D92C8A518A53D07B,9B2BC7EFD661072AFADC533BE8DCF1C19D8C2DCC,CA99E68B7D90A7E981D60350037E7C9991C89ED2,2020-09-24 18:02:07.842000,2020-09-24 18:02:10.096000
ycikgczr2hae5tya,failed,not_found,644,8BE79CE3261C027CE94F84D6CBE45F03BE9B8B59,F8DE8132E599A194E20DDB738AF64A7200CD5949,18EA6AFA3609A0B24752FBF411A2DAADE27DE129,C8B715F96168D414E580A98563C1F86372D3FE26,2020-09-24 18:02:10.097000,2020-09-24 18:02:12.304000
c7hbicjo2rjpwy55,failed,not_found,342,8BE79CE3261C027CE94F84D6CBE45F03BE9B8B59,3CEA56B817455E13C4B063E7D3E7726C286F7C9B,E36536404200A74930DB165858BD5BB554D2BEA2,4943DF5CF1F8ECE4F326C44CF154564E38F8E060,2020-09-24 18:02:00.201000,2020-09-24 18:02:02.379000
c7hbicjo2rjpwy55,failed,not_found,391,8BE79CE3261C027CE94F84D6CBE45F03BE9B8B59,1CD48F4ED0F1821FFBF1940802A13EEFD4C27502,EE010EF80A27AC0B02CDC2B8B214A6201BB02D2B,493BEEFD9854F0E7CEB96A01A47EEA83F4E93A00,2020-09-24 18:02:02.380000,2020-09-24 18:02:04.615000
c7hbicjo2rjpwy55,failed,not_found,463,8BE79CE3261C027CE94F84D6CBE45F03BE9B8B59,8BE58BA7A28DC6B4F211CE8EE86783B85133488D,3BB71BAB173DBB4FB24B90843DBD50D8F70406EA,3D9CE80399B68C01377FEC42395E399B9ED16E18,2020-09-24 18:02:04.616000,2020-09-24 18:02:06.798000
c7hbicjo2rjpwy55,failed,not_found,543,8BE79CE3261C027CE94F84D6CBE45F03BE9B8B59,F4F92D8B840C2D053197AC3EF9C58F3DCFBB20FE,1DE8E81240D20D9755B29A8AEA131BE2CD537FB8,3D7B08458C7BC081358BC9FAA4FFB2593FFE0576,2020-09-24 18:02:06.798000,2020-09-24 18:02:09.076000
c7hbicjo2rjpwy55,failed,not_found,609,8BE79CE3261C027CE94F84D6CBE45F03BE9B8B59,8B889E04C60E30D511013189D3C2ADCE522E1F3C,8A6F5A21493685B50F1B46A87A2099D6C410F237,3DAEC5687EAB19CC9FBE98303780137E143236AB,2020-09-24 18:02:09.077000,2020-09-24 18:02:11.648000
c7hbicjo2rjpwy55,failed,not_found,682,8BE79CE3261C027CE94F84D6CBE45F03BE9B8B59,9C34EAD957DF77978BCF356F3F96B9A79E3961CB,E1468D867FA3230EC1DACFCA87A800BAF22E79E0,4945C1D8A3F51F1E5D353191AC318F47C4AF5D6F,2020-09-24 18:02:11.649000,2020-09-24 18:02:14.114000
dlkmnw6mt7q2zndw,failed,not_found,444,8BE79CE3261C027CE94F84D6CBE45F03BE9B8B59,B1B7C23D771F91C582F8B099602649A363C3091D,62ABC3D1B0D5DE48DE4B8AF5E76D5AA8F535CCDF,678FDB3BA0EEAA2572329A0BB0FF50E449D714ED,2020-09-24 18:02:01.245000,2020-09-24 18:02:07.067000
dlkmnw6mt7q2zndw,failed,not_found,546,8BE79CE3261C027CE94F84D6CBE45F03BE9B8B59,80F89CB42A1257A6145C1B1D6463C795CB99A6A4,D7829A21726220AF77401BE5B2B132963A0BE82B,6796E53160714D908B39BCB0058CF488FF940336,2020-09-24 18:02:07.068000,2020-09-24 18:02:09.479000
dlkmnw6mt7q2zndw,failed,not_found,622,8BE79CE3261C027CE94F84D6CBE45F03BE9B8B59,926955277C7BDB6CD1E1561A91847CBCD5B079E5,77A56CB237740E24AEA2D61C8C8936232AFC1BD8,B91A1EB30E66D52026EFCD1E96BFC0E966C83E6D,2020-09-24 18:02:09.480000,2020-09-24 18:02:13.310000
dlkmnw6mt7q2zndw,failed,not_found,742,8BE79CE3261C027CE94F84D6CBE45F03BE9B8B59,2EB3C230180694A1E848001E20F36F76A2287039,2CE9BE1FC88B9D0FA03F387C9E4F000B5D4B2AE9,B923D15EDF4E7B1261876860D51FAB907ED18347,2020-09-24 18:02:13.311000,2020-09-24 18:02:15.719000
dlkmnw6mt7q2zndw,failed,not_found,891,8BE79CE3261C027CE94F84D6CBE45F03BE9B8B59,917A2DADBA0D7727DF7FFD46AD923FD937686A3D,0706B3AF0059CB226E4AACDEDB6794678F402905,6781471814DF164C2A6F17CD1F2584923FDE2101,2020-09-24 18:02:15.720000,2020-09-24 18:02:20.546000
dlkmnw6mt7q2zndw,failed,not_found,973,8BE79CE3261C027CE94F84D6CBE45F03BE9B8B59,39CF2F22E5018C01FD57DEB1AB8FDFA4592633FB,169535CC4C75FF79C6D548D41720064EE4FE61D2,B9324F1BEDB1DF62AEE219B0CC41507CE710BA3C,2020-09-24 18:02:20.547000,2020-09-24 18:02:22.757000
mf5ippxlqe5rysyf,failed,not_found,348,8BE79CE3261C027CE94F84D6CBE45F03BE9B8B59,52A022F16D8CDBF019E132F1538A1798F167973A,46E0487EEEFD694CE625CC6E12D032395C01DB82,7E281CD2C315C4F7A84BC7C8721C3BC974DDBFA3,2020-09-24 18:02:02.201000,2020-09-24 18:02:03.241000
mf5ippxlqe5rysyf,failed,not_found,416,8BE79CE3261C027CE94F84D6CBE45F03BE9B8B59,94F367A130296C9EB92BE32E25AAEB7F227DE0D6,0F89912E6A4C4A8ACE43C58FF8B83CA299BFF74F,7E44E0D39CE8666A98EA5DEBCBB8E12B3906410F,2020-09-24 18:02:03.242000,2020-09-24 18:02:05.761000
mf5ippxlqe5rysyf,failed,not_found,460,8BE79CE3261C027CE94F84D6CBE45F03BE9B8B59,CDAF0B74C45FD5B1955198A8D92C8A518A53D07B,71DF8174D809D862445BFCB89F5A0980099947EC,762213D327B0A76057F4B61CD587ED4238CD900E,2020-09-24 18:02:05.761000,2020-09-24 18:02:07.251000
mf5ippxlqe5rysyf,,,,,,,7E460670C18752F8F69A9FC4550E9BFBB90BB81E,2020-09-24 18:02:07.251000,
hxwyzzhfz4xbw7zg,failed,not_found,422,8BE79CE3261C027CE94F84D6CBE45F03BE9B8B59,FEDE31337E4E19E06B97D282F08B0A0E8B9C5526,23E7EEF9D1A0FD80799216B970EE7627EF050BB7,229D865D7AC084D30E5F5016CE5A8C21740F74F4,2020-09-24 18:02:03.411000,2020-09-24 18:02:05.652000
hxwyzzhfz4xbw7zg,failed,not_found,496,8BE79CE3261C027CE94F84D6CBE45F03BE9B8B59,E5CC91BAFE7CCD68003E873D32E38027638D49D7,9EFF16EA25FF27BC438A3FBF23C5315E576467AF,9A9DAB548013C67EE1608E5AD70AB120190CEB83,2020-09-24 18:02:05.653000,2020-09-24 18:02:08.389000
hxwyzzhfz4xbw7zg,failed,not_found,583,8BE79CE3261C027CE94F84D6CBE45F03BE9B8B59,CDA2C336AD87E22DF02983887A3F74B21070D02D,24D0491A2ADAAB52C17625FBC926D84477AEA322,22A3E5C3A74CC41D21E90F14862D3FAA9F41506C,2020-09-24 18:02:08.389000,2020-09-24 18:02:10.840000
hxwyzzhfz4xbw7zg,failed,not_found,666,8BE79CE3261C027CE94F84D6CBE45F03BE9B8B59,D91F295BFAF865BF76DA0820485B6650DD832DC5,58F3E2956EABB81F673E2FB90E16E001DB4AC3AE,22775B953E662151549C114CB8EE5FBDBCBDAD02,2020-09-24 18:02:10.840000,2020-09-24 18:02:13.468000
hxwyzzhfz4xbw7zg,failed,not_found,746,8BE79CE3261C027CE94F84D6CBE45F03BE9B8B59,1BB9F857B41ABFB3BE0570F8A86DDCFD198713A2,9171E15EBF665768F8EFAE2271D47D922C4EED46,9AA3FF35E7A549D2337E962333D366E102FE4D50,2020-09-24 18:02:13.468000,2020-09-24 18:02:15.642000
hxwyzzhfz4xbw7zg,failed,not_found,811,8BE79CE3261C027CE94F84D6CBE45F03BE9B8B59,970F0966DAA7EBDEE44E3772045527A6854E997B,EA3616A0B9BBBDC74121D8D6F01EABDDCF6BE35D,9A9D48F3D5C572C87DE79236A3FA9353E08E3FF2,2020-09-24 18:02:15.643000,2020-09-24 18:02:17.882000
wvjfvq3gyejn4zus,failed,not_found,453,8BE79CE3261C027CE94F84D6CBE45F03BE9B8B59,3E3CBA3F2870CE76A41D3E97A8D838AA703586E3,79D9E66BB2FDBF25E846B635D8248FE1194CFD26,58ED9C9C35E433EE58764D62892B4FFD518A3CD0,2020-09-24 18:02:04.217000,2020-09-24 18:02:06.150000
wvjfvq3gyejn4zus,failed,not_found,513,8BE79CE3261C027CE94F84D6CBE45F03BE9B8B59,91BA193FB362FB7B6679A7A83A3050F3C44A5468,68F175CCABE727AA2D2309BCD8789499CEE36ED7,348B89013EDDD99E4755951D1EC284D9FED71226,2020-09-24 18:02:06.151000,2020-09-24 18:02:08.746000
wvjfvq3gyejn4zus,failed,not_found,600,8BE79CE3261C027CE94F84D6CBE45F03BE9B8B59,A22B1C2EF2255987F8AB8AA0B1A8E23F5023EEB8,425835370C1FBE178C21CB53C76672F12BDE091A,34865EB9B936BE6E7D677BC8A72CB54D62743D23,2020-09-24 18:02:08.747000,2020-09-24 18:02:11.249000
wvjfvq3gyejn4zus,failed,not_found,679,8BE79CE3261C027CE94F84D6CBE45F03BE9B8B59,52A022F16D8CDBF019E132F1538A1798F167973A,68FEC70D44E4E5B9A2E90B4B08AA2323164D72CB,348439F4A3D959E6D1481070DA81A135343419CB,2020-09-24 18:02:11.249000,2020-09-24 18:02:13.809000
wvjfvq3gyejn4zus,failed,not_found,758,8BE79CE3261C027CE94F84D6CBE45F03BE9B8B59,B6F03C344830AD50DF28EA7848C216801CF9AD8D,2CF2DFBA221B77E96E9FE69725AE82F4E101BE4A,58F3E2956EABB81F673E2FB90E16E001DB4AC3AE,2020-09-24 18:02:13.810000,2020-09-24 18:02:16.145000
wvjfvq3gyejn4zus,failed,not_found,828,8BE79CE3261C027CE94F84D6CBE45F03BE9B8B59,FA32998AF5628483D8E7B7BB0A4641D33A206A28,459310E0C3A72CAACAE10BEEBB7484D724C9C8C0,58FAB58A7DC8E99B9313F6E488E2140D4BE28416,2020-09-24 18:02:16.146000,2020-09-24 18:02:18.974000
xlfn2qggsqth54xz,failed,not_found,484,8BE79CE3261C027CE94F84D6CBE45F03BE9B8B59,0F977B4D6EBEECD578AC838A5FDDC81B636060A7,EC51FD38AD444AD7A8463BFDA035282755B5EEC1,BC04B9297BB7612B0216240C090E0D6F5BE66B67,2020-09-24 18:02:05.214000,2020-09-24 18:02:08.326000
xlfn2qggsqth54xz,failed,not_found,580,8BE79CE3261C027CE94F84D6CBE45F03BE9B8B59,CC6910CF21D17C1BD68FE224CE7685BEB42558A8,157CED138D3DE9CBFB5AE0232A319C2980F6C409,BC170EA1F3DF5EC991E045FBA846E138ECCF7E4E,2020-09-24 18:02:08.327000,2020-09-24 18:02:10.637000
xlfn2qggsqth54xz,failed,not_found,745,8BE79CE3261C027CE94F84D6CBE45F03BE9B8B59,C9D02B1644BD47C136E379FDFAF4973D1A1CE07C,900777F6E1307328D5C39826356925FDECB0790B,BC170D6C79EB09EF17193466097D1C7788031A3D,2020-09-24 18:02:10.638000,2020-09-24 18:02:17.432000
xlfn2qggsqth54xz,failed,not_found,1148,8BE79CE3261C027CE94F84D6CBE45F03BE9B8B59,50586E25BE067FD1F739998550EDDCB1A14CA5B2,F2D8A6CDED1F4BC42CA4B1164FB6C6644298BE1B,FC077C25B8DBB3132D397D7DF03C92BFC14C9D76,2020-09-24 18:02:17.433000,2020-09-24 18:02:28.207000
xlfn2qggsqth54xz,,,,,,,FC1E441E097BA36930AA2F615EFB325AF76D2595,2020-09-24 18:02:28.207000,
55j5z2h56iokoguh,failed,not_found,586,8BE79CE3261C027CE94F84D6CBE45F03BE9B8B59,C5A1D5B7CB0D12A7B7334F2915134E6DA8F5C46D,9EFF16EA25FF27BC438A3FBF23C5315E576467AF,6EEF8446BF9D43DA7F7D8505BDFC49BBE64BF822,2020-09-24 18:02:06.222000,2020-09-24 18:02:10.941000
55j5z2h56iokoguh,failed,not_found,669,8BE79CE3261C027CE94F84D6CBE45F03BE9B8B59,A751D8BEE222564B7BA657F74B6658836FF1AEEA,9E1E4F5B5F94812D02C4D18CB4086CE71CA5C614,254FF480BF5642929460532FF59BCE15DF1070EB,2020-09-24 18:02:10.942000,2020-09-24 18:02:14.486000
55j5z2h56iokoguh,failed,not_found,774,8BE79CE3261C027CE94F84D6CBE45F03BE9B8B59,303509AB910EF207B7438C27435C4A2FD579F1B1,543F96D0C17CDBAC326F644DB0C8A17193BCCFC9,6EF78BB131DA33F9D266BC4BB5972261E34DBD13,2020-09-24 18:02:14.487000,2020-09-24 18:02:17.224000
55j5z2h56iokoguh,failed,not_found,907,8BE79CE3261C027CE94F84D6CBE45F03BE9B8B59,4CE6D83FFA8AD24767007E8C972F371F2468F09A,CF6A6080091BB210AA3892FEFE2F6A396DA08DF3,6EE7AEAFC24542BF4DB6E724E0B49D85DF9516FA,2020-09-24 18:02:17.225000,2020-09-24 18:02:21.560000
55j5z2h56iokoguh,failed,not_found,1006,8BE79CE3261C027CE94F84D6CBE45F03BE9B8B59,EE7CD2A763435C7006095BD167C790ABE5BC4DEA,F6D600CF13B3BBE2A91A0653F1EC9D00E7CB3A6B,2543BCADFCBA2B5ADE83FB93194B5E9D45810532,2020-09-24 18:02:21.561000,2020-09-24 18:02:23.828000
55j5z2h56iokoguh,failed,not_found,1083,8BE79CE3261C027CE94F84D6CBE45F03BE9B8B59,022A5535F42B1A9F9AA755C4EAB5F36FEF9781D8,04A28A62F27D9C4A60F9ED0C4264E98B988C65A3,25350509AE9D23736871CFCC2CF80BF9C9AA5D36,2020-09-24 18:02:23.829000,2020-09-24 18:02:26.200000
wmp4b4d4nomhwclz,failed,not_found,554,8BE79CE3261C027CE94F84D6CBE45F03BE9B8B59,BA27D43AC00F014945DC32D036056F13FE1D5243,0ED0EA324C931CF41CB5272BFB1D015B3D5772A9,173EBA1FACA59718499AE8023187E5F95E8BF1C7,2020-09-24 18:02:07.294000,2020-09-24 18:02:09.560000
wmp4b4d4nomhwclz,failed,not_found,754,8BE79CE3261C027CE94F84D6CBE45F03BE9B8B59,F37374DB9FA6EF14CED64FD294E8D8683F032EC8,AECBAD3537B7E5D2BF2967B627D23E36283B3D2A,173652F77C436F63D80208E29691738C570D4F9A,2020-09-24 18:02:09.560000,2020-09-24 18:02:16.834000
wmp4b4d4nomhwclz,failed,not_found,845,8BE79CE3261C027CE94F84D6CBE45F03BE9B8B59,29A39144AD141242436D07901F7A8B91F7516A66,26B09A4C9F6A9D4815DB46EBA3626A0ED8D71E8F,1733D57AA16D2E9E5A448DA607FCA5FA989E4F4D,2020-09-24 18:02:16.835000,2020-09-24 18:02:19.543000
wmp4b4d4nomhwclz,failed,not_found,934,8BE79CE3261C027CE94F84D6CBE45F03BE9B8B59,A1FC8E424167AD70B6FA4953D9348BCD82CEB788,A9F5135AE18C7E25C7C79117CD8C7619BFEB85ED,99339F3E68BCCC1391BF14C821D80766FE0C5956,2020-09-24 18:02:19.543000,2020-09-24 18:02:21.932000
wmp4b4d4nomhwclz,failed,not_found,1218,8BE79CE3261C027CE94F84D6CBE45F03BE9B8B59,DA9E02BB8080E473157052F70439B7886AA8569D,CDAEBA458F6129776643751934076A51D851C348,994FB6A842C0CEE1F1C4CBA9A7604C5FF6014CFC,2020-09-24 18:02:21.933000,2020-09-24 18:02:30.522000
wmp4b4d4nomhwclz,,,,,,,9938E3AAC64CE9D56B743ECD8B2CA235AFB9DF74,2020-09-24 18:02:30.522000,
7hvocap6gni2gysf,failed,not_found,529,8BE79CE3261C027CE94F84D6CBE45F03BE9B8B59,DA8D76F5F5819693B5C96F499BA19F7404014769,4B68D0E5392ED6F3469A37880631353A96558631,B3D56C1E0AD84BA93AF6DC533A8569C3D0E8A58B,2020-09-24 18:02:08.208000,2020-09-24 18:02:09.643000
7hvocap6gni2gysf,failed,not_found,631,8BE79CE3261C027CE94F84D6CBE45F03BE9B8B59,18EA6AFA3609A0B24752FBF411A2DAADE27DE129,23A022058948867659E69A5282AC4E367B2ACFBD,B3DA9D673321B92253DCCD38A9740F2C562C91EA,2020-09-24 18:02:09.643000,2020-09-24 18:02:12.348000
7hvocap6gni2gysf,failed,not_found,708,8BE79CE3261C027CE94F84D6CBE45F03BE9B8B59,DE9B97B7E056FE1DFB2413C9E56AB25E72C5C2CD,A7C5B40EC0FB5175E884075DDC87531D353F679C,B0B85C0C0E7B621D0B7BF17FDA0427F3640691FA,2020-09-24 18:02:12.349000,2020-09-24 18:02:15.055000
7hvocap6gni2gysf,failed,not_found,790,8BE79CE3261C027CE94F84D6CBE45F03BE9B8B59,AC61D1722091F2FC4760776AF2C230D9DC679C03,383CFCF03B225B3EDCA519197BAA310A58CEAABC,B3C6B4D26A20151F568D39ACFA63E15DBC01CD5D,2020-09-24 18:02:15.056000,2020-09-24 18:02:17.361000
7hvocap6gni2gysf,failed,not_found,887,8BE79CE3261C027CE94F84D6CBE45F03BE9B8B59,103336165A0D2EFCAD3605339843A0A7710B8B92,1322D90EA6EDA85B3A8566F2C04F2D8C5C7C1EF1,B0C68DDD4265C850DC08CDE01154025E9EBEC14F,2020-09-24 18:02:17.362000,2020-09-24 18:02:20.504000
7hvocap6gni2gysf,failed,not_found,970,8BE79CE3261C027CE94F84D6CBE45F03BE9B8B59,5751514249B4A7FA5187363BB6C4F76126729137,4E98AA295B7171996D18DD1F6A19F64AB4036B4A,B0DA07C71D8E5066C2C391EA963260B4F584D84C,2020-09-24 18:02:20.505000,2020-09-24 18:02:23.915000
q7b2dw5nj43cw6rz,failed,not_found,617,8BE79CE3261C027CE94F84D6CBE45F03BE9B8B59,FBD20387F64D67ED53AC5BD2E0302D44B2DA360C,B9233588917C5F6B7DA771118707090591BC4C87,525EE34C1A7B89AB9DF585246DE30E32702913F5,2020-09-24 18:02:09.430000,2020-09-24 18:02:12.485000
q7b2dw5nj43cw6rz,failed,not_found,711,8BE79CE3261C027CE94F84D6CBE45F03BE9B8B59,F37374DB9FA6EF14CED64FD294E8D8683F032EC8,8B64F593CAC2ED05C0FA703AEF50FF71925B569C,5262556D44A7F2434990FDE1AE7973C67DF49E58,2020-09-24 18:02:12.487000,2020-09-24 18:02:14.849000
q7b2dw5nj43cw6rz,failed,not_found,781,8BE79CE3261C027CE94F84D6CBE45F03BE9B8B59,A6C983C2F7EEADD55CE9169E540EBD95423FC260,74AC10CA94E400BA4D69E397562597CA04FC5352,525D5386F858580E93B88D21727869555DFC654C,2020-09-24 18:02:14.850000,2020-09-24 18:02:17.314000
q7b2dw5nj43cw6rz,failed,not_found,865,8BE79CE3261C027CE94F84D6CBE45F03BE9B8B59,03E0F4EE272731601773F48E64240D3A8896A5E3,F836446663F1EB816F13708955F105D0B2F5C8E0,73DCA56424912F69F1478D6630DF27CFE8F41439,2020-09-24 18:02:17.315000,2020-09-24 18:02:20.029000
q7b2dw5nj43cw6rz,failed,not_found,953,8BE79CE3261C027CE94F84D6CBE45F03BE9B8B59,C3799054BC7F0D201FB7C0F9DE31BF1F3D868A37,506763994792208999529D03C016774C814386A8,73E2046A1E7F0E95D36C3F979CE5FAC3609AC610,2020-09-24 18:02:20.029000,2020-09-24 18:02:22.290000
q7b2dw5nj43cw6rz,failed,not_found,1034,8BE79CE3261C027CE94F84D6CBE45F03BE9B8B59,9ECFD67230D09E5E8F3431BDC4FD8E52428AFC09,7BE4752877553A96CD4035D0C526BCD09E81CC64,73E0EAD7C2A9E9603C0DB7EE4743CCEF935EAC3D,2020-09-24 18:02:22.291000,2020-09-24 18:02:24.950000
4jtvdonkkzej3fhu,failed,not_found,647,8BE79CE3261C027CE94F84D6CBE45F03BE9B8B59,4CE6D83FFA8AD24767007E8C972F371F2468F09A,EA3616A0B9BBBDC74121D8D6F01EABDDCF6BE35D,648E97719EDEC4F0E08F1CEB8D24F2C8F587344C,2020-09-24 18:02:10.221000,2020-09-24 18:02:12.777000
4jtvdonkkzej3fhu,failed,not_found,719,8BE79CE3261C027CE94F84D6CBE45F03BE9B8B59,454BE75256A4A5EC2B7FE2EB2E1C62F2736AB175,24F97F98C45E4754655BE66799049763DAEE99CE,648F30B3351F17EE9CE6EB1336C8AD3C6490F0F9,2020-09-24 18:02:12.777000,2020-09-24 18:02:15.173000
4jtvdonkkzej3fhu,failed,not_found,799,8BE79CE3261C027CE94F84D6CBE45F03BE9B8B59,E97D754577161C2BEF19042F6E1931D8F3E57DFE,5CCC3569C67B7F1BB733664D43DF4645F2A4B04D,648F20B54CF719E6D02FAA07A8DA6CA1C7EEFEEE,2020-09-24 18:02:15.173000,2020-09-24 18:02:17.542000
4jtvdonkkzej3fhu,failed,not_found,878,8BE79CE3261C027CE94F84D6CBE45F03BE9B8B59,573051CAA3EEEE2B75EBD096BB1F70D3FDAC5F3A,B04EA2B400D9679E72284E12FB81E68756670A3A,45E2D7BE8D42A13A627BE13A66503F848861C5DE,2020-09-24 18:02:17.543000,2020-09-24 18:02:20.031000
4jtvdonkkzej3fhu,failed,not_found,1149,8BE79CE3261C027CE94F84D6CBE45F03BE9B8B59,09092FF120A9FD9DC1AEAC899B5C3CFECBA6C279,169535CC4C75FF79C6D548D41720064EE4FE61D2,45D8C1EEFF044043AA6806C4B9130F8F189EF316,2020-09-24 18:02:20.032000,2020-09-24 18:02:28.728000
4jtvdonkkzej3fhu,failed,not_found,1247,8BE79CE3261C027CE94F84D6CBE45F03BE9B8B59,E81EF60A73B3809F8964F73766B01BAA0A171E20,0E5D730466E5BB675BC9704C374DBE7E19F06165,45D81A594C458BAA2AFADADC507B6C784EB68D63,2020-09-24 18:02:28.729000,2020-09-24 18:02:31.296000
s7ivanlhlxwj7d4y,failed,not_found,676,8BE79CE3261C027CE94F84D6CBE45F03BE9B8B59,ADB98B27D7A3FB5732068FD23602A1BCB3BE9F38,49CA9262801E9DC9B414A143A58A68255149367A,0FBB3C61AB6D93E10ABDE69EB8CCC60518A8BF3A,2020-09-24 18:02:11.247000,2020-09-24 18:02:14.080000
s7ivanlhlxwj7d4y,failed,not_found,714,8BE79CE3261C027CE94F84D6CBE45F03BE9B8B59,0B555940D37DC849728841C0B290074E1A1BDCA8,3F43D0584A2613C9DB631382FF486DC6B95EA1C8,0FADA801B150261109DD1F492BB10CE39C83A782,2020-09-24 18:02:14.081000,2020-09-24 18:02:15.227000
s7ivanlhlxwj7d4y,failed,not_found,802,8BE79CE3261C027CE94F84D6CBE45F03BE9B8B59,7F302F0AACC76835768AF068849CA07D1CC38C5E,C239952D0C8E4EABC3E6B0A8E0B623689174E3C6,0FB2EDAB99D10A2B708370E625323C76EB895FA2,2020-09-24 18:02:15.228000,2020-09-24 18:02:17.786000
s7ivanlhlxwj7d4y,failed,not_found,884,8BE79CE3261C027CE94F84D6CBE45F03BE9B8B59,6FF440DFB1D0697B942357D747900CC308DD57CC,61B8BDC91AA7BC9A05EB5A3D652FFF88C98E6911,F703D459983875CE9CED6AF74788A597ED662674,2020-09-24 18:02:17.787000,2020-09-24 18:02:20.584000
s7ivanlhlxwj7d4y,failed,not_found,976,8BE79CE3261C027CE94F84D6CBE45F03BE9B8B59,30D457317789E20449CBC12E02F5658FA23E0BEE,4856C97DC4F2271BC896DF9CABD217EE2D869D68,F7026246823C6322921F3AB87537EBB020AB01E5,2020-09-24 18:02:20.585000,2020-09-24 18:02:23.699000
s7ivanlhlxwj7d4y,failed,not_found,1080,8BE79CE3261C027CE94F84D6CBE45F03BE9B8B59,92E807AC5E23CCD9FE623EA4DC020B1627A0D09B,F3F3F4900B87CF4A6B4A7F9402502FC457B7B1FC,F6F59B64B2494F29899E8072BCB0E6B3E070A917,2020-09-24 18:02:23.699000,2020-09-24 18:02:26.366000
tkjjsqbx5s6o5fc6,failed,not_found,654,8BE79CE3261C027CE94F84D6CBE45F03BE9B8B59,1A10F6E2BA45CA4A5EBAA6EF759FCBF4E8AFEEA8,C63110BDD8736D2C2A733FF962F58D58FDE63A2D,64E257D94E739278D5954CC820C9D7EAC4E7A7B7,2020-09-24 18:02:12.200000,2020-09-24 18:02:13.238000
tkjjsqbx5s6o5fc6,failed,not_found,687,8BE79CE3261C027CE94F84D6CBE45F03BE9B8B59,42D47C736518BFA495CA31AEE40AE468F0BDA2A6,A0B05E1D852D874EFAF3603C83246E00AD65AF20,64E764871F3CFD0BAEC040F2A06AD5A0B818610D,2020-09-24 18:02:13.238000,2020-09-24 18:02:14.878000
tkjjsqbx5s6o5fc6,failed,not_found,785,8BE79CE3261C027CE94F84D6CBE45F03BE9B8B59,1322D90EA6EDA85B3A8566F2C04F2D8C5C7C1EF1,44DC23661E05DEFD94398936D9334987ABCB6E5E,64CB2B32C10ADD4B93D725B7DED238CCCD6D6DBA,2020-09-24 18:02:14.879000,2020-09-24 18:02:17.677000
tkjjsqbx5s6o5fc6,failed,not_found,881,8BE79CE3261C027CE94F84D6CBE45F03BE9B8B59,62A60158A2C302E3DA792D7A4F5339F41321E5D9,82ED9AEC94184EC6DD299A5CDB3378B04BB17489,BBD1B1A22695396C75DFF338A8FF7A12804A607A,2020-09-24 18:02:17.678000,2020-09-24 18:02:20.140000
tkjjsqbx5s6o5fc6,failed,not_found,960,8BE79CE3261C027CE94F84D6CBE45F03BE9B8B59,25E078CD1E537A7418318168F7E1990EF2A160C8,53134D9637D9FBE565FA1E3AF82B23CC964C56D6,BBBBBAD453263D786EC34AB68A06214288910345,2020-09-24 18:02:20.140000,2020-09-24 18:02:22.969000
tkjjsqbx5s6o5fc6,failed,not_found,1111,8BE79CE3261C027CE94F84D6CBE45F03BE9B8B59,44BD70C13DAA7513D6F47773804178B009F21ED5,F6740DEABFD5F62612FA025A5079EA72846B1F67,BBD0A5EF936B273503DFF0380EABA051B27C4B86,2020-09-24 18:02:22.969000,2020-09-24 18:02:27.096000
6u6jt26wqex64b2h,failed,not_found,738,8BE79CE3261C027CE94F84D6CBE45F03BE9B8B59,F0A3054C76604DC75D3F57F55C27F1BFB643F107,3A51E32A303A0E0A3AB8AA1CCBE98FF8791E2341,461D6EA15966C7F99B43D37ADC116B5B8E47D130,2020-09-24 18:02:13.307000,2020-09-24 18:02:15.720000
6u6jt26wqex64b2h,failed,not_found,864,8BE79CE3261C027CE94F84D6CBE45F03BE9B8B59,B74DABBE248B935CDC1038CD5C9280878C8C94E7,454BE75256A4A5EC2B7FE2EB2E1C62F2736AB175,234D670EAA794F092F7BD758D5D2AA7F4E3FFBE3,2020-09-24 18:02:15.721000,2020-09-24 18:02:19.671000
6u6jt26wqex64b2h,failed,not_found,940,8BE79CE3261C027CE94F84D6CBE45F03BE9B8B59,4CD4DFFEF3971C902A22100D911CAC639BE2EF5C,85A3AC041E3FCD796AF5D653953D5E27A56E3719,461453F94FA0E3CBB011685E22CDAFD2AF0DFDC3,2020-09-24 18:02:19.671000,2020-09-24 18:02:22.217000
6u6jt26wqex64b2h,failed,not_found,1150,8BE79CE3261C027CE94F84D6CBE45F03BE9B8B59,6521A3AEF9AC4B83361411F769EEDCBAB124F162,7F3D20E72A24ED2EBD92AA9C430B805BA389D02B,234D4373B5359D80AADFB5F469A635EC44DC6C0B,2020-09-24 18:02:22.217000,2020-09-24 18:02:27.795000
6u6jt26wqex64b2h,failed,not_found,1210,8BE79CE3261C027CE94F84D6CBE45F03BE9B8B59,562434D987CF49D45649B76ADCA993BEA8F78471,903A2A7991C838E70FF5A586CD387749B3589669,460E5B882770C19761BC5747541913DB2AD01E35,2020-09-24 18:02:27.796000,2020-09-24 18:02:30.615000
6u6jt26wqex64b2h,failed,not_found,1312,8BE79CE3261C027CE94F84D6CBE45F03BE9B8B59,E9CE81CC21B63FD316F642E6AF867D6FE0C3A847,50C7B836942F14BDF1541B017CF21FD03F354E13,233FE941DC6E45450D348E367C1B5D915C6A35D0,2020-09-24 18:02:30.615000,2020-09-24 18:02:33.502000
tlttjl72t7iojpne,failed,not_found,782,8BE79CE3261C027CE94F84D6CBE45F03BE9B8B59,CF6A6080091BB210AA3892FEFE2F6A396DA08DF3,1CD48F4ED0F1821FFBF1940802A13EEFD4C27502,EB60A3BD25E01AF2564EF0397D8508E5D2AFD58A,2020-09-24 18:02:14.245000,2020-09-24 18:02:17.070000
tlttjl72t7iojpne,failed,not_found,854,8BE79CE3261C027CE94F84D6CBE45F03BE9B8B59,5AD3FB658E490BAD9515F363374AA41D65D31A02,6E66D978514FF86CDEF01FE30C23A1002925AA02,908423FE8C7222B2AC950C034470D2127DE8786F,2020-09-24 18:02:17.071000,2020-09-24 18:02:19.393000
tlttjl72t7iojpne,failed,not_found,921,8BE79CE3261C027CE94F84D6CBE45F03BE9B8B59,F741E5124CB12700DA946B78C9B2DD175D6CD2A1,E46C3F0533709EE2112874B13A4FE3868B33E75E,EB44DEFA821E3672B955ED9B14E28C36F80C5FA8,2020-09-24 18:02:19.394000,2020-09-24 18:02:21.761000
tlttjl72t7iojpne,failed,not_found,1015,8BE79CE3261C027CE94F84D6CBE45F03BE9B8B59,127887BF5B69EFEFA0DC47FC767135E0ACAAFD9F,8DC832ABDC9C97B8B71F74AB041D3CB3FA9578AA,906DCB390F2BA987AE258D745E60BAAABAD31DE8,2020-09-24 18:02:21.762000,2020-09-24 18:02:24.404000
tlttjl72t7iojpne,failed,not_found,1219,8BE79CE3261C027CE94F84D6CBE45F03BE9B8B59,FC1E441E097BA36930AA2F615EFB325AF76D2595,E3E75603998661EA67C6767493FC606830DDC345,906933A309F15D7CF379127078A6791DF9B0C763,2020-09-24 18:02:24.405000,2020-09-24 18:02:32.543000
tlttjl72t7iojpne,,,,,,,EB60858E074016216315AA6F6E8E3D4F17381D5D,2020-09-24 18:02:32.544000,
hjg6kb3xaiw7p6pe,failed,not_found,805,8BE79CE3261C027CE94F84D6CBE45F03BE9B8B59,F9674F45A25CAA977E7B872807E0A070C121F5FA,EAA823552F959DFD038E9AC8FA89345A738B6C00,6CE02B690E1F95032D38E3FAF380D907135C9E1A,2020-09-24 18:02:15.269000,2020-09-24 18:02:17.482000
hjg6kb3xaiw7p6pe,failed,not_found,875,8BE79CE3261C027CE94F84D6CBE45F03BE9B8B59,96B70F86B45623B4EC71E8E953DCD61A05D5BAAC,03910F285A33F365838EC66EF2C2EF754D046760,85C29D07636BEBACFCA0DF5AB31B333882745065,2020-09-24 18:02:17.483000,2020-09-24 18:02:19.981000
hjg6kb3xaiw7p6pe,failed,not_found,1005,8BE79CE3261C027CE94F84D6CBE45F03BE9B8B59,1C79D5A473214714A761C0A40DD2D5B031F7E980,B09E23C2597234F6EB494B6EDD7334DB64221FA1,6CDE3363F9F9AD5A6EA484DEFB58217CC9685E31,2020-09-24 18:02:19.981000,2020-09-24 18:02:23.830000
hjg6kb3xaiw7p6pe,failed,not_found,1084,8BE79CE3261C027CE94F84D6CBE45F03BE9B8B59,0D7C69551F9186DB589BDF00858314AC136A33DA,D5C6F62A5D1B3C711CA5E6F9D3772A432E96F6C2,85BFDBFCF9E711CF0F1A22C115368724D7C101F7,2020-09-24 18:02:23.831000,2020-09-24 18:02:26.077000
hjg6kb3xaiw7p6pe,failed,not_found,1235,8BE79CE3261C027CE94F84D6CBE45F03BE9B8B59,83C81FF619BE11C46F0E98B27B437154779ED6CC,67CDF7A4D06E98E55AAE595BBEBF38E64C4CCBF3,85C8D89DC303DD8F0D566677FCA8BA6A58A2ACAD,2020-09-24 18:02:26.077000,2020-09-24 18:02:31.462000
hjg6kb3xaiw7p6pe,failed,not_found,1289,8BE79CE3261C027CE94F84D6CBE45F03BE9B8B59,D60C2D85EAD93D23F1C00874D334BBF8A96CD529,A751D8BEE222564B7BA657F74B6658836FF1AEEA,6CE2889E7A6E3DB24385A33A50E5677E27B45F06,2020-09-24 18:02:31.462000,2020-09-24 18:02:32.719000
ypsxh3whhw5fapnf,failed,not_found,831,8BE79CE3261C027CE94F84D6CBE45F03BE9B8B59,2CF2DFBA221B77E96E9FE69725AE82F4E101BE4A,335E993222204F6B4817134506494A6441DEFB6B,8D79F73DCD91FC4F5017422FAC70074D6DB8DD81,2020-09-24 18:02:16.192000,2020-09-24 18:02:18.936000
ypsxh3whhw5fapnf,failed,not_found,908,8BE79CE3261C027CE94F84D6CBE45F03BE9B8B59,303509AB910EF207B7438C27435C4A2FD579F1B1,036A7CD36D6F7A97C7B4AF896D9F11AB719F0DF7,8D599159A555665F199DD0F9E81277417C8D3973,2020-09-24 18:02:18.937000,2020-09-24 18:02:21.516000
ypsxh3whhw5fapnf,failed,not_found,1000,8BE79CE3261C027CE94F84D6CBE45F03BE9B8B59,2F644DDEF8BAA31BA0240E6C6D36665D90DA57C9,1852D84B0341845F2BDC2CCBC673E9D42307A111,0325B91D3C32D3A24C863D5DFBED00564FAD5C64,2020-09-24 18:02:21.516000,2020-09-24 18:02:24.239000
ypsxh3whhw5fapnf,failed,not_found,1098,8BE79CE3261C027CE94F84D6CBE45F03BE9B8B59,5DE37A3371AAE7638748EB43C9F1CE66E09D4470,6245DC873D6F613C795D48663D65BD8A2266CAF6,8D62C3DC2AADE43324329A5F5FFD97710234DD0B,2020-09-24 18:02:24.240000,2020-09-24 18:02:26.763000
ypsxh3whhw5fapnf,failed,not_found,1177,8BE79CE3261C027CE94F84D6CBE45F03BE9B8B59,5B701D5C806F91D8A3C6B3E92624727EC43E26C2,081C9DF6A615A300B382C004DFE2CC37B561C9A0,0338F9F55111FE8E3570E7DE117EF3AF999CC1D7,2020-09-24 18:02:26.764000,2020-09-24 18:02:29.034000
ypsxh3whhw5fapnf,failed,not_found,1260,8BE79CE3261C027CE94F84D6CBE45F03BE9B8B59,856DAB2FDC9EED88A27BE2265FA6BD5489EF178E,A231513B758330E6E6DB18F5B6EC6DAAA406C31D,034AA4B30F77DF0FE183602EA7F8251FF2CF1BA2,2020-09-24 18:02:29.034000,2020-09-24 18:02:31.643000
wtvy6oij456dexhc,failed,not_found,871,8BE79CE3261C027CE94F84D6CBE45F03BE9B8B59,24A17A4C1FA8C2108ACDE3BE681B0731384BF3A5,DCC6C70E8F4340CBD633F506BC9E7D99818601D9,451C144A35AAD47AF91FCE3021B4B982F6811335,2020-09-24 18:02:17.432000,2020-09-24 18:02:20.397000
wtvy6oij456dexhc,failed,not_found,967,8BE79CE3261C027CE94F84D6CBE45F03BE9B8B59,AD1FC4AE877B2FFEB3C84F1A6B76E9B057AAEF4E,1D361A2F1CAE4FDD5A85E13C168BE7075A100524,156AAC3FAD1ACC8906316519DCB444B8C77E4EBF,2020-09-24 18:02:20.398000,2020-09-24 18:02:22.755000
wtvy6oij456dexhc,failed,not_found,1048,8BE79CE3261C027CE94F84D6CBE45F03BE9B8B59,128D16508676598DC8C7465CC5A87A338208466C,AFA0C24F635C3E198A151D09A796430F0778BA65,157CED138D3DE9CBFB5AE0232A319C2980F6C409,2020-09-24 18:02:22.756000,2020-09-24 18:02:25.053000
wtvy6oij456dexhc,failed,not_found,1121,8BE79CE3261C027CE94F84D6CBE45F03BE9B8B59,3E53D3979DB07EFD736661C934A1DED14127B684,104DC15ACFA69CF94F89E8ED0F6CDB2D298234D2,155D6F57425F16C0624D77777641E4EB1B47C6F0,2020-09-24 18:02:25.054000,2020-09-24 18:02:27.758000
wtvy6oij456dexhc,failed,not_found,1207,8BE79CE3261C027CE94F84D6CBE45F03BE9B8B59,20FD9F93C8C67E198929FD9A0B8ED84134877FBB,60F2139EA3E06410A05CBD6E8254E60A9063AD9D,4507C2582CBFE28735785981F045C542323EADBB,2020-09-24 18:02:27.759000,2020-09-24 18:02:30.666000
wtvy6oij456dexhc,failed,not_found,1319,8BE79CE3261C027CE94F84D6CBE45F03BE9B8B59,C239952D0C8E4EABC3E6B0A8E0B623689174E3C6,D5D8C31E1F845B46564B112233EECFB539060915,450AB46ADFD541B3905A5C6140BC53EB8C68C9A5,2020-09-24 18:02:30.666000,2020-09-24 18:02:33.301000
7r5zur4gbysqgpuf,failed,not_found,842,8BE79CE3261C027CE94F84D6CBE45F03BE9B8B59,E6D4332BF40FDEE7814F2DBC926650EF8032B643,094E8D02087FD6C516294EE19257D8B78038F417,07C3EBBE41DF9FE8551DF69642FEBA70E954DC0F,2020-09-24 18:02:18.346000,2020-09-24 18:02:19.591000
7r5zur4gbysqgpuf,failed,not_found,945,8BE79CE3261C027CE94F84D6CBE45F03BE9B8B59,B96B5141004995295FE87DCCE1A54519BD0BB48A,2FFE5FAF70D20E76B0474AE9E40C2A0B53F8D9F0,07F9F13BCB3E1F6117FB211905127AF41E72E087,2020-09-24 18:02:19.592000,2020-09-24 18:02:22.456000
7r5zur4gbysqgpuf,failed,not_found,1042,8BE79CE3261C027CE94F84D6CBE45F03BE9B8B59,5F58E9417DF94A66529864FA1134635614958A44,6962377722C4AA5E56540F4F9693DFA525449974,77A56CB237740E24AEA2D61C8C8936232AFC1BD8,2020-09-24 18:02:22.475000,2020-09-24 18:02:24.504000
7r5zur4gbysqgpuf,failed,not_found,1112,8BE79CE3261C027CE94F84D6CBE45F03BE9B8B59,856DAB2FDC9EED88A27BE2265FA6BD5489EF178E,801FC54687E380C226D35CD7DBBF73FCD442EA6B,778F349E43942C0A07678E992C9B5AFD6D2180A1,2020-09-24 18:02:24.504000,2020-09-24 18:02:27.188000
7r5zur4gbysqgpuf,failed,not_found,1198,8BE79CE3261C027CE94F84D6CBE45F03BE9B8B59,58F3E2956EABB81F673E2FB90E16E001DB4AC3AE,67458CBE6A595F5620AE39EDF538E2994793E130,77A6151CE190059973D12E5E461F5B84AC583CB9,2020-09-24 18:02:27.189000,2020-09-24 18:02:30
7r5zur4gbysqgpuf,failed,not_found,1370,8BE79CE3261C027CE94F84D6CBE45F03BE9B8B59,2A621A40FF3081F612946FDFB8DC781BCE859A05,5B1F0DAF378A1FAFCFD5FA9CDC66D1023DC0276E,07905A0D8AD1C134D3036872140B1DB1EB761772,2020-09-24 18:02:30.001000,2020-09-24 18:02:34.191000
d7gpn3lnonmdcmtm,failed,not_found,918,8BE79CE3261C027CE94F84D6CBE45F03BE9B8B59,BE8737597F2E6B4F805893202C935125829A902E,ADD35A22BF77D56AFC18CF58E5D8E2604B8985CF,9E2D7C6981269404AA1970B53891701A20424EF8,2020-09-24 18:02:19.243000,2020-09-24 18:02:21.700000
d7gpn3lnonmdcmtm,failed,not_found,1009,8BE79CE3261C027CE94F84D6CBE45F03BE9B8B59,39CF2F22E5018C01FD57DEB1AB8FDFA4592633FB,63540827C4832D214984EA47B7A68C593F9F862F,9E198CC6DA30481F42E4A22E29E4A922C12F9F94,2020-09-24 18:02:21.701000,2020-09-24 18:02:23.911000
d7gpn3lnonmdcmtm,failed,not_found,1090,8BE79CE3261C027CE94F84D6CBE45F03BE9B8B59,A79F94117D73D4AFA4BCE340A3CB6E345C817594,005079A42356183CEA5A3ADD239303F44F12E7EA,4B1B02A94C0315F0376E56A6AD3A93C7976E469F,2020-09-24 18:02:23.912000,2020-09-24 18:02:26.078000
d7gpn3lnonmdcmtm,failed,not_found,1157,8BE79CE3261C027CE94F84D6CBE45F03BE9B8B59,F0F5074A6DADD3DC22E1FAA18FD6D89CBC52771A,4A60B05738087419BFF41A41D2059873EE16E1E9,4B16758168D4F334BE11872F7B6BAE2E44664E5B,2020-09-24 18:02:26.078000,2020-09-24 18:02:28.620000
d7gpn3lnonmdcmtm,failed,not_found,1240,8BE79CE3261C027CE94F84D6CBE45F03BE9B8B59,38F21DEE29E40DCDF9460A80662B7723562CA008,6DA5D1B9B239501838E19CC0ACBAFAE737AEEC5B,4B170476D09459328438F3E68ED19516C9F75A80,2020-09-24 18:02:28.621000,2020-09-24 18:02:31.128000
d7gpn3lnonmdcmtm,,,,,,,9E41448CE0DDE186CE05D2DED5F34428C99A8D70,2020-09-24 18:02:31.129000,
aro764svgmh43t5n,failed,not_found,904,8BE79CE3261C027CE94F84D6CBE45F03BE9B8B59,4B351545DD58473F36B0A20E5500AC6ED51E8CD5,17ABA734572DBB1050CF3800F0DD145BAE7ED9A7,BFA905EA10DFD54A38A0C119FAE00182DE4C173B,2020-09-24 18:02:20.223000,2020-09-24 18:02:21.173000
aro764svgmh43t5n,failed,not_found,992,8BE79CE3261C027CE94F84D6CBE45F03BE9B8B59,4483097867F6444533EAAA2D38B5479BE1F36412,74B8B22AF950B0BE11D8A228FB09D2F5279FB757,BFB14B9ADF1F19E59258CAE7FCDBAAC9937B7B10,2020-09-24 18:02:21.174000,2020-09-24 18:02:23.968000
aro764svgmh43t5n,failed,not_found,1095,8BE79CE3261C027CE94F84D6CBE45F03BE9B8B59,DF86098968BBCD963E38E03FC3FC1837EF667C13,3408A01A949BE1579705112F83CF2BFB5FA8A204,F8DE8132E599A194E20DDB738AF64A7200CD5949,2020-09-24 18:02:23.969000,2020-09-24 18:02:26.484000
aro764svgmh43t5n,,,,,,,BFC2EEBFE31AA782949AA7D410046BF28EAF89C8,2020-09-24 18:02:26.485000,
2nmah5rg4f4teedc,failed,not_found,995,8BE79CE3261C027CE94F84D6CBE45F03BE9B8B59,2AE2CA4BD2B7754F29432C25E03314D52AC4CAF1,C0F508ADA14AE7EA9F8F6650AF149B8DFC35B598,754CB99117E6ED570DFCFB7D9F12674B97A4E28E,2020-09-24 18:02:21.232000,2020-09-24 18:02:23.425000
2nmah5rg4f4teedc,failed,not_found,1072,8BE79CE3261C027CE94F84D6CBE45F03BE9B8B59,2AA5F598F9A1812F01CD99E3B59BB87362ED7438,4FF53BC47097B50DA5B68D72C5B25CC079F4A787,DDBB2A38252ADDA53E4492DDF982CA6CC6E10EC0,2020-09-24 18:02:23.426000,2020-09-24 18:02:25.768000
2nmah5rg4f4teedc,failed,not_found,1087,8BE79CE3261C027CE94F84D6CBE45F03BE9B8B59,B15C0071EAF508AAEE29DB9D07607C84AA2DDEB3,B1289B91C190A6803C1ADA6E381C0843CE039D70,7533ABDA9027F40CF87FB6189AEBB1F43A132A0B,2020-09-24 18:02:25.769000,2020-09-24 18:02:26.860000
2nmah5rg4f4teedc,failed,not_found,1180,8BE79CE3261C027CE94F84D6CBE45F03BE9B8B59,3BADB3EFFB87534736BFAC9A2024AB78401BDBC3,C0DAAAE5EE461BBE13945FE4B52F32ABDC6BC376,DD8BD7307017407FCC36F8D04A688F74A0774C02,2020-09-24 18:02:26.861000,2020-09-24 18:02:29.029000
2nmah5rg4f4teedc,failed,not_found,1257,8BE79CE3261C027CE94F84D6CBE45F03BE9B8B59,5F276A6F7AA74AFB2AF100EADA28C7A6F48BA50F,AAA03044B42AD37D5C5592D6604A6D1B72F4B3BE,DD8F5A74DD375F1D6A798A1AB50116339FEBED01,2020-09-24 18:02:29.030000,2020-09-24 18:02:32.245000
2nmah5rg4f4teedc,,,,,,,75258E755064AA2412BC6BAB885756A3201F8C73,2020-09-24 18:02:32.245000,
vw4g6dd32k7ti22v,failed,not_found,1039,8BE79CE3261C027CE94F84D6CBE45F03BE9B8B59,22775B953E662151549C114CB8EE5FBDBCBDAD02,C1335B1DB938644FCD54EE744D91354F94EDD1BC,3AFDAAD91A15B4C6A7686A53AA8627CA871FF491,2020-09-24 18:02:22.376000,2020-09-24 18:02:25.166000
vw4g6dd32k7ti22v,failed,not_found,1124,8BE79CE3261C027CE94F84D6CBE45F03BE9B8B59,A1915DFA36B3EF33DCC9021ACF1A955C51BF0979,E81993EA52B73285CFFD02FEC003569D21483001,3AF69B3ECCB000879CA1BCD0B36B619DBF712291,2020-09-24 18:02:25.167000,2020-09-24 18:02:27.825000
vw4g6dd32k7ti22v,failed,not_found,1215,8BE79CE3261C027CE94F84D6CBE45F03BE9B8B59,1E03D81C9744DE0E3C9DE6E6FBDF1DF9DAEA5AFC,FDAB3722A4EA6A86E35D9AC84222F3E11F2F6D6D,3B3F451BD58F96DC0E8EB7D01F209FC8803C33DF,2020-09-24 18:02:27.825000,2020-09-24 18:02:30.438000
vw4g6dd32k7ti22v,failed,not_found,1253,8BE79CE3261C027CE94F84D6CBE45F03BE9B8B59,E5CC91BAFE7CCD68003E873D32E38027638D49D7,F35D115BDD5987D301BE0FD27DAB05F5F4B2ABAE,061370AE41C1084B2910EB0522C8B2DB1C2CB96E,2020-09-24 18:02:30.438000,2020-09-24 18:02:31.832000
vw4g6dd32k7ti22v,,,,,,,061E017AC8FB0EAF3A8915A920EFB9AC201CA3EC,2020-09-24 18:02:31.833000,
z2x3uer4rwgkrvvf,failed,not_found,1069,8BE79CE3261C027CE94F84D6CBE45F03BE9B8B59,5A224EFAC453F7EF2D0435E336890DECDC5CEBFD,89FD4FB2A5FD73B50F2E5D85C4707883F8CD5130,B771AA877687F88E6F1CA5354756DF6C8A7B6B24,2020-09-24 18:02:23.371000,2020-09-24 18:02:26.150000
z2x3uer4rwgkrvvf,failed,not_found,1118,8BE79CE3261C027CE94F84D6CBE45F03BE9B8B59,44BD70C13DAA7513D6F47773804178B009F21ED5,9F7D6E6420183C2B76D3CE99624EBC98A21A967E,B76A047C20D3E4F9B5A64428298DA55A90D62472,2020-09-24 18:02:26.151000,2020-09-24 18:02:27.097000
z2x3uer4rwgkrvvf,failed,not_found,1189,8BE79CE3261C027CE94F84D6CBE45F03BE9B8B59,305DA33EC49B17B1838033C99B824DEB92650683,B56B9FE93F83B4FA69234B17A060E8A8E7446D19,B775D37E6CA9288FD7D0C977CB55B7BEB11E0179,2020-09-24 18:02:27.098000,2020-09-24 18:02:29.335000
z2x3uer4rwgkrvvf,failed,not_found,1268,8BE79CE3261C027CE94F84D6CBE45F03BE9B8B59,D408EA531AA2FA90F25BD14283D38FDBB2094BA3,9C34EAD957DF77978BCF356F3F96B9A79E3961CB,90A5D1355C4B5840E950EB61E673863A6AE3ACA1,2020-09-24 18:02:29.336000,2020-09-24 18:02:31.894000
z2x3uer4rwgkrvvf,,,,,,,908423FE8C7222B2AC950C034470D2127DE8786F,2020-09-24 18:02:31.895000,
mwg55zfjips23npg,failed,not_found,1108,8BE79CE3261C027CE94F84D6CBE45F03BE9B8B59,77A56CB237740E24AEA2D61C8C8936232AFC1BD8,32EE911D968BE3E016ECA572BB1ED0A9EE43FC2F,9A75CC005CA0D92FFD3F96003B2524C20B053E28,2020-09-24 18:02:24.491000,2020-09-24 18:02:27.097000
mwg55zfjips23npg,failed,not_found,1188,8BE79CE3261C027CE94F84D6CBE45F03BE9B8B59,42D47C736518BFA495CA31AEE40AE468F0BDA2A6,64E257D94E739278D5954CC820C9D7EAC4E7A7B7,9A783CAA9DABA178D9864471E9287045CBFDC726,2020-09-24 18:02:27.097000,2020-09-24 18:02:29.259000
mwg55zfjips23npg,failed,not_found,1263,8BE79CE3261C027CE94F84D6CBE45F03BE9B8B59,13F7EAE731CA4600951986921E08ECAB9B1D2AF6,3BBF9D98C7D058D7C2E60F6BA5BD574CB4F3FE26,9A7E266811321BF39532F423121DD290287A42E1,2020-09-24 18:02:29.260000,2020-09-24 18:02:32.653000
mwg55zfjips23npg,,,,,,,E90F52D29788BD86B5C057EE23383467920FC175,2020-09-24 18:02:32.654000,
cbknoccphz5rytv3,failed,not_found,1252,8BE79CE3261C027CE94F84D6CBE45F03BE9B8B59,F4A4D78F16E9A0353AD5BBEF4632C7022E20FB20,856DAB2FDC9EED88A27BE2265FA6BD5489EF178E,370B15E4932CF76C7ACB9B240A960C20267C2430,2020-09-24 18:02:25.203000,2020-09-24 18:02:31.637000
cbknoccphz5rytv3,,,,,,,372082F3E01DE6A6333D30329C6903A19D0E8E87,2020-09-24 18:02:31.638000,
k3kcn2nfrtvchchh,failed,not_found,1162,8BE79CE3261C027CE94F84D6CBE45F03BE9B8B59,708A968F3644F8A547156368FEA3DB664110E631,F244C5F5DDE2F29CA1F88E4C9F9FACCC48BCA857,40CDE936B04B4573A47223396006443CA5EAC845,2020-09-24 18:02:26.197000,2020-09-24 18:02:29.385000
k3kcn2nfrtvchchh,failed,not_found,1271,8BE79CE3261C027CE94F84D6CBE45F03BE9B8B59,64B43A6198B6C1F97D9ED8929F5A8913C3815935,5F9141428BF5EAE485F0E2F7912DEDED4F4D17A7,40D37C29CAB20A2C078B269AE4E944B1E0BD5A97,2020-09-24 18:02:29.385000,2020-09-24 18:02:32.069000
k3kcn2nfrtvchchh,,,,,,,40C773D9F2B16143CDB2ADB661DDC6BB12EF3E2C,2020-09-24 18:02:32.069000,
5jfe7q4mkam2bgl2,failed,not_found,1151,8BE79CE3261C027CE94F84D6CBE45F03BE9B8B59,0745857B06337B7F343635608975972A9EC14901,EAA088440B100FF8407266B5D4853FFB16A8CB67,580534A3F0676CA97BD48A3630106A10B904900E,2020-09-24 18:02:27.185000,2020-09-24 18:02:28.200000
5jfe7q4mkam2bgl2,failed,not_found,1183,8BE79CE3261C027CE94F84D6CBE45F03BE9B8B59,96B70F86B45623B4EC71E8E953DCD61A05D5BAAC,C25E5C62897BACBA309571C2548084B45050FEDF,580D385842804C8AE068AB028898BBB6F74B1544,2020-09-24 18:02:28.201000,2020-09-24 18:02:29.680000
5jfe7q4mkam2bgl2,failed,not_found,1220,8BE79CE3261C027CE94F84D6CBE45F03BE9B8B59,74F44514E060866912DFFE1554D0D135C9DC5148,968CB7DA0C56E66F22B78CBA0562FE132939D8BF,E9A6E1549300C3551071B71AC547E2568D9F7CEE,2020-09-24 18:02:29.681000,2020-09-24 18:02:30.910000
5jfe7q4mkam2bgl2,failed,not_found,1325,8BE79CE3261C027CE94F84D6CBE45F03BE9B8B59,4B550F757A5904939280CB85DE61F125A08AE5DE,91517F219F7648E4B8BBF3C162C77DDC55315612,58224E8E5344ECB0E6FFBB470C53F2C71DBE6341,2020-09-24 18:02:30.911000,2020-09-24 18:02:33.350000
5jfe7q4mkam2bgl2,,,,,,,E9B3A2F0DA44AEEC2311273909C2627AFF783C5B,2020-09-24 18:02:33.351000,
tayny2o5j64mrpbn,failed,not_found,1232,8BE79CE3261C027CE94F84D6CBE45F03BE9B8B59,A2C6C931D8627C6605288970889DDB88C7BA2142,41A3C16269C7B63DB6EB741DBDDB4E1F586B1592,79349A6F74AC0D4EF2939894B122702E57786F5A,2020-09-24 18:02:28.299000,2020-09-24 18:02:31.047000
tayny2o5j64mrpbn,,,,,,,7961C9991F022C8A363FD440CA395D47DB5D44D5,2020-09-24 18:02:31.048000,
dq2ufkfdzvgnrpep,failed,not_found,1274,8BE79CE3261C027CE94F84D6CBE45F03BE9B8B59,8C5B316ED73018484765C3E0944E4508DCAE0944,12AD30E5D25AA67F519780E2111E611A455FDC89,DAB3A97C7EBB02AF703F7DB7A59E2A99478675FE,2020-09-24 18:02:29.451000,2020-09-24 18:02:32.148000
dq2ufkfdzvgnrpep,,,,,,,DAC825BBF05D678ABDEA1C3086E8D99CF0BBF112,2020-09-24 18:02:32.149000,
sjvnvi5pdnhwky4d,,,,,,,A96F10828F5D3BA42AC8927F036DEBD994EF04BF,2020-09-24 18:02:30.483000,
el4ktsvehxdhkx7u,failed,not_found,1352,8BE79CE3261C027CE94F84D6CBE45F03BE9B8B59,8EA58F28DCA60F56C6F2131BDFE9BF5FAF2233CE,E6D4332BF40FDEE7814F2DBC926650EF8032B643,0F6E5CA4BF5565D9AA9FDDCA165AFC6A5305763D,2020-09-24 18:02:31.575000,2020-09-24 18:02:33.976000
el4ktsvehxdhkx7u,,,,,,,A0F39D32028CEC7F35419E9570401DE15B1B4564,2020-09-24 18:02:33.977000,
mp7bf7pnjzah3eef,,,,,,,A1699AF5D7E0294E45D42FFA697F762BA26340E9,2020-09-24 18:02:32.314000,
nfjm237sf74euzpk,,,,,,,4561FC085C3F3A7271FE960317F02DCD1E9C1188,2020-09-24 18:02:33.299000,
