addr,status,reason,circ,guard_fp,middle_fp,exit_fp,hsdir_fp,start,end
njxcebltcijifx6c,failed,not_found,,,,,F6740DEABFD5F62612FA025A5079EA72846B1F67,2020-09-26 15:45:19.136000,2020-09-26 15:45:19.459000
njxcebltcijifx6c,failed,not_found,,,,,F68A76522D356F89BEC286889A3822250567BE2E,2020-09-26 15:45:19.459000,2020-09-26 15:45:19.923000
njxcebltcijifx6c,failed,not_found,,,,,195712E96FD1C1B18D14D09E9E4E7A6416E23B2C,2020-09-26 15:45:19.924000,2020-09-26 15:45:20.641000
njxcebltcijifx6c,failed,not_found,9,B76A047C20D3E4F9B5A64428298DA55A90D62472,1C84C89198911D0C8962AA65C3E4E6530075396E,E4A23FEACFA0D7064C6694BE91BF94805E3CE487,1939CC1B41298A49C0684878813DED5CD1A9EE98,2020-09-26 15:45:20.641000,2020-09-26 15:45:21.464000
njxcebltcijifx6c,failed,not_found,10,B76A047C20D3E4F9B5A64428298DA55A90D62472,AF77AA5BD924319510F99B30CD0932D32B01B5C5,508EAAA5322C7BF048C8FADBBFB37D0A3E1D9262,F664E5E50B4D216E5940DA7E9CF653F5F9DC561B,2020-09-26 15:45:21.465000,2020-09-26 15:45:22.094000
njxcebltcijifx6c,failed,not_found,18,B76A047C20D3E4F9B5A64428298DA55A90D62472,E5CC91BAFE7CCD68003E873D32E38027638D49D7,855BC2DABE24C861CD887DB9B2E950424B49FC34,1944F3A473CB77B12BDB4E3D15963A24DF58E4E7,2020-09-26 15:45:22.094000,2020-09-26 15:45:23.136000
cflares35lvdlczhy3r6qbza5jjxbcplzvdveabhf7bsp7y4nzmn67yd,received,,7,B76A047C20D3E4F9B5A64428298DA55A90D62472,1B8188170F0AD7998A7D04BD5CE9F6128B032C8E,E5CC91BAFE7CCD68003E873D32E38027638D49D7,65BCA5B95D3631771AF358CC73933F85B68DDFA4,2020-09-26 15:45:20.352000,2020-09-26 15:45:21.104000
isrg7mslgnfsu665,failed,not_found,8,B76A047C20D3E4F9B5A64428298DA55A90D62472,96DAFDCE92BA94E4CC95F8314AE48E272A702FDC,14D57DEDF0A4554A2D21AD53CCCC43E31158C733,BCDE75725B927738B6FD34EA2D78F4FA77B99848,2020-09-26 15:45:20.366000,2020-09-26 15:45:21.150000
isrg7mslgnfsu665,failed,not_found,14,B76A047C20D3E4F9B5A64428298DA55A90D62472,44354E35E9F7F97AF27686D03B0D591686E35394,127887BF5B69EFEFA0DC47FC767135E0ACAAFD9F,BCD2F039FC8B8F1D33742E72E15D710F777F664E,2020-09-26 15:45:21.150000,2020-09-26 15:45:21.654000
isrg7mslgnfsu665,failed,not_found,16,B76A047C20D3E4F9B5A64428298DA55A90D62472,8358BDDA9C9A680B4E3A2809E5C24F5B3624D5C2,F475E5987E44A2B7B143A2BEE3F8128EEFD7E5A3,BCE0FDE68117375BF37408E761CB9BDE2613800B,2020-09-26 15:45:21.654000,2020-09-26 15:45:22.298000
isrg7mslgnfsu665,failed,not_found,19,B76A047C20D3E4F9B5A64428298DA55A90D62472,890480E14E634C8B4467C475E355A6FBF3D99CD5,64E257D94E739278D5954CC820C9D7EAC4E7A7B7,9063C7EC4A3273446DC05E9310A5C5B2F4235696,2020-09-26 15:45:22.298000,2020-09-26 15:45:23.106000
isrg7mslgnfsu665,failed,not_found,23,B76A047C20D3E4F9B5A64428298DA55A90D62472,E6AB0CADE4A8300EAE81D51189C4B23ADE43B58C,CB2DBDB2D9422D57AD85148EF9511AF4CE4D6052,90633012A1A752D8D02FEC8374A4BF98941A1900,2020-09-26 15:45:23.107000,2020-09-26 15:45:23.830000
isrg7mslgnfsu665,failed,not_found,25,B76A047C20D3E4F9B5A64428298DA55A90D62472,5C01B2D72D75F109550963F810C2010BDA208549,F08A525ACA965CF6A55F0587BF4B7373D98B954E,906933A309F15D7CF379127078A6791DF9B0C763,2020-09-26 15:45:23.830000,2020-09-26 15:45:24.571000
dgkzt3bt4qxxn3ii,failed,not_found,11,B76A047C20D3E4F9B5A64428298DA55A90D62472,D8120A907FAFD23A0CD15CD8DFB35B5B6DB583FF,BF37445EA2A9F3D04F4B87DFAC624AEF21B559D5,E08FA051D29468D098C2A3E1B123E4A05967398E,2020-09-26 15:45:20.849000,2020-09-26 15:45:21.646000
dgkzt3bt4qxxn3ii,failed,not_found,393,B76A047C20D3E4F9B5A64428298DA55A90D62472,29FA511E67A31A1A874AABFB2B624AD122AE4ED4,065E6B20BF87AE6F0E27063BB8AE002ECC3736E9,E0B3B10226F067A1B215178D19A19EF311E7FDC3,2020-09-26 15:45:21.646000,2020-09-26 15:45:41.689000
dgkzt3bt4qxxn3ii,failed,not_found,423,B76A047C20D3E4F9B5A64428298DA55A90D62472,B8E514ADDC653D61DE1FCB67821BB0303778782F,C0F3C0EF81D84182379AA4CA5AD5A5289D011145,645C3F0545E0975A49F69EC272C0C3EA28586825,2020-09-26 15:45:41.689000,2020-09-26 15:45:43.028000
dgkzt3bt4qxxn3ii,failed,not_found,491,B76A047C20D3E4F9B5A64428298DA55A90D62472,CF6A6080091BB210AA3892FEFE2F6A396DA08DF3,CE035C7946CEE68425CD2358E620E408A9C823FD,644DECC5A1879C0FE23DE927DD7049F58BBDF349,2020-09-26 15:45:43.029000,2020-09-26 15:45:43.771000
dgkzt3bt4qxxn3ii,failed,not_found,519,B76A047C20D3E4F9B5A64428298DA55A90D62472,3782F48481045AA7247913637EACE9E7225CF14D,CDA2C336AD87E22DF02983887A3F74B21070D02D,E0A3471C24C9021CC58FBF774203046FD2BC893F,2020-09-26 15:45:43.771000,2020-09-26 15:45:44.419000
dgkzt3bt4qxxn3ii,failed,not_found,543,B76A047C20D3E4F9B5A64428298DA55A90D62472,ACA0B8702A6A0B890217A3D26B7220EB6E1CFFD1,6EE7AEAFC24542BF4DB6E724E0B49D85DF9516FA,644074F47257F9A906F9AA5C6B8926C1540A1DA8,2020-09-26 15:45:44.420000,2020-09-26 15:45:47.447000
hrsvoluowfqhxega,failed,not_found,17,B76A047C20D3E4F9B5A64428298DA55A90D62472,0D13FEFB150903100AF2F9E52A5852EC105A817E,C5D29A323B1952CF783C84408804F01926139E69,89F6F3B04B6971574E89737047DCB8BB74CB71FD,2020-09-26 15:45:22.276000,2020-09-26 15:45:22.667000
hrsvoluowfqhxega,failed,not_found,20,B76A047C20D3E4F9B5A64428298DA55A90D62472,3F43D0584A2613C9DB631382FF486DC6B95EA1C8,3BAACE149DB31574B327BF835B594B707D12CD58,89C7E852CC2FA537ED78775ADC3BEA24672B4154,2020-09-26 15:45:22.667000,2020-09-26 15:45:23.325000
hrsvoluowfqhxega,failed,not_found,22,B76A047C20D3E4F9B5A64428298DA55A90D62472,425835370C1FBE178C21CB53C76672F12BDE091A,F5F4019509109A07E90C45A022CEED9ECA1643C8,F21760E63FE2BB45629BB14FCDB0FD677485DAF8,2020-09-26 15:45:23.325000,2020-09-26 15:45:23.675000
hrsvoluowfqhxega,failed,not_found,24,B76A047C20D3E4F9B5A64428298DA55A90D62472,D777D31F95081D0F7223AAD5F8A74977D524145D,41CEB66108B70108F148BF7778260A87723AACA1,89FD4FB2A5FD73B50F2E5D85C4707883F8CD5130,2020-09-26 15:45:23.675000,2020-09-26 15:45:24.345000
hrsvoluowfqhxega,failed,not_found,27,B76A047C20D3E4F9B5A64428298DA55A90D62472,EAA823552F959DFD038E9AC8FA89345A738B6C00,072563D6DB86659510FF3FB76B58458142241ECE,F21DFB7CCD5EEF3E021086EC96EF7CFCAA72F4F3,2020-09-26 15:45:24.345000,2020-09-26 15:45:24.785000
hrsvoluowfqhxega,failed,not_found,29,B76A047C20D3E4F9B5A64428298DA55A90D62472,0451F142D2EF187FABB9A9A17725DA6C51BA3978,03910F285A33F365838EC66EF2C2EF754D046760,F21DE9C7DE31601D9716781E17E24380887883D1,2020-09-26 15:45:24.785000,2020-09-26 15:45:26.004000
ezbmulp3ytyyq6vu,failed,not_found,21,B76A047C20D3E4F9B5A64428298DA55A90D62472,9A48EC8AAFB2E8C9E20408596383DB74F1196747,924B24AFA7F075D059E8EEB284CC400B33D3D036,B32B93C90DCAF0012328A8D55D621D26B186E11A,2020-09-26 15:45:22.840000,2020-09-26 15:45:23.870000
ezbmulp3ytyyq6vu,failed,not_found,28,B76A047C20D3E4F9B5A64428298DA55A90D62472,F5E368D9FC8693BB85D2F65A262E676353BAD69D,64A0B5722613DDFC2EB84897C550FBF4A096DE0D,B33BFA9AA0005730C1C0E8F7E6F53CF3C5716BD6,2020-09-26 15:45:23.870000,2020-09-26 15:45:24.814000
ezbmulp3ytyyq6vu,failed,not_found,30,B76A047C20D3E4F9B5A64428298DA55A90D62472,0C6CA58153400FA077EABB14773E36FD61BF0D75,A4771CB90024F1870D622960519945A3E49B40FE,B340E3BA587E36462D8DE44DAE0F7CAB6748F064,2020-09-26 15:45:24.814000,2020-09-26 15:45:25.538000
ezbmulp3ytyyq6vu,failed,not_found,33,B76A047C20D3E4F9B5A64428298DA55A90D62472,2AE2CA4BD2B7754F29432C25E03314D52AC4CAF1,EE7CD2A763435C7006095BD167C790ABE5BC4DEA,96275921105DC2D41B79AD75804A301738B51E47,2020-09-26 15:45:25.539000,2020-09-26 15:45:26.179000
ezbmulp3ytyyq6vu,failed,not_found,45,B76A047C20D3E4F9B5A64428298DA55A90D62472,FC3422292F0BDAF47068C750C1793710F5019B07,ACAE2A7000B2BEB08704AAA0A2DDCADD68E58A63,96211F57FA0A399EC48D1972BA3F8EE6E4D6978C,2020-09-26 15:45:26.180000,2020-09-26 15:45:26.701000
ezbmulp3ytyyq6vu,failed,not_found,42,B76A047C20D3E4F9B5A64428298DA55A90D62472,E00DFD54DC165D5452FBD3530D30186DAD016A0C,547C1CDB516798EC66A01F04A5884DCE1A151919,9634E9F53EB46828AE7E06839FEE595950286B1D,2020-09-26 15:45:26.702000,2020-09-26 15:45:28.284000
6falyog42x62as2h,failed,not_found,26,B76A047C20D3E4F9B5A64428298DA55A90D62472,F83A64E0FA85BC224807919772FE14E1BA07CEF5,CCAA620D5CAB34CE95FE3C863D9E6520C07451D8,634444240F4A0778EBE04868E311392572AD03CB,2020-09-26 15:45:23.839000,2020-09-26 15:45:25.481000
6falyog42x62as2h,failed,not_found,32,B76A047C20D3E4F9B5A64428298DA55A90D62472,64E257D94E739278D5954CC820C9D7EAC4E7A7B7,F4F605AA21C4633CCB5B8DBBC1CEEE5C590C6DCE,2659ACAA140B6845E38F189B4080817B9819EB9A,2020-09-26 15:45:25.481000,2020-09-26 15:45:25.802000
6falyog42x62as2h,failed,not_found,395,B76A047C20D3E4F9B5A64428298DA55A90D62472,438DC9B6B5C5375D332BB338D7E5C1B9EF448960,31D270A38505D4BFBBCABF717E9FB4BCA6DDF2FF,26220AEA188B8D0E47BB541E1A616EB3AD70295F,2020-09-26 15:45:25.803000,2020-09-26 15:45:41.785000
6falyog42x62as2h,failed,not_found,432,B76A047C20D3E4F9B5A64428298DA55A90D62472,D1C60F9BCF2DBA07A775978F66C9927D3A9490BB,F3936F97C14EFCFD18154DF4443B91FEDD071F47,260B86A04CBEDE605F183624C2FCA3CE81FD24A1,2020-09-26 15:45:41.785000,2020-09-26 15:45:42.720000
6falyog42x62as2h,failed,not_found,469,B76A047C20D3E4F9B5A64428298DA55A90D62472,53412DCC555335B400DB72750ED0BE08D034D779,E65BA17239C454A82082B0B4F3DDD8D83E4FD893,63540827C4832D214984EA47B7A68C593F9F862F,2020-09-26 15:45:42.720000,2020-09-26 15:45:43.447000
6falyog42x62as2h,failed,not_found,485,B76A047C20D3E4F9B5A64428298DA55A90D62472,F6740DEABFD5F62612FA025A5079EA72846B1F67,5790B62AD6C79A1092B30993A8F0F7F23A969FD6,63584BC1EF29E794A63C264136D7825C33F0889D,2020-09-26 15:45:43.448000,2020-09-26 15:45:43.967000
kyva377i7qgdvtws,failed,not_found,31,B76A047C20D3E4F9B5A64428298DA55A90D62472,2CF2DFBA221B77E96E9FE69725AE82F4E101BE4A,19109FAE0E9EE366FF94EC6A477C3B33E798D181,970CE6B17927F083ABF157E9BFA305FD39E062E5,2020-09-26 15:45:24.841000,2020-09-26 15:45:25.580000
kyva377i7qgdvtws,,,,,,,18671DE5092C67883BFB2450C3267B92618BEC66,2020-09-26 15:45:25.581000,
2yfaqmx7m7aanyp5,failed,not_found,40,B76A047C20D3E4F9B5A64428298DA55A90D62472,24A17A4C1FA8C2108ACDE3BE681B0731384BF3A5,3B5C6ED2C1DECEB32BF1AD9B7B272F4CE9CE0656,EA4584960E5C815A383B91BD9C03FB489FE686EF,2020-09-26 15:45:25.840000,2020-09-26 15:45:29.693000
2yfaqmx7m7aanyp5,failed,not_found,80,B76A047C20D3E4F9B5A64428298DA55A90D62472,D5C6F62A5D1B3C711CA5E6F9D3772A432E96F6C2,B0DB2F173F0DB364BABF7A465D796B3C048F1F33,00DCAEAE3E54C32809E7F7CC4BF2A6FC68FC552F,2020-09-26 15:45:29.694000,2020-09-26 15:45:30.618000
2yfaqmx7m7aanyp5,failed,not_found,96,B76A047C20D3E4F9B5A64428298DA55A90D62472,9B24B2149631167704362E07356A9E9BFC1F0F05,7272FA27A7F99E88D59BE2018E3F14FB88BF9786,EA3616A0B9BBBDC74121D8D6F01EABDDCF6BE35D,2020-09-26 15:45:30.619000,2020-09-26 15:45:31.274000
2yfaqmx7m7aanyp5,failed,not_found,102,B76A047C20D3E4F9B5A64428298DA55A90D62472,D8056CAD4A3D6EE7D82748027474BF5C53E569D9,35094D4F2418A2169B1C05D4905027EE86C9F0D1,00CCE6A84E6D63A1A42E105839BC8ED5D4B16669,2020-09-26 15:45:31.274000,2020-09-26 15:45:31.932000
2yfaqmx7m7aanyp5,failed,not_found,125,B76A047C20D3E4F9B5A64428298DA55A90D62472,CB92FA4D7D71F134CE1F1FFF2BFF53E88DD4A1DB,E5CC91BAFE7CCD68003E873D32E38027638D49D7,EA4366BCDCA6167B8CFF70E41D8CD1EE9968E445,2020-09-26 15:45:31.933000,2020-09-26 15:45:32.675000
2yfaqmx7m7aanyp5,failed,not_found,149,B76A047C20D3E4F9B5A64428298DA55A90D62472,1079E628FC6B0025656AC024F2D9975C441498CD,3523171F7CA63A75EEFB87DFE98C8AC0C90F7AB8,00C22D3BC1822EB8EA380AF04245337399E796E2,2020-09-26 15:45:32.675000,2020-09-26 15:45:33.379000
sjvmdip2dzwhwf66,failed,not_found,50,B76A047C20D3E4F9B5A64428298DA55A90D62472,13EE0E14C6A2751633138277C1443A4C37DD55D4,C215211F88FFCF8C6E70CC34C76DA0948E3DD24A,47C42E2094EE482E7C9B586B10BABFB67557030B,2020-09-26 15:45:26.840000,2020-09-26 15:45:27.734000
sjvmdip2dzwhwf66,failed,not_found,52,B76A047C20D3E4F9B5A64428298DA55A90D62472,9B047A91AC809AA020A1F42E3E785DBCEBF3652F,163303F0583A1917326214379BD1AB2D286046EA,47A3D00525F041F382B398BF95BC58E0EC23276B,2020-09-26 15:45:27.734000,2020-09-26 15:45:27.979000
sjvmdip2dzwhwf66,failed,not_found,63,B76A047C20D3E4F9B5A64428298DA55A90D62472,D56A98D38FC3C75E0347EEF3DD9C12749AF7C7C5,262E032269CD1FC56B8BBCBD084820BA76CCE675,47B22D6B46447B533E962966B9559E249B6F915C,2020-09-26 15:45:27.979000,2020-09-26 15:45:30.954000
sjvmdip2dzwhwf66,failed,not_found,106,B76A047C20D3E4F9B5A64428298DA55A90D62472,91BA193FB362FB7B6679A7A83A3050F3C44A5468,F3CEC87ED91E0B0B1D86BE4D7DE90F00B607ECAF,08EC5CF75EE99A8051A88DFA41EE60CF635F5A21,2020-09-26 15:45:30.954000,2020-09-26 15:45:32.403000
sjvmdip2dzwhwf66,,,,,,,08F06A0DDAFABF9A26FCB2E392A1435F9E048216,2020-09-26 15:45:32.405000,
it42fp7wflccxnbh,failed,not_found,58,B76A047C20D3E4F9B5A64428298DA55A90D62472,39BD825F627DDF78E322EB4378C17615506AD3A1,7674C383F7F551E065E3E95BBCFC067157546A17,7CBC1D4754EF3A62C15CB48C08029C99009E2ECF,2020-09-26 15:45:27.842000,2020-09-26 15:45:28.974000
it42fp7wflccxnbh,failed,not_found,71,B76A047C20D3E4F9B5A64428298DA55A90D62472,38DC78302D5CB107B6D5CCC02EE4D8773AA910DE,67CDF7A4D06E98E55AAE595BBEBF38E64C4CCBF3,7D044CBC4763D4BE7F115FBFC3B7B76DA8432348,2020-09-26 15:45:28.975000,2020-09-26 15:45:29.739000
it42fp7wflccxnbh,failed,not_found,82,B76A047C20D3E4F9B5A64428298DA55A90D62472,59BC32EA48ED1D06A373856434C0C5C4D2D86603,AF42BD51EEBA9329E110AA8D206FED316E1DA671,562C61C7F885741D599DB7A1235791D928BEADFD,2020-09-26 15:45:29.739000,2020-09-26 15:45:30.544000
it42fp7wflccxnbh,failed,not_found,86,B76A047C20D3E4F9B5A64428298DA55A90D62472,DD5DA21CC5036533AE2010DE2C7E72BE2CDF9C5E,4CDAF2ABCFF8F048FCB4316807DC6336A7803DDE,7CD234DFEFE8F215EC9AE2BC1D2CAFC9E0D1CC00,2020-09-26 15:45:30.544000,2020-09-26 15:45:31.648000
it42fp7wflccxnbh,failed,not_found,115,B76A047C20D3E4F9B5A64428298DA55A90D62472,964B4E8A75263A69769541F2764563DABDD995D2,FE1AF5E909002134BFF834F4AD5E1DE723779002,5628495D9939A8C139DD441402DE42F7012B7092,2020-09-26 15:45:31.648000,2020-09-26 15:45:32.864000
it42fp7wflccxnbh,failed,not_found,162,B76A047C20D3E4F9B5A64428298DA55A90D62472,547C1CDB516798EC66A01F04A5884DCE1A151919,B3FDF69E31D8A3FA7D1A0C05C3C90743EAA99CA3,562434D987CF49D45649B76ADCA993BEA8F78471,2020-09-26 15:45:32.865000,2020-09-26 15:45:33.544000
lfx7kjtpto4xd4ea,failed,not_found,61,B76A047C20D3E4F9B5A64428298DA55A90D62472,1F4105C688E835A56AF3D66C787677B57240FFA2,2BAF092E8667C00CA3D9686C76D8EC3CC6BC7C5B,7EB91FDB68EAD3A13808D9356DA82605773215F5,2020-09-26 15:45:28.832000,2020-09-26 15:45:29.187000
lfx7kjtpto4xd4ea,failed,not_found,69,B76A047C20D3E4F9B5A64428298DA55A90D62472,CC651A7620A8129209BF865CA6ECC1F09023DD28,32F3621E84AEE1A211DBE70B0EAB89E41A7A8B9F,7EAF9E55B9B40532AF2DB5B70392F30E5AA1C596,2020-09-26 15:45:29.187000,2020-09-26 15:45:29.569000
lfx7kjtpto4xd4ea,failed,not_found,78,B76A047C20D3E4F9B5A64428298DA55A90D62472,879B036468D30AB1A2195F96D2C91F3CAA8D1DC2,FB016E16B8CD7A0E53DEEF31ED8754E4F6B8E837,5C01B2D72D75F109550963F810C2010BDA208549,2020-09-26 15:45:29.570000,2020-09-26 15:45:30.286000
lfx7kjtpto4xd4ea,failed,not_found,89,B76A047C20D3E4F9B5A64428298DA55A90D62472,EAB20BD4083C820EC8329ED5AEBF12019A7749F3,D16A75E422664448F8A7E7D536D359D512B91256,5BF170F5773748C783BE4B67DABF5338C03B1AE7,2020-09-26 15:45:30.287000,2020-09-26 15:45:30.933000
lfx7kjtpto4xd4ea,failed,not_found,104,B76A047C20D3E4F9B5A64428298DA55A90D62472,38F0B34A86E19A2C65B20F95BFB0CBE40E3165C9,09092FF120A9FD9DC1AEAC899B5C3CFECBA6C279,7EB86B057A761B085273049642863EF9DACAE6E8,2020-09-26 15:45:30.933000,2020-09-26 15:45:32.074000
lfx7kjtpto4xd4ea,failed,not_found,128,B76A047C20D3E4F9B5A64428298DA55A90D62472,1BB9F857B41ABFB3BE0570F8A86DDCFD198713A2,B5831845F631C3E053B12D4714332E930219A014,5BF17163CBE73D8CD9FDBE030C944EA05707DA93,2020-09-26 15:45:32.074000,2020-09-26 15:45:33.063000
34kt33nlcignh7vl,failed,not_found,84,B76A047C20D3E4F9B5A64428298DA55A90D62472,7260949459C2D4D4A5ABC3AC10C1AD6939E6525C,1C84C89198911D0C8962AA65C3E4E6530075396E,E3BE523603E9CB038A289FA38066E01A4FE7BD98,2020-09-26 15:45:29.840000,2020-09-26 15:45:30.975000
34kt33nlcignh7vl,failed,not_found,108,B76A047C20D3E4F9B5A64428298DA55A90D62472,5FB384605F53DCBF1CB02143D318DA3E8EE38A24,083C52051140DB8AF770BD40C7C8883EFFF4CAF3,059208418A85DAEA537027F54AF9DB8A01AFF381,2020-09-26 15:45:30.976000,2020-09-26 15:45:32.207000
34kt33nlcignh7vl,failed,not_found,130,B76A047C20D3E4F9B5A64428298DA55A90D62472,917A2DADBA0D7727DF7FFD46AD923FD937686A3D,B0B26AEDB0D1E21EA8E06530CAAD953B464286FB,E3D61BAEA0B7CB12CACEDC8821C520557BDFCEA3,2020-09-26 15:45:32.208000,2020-09-26 15:45:32.887000
34kt33nlcignh7vl,failed,not_found,165,B76A047C20D3E4F9B5A64428298DA55A90D62472,9A48EC8AAFB2E8C9E20408596383DB74F1196747,44496B18C68356AF3A58ACAD835429C37B9432ED,05976EAC91BC67A6C0628476EE24DAC1CC378A10,2020-09-26 15:45:32.888000,2020-09-26 15:45:35.026000
34kt33nlcignh7vl,failed,not_found,230,B76A047C20D3E4F9B5A64428298DA55A90D62472,AD7552F2CFBF472F9FFE748D3E82994EA6050A76,16AE2704B794C6C0013C7E47AF11DCABA808A0B9,E3C80B91620F9B4352C403B2D692C09403DA2599,2020-09-26 15:45:35.026000,2020-09-26 15:45:36.007000
34kt33nlcignh7vl,failed,not_found,267,B76A047C20D3E4F9B5A64428298DA55A90D62472,CA4E9DFE87DE87E502F3B503D07EC8EFCAEE2549,F3F3F4900B87CF4A6B4A7F9402502FC457B7B1FC,05B451C0562FDE23307AFA84FD6A37652E615233,2020-09-26 15:45:36.008000,2020-09-26 15:45:36.765000
xf2wwoyosorjwo7d,failed,not_found,100,B76A047C20D3E4F9B5A64428298DA55A90D62472,3C79699D4FBC37DE1A212D5033B56DAE079AC0EF,24A17A4C1FA8C2108ACDE3BE681B0731384BF3A5,2CD317C624803B77EAD32C96382884B0CAD4DB3F,2020-09-26 15:45:30.847000,2020-09-26 15:45:31.649000
xf2wwoyosorjwo7d,failed,not_found,116,B76A047C20D3E4F9B5A64428298DA55A90D62472,8701E70AC4C0C9E1FE47EA853FC997D29BE5D65C,34979DBD475FFED9CF6556E349DDEDEE69104345,0122A605B7C170D6086143448273D9A9844B69E2,2020-09-26 15:45:31.649000,2020-09-26 15:45:32.416000
xf2wwoyosorjwo7d,failed,not_found,122,B76A047C20D3E4F9B5A64428298DA55A90D62472,EB65CCB8612FA67FED17B57DA5B6919E40296DD0,D5C6F62A5D1B3C711CA5E6F9D3772A432E96F6C2,0128115EC4CC35785E005F0BF2FEDF7ECDC4F03B,2020-09-26 15:45:32.416000,2020-09-26 15:45:32.835000
xf2wwoyosorjwo7d,failed,not_found,156,B76A047C20D3E4F9B5A64428298DA55A90D62472,4E5C4ED5CC70E5A32B48392FF72CC4BE24937EDA,FC1E441E097BA36930AA2F615EFB325AF76D2595,2CCCE975EAA30BC303DE0B5FCE50A25917F6A531,2020-09-26 15:45:32.835000,2020-09-26 15:45:33.824000
xf2wwoyosorjwo7d,failed,not_found,190,B76A047C20D3E4F9B5A64428298DA55A90D62472,CF6A6080091BB210AA3892FEFE2F6A396DA08DF3,516034FF15C96CE841ECCD876EF604802AA5C650,0136696B025AC5503847D736FE9F3D65EB27A596,2020-09-26 15:45:33.824000,2020-09-26 15:45:34.742000
xf2wwoyosorjwo7d,failed,not_found,217,B76A047C20D3E4F9B5A64428298DA55A90D62472,CF4DB0E0480FEB1E8F59C3D774EB9275283D579D,59BC32EA48ED1D06A373856434C0C5C4D2D86603,2CC941573AE68528BE731B758BCABBE0CE62F231,2020-09-26 15:45:34.742000,2020-09-26 15:45:36.417000
ihpdgoyrtbzqfpfx,failed,not_found,120,B76A047C20D3E4F9B5A64428298DA55A90D62472,EE7CD2A763435C7006095BD167C790ABE5BC4DEA,38E48C9509E18F405749859EEF299EBC1B829602,CEACA34874EAD103D27CA6A7650B16112F12B209,2020-09-26 15:45:31.842000,2020-09-26 15:45:32.495000
ihpdgoyrtbzqfpfx,failed,not_found,142,B76A047C20D3E4F9B5A64428298DA55A90D62472,33D88F331408141F2A2CC563239E54E48F7A211B,34133CC3192CF7538089B14511400DF21BA5A077,CEA2E066A7F8EC0F235F5190E25DD3C9F86F084B,2020-09-26 15:45:32.495000,2020-09-26 15:45:33.609000
ihpdgoyrtbzqfpfx,failed,not_found,185,B76A047C20D3E4F9B5A64428298DA55A90D62472,A9BEA2E0699D1F60521C8A1167340945A419D102,645C3F0545E0975A49F69EC272C0C3EA28586825,9D21F034C3BFF4E7737D08CF775DC1745706801F,2020-09-26 15:45:33.609000,2020-09-26 15:45:35.345000
ihpdgoyrtbzqfpfx,failed,not_found,236,B76A047C20D3E4F9B5A64428298DA55A90D62472,A857DA8F3728DE4475BFCD86D91351F5E302B3DF,50A39337EC55FC25E863868E80771220E468FC4C,CEC92F3BE8A2F3A46D3C042721D6BDBF2F40F4C5,2020-09-26 15:45:35.345000,2020-09-26 15:45:36.036000
ihpdgoyrtbzqfpfx,failed,not_found,270,B76A047C20D3E4F9B5A64428298DA55A90D62472,8CA736F332937E4FA0F5F48488B823F31883123C,F37C8E806506E82FB540A7A6D075021CE2536F21,9CFA49D7F6C1774FFECC12AD3F3E59BD781285EF,2020-09-26 15:45:36.037000,2020-09-26 15:45:37.686000
ihpdgoyrtbzqfpfx,failed,not_found,596,B76A047C20D3E4F9B5A64428298DA55A90D62472,ACF165754601059ED2E472F893AD0FA4CAF1142D,72AEC98AD2DCCE15106F07F35D1B0D02A1530521,9D1E4B6383D9398D1592C1D8087D6817278F9DBF,2020-09-26 15:45:37.687000,2020-09-26 15:45:46.904000
zffjyb23mtgqterd,failed,not_found,159,B76A047C20D3E4F9B5A64428298DA55A90D62472,CE34F2DA5B7B419D9D126530DCE86EA87D6D13EE,C86C538EF0A24E010342F30DBCACC2A7EB7CA833,605EE4375EE4C38215C8949F5808863749FD4F4A,2020-09-26 15:45:32.851000,2020-09-26 15:45:33.518000
zffjyb23mtgqterd,failed,not_found,168,B76A047C20D3E4F9B5A64428298DA55A90D62472,0367E1FFAB716AC3F418CFB7CBB3BDB9403CD9CB,163303F0583A1917326214379BD1AB2D286046EA,86F2828CB4B0875515607F4E2097951542B713EF,2020-09-26 15:45:33.518000,2020-09-26 15:45:33.864000
zffjyb23mtgqterd,failed,not_found,196,B76A047C20D3E4F9B5A64428298DA55A90D62472,F3DF2415A5ECFB57835CF7E629C3AD0E1DA6732B,E81993EA52B73285CFFD02FEC003569D21483001,86D924EDE1498B4E1DD08D2260F3E9FE454012E1,2020-09-26 15:45:33.865000,2020-09-26 15:45:34.701000
zffjyb23mtgqterd,failed,not_found,214,B76A047C20D3E4F9B5A64428298DA55A90D62472,7B7C7F31205D7AEB5DFFEDA08E00282A78CD76E0,E46C3F0533709EE2112874B13A4FE3868B33E75E,86FBA753C8D25653E086B98FFF8AA084F862DB67,2020-09-26 15:45:34.702000,2020-09-26 15:45:35.693000
zffjyb23mtgqterd,failed,not_found,249,B76A047C20D3E4F9B5A64428298DA55A90D62472,BBBBBAD453263D786EC34AB68A06214288910345,4D568479B37A688769F410E9A914909E8CC2A5B8,60769652C04712912E6E21CED1F08DC797789A75,2020-09-26 15:45:35.694000,2020-09-26 15:45:36.961000
zffjyb23mtgqterd,failed,not_found,306,B76A047C20D3E4F9B5A64428298DA55A90D62472,EF67815E9E41112175BCC36BA5FC7F973EF3B9BF,F1759BB360F666B6A8CE02CD04F028E8425FD9CF,60685893A57D66562A0754BEE3B6A6E68082C8BE,2020-09-26 15:45:36.961000,2020-09-26 15:45:38.392000
ldjzh7c5g7acaxnv,failed,not_found,193,B76A047C20D3E4F9B5A64428298DA55A90D62472,FB016E16B8CD7A0E53DEEF31ED8754E4F6B8E837,980B28A19B0A66948035A3FE143E5CF613C84122,69BE1831EC63C751D241E5E962DA4793355A6253,2020-09-26 15:45:33.848000,2020-09-26 15:45:34.611000
ldjzh7c5g7acaxnv,failed,not_found,199,B76A047C20D3E4F9B5A64428298DA55A90D62472,56781CCC9F6D29FEA148799AB588429C893A473C,018DD9C3A0D2AD0FFCAE3978D89418C1B88B81D5,69B53A5AE5025DA8947F7C32F69CA90375ED2A4E,2020-09-26 15:45:34.612000,2020-09-26 15:45:35.318000
ldjzh7c5g7acaxnv,failed,not_found,233,B76A047C20D3E4F9B5A64428298DA55A90D62472,FB016E16B8CD7A0E53DEEF31ED8754E4F6B8E837,A8D44B832F3267ABFC73F540C6C4CF0229FD7EB3,3BB035514F8246AC367B5370F4FE120BB11D8C6D,2020-09-26 15:45:35.318000,2020-09-26 15:45:35.913000
ldjzh7c5g7acaxnv,failed,not_found,262,B76A047C20D3E4F9B5A64428298DA55A90D62472,DD7BD3E5BD0BA48A8C70B0CDF017FA5988B87E27,1252A53FE719AF72C0FD1E54D8DE08C0327E5A4A,69C4C2CFCF6B418636976B5FFC0140A3BE211312,2020-09-26 15:45:35.913000,2020-09-26 15:45:36.558000
ldjzh7c5g7acaxnv,failed,not_found,285,B76A047C20D3E4F9B5A64428298DA55A90D62472,EA3616A0B9BBBDC74121D8D6F01EABDDCF6BE35D,36BABBBC06E2BF9D2C992371324B95B812E10A40,3BA07FCB32A0151EF9B76507213E43D8ABD3BE5F,2020-09-26 15:45:36.558000,2020-09-26 15:45:37.488000
ldjzh7c5g7acaxnv,failed,not_found,298,B76A047C20D3E4F9B5A64428298DA55A90D62472,EE7CD2A763435C7006095BD167C790ABE5BC4DEA,CBB5AE37E2927A915D70FA71572D2EA203F03E83,3BAACE149DB31574B327BF835B594B707D12CD58,2020-09-26 15:45:37.488000,2020-09-26 15:45:37.822000
apsrxky3wu262rqy,failed,not_found,220,B76A047C20D3E4F9B5A64428298DA55A90D62472,F6AAFCFB722532DA3E2A54135000E672B9473835,E7882187F6FA695450719FD3738D640FBDFF5D48,E432C6B90254DD0675F86D3E4D5F3A2CA100DE8B,2020-09-26 15:45:34.855000,2020-09-26 15:45:35.647000
apsrxky3wu262rqy,failed,not_found,223,B76A047C20D3E4F9B5A64428298DA55A90D62472,1684B30AE2ADD371E5D3A8B3F28ACA4CE9CA2E00,E3E7491900ECA759D7FA64E6B1CCBD6AC69474D7,E4240508EFC308D01665A07BD98B8564740D3376,2020-09-26 15:45:35.648000,2020-09-26 15:45:36.499000
apsrxky3wu262rqy,failed,not_found,259,B76A047C20D3E4F9B5A64428298DA55A90D62472,F6740DEABFD5F62612FA025A5079EA72846B1F67,43C83536DACCD110FF11E049A890064F6F87BEB2,40C773D9F2B16143CDB2ADB661DDC6BB12EF3E2C,2020-09-26 15:45:36.499000,2020-09-26 15:45:36.946000
apsrxky3wu262rqy,failed,not_found,301,B76A047C20D3E4F9B5A64428298DA55A90D62472,565844893E1D9A4945400BA0E122CAA7181BC9B3,8FA37B93397015B2BC5A525C908485260BE9F422,E43A346CB81DDF364B6FF68235AFADBA0E8692B8,2020-09-26 15:45:36.946000,2020-09-26 15:45:37.598000
apsrxky3wu262rqy,failed,not_found,445,B76A047C20D3E4F9B5A64428298DA55A90D62472,303509AB910EF207B7438C27435C4A2FD579F1B1,3092A9B4B9356F9D84D7521A59DBFC5CB3B5332C,4099DEA68268A5ED261078DE1734891334A146F9,2020-09-26 15:45:37.599000,2020-09-26 15:45:43.056000
apsrxky3wu262rqy,failed,not_found,495,B76A047C20D3E4F9B5A64428298DA55A90D62472,1BB9F857B41ABFB3BE0570F8A86DDCFD198713A2,66BD39FE805AED414ADE400CAAD862C9CC3AC34E,4089AFC68F3CBEA8D135F5D7110DAA8A14F3928B,2020-09-26 15:45:43.056000,2020-09-26 15:45:43.774000
jjmjwbbt7vzoqybr,failed,not_found,256,B76A047C20D3E4F9B5A64428298DA55A90D62472,5790B62AD6C79A1092B30993A8F0F7F23A969FD6,0677DF0B05ECDA2EF45F26C3332731043BB89AB8,D8EA105E79803FB0040A8C2A676D93DAEA2CFFF0,2020-09-26 15:45:35.843000,2020-09-26 15:45:36.708000
jjmjwbbt7vzoqybr,failed,not_found,290,B76A047C20D3E4F9B5A64428298DA55A90D62472,A99B0D9E5FD5BC3C8F2D006EC91F8C7F40E09CB8,BEA635C89C057DB8E879572C6A2C188239CFAD68,578E007E5E4535FBFEF7758D8587B07B4C8C5D06,2020-09-26 15:45:36.708000,2020-09-26 15:45:37.662000
jjmjwbbt7vzoqybr,failed,not_found,322,B76A047C20D3E4F9B5A64428298DA55A90D62472,A59AD84F92B2E5A76EBFE3BE62D3B28AF9BFD127,EE7CD2A763435C7006095BD167C790ABE5BC4DEA,5786D04C5A2885D19E606F13C4203F60AEE38110,2020-09-26 15:45:37.662000,2020-09-26 15:45:38.439000
jjmjwbbt7vzoqybr,failed,not_found,331,B76A047C20D3E4F9B5A64428298DA55A90D62472,BC238DA10F427C21685F766317F7E0946954B88F,A99B0D9E5FD5BC3C8F2D006EC91F8C7F40E09CB8,D907BCD0B9510C462EEB0688FD5421CD2E172B77,2020-09-26 15:45:38.439000,2020-09-26 15:45:39.133000
jjmjwbbt7vzoqybr,failed,not_found,357,B76A047C20D3E4F9B5A64428298DA55A90D62472,B923D15EDF4E7B1261876860D51FAB907ED18347,79E48A3242DB3515700F8925FA8E6323F8D51D7D,5790B62AD6C79A1092B30993A8F0F7F23A969FD6,2020-09-26 15:45:39.134000,2020-09-26 15:45:39.957000
jjmjwbbt7vzoqybr,failed,not_found,374,B76A047C20D3E4F9B5A64428298DA55A90D62472,6ED3BE22B2261258017B3F0584706265985D7AE9,71BBBC406506ACB5AFCF9BE4476283363EEC1B66,D91F295BFAF865BF76DA0820485B6650DD832DC5,2020-09-26 15:45:39.957000,2020-09-26 15:45:40.903000
oezszq4lbzo4zphq,failed,not_found,397,B76A047C20D3E4F9B5A64428298DA55A90D62472,A231513B758330E6E6DB18F5B6EC6DAAA406C31D,8EA58F28DCA60F56C6F2131BDFE9BF5FAF2233CE,1FDF4D0660A7497222C3BA24FEEA316244093CD7,2020-09-26 15:45:36.847000,2020-09-26 15:45:41.930000
oezszq4lbzo4zphq,failed,not_found,597,B76A047C20D3E4F9B5A64428298DA55A90D62472,39157328C19734ACD46BC6CD247F5E673D9EE9C8,34AC6170825ADD59DDD6042C9E5B6A9015B10CF0,594193E51F382E34080D76B5ECAF5C7B67CF05EF,2020-09-26 15:45:41.931000,2020-09-26 15:45:47.152000
oezszq4lbzo4zphq,failed,not_found,646,B76A047C20D3E4F9B5A64428298DA55A90D62472,D49D0071D9236EFC6AC527292894A5A2143F815D,E6C04728E9339DF22F331B7017D4A7AA3F252F0B,1FE9F0F999FB72F4AFB0D1B9239B78E9519C11F7,2020-09-26 15:45:47.152000,2020-09-26 15:45:48.197000
oezszq4lbzo4zphq,failed,not_found,678,B76A047C20D3E4F9B5A64428298DA55A90D62472,12CF6DB4DAE106206D6C6B09988E865C0509843B,4E81EA3528D6FB79B10B0F11C6FC96CE1C060021,590868658B6852AF7BB20316DB63CDC84508EC2E,2020-09-26 15:45:48.197000,2020-09-26 15:45:49.666000
oezszq4lbzo4zphq,failed,not_found,722,B76A047C20D3E4F9B5A64428298DA55A90D62472,D08660B6D70B6249A57D89BB7A8F2EA2C952BD35,D8056CAD4A3D6EE7D82748027474BF5C53E569D9,5924EF84AAD21073CD58515D1643553A77D7B35F,2020-09-26 15:45:49.667000,2020-09-26 15:45:50.378000
oezszq4lbzo4zphq,failed,not_found,747,B76A047C20D3E4F9B5A64428298DA55A90D62472,C69BE3F0326A7328556501BE237408F32748247D,74B41DED505CFABC7A8D439362FC9B6589DE4591,200473B7974E8D78B75B28DBD6C218DA3A0B8059,2020-09-26 15:45:50.378000,2020-09-26 15:45:51.399000
bsedfbglqgvzybkx,failed,not_found,328,B76A047C20D3E4F9B5A64428298DA55A90D62472,138ED47EE2156E6492FDE0B61338D973C9717F32,C0F3C0EF81D84182379AA4CA5AD5A5289D011145,7A3E534C033E3836BD5AF223B642853C502AB33A,2020-09-26 15:45:37.854000,2020-09-26 15:45:38.541000
bsedfbglqgvzybkx,failed,not_found,344,B76A047C20D3E4F9B5A64428298DA55A90D62472,F1612C915458BCF52CC49559E84A0D0240FA7F23,5CF2BC575B3537AEE1E531021E2DB682B591C5A4,7A6873B86D82BC8B4F0E790828626107820F7B9E,2020-09-26 15:45:38.541000,2020-09-26 15:45:39.294000
bsedfbglqgvzybkx,failed,not_found,360,B76A047C20D3E4F9B5A64428298DA55A90D62472,270934A4F7B669AA387F2D475FBE793D03694547,FE54C9B92F5306A4520072B96085EC09909B01D1,E321D0118DAD44BBC74A5C26FE7CFDBAAF3DA077,2020-09-26 15:45:39.295000,2020-09-26 15:45:40.735000
bsedfbglqgvzybkx,failed,not_found,371,B76A047C20D3E4F9B5A64428298DA55A90D62472,DC2B1E4348AF306326FA63EEDB76EA6139133485,72A33E374DE5AD1E617394896F0FD8B092D3E7C4,7A6EC43FD4CD5990230FCE48EC37AFC578E36CE6,2020-09-26 15:45:40.735000,2020-09-26 15:45:41.105000
bsedfbglqgvzybkx,failed,not_found,403,B76A047C20D3E4F9B5A64428298DA55A90D62472,B7C23613DF258A97D2F3FAA05ECCE683EF0E9B8D,564A7F1D0314125AF60096CDE0A887F286608240,E330A88754840629644527394FD43001D5B89C7A,2020-09-26 15:45:41.105000,2020-09-26 15:45:41.769000
bsedfbglqgvzybkx,failed,not_found,429,B76A047C20D3E4F9B5A64428298DA55A90D62472,8CC7474E0671B257AA821624F6B43D9B07CBDC89,D23F48B37526F904EECB3C8ED0747EF254C11BB4,E312A938D71045BE3A5C1FF3AB87CF7464194861,2020-09-26 15:45:41.770000,2020-09-26 15:45:42.348000
pj5j35bdlt7f2e4h,failed,not_found,349,B76A047C20D3E4F9B5A64428298DA55A90D62472,F7D3EF888541DDE246D36F4E7C8E90F24618910E,88748052843CC93A02BE1D9E9B5B358AB3A104AA,95A30F58E3DE3BE75D5CBAF7426BBF5786F2C1E3,2020-09-26 15:45:38.857000,2020-09-26 15:45:39.984000
pj5j35bdlt7f2e4h,failed,not_found,377,B76A047C20D3E4F9B5A64428298DA55A90D62472,CC6910CF21D17C1BD68FE224CE7685BEB42558A8,620FDCFF1BAE76B9A060982F41B8D31205F39048,957354D72042719C310A907FBFE42A3232C78757,2020-09-26 15:45:39.985000,2020-09-26 15:45:41.412000
pj5j35bdlt7f2e4h,failed,not_found,398,B76A047C20D3E4F9B5A64428298DA55A90D62472,562434D987CF49D45649B76ADCA993BEA8F78471,8B51EF7AD52443F873211BF86C7D789406D59F2F,8E8E9D3FD1F25814CDB57A7DBAA290114EADE7BE,2020-09-26 15:45:41.412000,2020-09-26 15:45:42.319000
pj5j35bdlt7f2e4h,failed,not_found,447,B76A047C20D3E4F9B5A64428298DA55A90D62472,890530C5B510A506F5CF206EFEC1595F96E727A5,CD10B52ACC8A0AD7D1B4C40B849771BD1D0DFF45,8EB53B7C8D8E2FF830DA324A05BE8CE954BABC55,2020-09-26 15:45:42.320000,2020-09-26 15:45:42.888000
pj5j35bdlt7f2e4h,failed,not_found,482,B76A047C20D3E4F9B5A64428298DA55A90D62472,003BFA1B6CC5CBEFD5D0082F8FC9AF2A8868A8FB,FD449127D30D8F5D124653D9EF736EDF4A12B4DC,8EA58F28DCA60F56C6F2131BDFE9BF5FAF2233CE,2020-09-26 15:45:42.889000,2020-09-26 15:45:43.773000
pj5j35bdlt7f2e4h,failed,not_found,523,B76A047C20D3E4F9B5A64428298DA55A90D62472,67738D287FBB686B0F6BF1221505BE17781D50DC,AFE05115595A1D028E91AD41F6A07239DB04CEBC,956CD533B7C331C675D30A50900A2E9777D42782,2020-09-26 15:45:43.773000,2020-09-26 15:45:47.769000
qt3aex673kxmsnqg,failed,not_found,352,B76A047C20D3E4F9B5A64428298DA55A90D62472,BCD2F039FC8B8F1D33742E72E15D710F777F664E,06B308F54B4A779D74B30536964182A09C08AB8F,DE4EB74B8105751568A75649F6672A31F2A3DE20,2020-09-26 15:45:39.841000,2020-09-26 15:45:41.386000
qt3aex673kxmsnqg,failed,not_found,406,B76A047C20D3E4F9B5A64428298DA55A90D62472,EEDF0AF1F892C82F056063827B47283CC9AEAA41,557B39146EB121C8CFA22C48AD78BDBDBC8FF3A1,DE514E42528D4FB8B79804B561008B482B91D402,2020-09-26 15:45:41.386000,2020-09-26 15:45:42.099000
qt3aex673kxmsnqg,failed,not_found,450,B76A047C20D3E4F9B5A64428298DA55A90D62472,331452F317390D3C78BCD759170699E55C5570C9,EE7CD2A763435C7006095BD167C790ABE5BC4DEA,DE29A5C0DB38AA229286B237798D8817EE6B75E2,2020-09-26 15:45:42.100000,2020-09-26 15:45:43.002000
qt3aex673kxmsnqg,failed,not_found,634,B76A047C20D3E4F9B5A64428298DA55A90D62472,E81993EA52B73285CFFD02FEC003569D21483001,D56A98D38FC3C75E0347EEF3DD9C12749AF7C7C5,D439FC3B5F0A81796F4622320197A90032CAE4DB,2020-09-26 15:45:43.003000,2020-09-26 15:45:47.767000
qt3aex673kxmsnqg,failed,not_found,657,B76A047C20D3E4F9B5A64428298DA55A90D62472,F966CC62522A4F9C482CB555D43249A9874413D8,25990FC54D7268C914170A118EE4EE75025451DA,D46F368FDCFB9363A2A9B8279FFC2331B540BD0E,2020-09-26 15:45:47.768000,2020-09-26 15:45:48.539000
qt3aex673kxmsnqg,failed,not_found,635,B76A047C20D3E4F9B5A64428298DA55A90D62472,CCF2FD0048FCC9A842BE881472CEC148BB4EF458,62712B2C24A169B24336CD2FE2BE55DA67476C8B,D43EF31799FDCE5A235D1E76F4324C00F6804B05,2020-09-26 15:45:48.539000,2020-09-26 15:45:49.389000
hw5dv53gtqshc25d,failed,not_found,390,B76A047C20D3E4F9B5A64428298DA55A90D62472,F641F043D50CEFA07EE41EB284466458788808ED,5B1F0DAF378A1FAFCFD5FA9CDC66D1023DC0276E,C59E079437340E3AD14E6785C0A91A5B6F328566,2020-09-26 15:45:40.858000,2020-09-26 15:45:41.744000
hw5dv53gtqshc25d,failed,not_found,426,B76A047C20D3E4F9B5A64428298DA55A90D62472,F0B580798BB303BA36ED1268568E2AD935B6C486,A20CB2416BDECC60B681FEE20113361DB7DDE5DB,C58DE93ED11CBB74823669F7C6E41D513F2049BE,2020-09-26 15:45:41.744000,2020-09-26 15:45:43.055000
hw5dv53gtqshc25d,failed,not_found,494,B76A047C20D3E4F9B5A64428298DA55A90D62472,A79F94117D73D4AFA4BCE340A3CB6E345C817594,EA3616A0B9BBBDC74121D8D6F01EABDDCF6BE35D,C577C56EAD654C829D1FF2F86133F89A1A59AA89,2020-09-26 15:45:43.055000,2020-09-26 15:45:43.829000
hw5dv53gtqshc25d,failed,not_found,526,B76A047C20D3E4F9B5A64428298DA55A90D62472,0990E0F4F2C127BDDA9B6726400FAC077F6C83B0,484F666C491BCDE22B45E0E19D1CEA5ACC5A9611,1DB25DF59DAA01B5BE3D3CEB8AFED115940EBE8B,2020-09-26 15:45:43.830000,2020-09-26 15:45:45.072000
hw5dv53gtqshc25d,failed,not_found,569,B76A047C20D3E4F9B5A64428298DA55A90D62472,1CD48F4ED0F1821FFBF1940802A13EEFD4C27502,8CA736F332937E4FA0F5F48488B823F31883123C,1DBACC31486FC670FBD403FAE877342EC696D598,2020-09-26 15:45:45.072000,2020-09-26 15:45:45.837000
hw5dv53gtqshc25d,failed,not_found,586,B76A047C20D3E4F9B5A64428298DA55A90D62472,E46C3F0533709EE2112874B13A4FE3868B33E75E,D80EA21626BFAE8044E4037FE765252E157E3586,1DC17C4A52A458B5C8B1E79157F8665696210E10,2020-09-26 15:45:45.837000,2020-09-26 15:45:46.632000
6wmwhvkomozafsqn,failed,not_found,435,B76A047C20D3E4F9B5A64428298DA55A90D62472,0677DF0B05ECDA2EF45F26C3332731043BB89AB8,A2F7674E837C4131D70A840262AFC269801F14BA,71C924A772F69451FE97FE5A9025DEDDEF3DB664,2020-09-26 15:45:41.847000,2020-09-26 15:45:42.721000
6wmwhvkomozafsqn,failed,not_found,474,B76A047C20D3E4F9B5A64428298DA55A90D62472,66BBCD0D58FDB891AD86CE22A2613A9BEE3CA274,32C1100B5EF19A5BFBB431E8D42781C2D09D31C3,71C7D2AC5C0346AE3757FE3CDB3836976B85E96C,2020-09-26 15:45:42.722000,2020-09-26 15:45:43.770000
6wmwhvkomozafsqn,failed,not_found,518,B76A047C20D3E4F9B5A64428298DA55A90D62472,41145C3169D810DB360FF2FCA232093B02C0B262,BDD1B4801294D81C1F89C9AB488BA993DDF1B520,CF6A061268FF0EEFD323E0E91B1E9DF24098E413,2020-09-26 15:45:43.770000,2020-09-26 15:45:44.341000
6wmwhvkomozafsqn,failed,not_found,532,B76A047C20D3E4F9B5A64428298DA55A90D62472,901C2689FDABE7165AB7AC4E8231F12A2674916E,D0681DAAABC320310B8616951D6C19F69F778A6F,CF556653E704F7B619E1BBC0AE86A8E2E185A17F,2020-09-26 15:45:44.341000,2020-09-26 15:45:44.787000
6wmwhvkomozafsqn,failed,not_found,557,B76A047C20D3E4F9B5A64428298DA55A90D62472,D87698D8E2276C7E93D531B7C2A1B27D58C71876,EA6259917ADF4D47AD5D52E3576008D90C222D17,CF4DB0E0480FEB1E8F59C3D774EB9275283D579D,2020-09-26 15:45:44.787000,2020-09-26 15:45:45.881000
6wmwhvkomozafsqn,failed,not_found,592,B76A047C20D3E4F9B5A64428298DA55A90D62472,980B28A19B0A66948035A3FE143E5CF613C84122,8701E70AC4C0C9E1FE47EA853FC997D29BE5D65C,71CFDEB4D9E00CCC3E31EC4E8A29E109BBC1FB36,2020-09-26 15:45:45.882000,2020-09-26 15:45:46.734000
spsv37klaocdk7kf,failed,not_found,477,B76A047C20D3E4F9B5A64428298DA55A90D62472,82ED9AEC94184EC6DD299A5CDB3378B04BB17489,BFD3FC19AD1F691C01B5392DE90D3510B8D1B886,2935E0F03B71BE44F6F265FEF976E810BAAD6F4E,2020-09-26 15:45:42.848000,2020-09-26 15:45:43.773000
spsv37klaocdk7kf,failed,not_found,522,B76A047C20D3E4F9B5A64428298DA55A90D62472,8EB53B7C8D8E2FF830DA324A05BE8CE954BABC55,6F1F13BF7774A849849F2EDF76FBE6022C6D4C1A,CC1BDE73D48DEF3202C688A158D0718C885360D4,2020-09-26 15:45:43.773000,2020-09-26 15:45:45.048000
spsv37klaocdk7kf,failed,not_found,566,B76A047C20D3E4F9B5A64428298DA55A90D62472,58BC63142C881F88D08E071DEB63DBA09DE62141,18F34AE6567F5FB081C4353D5EDA5CEE155810C4,CC100DC017A25E244C35C964BB518E4308415ACC,2020-09-26 15:45:45.048000,2020-09-26 15:45:46.029000
spsv37klaocdk7kf,failed,not_found,601,B76A047C20D3E4F9B5A64428298DA55A90D62472,01FF9C8571D1C09FA8D2ACCE727D5530FEC10038,9456BBB3FB923DD1CDEC5C8B45D9615BC937DC42,CC14C97F1D23EE97766828FC8ED8582E21E11665,2020-09-26 15:45:46.030000,2020-09-26 15:45:47.123000
spsv37klaocdk7kf,failed,not_found,638,B76A047C20D3E4F9B5A64428298DA55A90D62472,492FF91A6B43110681F7D5DD3B380E537699D3F1,ECB71AE4B08EAB517B9E16D28689974342EEFABB,295C5C7213AE400F16DF7303AF28B3AFE16E0F7D,2020-09-26 15:45:47.123000,2020-09-26 15:45:47.908000
spsv37klaocdk7kf,failed,not_found,665,B76A047C20D3E4F9B5A64428298DA55A90D62472,64E257D94E739278D5954CC820C9D7EAC4E7A7B7,58E89A05564E6844FACC5D78A73EF593222561A2,296A9A2C96249BC5D8CA8CF196EF5E3FCC80488E,2020-09-26 15:45:47.908000,2020-09-26 15:45:48.685000
tdq56mjygd332geb,failed,not_found,529,B76A047C20D3E4F9B5A64428298DA55A90D62472,6199EFB9443F343D49CA795337D43A6543F24E74,7FA3FA525901A91A1310B817943668BC2C16289E,D079D6818926684C5979C18171FB18862A4A5792,2020-09-26 15:45:43.846000,2020-09-26 15:45:44.773000
tdq56mjygd332geb,failed,not_found,554,B76A047C20D3E4F9B5A64428298DA55A90D62472,3FE1AA163445DC0E0677B5227F507907C4872A30,A541C211909264081DC3A4F8E105F06139DDCD8B,D076561769F5C93D628777E3E05D4633D783EB8E,2020-09-26 15:45:44.774000,2020-09-26 15:45:45.586000
tdq56mjygd332geb,failed,not_found,563,B76A047C20D3E4F9B5A64428298DA55A90D62472,66F8C32B94D73B51A5D2FA079C6A09047C9ABA71,438F3EA4C9FB0DB63F5377A3271AB5435FAD7E04,D0681DAAABC320310B8616951D6C19F69F778A6F,2020-09-26 15:45:45.586000,2020-09-26 15:45:45.882000
tdq56mjygd332geb,failed,not_found,593,B76A047C20D3E4F9B5A64428298DA55A90D62472,DB2682153AC0CCAECD2BD1E9EBE99C6815807A1E,2E12778C3FBE28C9E9C8AC6A76FF4509DC41599B,0C41DC37946901C297626C0D1ABF68423947DDE5,2020-09-26 15:45:45.882000,2020-09-26 15:45:46.597000
tdq56mjygd332geb,failed,not_found,616,B76A047C20D3E4F9B5A64428298DA55A90D62472,0C3D5E19E3C75B505C8ACD26F89DCA2DF970553E,05B451C0562FDE23307AFA84FD6A37652E615233,0C475BA4D3AA3C289B716F95954CAD616E50C4E5,2020-09-26 15:45:46.598000,2020-09-26 15:45:47.474000
tdq56mjygd332geb,failed,not_found,650,B76A047C20D3E4F9B5A64428298DA55A90D62472,BF50E09EED25B82861CF95E1AAA42DCFEF53E5D1,B32B93C90DCAF0012328A8D55D621D26B186E11A,0C3599079EF21C4994AD6DDE91F72A48F16E8A98,2020-09-26 15:45:47.474000,2020-09-26 15:45:48.301000
llop7qaastimc22e,failed,not_found,668,B76A047C20D3E4F9B5A64428298DA55A90D62472,79DEB4E02FD08AE1AEB4D8594AAB082375E9062D,BF0FB582E37F738CD33C3651125F2772705BB8E8,799EF7FCBF24EAE8C1162C8CCC8E293018261CF9,2020-09-26 15:45:44.850000,2020-09-26 15:45:48.800000
llop7qaastimc22e,failed,not_found,695,B76A047C20D3E4F9B5A64428298DA55A90D62472,2BAF092E8667C00CA3D9686C76D8EC3CC6BC7C5B,B56B9FE93F83B4FA69234B17A060E8A8E7446D19,5CE3AD8AD04ADE66C0037A3CF5F7F7A40D48A20B,2020-09-26 15:45:48.801000,2020-09-26 15:45:49.574000
llop7qaastimc22e,failed,not_found,719,B76A047C20D3E4F9B5A64428298DA55A90D62472,356ACBA2D112CA4D1457F27D2EA0759BF82EE898,4856C97DC4F2271BC896DF9CABD217EE2D869D68,799D4E64771CFA37BB31C8237141A56EA7D9AB02,2020-09-26 15:45:49.574000,2020-09-26 15:45:50.688000
llop7qaastimc22e,failed,not_found,755,B76A047C20D3E4F9B5A64428298DA55A90D62472,D8C80A5F43C650C98640A5C2E1590949CC96A47B,A0B05E1D852D874EFAF3603C83246E00AD65AF20,7997D73272295C1322F30FFD1F32D093E1E19795,2020-09-26 15:45:50.689000,2020-09-26 15:45:51.583000
llop7qaastimc22e,failed,not_found,786,B76A047C20D3E4F9B5A64428298DA55A90D62472,437143A8E2D86B3BEB77B9ECD49AC77CD360FBDA,2E74F4A6EB5ED3C0182A54900E3A671C5C8DB2D8,5CCC3569C67B7F1BB733664D43DF4645F2A4B04D,2020-09-26 15:45:51.583000,2020-09-26 15:45:52.622000
llop7qaastimc22e,failed,not_found,824,B76A047C20D3E4F9B5A64428298DA55A90D62472,4CA8D07878F86ED5B64B4B89030FF4616067210F,A597AC866E40CAB5A67759ADE4942192E99DE684,5CF342DBBD6170BEE00CD52ACB4076D551085E7F,2020-09-26 15:45:52.622000,2020-09-26 15:45:53.295000
ezj6fhokjlycr5ui,failed,not_found,589,B76A047C20D3E4F9B5A64428298DA55A90D62472,D7EB93B50A4D1EEDBC5354C312428680F3AA9025,9F5068310818ED7C70B0BC4087AB55CB12CB4377,46E0487EEEFD694CE625CC6E12D032395C01DB82,2020-09-26 15:45:45.855000,2020-09-26 15:45:46.465000
ezj6fhokjlycr5ui,failed,not_found,598,B76A047C20D3E4F9B5A64428298DA55A90D62472,005ED97213F725867E422B8DC0443361BBB24E3C,6B13A4EC169E4FB0F3141E1AE4307966569FA47C,C74469EC04787CC458FB1DCDF456C5092CF08B19,2020-09-26 15:45:46.465000,2020-09-26 15:45:47.321000
ezj6fhokjlycr5ui,failed,not_found,647,B76A047C20D3E4F9B5A64428298DA55A90D62472,BF0FB582E37F738CD33C3651125F2772705BB8E8,174D93DF6242BD4ABE2C09E6607892C3A3905675,C72A5061DD5EB229CDF16BADA740943EEAEEFE51,2020-09-26 15:45:47.322000,2020-09-26 15:45:48.137000
ezj6fhokjlycr5ui,failed,not_found,675,B76A047C20D3E4F9B5A64428298DA55A90D62472,9063C7EC4A3273446DC05E9310A5C5B2F4235696,FC294B234345C437B781D24E6C0710C89FF2D9B6,46B1C969D0A45CAE908ECC7EC0FEF7EF4C855961,2020-09-26 15:45:48.137000,2020-09-26 15:45:50.454000
ezj6fhokjlycr5ui,failed,not_found,752,B76A047C20D3E4F9B5A64428298DA55A90D62472,32C1100B5EF19A5BFBB431E8D42781C2D09D31C3,3A51E32A303A0E0A3AB8AA1CCBE98FF8791E2341,46BC57CFDC91DE75CBDA7D264A1FD4684A048B5C,2020-09-26 15:45:50.454000,2020-09-26 15:45:51.325000
ezj6fhokjlycr5ui,failed,not_found,766,B76A047C20D3E4F9B5A64428298DA55A90D62472,F836446663F1EB816F13708955F105D0B2F5C8E0,A2C6C931D8627C6605288970889DDB88C7BA2142,C72E73566CB3377AAE5849F5926AD660E4AF82A2,2020-09-26 15:45:51.325000,2020-09-26 15:45:51.745000
fh6obopn665rfmiy,failed,not_found,765,B76A047C20D3E4F9B5A64428298DA55A90D62472,3D5D6178C44537E3692853B344385F6572A55767,A171F8332AA037A2855C390488F8EFDFD438AAE6,60B1681670B185813E762B71F3C3B129A981F37B,2020-09-26 15:45:46.870000,2020-09-26 15:45:51.849000
fh6obopn665rfmiy,failed,not_found,801,B76A047C20D3E4F9B5A64428298DA55A90D62472,C239952D0C8E4EABC3E6B0A8E0B623689174E3C6,03E0F4EE272731601773F48E64240D3A8896A5E3,4AC4F120C119C72356BC9C33BF14E26D2BF052D4,2020-09-26 15:45:51.850000,2020-09-26 15:45:52.623000
fh6obopn665rfmiy,failed,not_found,962,B76A047C20D3E4F9B5A64428298DA55A90D62472,A9BEA2E0699D1F60521C8A1167340945A419D102,404DBE0F72D66576925432B1E4A28425FA2E4825,4AD0B40B0FC679CC300F398BCEBE9D000833F62C,2020-09-26 15:45:52.623000,2020-09-26 15:45:58.187000
fh6obopn665rfmiy,failed,not_found,1030,B76A047C20D3E4F9B5A64428298DA55A90D62472,EAA823552F959DFD038E9AC8FA89345A738B6C00,CD39C258265B25EAA4ABA4FDCB2DF98104CAA362,4AD9C116A1942D58A714433CA24F087F18036A7E,2020-09-26 15:45:58.187000,2020-09-26 15:45:58.838000
fh6obopn665rfmiy,failed,not_found,1075,B76A047C20D3E4F9B5A64428298DA55A90D62472,A6C983C2F7EEADD55CE9169E540EBD95423FC260,5DB9AE27A44EB7B476CC04A66C67A71C97A001E6,609E598FB6A00BCF7872906B602B705B64541C50,2020-09-26 15:45:58.838000,2020-09-26 15:45:59.588000
fh6obopn665rfmiy,failed,not_found,1125,B76A047C20D3E4F9B5A64428298DA55A90D62472,69B53A5AE5025DA8947F7C32F69CA90375ED2A4E,59EA74708A9C1A24D2EB1A2F150C27119A5FC2A6,60A5547B2203DD2E148EF9BDD6FF3891081C5DF4,2020-09-26 15:45:59.589000,2020-09-26 15:46:00.335000
2wg2k7jark3dkveo,failed,not_found,660,B76A047C20D3E4F9B5A64428298DA55A90D62472,61F3A840F61EEFFF682C6243534ECEB09ADFE3B3,5D765770B4DB110D88787457978AB4008CF65CAC,B4598727C0B2A1313AB9DE822EDC6ECFDCC78FC0,2020-09-26 15:45:47.846000,2020-09-26 15:45:49.104000
2wg2k7jark3dkveo,failed,not_found,708,B76A047C20D3E4F9B5A64428298DA55A90D62472,819C8AFEDAC733315A8F3DB80F043F13090C49F6,BE9B12FAAB7429842D643E2308390ECD8961E0A1,CA52E423ECBF7D07BB8E1139A39B4D8668CFE2A4,2020-09-26 15:45:49.104000,2020-09-26 15:45:49.985000
2wg2k7jark3dkveo,failed,not_found,734,B76A047C20D3E4F9B5A64428298DA55A90D62472,798A57B4E129699A521A03E7F72BC0FDEC31F4D6,EFCCA5852D18207A7A93C13EF3460458CAAEA9D9,B45597CAC1DED958056A23458AB4AFB8E38ABA75,2020-09-26 15:45:49.985000,2020-09-26 15:45:51.810000
2wg2k7jark3dkveo,failed,not_found,798,B76A047C20D3E4F9B5A64428298DA55A90D62472,872B18761953254914F77C71846E8A2623C52591,11ABDB4D0B944F186A898560CB82C70439957DCA,B48AC5F547DBB847EFB88480BFB86D41211ED617,2020-09-26 15:45:51.811000,2020-09-26 15:45:52.993000
2wg2k7jark3dkveo,failed,not_found,963,B76A047C20D3E4F9B5A64428298DA55A90D62472,964B4E8A75263A69769541F2764563DABDD995D2,7E65527BBA5AF598471999BB36734CA6FE389A8C,CA4E9DFE87DE87E502F3B503D07EC8EFCAEE2549,2020-09-26 15:45:52.994000,2020-09-26 15:45:58.676000
2wg2k7jark3dkveo,failed,not_found,1064,B76A047C20D3E4F9B5A64428298DA55A90D62472,D734E137DD5362D5068AE3E0211EB297B76C1615,331452F317390D3C78BCD759170699E55C5570C9,CA4DF2B63A43080C57CF9A561D4A155F97EC5A4F,2020-09-26 15:45:58.677000,2020-09-26 15:45:59.544000
rt3ilm7vttsrgfng,failed,not_found,698,B76A047C20D3E4F9B5A64428298DA55A90D62472,103336165A0D2EFCAD3605339843A0A7710B8B92,8101421BEFCCF4C271D5483C5AABCAAD245BBB9D,42B40A38F79F049129FA2F95532C5A64361A0D21,2020-09-26 15:45:48.846000,2020-09-26 15:45:49.499000
rt3ilm7vttsrgfng,failed,not_found,703,B76A047C20D3E4F9B5A64428298DA55A90D62472,00E1649E69FF91D7F01E74A5E62EF14F7D9915E4,461453F94FA0E3CBB011685E22CDAFD2AF0DFDC3,7BE3CB407039AA39EB88EF3B00053D3F92EC32AB,2020-09-26 15:45:49.499000,2020-09-26 15:45:50.110000
rt3ilm7vttsrgfng,failed,not_found,740,B76A047C20D3E4F9B5A64428298DA55A90D62472,8A57DA2FFB5BA49C041EDE1A095E33E86EA756CC,1804C06A266F0DA26DF58CD559E01C2F7C3FC42A,42B4F52C5B11E4D39855F654955425B0D5A0598B,2020-09-26 15:45:50.111000,2020-09-26 15:45:51.047000
rt3ilm7vttsrgfng,failed,not_found,771,B76A047C20D3E4F9B5A64428298DA55A90D62472,55E1E19071A6DD27F7C16AC3BE494C5891E1E414,36045C1900EC3FDF1DDA9BEC72DDF7DE50DAF021,42D47C736518BFA495CA31AEE40AE468F0BDA2A6,2020-09-26 15:45:51.048000,2020-09-26 15:45:51.808000
rt3ilm7vttsrgfng,failed,not_found,795,B76A047C20D3E4F9B5A64428298DA55A90D62472,801FC54687E380C226D35CD7DBBF73FCD442EA6B,66BBCD0D58FDB891AD86CE22A2613A9BEE3CA274,7BB70F8585DFC27E75D692970C0EEB0F22983A63,2020-09-26 15:45:51.809000,2020-09-26 15:45:52.751000
rt3ilm7vttsrgfng,failed,not_found,830,B76A047C20D3E4F9B5A64428298DA55A90D62472,93C1E14CD600CF51B117DE736741E7400A069AFC,C9B68C802CA20C3E4FA46D77153D6EDC80F13CF5,7BE4752877553A96CD4035D0C526BCD09E81CC64,2020-09-26 15:45:52.752000,2020-09-26 15:45:53.588000
bst53j2i65w2lp67,failed,not_found,729,B76A047C20D3E4F9B5A64428298DA55A90D62472,06DD93C56173578F5113302CF42E555097B1A5D3,B872BA6804C8C6E140AE1897B44CF32B42FD2397,127887BF5B69EFEFA0DC47FC767135E0ACAAFD9F,2020-09-26 15:45:49.848000,2020-09-26 15:45:50.689000
bst53j2i65w2lp67,failed,not_found,756,B76A047C20D3E4F9B5A64428298DA55A90D62472,650FF4A32965D378A55D42A29F6FD1CE914959D3,7A3E534C033E3836BD5AF223B642853C502AB33A,5C5D61F279AA0816F506FD5CE86C30F256291DDE,2020-09-26 15:45:50.689000,2020-09-26 15:45:51.972000
bst53j2i65w2lp67,failed,not_found,807,B76A047C20D3E4F9B5A64428298DA55A90D62472,87EA8B42136D1F9014BE377B2B985459D19E6E70,AF9D6C980231A6A4559DC9643186699C8336F681,5C818A86C30F51951EA054E0730DF62E4F35E964,2020-09-26 15:45:51.972000,2020-09-26 15:45:53.167000
bst53j2i65w2lp67,failed,not_found,846,B76A047C20D3E4F9B5A64428298DA55A90D62472,F0AE51D182DA3B1FB452666EE3E5EA906C431CBF,AC61D1722091F2FC4760776AF2C230D9DC679C03,5C6384C5CA8FA5C39760E8921010CBCCC65FB222,2020-09-26 15:45:53.167000,2020-09-26 15:45:53.684000
bst53j2i65w2lp67,failed,not_found,841,B76A047C20D3E4F9B5A64428298DA55A90D62472,64A0B5722613DDFC2EB84897C550FBF4A096DE0D,BD1F4EDA739769BF6067BACD3558B14B914953F4,1283EBDEEC2B9D745F1E7FBE83407655B984FD66,2020-09-26 15:45:53.684000,2020-09-26 15:45:55.435000
bst53j2i65w2lp67,,,,,,,128FC6D8FBF753121C5662FEE309CCD47B64BA6B,2020-09-26 15:45:55.436000,
szeick62hdofsixj,failed,not_found,737,B76A047C20D3E4F9B5A64428298DA55A90D62472,B02F0126ABB2BA22371DD96BCBAFA91AD3EB4DDF,61B8BDC91AA7BC9A05EB5A3D652FFF88C98E6911,D9FC98828F09EF87128FED5569AE5459FBA151A7,2020-09-26 15:45:50.839000,2020-09-26 15:45:52.192000
szeick62hdofsixj,failed,not_found,813,B76A047C20D3E4F9B5A64428298DA55A90D62472,4FF53BC47097B50DA5B68D72C5B25CC079F4A787,2ACEC0EB4F92729B8CA22C868545866B9529431C,DA1B8B8D617909902572790CE8BB99DA502C6485,2020-09-26 15:45:52.192000,2020-09-26 15:45:53.233000
szeick62hdofsixj,failed,not_found,849,B76A047C20D3E4F9B5A64428298DA55A90D62472,645C3F0545E0975A49F69EC272C0C3EA28586825,1C0736CF3744A3B87C2D2269B8BD3388C7E60552,DA13C3CD7EB23CDFD739C31855658BC5B63841EE,2020-09-26 15:45:53.234000,2020-09-26 15:45:55.984000
szeick62hdofsixj,failed,not_found,913,B76A047C20D3E4F9B5A64428298DA55A90D62472,217B9BE70DC602F6D929132EA2A9DF60BAED8CE0,DB47720A75764CD1002012E625F6CE17741A1A3A,527826EF1856C0614DE01EB40A4B97C3F7DFC6A5,2020-09-26 15:45:55.985000,2020-09-26 15:45:57.557000
szeick62hdofsixj,failed,not_found,965,B76A047C20D3E4F9B5A64428298DA55A90D62472,E3500E2C9F6B87085056893C4279AEA0B3F37782,D56A98D38FC3C75E0347EEF3DD9C12749AF7C7C5,529D9C84E0D6A6141D409C1B02DB81B2B8E8E973,2020-09-26 15:45:57.557000,2020-09-26 15:45:58.229000
szeick62hdofsixj,failed,not_found,1034,B76A047C20D3E4F9B5A64428298DA55A90D62472,D4C381686A379E3CC3C09F95E1F6E4BFF27C489C,1DE70504C6E9BB223E2EC4FAD45C68C07A6AE9FB,529CA3EB08AD6EC1791B5110AA3540A4CFA1197F,2020-09-26 15:45:58.230000,2020-09-26 15:45:59.163000
opclpamedla53ltf,failed,not_found,916,B76A047C20D3E4F9B5A64428298DA55A90D62472,DB5DE88B4914F60CDEEF581ECCA8DEA59EF26A90,40CDE936B04B4573A47223396006443CA5EAC845,2D70583AFDE90C7C3D9CFF9F0C076F0C022CC29C,2020-09-26 15:45:51.866000,2020-09-26 15:45:56.657000
opclpamedla53ltf,failed,not_found,946,B76A047C20D3E4F9B5A64428298DA55A90D62472,26B09A4C9F6A9D4815DB46EBA3626A0ED8D71E8F,D1E706B9021A0BF8E9663DB207D9D9EC03A70DAC,07C3EBBE41DF9FE8551DF69642FEBA70E954DC0F,2020-09-26 15:45:56.658000,2020-09-26 15:45:57.424000
opclpamedla53ltf,failed,not_found,989,B76A047C20D3E4F9B5A64428298DA55A90D62472,DBE82FA23B9FE3CB2462A6FCF5289DED3CBF4AEE,74F44514E060866912DFFE1554D0D135C9DC5148,07A8A66164B8752A9E06D44AAB6219D89D6C10F6,2020-09-26 15:45:57.425000,2020-09-26 15:45:58.992000
opclpamedla53ltf,failed,not_found,1090,B76A047C20D3E4F9B5A64428298DA55A90D62472,6600C560E7E2A7601F6F4B019942C9E4D47872CE,EAA823552F959DFD038E9AC8FA89345A738B6C00,07B8FC5B66719C355FABF84B4F5E0131E127DF01,2020-09-26 15:45:58.992000,2020-09-26 15:45:59.806000
opclpamedla53ltf,failed,not_found,1136,B76A047C20D3E4F9B5A64428298DA55A90D62472,CC6910CF21D17C1BD68FE224CE7685BEB42558A8,1079E628FC6B0025656AC024F2D9975C441498CD,2D6C93A2336368D9A5778416FD4DDDD97FF37D40,2020-09-26 15:45:59.807000,2020-09-26 15:46:00.497000
opclpamedla53ltf,failed,not_found,1147,B76A047C20D3E4F9B5A64428298DA55A90D62472,BCDE75725B927738B6FD34EA2D78F4FA77B99848,98AEF7B834D688773CE2BCC5A32761A4943CF623,2D63EC24CB7CA7ACFBC1439752A54A916195067D,2020-09-26 15:46:00.498000,2020-09-26 15:46:01.943000
5572jpt4vkvkxxqc,failed,not_found,833,B76A047C20D3E4F9B5A64428298DA55A90D62472,2A0FAD3CA7A190C43D8ED7896727BD426E8C2EFA,3586697291602DC8042EB152E60701FFFE8777BD,80AAF8D5956A43C197104CEF2550CD42D165C6FB,2020-09-26 15:45:52.845000,2020-09-26 15:45:53.535000
5572jpt4vkvkxxqc,failed,not_found,873,B76A047C20D3E4F9B5A64428298DA55A90D62472,FD8F5193CDFFC0C05F3CDFBEB2A71F9CC3CAE090,A066E7983758C7CC0097E16ACF4F7B71BAFA44E9,809440FFD575696239DF53F45D49580E4E613395,2020-09-26 15:45:53.535000,2020-09-26 15:45:56.100000
5572jpt4vkvkxxqc,failed,not_found,922,B76A047C20D3E4F9B5A64428298DA55A90D62472,7B53DA28813258A20335C8E8985C05D0D089B441,BFD3FC19AD1F691C01B5392DE90D3510B8D1B886,325499E7D6927D51229019F2EE031F26EBE095BB,2020-09-26 15:45:56.101000,2020-09-26 15:45:57.394000
5572jpt4vkvkxxqc,failed,not_found,984,B76A047C20D3E4F9B5A64428298DA55A90D62472,3D9CE80399B68C01377FEC42395E399B9ED16E18,8EA58F28DCA60F56C6F2131BDFE9BF5FAF2233CE,3246ECCAEDC4FF2949B655E0245AFFF42F8C9DFC,2020-09-26 15:45:57.395000,2020-09-26 15:45:58.430000
5572jpt4vkvkxxqc,failed,not_found,1023,B76A047C20D3E4F9B5A64428298DA55A90D62472,5F58E9417DF94A66529864FA1134635614958A44,02928855BFAD787F8B363F21860D1E7D156E0655,32437FADA2B55E6F446870203311860AD8588569,2020-09-26 15:45:58.430000,2020-09-26 15:45:58.817000
5572jpt4vkvkxxqc,failed,not_found,1071,B76A047C20D3E4F9B5A64428298DA55A90D62472,F059C76B861B25D8F1BBDA4AD37D1B69035423EC,A6E0F950CAC74AF867CA21976069529D6D4D3E30,80C113BCE9356B4DECF94E7CF4A8C0BD315EE8E8,2020-09-26 15:45:58.818000,2020-09-26 15:45:59.599000
fdcj4bttdvjk7cjn,failed,not_found,867,B76A047C20D3E4F9B5A64428298DA55A90D62472,15FEE423DFF8AF9E2E081959B0C6326072C60DA1,F38FB55A8CCA6A00CDD024A5EA2CFECB38A48E15,B740BCECC4A9569232CDD45C0E1330BA0D030D33,2020-09-26 15:45:53.855000,2020-09-26 15:45:55.181000
fdcj4bttdvjk7cjn,failed,not_found,884,B76A047C20D3E4F9B5A64428298DA55A90D62472,34DE7F9028A53D5238D779B00DAF7438FDE1D7A0,43A8F247F9FA636BE30D4DFE66B55233A2D8A738,B73D1E98BE6689A1DDBFE4232C769FCD1B9E0B32,2020-09-26 15:45:55.181000,2020-09-26 15:45:55.865000
fdcj4bttdvjk7cjn,failed,not_found,903,B76A047C20D3E4F9B5A64428298DA55A90D62472,82DA9678A0BAE60087AA68A3E1D6E6A2C4246D6D,EAA823552F959DFD038E9AC8FA89345A738B6C00,5EBA4A9F483E07FD717BA81DD6F7344AF82F7D5D,2020-09-26 15:45:55.865000,2020-09-26 15:45:56.557000
fdcj4bttdvjk7cjn,failed,not_found,942,B76A047C20D3E4F9B5A64428298DA55A90D62472,9AD3DB628164C1E3D77D9DF9D79327B3DF4260FA,8118F4C0E60C84A453ACCD1641F3A7328CBE6280,B71E68A80C5156745DDE7741F6DE5E3202ABD092,2020-09-26 15:45:56.558000,2020-09-26 15:45:57.395000
fdcj4bttdvjk7cjn,failed,not_found,985,B76A047C20D3E4F9B5A64428298DA55A90D62472,8737307DE84C2621E6399E99123967A9590297F2,82ED9AEC94184EC6DD299A5CDB3378B04BB17489,5EEE4C799C55FC8BBDB8EB5E65A48C60C8F15640,2020-09-26 15:45:57.395000,2020-09-26 15:45:58.230000
fdcj4bttdvjk7cjn,failed,not_found,1035,B76A047C20D3E4F9B5A64428298DA55A90D62472,A2C6C931D8627C6605288970889DDB88C7BA2142,8FD3BAF5E14EBE1124D6253D59882AFE1C2B9B8E,5EDD6628D5E13ED020A1EA03C1944DD6769B4974,2020-09-26 15:45:58.230000,2020-09-26 15:45:59.163000
w6z2gd7rusx5gilv,failed,not_found,876,B76A047C20D3E4F9B5A64428298DA55A90D62472,BE9B12FAAB7429842D643E2308390ECD8961E0A1,8841E775C3DE70E4414F0678DBD532C1F80FF62C,F6F59B64B2494F29899E8072BCB0E6B3E070A917,2020-09-26 15:45:54.846000,2020-09-26 15:45:55.554000
w6z2gd7rusx5gilv,failed,not_found,893,B76A047C20D3E4F9B5A64428298DA55A90D62472,453E51CBAA4C2169EBCB05583247DD6201E87FAD,327F5823438B8EC86EC33355C147D8455AB1C14B,775B0FAFDE71AADC23FFC8782B7BEB1D5A92733E,2020-09-26 15:45:55.554000,2020-09-26 15:45:56.447000
w6z2gd7rusx5gilv,failed,not_found,935,B76A047C20D3E4F9B5A64428298DA55A90D62472,F5213AADA95A17C077451C09110058407F0A85F3,746B3C4BADCCA09003DD091AF028560A61E0A48E,F6F24800B8494ACCC2EE13B8E6D8E7AFF9B13A50,2020-09-26 15:45:56.447000,2020-09-26 15:45:57.628000
w6z2gd7rusx5gilv,failed,not_found,1003,B76A047C20D3E4F9B5A64428298DA55A90D62472,C1B8C6887867CED2564454058F9082311FAF1AC7,F24F8BEA2779A79111F33F6832B062BED306B9CB,F7026246823C6322921F3AB87537EBB020AB01E5,2020-09-26 15:45:57.628000,2020-09-26 15:46:00.194000
w6z2gd7rusx5gilv,failed,not_found,1158,B76A047C20D3E4F9B5A64428298DA55A90D62472,5043E5D2E9CE99066DF1FBF0B18E065B08131863,AEF6C1FBA0FC16F4931638BF065085B974D3E90F,776FCB8F73F8D84407F5AF2460A75F9EEC982EB3,2020-09-26 15:46:00.194000,2020-09-26 15:46:02.495000
w6z2gd7rusx5gilv,failed,not_found,1228,B76A047C20D3E4F9B5A64428298DA55A90D62472,8FD3BAF5E14EBE1124D6253D59882AFE1C2B9B8E,FD449127D30D8F5D124653D9EF736EDF4A12B4DC,7761DDC7EB1BE26D4155F74A15F12C32A36FE0F2,2020-09-26 15:46:02.495000,2020-09-26 15:46:04.708000
qvnch5wp7dauymd7,failed,not_found,881,B76A047C20D3E4F9B5A64428298DA55A90D62472,4F500157ABF70A1A94636D268A742A8B227B8BFD,B86137AE9681701901C6720E55C16805B46BD8E3,9A51C5D79C30B9F3B527EC77EF901DDAB76C3AB5,2020-09-26 15:45:55.911000,2020-09-26 15:45:56.701000
qvnch5wp7dauymd7,failed,not_found,918,B76A047C20D3E4F9B5A64428298DA55A90D62472,EC0ABA811E4EB33DAD8BC8B7037D862BF4F3AA28,901CBA6FF3B90618D3FFEFF040353C267F690DF8,9A5754CD0C987355EB3D8AD4BEF4A2A841740520,2020-09-26 15:45:56.701000,2020-09-26 15:45:57.458000
qvnch5wp7dauymd7,failed,not_found,993,B76A047C20D3E4F9B5A64428298DA55A90D62472,80F72F97967806AD5AD4C1E61C88B43DC47F6609,4B351545DD58473F36B0A20E5500AC6ED51E8CD5,FF87E49EF33078B04A5DE26AAE170DDF8BAE139F,2020-09-26 15:45:57.459000,2020-09-26 15:45:58.840000
qvnch5wp7dauymd7,failed,not_found,1079,B76A047C20D3E4F9B5A64428298DA55A90D62472,DEA84F08432800346BADB35F1EAC1B2A4D5B165D,5FB384605F53DCBF1CB02143D318DA3E8EE38A24,9A783CAA9DABA178D9864471E9287045CBFDC726,2020-09-26 15:45:58.840000,2020-09-26 15:46:00.236000
qvnch5wp7dauymd7,failed,not_found,1162,B76A047C20D3E4F9B5A64428298DA55A90D62472,557B39146EB121C8CFA22C48AD78BDBDBC8FF3A1,56DEFDD8CDE21A6FC7A45017AC3999D5255B6D2F,FF8F56B5E1A36341F84FF72927CEB3F0AC6BC6A9,2020-09-26 15:46:00.237000,2020-09-26 15:46:00.994000
qvnch5wp7dauymd7,,,,,,,FF9FC6D130FA26AE3AE8B23688691DC419F0F22E,2020-09-26 15:46:00.995000,
aegttxcfcpja3gzf,failed,not_found,1232,B76A047C20D3E4F9B5A64428298DA55A90D62472,158581827034DEF1BAB1FC248D180165452E53D3,C5BF27560E4B007365FBA96D32F9E74614218C8E,C291114640EA333A6AC5801B5E0EC95C012DFE6B,2020-09-26 15:45:56.849000,2020-09-26 15:46:06.505000
aegttxcfcpja3gzf,,,,,,,DB53975D02957099E84F319194B8F5C7C6D15712,2020-09-26 15:46:06.505000,
rx7l33y4zylamchn,failed,not_found,1010,B76A047C20D3E4F9B5A64428298DA55A90D62472,A2C6C931D8627C6605288970889DDB88C7BA2142,4B351545DD58473F36B0A20E5500AC6ED51E8CD5,9664A7EFB405F555F3C0079FA7618B2EE6CE6D2A,2020-09-26 15:45:57.852000,2020-09-26 15:45:58.490000
rx7l33y4zylamchn,failed,not_found,1054,B76A047C20D3E4F9B5A64428298DA55A90D62472,B2D03CDF45EB4D74A65FAC4F00EBA785C9663A5F,A2CD32D9D0668DB764AD68C745CE29693CA851B9,968CF9A51740B682ABE4DB11829488281B66DBD8,2020-09-26 15:45:58.491000,2020-09-26 15:45:59.433000
rx7l33y4zylamchn,failed,not_found,1097,B76A047C20D3E4F9B5A64428298DA55A90D62472,40DD356E8F3C53FA9251B561CF956302791AAFF5,63540827C4832D214984EA47B7A68C593F9F862F,F0B60D25C2E83EA707C2886CFA59CDFE026A0D59,2020-09-26 15:45:59.434000,2020-09-26 15:46:00.071000
rx7l33y4zylamchn,failed,not_found,1151,B76A047C20D3E4F9B5A64428298DA55A90D62472,FEDE31337E4E19E06B97D282F08B0A0E8B9C5526,E95955CD7AB012DE770711878F147C784FC13D37,9684C4D6C71131EEEF2E5C23C3EA234A684CD501,2020-09-26 15:46:00.071000,2020-09-26 15:46:00.753000
rx7l33y4zylamchn,failed,not_found,1233,B76A047C20D3E4F9B5A64428298DA55A90D62472,7997C3FC88B02A2C6FEF96C5F5B5C50DD7DA2E2C,4DB0490A0420809A8149E778BBAC8F1E9349D9EC,F0B580798BB303BA36ED1268568E2AD935B6C486,2020-09-26 15:46:00.754000,2020-09-26 15:46:05.592000
rx7l33y4zylamchn,,,,,,,F0B8B0371FD44A5CA3B05411176AE7EBD5B025BC,2020-09-26 15:46:05.592000,
rtyll7axm22wfuk7,failed,not_found,1083,B76A047C20D3E4F9B5A64428298DA55A90D62472,6BE5AA34A5C391724677A3FDC2AA77B3768F6E26,221546DAE86B003139B13BD6F6AE1B4B42B59DF8,DE0421FBD771E6189205D353366874B1790185C7,2020-09-26 15:45:58.891000,2020-09-26 15:45:59.727000
rtyll7axm22wfuk7,failed,not_found,1129,B76A047C20D3E4F9B5A64428298DA55A90D62472,21EB2176DFD7364A8E3705ABF518E880362425FC,B5212DB685A2A0FCFBAE425738E478D12361710D,DE29A5C0DB38AA229286B237798D8817EE6B75E2,2020-09-26 15:45:59.728000,2020-09-26 15:46:00.841000
rtyll7axm22wfuk7,failed,not_found,1234,B76A047C20D3E4F9B5A64428298DA55A90D62472,AB0CC19517476E610B86FF796B703643BFE21E89,FD449127D30D8F5D124653D9EF736EDF4A12B4DC,DE4EB74B8105751568A75649F6672A31F2A3DE20,2020-09-26 15:46:00.841000,2020-09-26 15:46:05.593000
rtyll7axm22wfuk7,failed,not_found,1367,B76A047C20D3E4F9B5A64428298DA55A90D62472,488E663B4A88C12E6DE6C12F7A6053F09BF7A61A,F9D942D6A320777940A051C8A4B3EF3C0F28AD38,22E8C4F4EEBC161977F760E39ECDA6DFE3FC3955,2020-09-26 15:46:05.593000,2020-09-26 15:46:15.790000
rtyll7axm22wfuk7,,,,,,,22E1D1DB4723A174E713B1BF4073DAC1C25351B3,2020-09-26 15:46:15.790000,
vapz7rwiobtbubjo,failed,not_found,1140,B76A047C20D3E4F9B5A64428298DA55A90D62472,1C7215BC0123DDA23BDED0F9D2849D3AD80183CB,7816DEDDD7CD78F91FEB72E397ACB18B881328AC,36A5C502C31729F26BDC923E4B5F9501B0A20B79,2020-09-26 15:45:59.860000,2020-09-26 15:46:02.807000
vapz7rwiobtbubjo,failed,not_found,1237,B76A047C20D3E4F9B5A64428298DA55A90D62472,775B0FAFDE71AADC23FFC8782B7BEB1D5A92733E,EFD8DF124A74D2961FBF752BF31EC3A5D411C349,75CF0F66FE18C3116AAB7B678899151DB762B795,2020-09-26 15:46:02.807000,2020-09-26 15:46:05.592000
vapz7rwiobtbubjo,failed,not_found,1365,B76A047C20D3E4F9B5A64428298DA55A90D62472,35513B1D2EA70649346C3C6D34F63D6982E3948A,844AE9CAD04325E955E2BE1521563B79FE7094B7,369FD7461D2FF60A860816EB8A0CB289CEF3AE93,2020-09-26 15:46:05.592000,2020-09-26 15:46:15.790000
vapz7rwiobtbubjo,,,,,,,3684B8673A30B73FED280359C5FBA9F954690D4C,2020-09-26 15:46:15.790000,
oyxce6ckacpq4yqw,failed,not_found,1235,B76A047C20D3E4F9B5A64428298DA55A90D62472,38F0B34A86E19A2C65B20F95BFB0CBE40E3165C9,6BE5AA34A5C391724677A3FDC2AA77B3768F6E26,138B95F9A10E8BEBA6B142ADAC7331765C61ACE4,2020-09-26 15:46:00.870000,2020-09-26 15:46:05.593000
oyxce6ckacpq4yqw,failed,not_found,1366,B76A047C20D3E4F9B5A64428298DA55A90D62472,52D5FB2004C67127C73B71478238FA66122BD443,E5CC91BAFE7CCD68003E873D32E38027638D49D7,135BDF845FA5B15D5B7A1CB2491EC18B15F2574C,2020-09-26 15:46:05.593000,2020-09-26 15:46:14.979000
oyxce6ckacpq4yqw,,,,,,,60E1587C0B7EA1462B67FC0706C0C7298A7F64D0,2020-09-26 15:46:14.979000,
oeebbekoasnmecq2,failed,not_found,1214,B76A047C20D3E4F9B5A64428298DA55A90D62472,C013F6A7A2297FA4CD00D05EF4A1C5222B844B25,B6942C63F1A596E6557D13FC0ACF8475A0A2AD3F,435B0937725ECC8252F906800E46C90974408B63,2020-09-26 15:46:01.860000,2020-09-26 15:46:04.138000
oeebbekoasnmecq2,failed,not_found,1247,B76A047C20D3E4F9B5A64428298DA55A90D62472,CF6A6080091BB210AA3892FEFE2F6A396DA08DF3,C38460B0B5AE443940827FF308602E5F4A12B5C4,FF8F56B5E1A36341F84FF72927CEB3F0AC6BC6A9,2020-09-26 15:46:04.138000,2020-09-26 15:46:06.118000
oeebbekoasnmecq2,failed,not_found,1382,B76A047C20D3E4F9B5A64428298DA55A90D62472,DE178E6E0E78159F4835EF33AB3CA416A8332847,42B4F52C5B11E4D39855F654955425B0D5A0598B,FF87E49EF33078B04A5DE26AAE170DDF8BAE139F,2020-09-26 15:46:06.118000,2020-09-26 15:46:16.988000
oeebbekoasnmecq2,,,,,,,FF9FC6D130FA26AE3AE8B23688691DC419F0F22E,2020-09-26 15:46:16.989000,
qa7q27d2ulzh462f,,,,,,,320D73AF6CC78987E710789847BFB8D61C31BD4B,2020-09-26 15:46:02.853000,
gkekqc2lmwito2xu,failed,not_found,1223,B76A047C20D3E4F9B5A64428298DA55A90D62472,EA79FFE95F5779A34E9FB14CE934A76B22FE6ACE,63B32F7E5389E8DBC5E1BCEFE48312DA7CCEF5D6,3431940DFB4643A3EE3F4465BFF2655CA9BDEB96,2020-09-26 15:46:03.845000,2020-09-26 15:46:06.094000
gkekqc2lmwito2xu,,,,,,,E26635F9ED41CDA8467C2AA992D81074337602EF,2020-09-26 15:46:06.095000,
pk4zjfiw5irqnztm,failed,not_found,1380,B76A047C20D3E4F9B5A64428298DA55A90D62472,C5F214F7F9CCBF09324C9AA032760150243A196C,86CDD0D92AB972538416A382D99666736CDDF141,92E7BD70682F392900E4E2CDAE8B48635E9C9BE0,2020-09-26 15:46:04.865000,2020-09-26 15:46:17.859000
pk4zjfiw5irqnztm,,,,,,,92E82B6D71C8073C748BA74E818C478B4B5C793B,2020-09-26 15:46:17.860000,
coobxkdebwvj6hnz,failed,not_found,1368,B76A047C20D3E4F9B5A64428298DA55A90D62472,6ACAB4394A94BBFFF391497143E3B49C84798672,5E184FEA02B7C54172BBC757636F501047CF9691,7E6E9A6FDDB8DC7C92F0CFCC3CBE76C29F061799,2020-09-26 15:46:05.858000,2020-09-26 15:46:15.790000
coobxkdebwvj6hnz,,,,,,,7E7461F8B4C41AE617240463E5CC839055E98107,2020-09-26 15:46:15.791000,
mys5hpzow2v2xqp2,,,,,,,A95E579F730F719941392B6282676319839627F5,2020-09-26 15:46:06.854000,
44m7eqwbdorwfhuo,,,,,,,A60697FF383EEEE2E88505DD4E305C07BF326B11,2020-09-26 15:46:07.886000,
ojgz2ho7tvvwm2o3,,,,,,,7B700C0C207EBD0002E00F499BE265519AC3C25A,2020-09-26 15:46:08.898000,
nmagjcbg6p23z5pj,,,,,,,FA85FE81093FE5D53DDCEA2DBA286E8CCC9C6DDD,2020-09-26 15:46:09.864000,
ilm2kw57hjg5oqfv,,,,,,,14D2FDC6ABDCD1A27CA32D13AA2C68566D1E8223,2020-09-26 15:46:10.880000,
r7yb2jbgruuyuu5m,,,,,,,BA8546AE9B27F0C81F98A6C12D96B7DAB0814991,2020-09-26 15:46:11.856000,
fchen7yndzb2fjfm,,,,,,,A9DC04A5C96EE5986753A15E384BB8679EE8F319,2020-09-26 15:46:12.867000,
jno5uukb2352y5xi,,,,,,,66B06D59BDFC90EBC6EDE79C558275F2CD4799B0,2020-09-26 15:46:13.856000,
kljy3xhzwiufqtsi,,,,,,,9737BEB02DB9FE6A89F2A022081FB7DDAC751AEB,2020-09-26 15:46:14.856000,
7vx6nskr6cutyplz,,,,,,,92E7BD70682F392900E4E2CDAE8B48635E9C9BE0,2020-09-26 15:46:15.868000,
jtjlwavb3ogogriz,,,,,,,B2D03CDF45EB4D74A65FAC4F00EBA785C9663A5F,2020-09-26 15:46:16.851000,
