addr,status,reason,circ,guard_fp,middle_fp,exit_fp,hsdir_fp,start,end
hvhnw35gcr3l5pea,failed,not_found,,,,,E130296683B896A117CE5DA531A5645644178734,2020-09-27 23:39:55.636000,2020-09-27 23:39:56.247000
hvhnw35gcr3l5pea,failed,not_found,10,B340E3BA587E36462D8DE44DAE0F7CAB6748F064,513753D2C4A1246DCC21241C5BE5022CCBD2645C,144CCCE4EFE85215BC0866E797BEA8F85929CFED,E1382D287705E5197461F25039AD08A9B97D001F,2020-09-27 23:39:56.248000,2020-09-27 23:39:58.964000
hvhnw35gcr3l5pea,failed,not_found,36,B340E3BA587E36462D8DE44DAE0F7CAB6748F064,CDAF0B74C45FD5B1955198A8D92C8A518A53D07B,104DC15ACFA69CF94F89E8ED0F6CDB2D298234D2,2CCCE975EAA30BC303DE0B5FCE50A25917F6A531,2020-09-27 23:39:58.964000,2020-09-27 23:40:00.983000
hvhnw35gcr3l5pea,failed,not_found,66,B340E3BA587E36462D8DE44DAE0F7CAB6748F064,F148A022E5E2BAD006E29C82C8D47C047A29958F,60CA295745930AFA59DB73F877834B4100C7B712,E11FC7C83F417808A4CDD84A5ABFC112844C477A,2020-09-27 23:40:00.983000,2020-09-27 23:40:02.657000
hvhnw35gcr3l5pea,failed,not_found,104,B340E3BA587E36462D8DE44DAE0F7CAB6748F064,204ECC4FF8F93862E82FA19C53B5BC98B1AF6046,B576A394DFC12B7E900D643C900484765D58C30F,2CC941573AE68528BE731B758BCABBE0CE62F231,2020-09-27 23:40:02.658000,2020-09-27 23:40:04.732000
hvhnw35gcr3l5pea,failed,not_found,161,B340E3BA587E36462D8DE44DAE0F7CAB6748F064,769A297017BB5E92A9A5A3D76725CA12D694AA30,CA4E9DFE87DE87E502F3B503D07EC8EFCAEE2549,2CD317C624803B77EAD32C96382884B0CAD4DB3F,2020-09-27 23:40:04.732000,2020-09-27 23:40:07.691000
ost7s6mw63ywiaon,failed,not_found,,,,,F9910CE2A3E9D467FCDD9D5228695BA1827B010D,2020-09-27 23:39:55.638000,2020-09-27 23:39:56.382000
ost7s6mw63ywiaon,failed,not_found,12,B340E3BA587E36462D8DE44DAE0F7CAB6748F064,4CD4DFFEF3971C902A22100D911CAC639BE2EF5C,0D2FD3E66E063B49736EBB805287014428416757,F9A28AB71D7E4E446308641A556EA53BA55FCB50,2020-09-27 23:39:56.382000,2020-09-27 23:39:58.316000
ost7s6mw63ywiaon,failed,not_found,30,B340E3BA587E36462D8DE44DAE0F7CAB6748F064,39CF2F22E5018C01FD57DEB1AB8FDFA4592633FB,FE356106DADD1704585E6E0079DC7B6837E6F0FF,56257E74FA999BCFA1EC205892342A09645B961B,2020-09-27 23:39:58.317000,2020-09-27 23:40:00.309000
ost7s6mw63ywiaon,failed,not_found,132,B340E3BA587E36462D8DE44DAE0F7CAB6748F064,876C7CE43774366250D3E768E690DAB9D4B5D5A3,C7946D9A192BBE44C1C8A926A8B135AC495D6636,F9A3542D5863CD665B7FF758E73DAD40832D0064,2020-09-27 23:40:00.310000,2020-09-27 23:40:06.517000
ost7s6mw63ywiaon,failed,not_found,202,B340E3BA587E36462D8DE44DAE0F7CAB6748F064,FCE1FA95BC61BC2FF9752EE9BB5651805A30FD99,10EF2F97C8D4CC9F77693C92CA88E2115C46DB70,5628495D9939A8C139DD441402DE42F7012B7092,2020-09-27 23:40:06.517000,2020-09-27 23:40:10.327000
ost7s6mw63ywiaon,failed,not_found,292,B340E3BA587E36462D8DE44DAE0F7CAB6748F064,DC9E3C6576CC9A04AAE1C465210A972A722571A0,BE0F7333AC3F6D2AB76F3B930DD511337B573741,562434D987CF49D45649B76ADCA993BEA8F78471,2020-09-27 23:40:10.328000,2020-09-27 23:40:14.902000
4oe6cs6yi5x4g7xd,failed,not_found,,,,,9BC9DEC371D17190F0185D7CDA42F30A617B6A7F,2020-09-27 23:39:55.638000,2020-09-27 23:39:56.288000
4oe6cs6yi5x4g7xd,failed,not_found,11,B340E3BA587E36462D8DE44DAE0F7CAB6748F064,3E04505D362AA324E6E4E1C8516CCD9EF4D41B9C,0A7208B8903DD3FF5CDFA218A3823AF498CE69CE,9BC648B182B92B1F3DFD022A00AB3AA1F1780750,2020-09-27 23:39:56.289000,2020-09-27 23:39:57.870000
4oe6cs6yi5x4g7xd,failed,not_found,22,B340E3BA587E36462D8DE44DAE0F7CAB6748F064,E81993EA52B73285CFFD02FEC003569D21483001,C2B45199FC6F98E21BFAFE0833348F288FA337E3,D5228FA5AA9FDB3825E6F199AFA9F9E6F9526A17,2020-09-27 23:39:57.871000,2020-09-27 23:39:59.728000
4oe6cs6yi5x4g7xd,failed,not_found,40,B340E3BA587E36462D8DE44DAE0F7CAB6748F064,AF7B4AA147DD4A42903B8078EB4C34A704D54114,5CCC3569C67B7F1BB733664D43DF4645F2A4B04D,9BEED1E03101B2BC9393C560FCF13A1E46E49352,2020-09-27 23:39:59.728000,2020-09-27 23:40:01.765000
4oe6cs6yi5x4g7xd,failed,not_found,71,B340E3BA587E36462D8DE44DAE0F7CAB6748F064,8DCB526722FBE2B3F4C0CE9D020B0589170F8BDA,CDB2605D2BD28DA31CC91956E8BAD147B7DF8AF9,D52A160303C638D9FB03463F8A6B7934D5787F4C,2020-09-27 23:40:01.765000,2020-09-27 23:40:03.932000
4oe6cs6yi5x4g7xd,failed,not_found,129,B340E3BA587E36462D8DE44DAE0F7CAB6748F064,875F74A3DC14737BECA06F8B500022154D1A29D1,12FD624EE73CEF37137C90D38B2406A66F68FAA2,D53AE170BF6650A2C6640484FE1B5DD1C0AB895B,2020-09-27 23:40:03.933000,2020-09-27 23:40:06.050000
vvumldetx5vzjong,failed,not_found,7,B340E3BA587E36462D8DE44DAE0F7CAB6748F064,F6740DEABFD5F62612FA025A5079EA72846B1F67,77A56CB237740E24AEA2D61C8C8936232AFC1BD8,091F0E777170A967C60069B10F5404C3D14E90E8,2020-09-27 23:39:55.669000,2020-09-27 23:39:57.504000
vvumldetx5vzjong,failed,not_found,13,B340E3BA587E36462D8DE44DAE0F7CAB6748F064,72C2EB697C3CD4CE7408359B386DEE6B2888F714,BB03606050B577B503F4C85DB3D4821A242D9A8F,318CAD1A00B33D2F65958210B09B8937836E99AF,2020-09-27 23:39:57.504000,2020-09-27 23:39:58.604000
vvumldetx5vzjong,failed,not_found,34,B340E3BA587E36462D8DE44DAE0F7CAB6748F064,77DD258F0D58792E0DCBDAA0BC66A1DC5F8D84AD,C49A177510CAA653DA6727BF0E07FB7F56A0F09D,316DE45EFFB53671C9FD53CE0992952846709A29,2020-09-27 23:39:58.604000,2020-09-27 23:40:00.296000
vvumldetx5vzjong,failed,not_found,57,B340E3BA587E36462D8DE44DAE0F7CAB6748F064,ACBC80908C1674F5F4D6F8CD1EA7A245851E4922,816E0058746B155EADD0EBD85C0465E3C778051F,091BB38D8A641014A652A36A8827A9E30EEEA882,2020-09-27 23:40:00.296000,2020-09-27 23:40:02.283000
vvumldetx5vzjong,failed,not_found,82,B340E3BA587E36462D8DE44DAE0F7CAB6748F064,58F3E2956EABB81F673E2FB90E16E001DB4AC3AE,3098CC656BB3F519FEBF93AF6E0CBBDE4D84002A,318CB7FC0EAEB92311EB51B5B78E3CAD45EBCF21,2020-09-27 23:40:02.284000,2020-09-27 23:40:03.976000
vvumldetx5vzjong,failed,not_found,136,B340E3BA587E36462D8DE44DAE0F7CAB6748F064,76D2EBA82BBCCA3DF9F254A9A8372A10A26F3D14,A6C983C2F7EEADD55CE9169E540EBD95423FC260,0935BA9178F9E3B50C99DD53F723865FC224CFA8,2020-09-27 23:40:03.976000,2020-09-27 23:40:06.269000
2lz5iimphjan4atx,failed,not_found,8,B340E3BA587E36462D8DE44DAE0F7CAB6748F064,5FB384605F53DCBF1CB02143D318DA3E8EE38A24,47C362713928A711FC105AF54993576E41CB1B7F,350AB72B8744CC40ED8699E6D3298CB14215F568,2020-09-27 23:39:55.670000,2020-09-27 23:39:57.128000
2lz5iimphjan4atx,failed,not_found,20,B340E3BA587E36462D8DE44DAE0F7CAB6748F064,CDAEBA458F6129776643751934076A51D851C348,D69660417D1BEEC6E9ED2CDCEABC4872BC111ADE,35094D4F2418A2169B1C05D4905027EE86C9F0D1,2020-09-27 23:39:57.129000,2020-09-27 23:39:59.140000
2lz5iimphjan4atx,failed,not_found,37,B340E3BA587E36462D8DE44DAE0F7CAB6748F064,2EB3C230180694A1E848001E20F36F76A2287039,62A60158A2C302E3DA792D7A4F5339F41321E5D9,1DB25DF59DAA01B5BE3D3CEB8AFED115940EBE8B,2020-09-27 23:39:59.141000,2020-09-27 23:40:01.088000
2lz5iimphjan4atx,failed,not_found,68,B340E3BA587E36462D8DE44DAE0F7CAB6748F064,F9A3542D5863CD665B7FF758E73DAD40832D0064,EC80EECFCD599612C9A74678C8001146450141E8,3523171F7CA63A75EEFB87DFE98C8AC0C90F7AB8,2020-09-27 23:40:01.089000,2020-09-27 23:40:02.652000
2lz5iimphjan4atx,failed,not_found,103,B340E3BA587E36462D8DE44DAE0F7CAB6748F064,672A56A583C658372E63ACEB43E7F791C2819548,6D163F649ECBE9DC20F016236EF36D7E1559E98E,1DBACC31486FC670FBD403FAE877342EC696D598,2020-09-27 23:40:02.653000,2020-09-27 23:40:04.922000
2lz5iimphjan4atx,failed,not_found,163,B340E3BA587E36462D8DE44DAE0F7CAB6748F064,1C0736CF3744A3B87C2D2269B8BD3388C7E60552,C5F214F7F9CCBF09324C9AA032760150243A196C,1DA8D6E01092B20968F99D6861C5D51B8025B511,2020-09-27 23:40:04.922000,2020-09-27 23:40:08.052000
dpymtt4lrqebyyz5,failed,not_found,9,B340E3BA587E36462D8DE44DAE0F7CAB6748F064,D08660B6D70B6249A57D89BB7A8F2EA2C952BD35,CC605FEC74F20D49995D8FAAFF7365954233B85D,F7026246823C6322921F3AB87537EBB020AB01E5,2020-09-27 23:39:55.690000,2020-09-27 23:39:58.076000
dpymtt4lrqebyyz5,failed,not_found,23,B340E3BA587E36462D8DE44DAE0F7CAB6748F064,A79F94117D73D4AFA4BCE340A3CB6E345C817594,0C3D5E19E3C75B505C8ACD26F89DCA2DF970553E,D9D6C35E932FEF7100A00C99C199356E82DAB7E6,2020-09-27 23:39:58.076000,2020-09-27 23:39:59.809000
dpymtt4lrqebyyz5,failed,not_found,131,B340E3BA587E36462D8DE44DAE0F7CAB6748F064,425835370C1FBE178C21CB53C76672F12BDE091A,7B0D94D348D9F98C50B6674C5CB17AF35EA2605F,F6F24800B8494ACCC2EE13B8E6D8E7AFF9B13A50,2020-09-27 23:39:59.810000,2020-09-27 23:40:06.190000
dpymtt4lrqebyyz5,failed,not_found,190,B340E3BA587E36462D8DE44DAE0F7CAB6748F064,9ACD9D526D1F82D7A00225742F1BDB374D7D17D4,76DD184BC258220BA4657E88255972D27B84BA10,F6F59B64B2494F29899E8072BCB0E6B3E070A917,2020-09-27 23:40:06.191000,2020-09-27 23:40:09.194000
dpymtt4lrqebyyz5,failed,not_found,261,B340E3BA587E36462D8DE44DAE0F7CAB6748F064,7185B69E3267E71D0E4CBE30209677205DEA5E67,2251E87A6CC2D9FF43068EF7B7413F63D0044D81,DA13C3CD7EB23CDFD739C31855658BC5B63841EE,2020-09-27 23:40:09.195000,2020-09-27 23:40:15.554000
dpymtt4lrqebyyz5,failed,not_found,412,B340E3BA587E36462D8DE44DAE0F7CAB6748F064,F6740DEABFD5F62612FA025A5079EA72846B1F67,F15F5BBB91175B81980FD0704F1762C04CF6AF1E,D9FC98828F09EF87128FED5569AE5459FBA151A7,2020-09-27 23:40:15.555000,2020-09-27 23:40:24.254000
lzi6h4fas3zir7zx,failed,not_found,14,B340E3BA587E36462D8DE44DAE0F7CAB6748F064,B8E514ADDC653D61DE1FCB67821BB0303778782F,C239952D0C8E4EABC3E6B0A8E0B623689174E3C6,A3407CC403CF39DFA40ED9E1D14A8B54431F6104,2020-09-27 23:39:56.659000,2020-09-27 23:39:59.271000
lzi6h4fas3zir7zx,failed,not_found,38,B340E3BA587E36462D8DE44DAE0F7CAB6748F064,9B5ED3370E002AEBB2A9B25E3213C1817CCD2D88,AD4DCBA30D00ADD8C7EA047D1CE85A3F15FB6296,A35536EFF3C71E47D28E2CB826B419665E65A31F,2020-09-27 23:39:59.271000,2020-09-27 23:40:01.804000
lzi6h4fas3zir7zx,failed,not_found,74,B340E3BA587E36462D8DE44DAE0F7CAB6748F064,B5212DB685A2A0FCFBAE425738E478D12361710D,C1939D36649DE98A202429631D8EFC70128D5F5F,A33573C935B34CD07D988E774819DF0D30359F8B,2020-09-27 23:40:01.804000,2020-09-27 23:40:03.650000
lzi6h4fas3zir7zx,failed,not_found,120,B340E3BA587E36462D8DE44DAE0F7CAB6748F064,746B3C4BADCCA09003DD091AF028560A61E0A48E,4856C97DC4F2271BC896DF9CABD217EE2D869D68,01729F10A81DDD8A92D770B2133082EB56C75E26,2020-09-27 23:40:03.651000,2020-09-27 23:40:05.594000
lzi6h4fas3zir7zx,failed,not_found,178,B340E3BA587E36462D8DE44DAE0F7CAB6748F064,8EB722FA1AE9DDE1914BC21FEA22819D4DE99DB4,E81993EA52B73285CFFD02FEC003569D21483001,018DD9C3A0D2AD0FFCAE3978D89418C1B88B81D5,2020-09-27 23:40:05.594000,2020-09-27 23:40:09.059000
lzi6h4fas3zir7zx,failed,not_found,254,B340E3BA587E36462D8DE44DAE0F7CAB6748F064,529CA3EB08AD6EC1791B5110AA3540A4CFA1197F,5C83A9F985E2ACFBC3D3E5DB7F5C7C91FF7FE7AA,0173A7A8BA9D32043641B69726D32A9ADFE26D16,2020-09-27 23:40:09.060000,2020-09-27 23:40:13.157000
wkqw3xrkdvrmyuxn,failed,not_found,15,B340E3BA587E36462D8DE44DAE0F7CAB6748F064,FD79B7F9230858B48E75F389661840C702511078,62468408C3D5E66141C59A6381E969B25F1ADBC5,6C94F282709D385C94087D5F6FB6D8F6648EE3D1,2020-09-27 23:39:56.670000,2020-09-27 23:39:58.361000
wkqw3xrkdvrmyuxn,failed,not_found,31,B340E3BA587E36462D8DE44DAE0F7CAB6748F064,2BAF092E8667C00CA3D9686C76D8EC3CC6BC7C5B,1C8B3C3D8BC705883B7799C915B2FE1E0FEB006F,ADDEFF6784CE2F6BB5B53384667B077AD9DAEB34,2020-09-27 23:39:58.362000,2020-09-27 23:40:00.422000
wkqw3xrkdvrmyuxn,failed,not_found,60,B340E3BA587E36462D8DE44DAE0F7CAB6748F064,12FD624EE73CEF37137C90D38B2406A66F68FAA2,F6740DEABFD5F62612FA025A5079EA72846B1F67,6C9F1A9CA87546159E5D4C33C78128C26DF3CECD,2020-09-27 23:40:00.422000,2020-09-27 23:40:03.250000
wkqw3xrkdvrmyuxn,failed,not_found,116,B340E3BA587E36462D8DE44DAE0F7CAB6748F064,7FA3FA525901A91A1310B817943668BC2C16289E,2DE6CA505E2FEDA6547B641A96C0B5C38E9F9F4C,6CA1E52071B159D74AF35AD3B0DCE128A1B32AE9,2020-09-27 23:40:03.250000,2020-09-27 23:40:05.511000
wkqw3xrkdvrmyuxn,failed,not_found,175,B340E3BA587E36462D8DE44DAE0F7CAB6748F064,76D2EBA82BBCCA3DF9F254A9A8372A10A26F3D14,D2CCA8FA2B5EE7953A778584B0F9548BDF350770,ADD35A22BF77D56AFC18CF58E5D8E2604B8985CF,2020-09-27 23:40:05.511000,2020-09-27 23:40:09.728000
wkqw3xrkdvrmyuxn,failed,not_found,283,B340E3BA587E36462D8DE44DAE0F7CAB6748F064,22D2314BC5146890A8E5C19C884D96C0CBFEAA24,855BC2DABE24C861CD887DB9B2E950424B49FC34,ADC4E832DC8A3D9242FFA6424A99BD55EBA1403B,2020-09-27 23:40:09.729000,2020-09-27 23:40:14.076000
ru2ghg57zermqfni,failed,not_found,16,B340E3BA587E36462D8DE44DAE0F7CAB6748F064,76D2EBA82BBCCA3DF9F254A9A8372A10A26F3D14,453E51CBAA4C2169EBCB05583247DD6201E87FAD,B581401A839EBD1F812DC78297FD09D60BFFA635,2020-09-27 23:39:56.686000,2020-09-27 23:39:58.550000
ru2ghg57zermqfni,failed,not_found,33,B340E3BA587E36462D8DE44DAE0F7CAB6748F064,6D163F649ECBE9DC20F016236EF36D7E1559E98E,C303038FDCC72805A160FF64E994333A49ECDA71,B5B666F5F7E910DFF44AD58CD62A4B3F415ECB60,2020-09-27 23:39:58.550000,2020-09-27 23:40:00.381000
ru2ghg57zermqfni,failed,not_found,59,B340E3BA587E36462D8DE44DAE0F7CAB6748F064,6D2D7E8FD6B730850960A3AC1B3640098E97F3AF,1733D57AA16D2E9E5A448DA607FCA5FA989E4F4D,B5831845F631C3E053B12D4714332E930219A014,2020-09-27 23:40:00.381000,2020-09-27 23:40:02.560000
ru2ghg57zermqfni,failed,not_found,98,B340E3BA587E36462D8DE44DAE0F7CAB6748F064,547C1CDB516798EC66A01F04A5884DCE1A151919,9BB161B7E5724AC881778E3DA95C926189456138,69C4C2CFCF6B418636976B5FFC0140A3BE211312,2020-09-27 23:40:02.561000,2020-09-27 23:40:04.306000
ru2ghg57zermqfni,failed,not_found,148,B340E3BA587E36462D8DE44DAE0F7CAB6748F064,B4A96C0852DD0841579D33E09A98D641EACCD73E,2BE633EE1B2229B9F7C9B2019067C7896FCE6A53,69B53A5AE5025DA8947F7C32F69CA90375ED2A4E,2020-09-27 23:40:04.306000,2020-09-27 23:40:06.830000
ru2ghg57zermqfni,failed,not_found,213,B340E3BA587E36462D8DE44DAE0F7CAB6748F064,B1289B91C190A6803C1ADA6E381C0843CE039D70,404DBE0F72D66576925432B1E4A28425FA2E4825,69BE1831EC63C751D241E5E962DA4793355A6253,2020-09-27 23:40:06.831000,2020-09-27 23:40:10.329000
yvwdlfmvpp7m7esg,failed,not_found,17,B340E3BA587E36462D8DE44DAE0F7CAB6748F064,51142A1DF64451C7750ECB85788364A68A07CEC2,E36536404200A74930DB165858BD5BB554D2BEA2,B63410CD48185ED34E9C6AE62D048D8A6854A5CA,2020-09-27 23:39:56.696000,2020-09-27 23:39:58.945000
yvwdlfmvpp7m7esg,failed,not_found,35,B340E3BA587E36462D8DE44DAE0F7CAB6748F064,E3D72E974DE4C6EFA37656377BA7A4BFE9CF22B7,21310F48066A4CAADEB2BFD324F0B38F8E1448D6,B6352D774A912764B0B0FE6297666CF09DFE3007,2020-09-27 23:39:58.946000,2020-09-27 23:40:00.857000
yvwdlfmvpp7m7esg,failed,not_found,64,B340E3BA587E36462D8DE44DAE0F7CAB6748F064,8EE44717FA55705C12086F3ECD1F8D9C8676FD05,F38FB55A8CCA6A00CDD024A5EA2CFECB38A48E15,D4825DF61F9C8FC64C57CFAE943BF1D705B06ACE,2020-09-27 23:40:00.860000,2020-09-27 23:40:02.583000
yvwdlfmvpp7m7esg,failed,not_found,100,B340E3BA587E36462D8DE44DAE0F7CAB6748F064,021DDCD687FD505B7EA7E75DA6CEF0D778AA07FB,B0537CD220A60ECF8045439658A53254C0D63DCB,B6320E44A230302C7BF9319E67597A9B87882241,2020-09-27 23:40:02.583000,2020-09-27 23:40:04.381000
yvwdlfmvpp7m7esg,failed,not_found,151,B340E3BA587E36462D8DE44DAE0F7CAB6748F064,33D88F331408141F2A2CC563239E54E48F7A211B,7F302F0AACC76835768AF068849CA07D1CC38C5E,D48DC22A810BF47E66C678A63AA54715DD3E9879,2020-09-27 23:40:04.381000,2020-09-27 23:40:07.055000
yvwdlfmvpp7m7esg,failed,not_found,215,B340E3BA587E36462D8DE44DAE0F7CAB6748F064,A64BD6DA33D870F3807C5775DEA23F6EE32289B3,0C6CA58153400FA077EABB14773E36FD61BF0D75,D46F368FDCFB9363A2A9B8279FFC2331B540BD0E,2020-09-27 23:40:07.057000,2020-09-27 23:40:10.690000
vw47e66nay5q5ryq,failed,not_found,18,B340E3BA587E36462D8DE44DAE0F7CAB6748F064,A2F7674E837C4131D70A840262AFC269801F14BA,B70BD334FFEE23E653B75219AE12CF0236BCFCBB,7DD29A65C370B86B5BE706EA3B1417745714C8AF,2020-09-27 23:39:56.722000,2020-09-27 23:39:58.505000
vw47e66nay5q5ryq,failed,not_found,21,B340E3BA587E36462D8DE44DAE0F7CAB6748F064,58FC2AAB3792AC37897D34331F4F4E00341DEC0C,1DC17C4A52A458B5C8B1E79157F8665696210E10,7DDC2CE71506820746E1E4166977F1D58F6BBA6C,2020-09-27 23:39:58.506000,2020-09-27 23:39:59.482000
vw47e66nay5q5ryq,failed,not_found,32,B340E3BA587E36462D8DE44DAE0F7CAB6748F064,A8F83F4A96BA838870174C812EEB4BF1A54B980A,C3D92B0696196558E784EF7252A5370192720BE5,4932D9330B60AD77BF08A322CF913D4736E221E3,2020-09-27 23:39:59.483000,2020-09-27 23:40:00.380000
vw47e66nay5q5ryq,failed,not_found,39,B340E3BA587E36462D8DE44DAE0F7CAB6748F064,B204DE75B37064EF6A4C6BAF955C5724578D0B32,7B0D94D348D9F98C50B6674C5CB17AF35EA2605F,493BEEFD9854F0E7CEB96A01A47EEA83F4E93A00,2020-09-27 23:40:00.381000,2020-09-27 23:40:01.210000
vw47e66nay5q5ryq,failed,not_found,69,B340E3BA587E36462D8DE44DAE0F7CAB6748F064,BD4C647508162F59CB44E4DFC1C2B2B8A9387CCA,E3D61BAEA0B7CB12CACEDC8821C520557BDFCEA3,492FF91A6B43110681F7D5DD3B380E537699D3F1,2020-09-27 23:40:01.211000,2020-09-27 23:40:02.907000
vw47e66nay5q5ryq,failed,not_found,128,B340E3BA587E36462D8DE44DAE0F7CAB6748F064,ECAA097324262B60394FE6F3CD446A66A331956E,400C053623F36C5C3D1CFC73F1AB9DA6E24DEEB7,7DC52AE6667A30536BA2383CD102CFC24F20AD71,2020-09-27 23:40:02.908000,2020-09-27 23:40:06.044000
6ebwi5qua3l5shb6,failed,not_found,130,B340E3BA587E36462D8DE44DAE0F7CAB6748F064,5C01B2D72D75F109550963F810C2010BDA208549,1EDE608C5E190C8682A2F827664E758416104670,296A9A2C96249BC5D8CA8CF196EF5E3FCC80488E,2020-09-27 23:39:56.724000,2020-09-27 23:40:06.306000
6ebwi5qua3l5shb6,failed,not_found,172,B340E3BA587E36462D8DE44DAE0F7CAB6748F064,8ADA1AB31B9B49CFFF5A450816053BF4CB72E4AC,8B889E04C60E30D511013189D3C2ADCE522E1F3C,06804E6383EE94E83C9453F39B1E524C272D6D84,2020-09-27 23:40:06.308000,2020-09-27 23:40:08.889000
6ebwi5qua3l5shb6,failed,not_found,246,B340E3BA587E36462D8DE44DAE0F7CAB6748F064,DC9564AE8BC7BF5F722E3677C897ED1B578C8D81,9A08E378EA3FA18183CB0522D7665550E1B42BB4,067ECF198238BD14B0CFE24899475A53A94E14EC,2020-09-27 23:40:08.890000,2020-09-27 23:40:12.332000
6ebwi5qua3l5shb6,failed,not_found,353,B340E3BA587E36462D8DE44DAE0F7CAB6748F064,04C3468BE24740347CBCC00534C940DBCBCABC82,A4771CB90024F1870D622960519945A3E49B40FE,0677DF0B05ECDA2EF45F26C3332731043BB89AB8,2020-09-27 23:40:12.333000,2020-09-27 23:40:18.697000
6ebwi5qua3l5shb6,failed,not_found,495,B340E3BA587E36462D8DE44DAE0F7CAB6748F064,9E4CC64C4F94C359D43C5BA09094323FDBEFD975,8056080EE822B5CA1A8FFF52B7242A82C5E42FBB,295C5C7213AE400F16DF7303AF28B3AFE16E0F7D,2020-09-27 23:40:18.698000,2020-09-27 23:40:32.757000
6ebwi5qua3l5shb6,,,,,,,296B040F1537DC2E9D644D7FF41C912403E1AF8D,2020-09-27 23:40:32.759000,
uzgabhh6nrcav5ht,failed,not_found,24,B340E3BA587E36462D8DE44DAE0F7CAB6748F064,98E659B5B701076BE433B4723F20A1811739588A,EE7CD2A763435C7006095BD167C790ABE5BC4DEA,E605E70E86A7777A22DF2259DFA9C5360B54346A,2020-09-27 23:39:58.207000,2020-09-27 23:40:01.046000
uzgabhh6nrcav5ht,failed,not_found,67,B340E3BA587E36462D8DE44DAE0F7CAB6748F064,8FD3BAF5E14EBE1124D6253D59882AFE1C2B9B8E,5B1F0DAF378A1FAFCFD5FA9CDC66D1023DC0276E,E61D63442BE06CC8CCA60C972DE1C3AE3DD7871E,2020-09-27 23:40:01.046000,2020-09-27 23:40:02.779000
uzgabhh6nrcav5ht,failed,not_found,191,B340E3BA587E36462D8DE44DAE0F7CAB6748F064,03E0F4EE272731601773F48E64240D3A8896A5E3,CB92FA4D7D71F134CE1F1FFF2BFF53E88DD4A1DB,34979DBD475FFED9CF6556E349DDEDEE69104345,2020-09-27 23:40:02.779000,2020-09-27 23:40:09.534000
uzgabhh6nrcav5ht,failed,not_found,406,B340E3BA587E36462D8DE44DAE0F7CAB6748F064,D245C3E824456945C6759599CB8A0547135A066D,103336165A0D2EFCAD3605339843A0A7710B8B92,348B89013EDDD99E4755951D1EC284D9FED71226,2020-09-27 23:40:09.535000,2020-09-27 23:40:15.994000
uzgabhh6nrcav5ht,failed,not_found,443,B340E3BA587E36462D8DE44DAE0F7CAB6748F064,0C6CA58153400FA077EABB14773E36FD61BF0D75,DC9E3C6576CC9A04AAE1C465210A972A722571A0,34B84952AFCDB00444F27805A5EDEF5F7DD549C7,2020-09-27 23:40:15.994000,2020-09-27 23:40:25.856000
uzgabhh6nrcav5ht,,,,,,,E617AD78CD262D6F68817BE6B178063B35F5FF77,2020-09-27 23:40:25.856000,
ji4hgzm4wmjnv4sz,failed,not_found,25,B340E3BA587E36462D8DE44DAE0F7CAB6748F064,303509AB910EF207B7438C27435C4A2FD579F1B1,A3C0C4B34CDBCE03A85CDA06E9EE2F7E165551DB,C3B5C9391E36631ABEA89A19C24750DBDFF7CEC8,2020-09-27 23:39:58.226000,2020-09-27 23:40:00.921000
ji4hgzm4wmjnv4sz,failed,not_found,65,B340E3BA587E36462D8DE44DAE0F7CAB6748F064,BF37445EA2A9F3D04F4B87DFAC624AEF21B559D5,E2D9035061E3D133B2CA4DA3383AEAACCC0733E1,50153B8027ADC74FBDC4561CC8A177442D81D121,2020-09-27 23:40:00.922000,2020-09-27 23:40:02.970000
ji4hgzm4wmjnv4sz,failed,not_found,115,B340E3BA587E36462D8DE44DAE0F7CAB6748F064,44FE825405384A8CE396D3369F45A4D62ECDAF66,51F733EAC4DFD128CF957A14D5F2DC023803D1A2,5008E49954AC0CA0565FE8AF61D61617212ACBC7,2020-09-27 23:40:02.971000,2020-09-27 23:40:06.318000
ji4hgzm4wmjnv4sz,failed,not_found,196,B340E3BA587E36462D8DE44DAE0F7CAB6748F064,7D928720EC0CB5C2AFE04DF0EBC37BD59B00EAB4,F836446663F1EB816F13708955F105D0B2F5C8E0,501B3DBF250B094A05CA5DBC424AD4C3D46721A2,2020-09-27 23:40:06.318000,2020-09-27 23:40:09.665000
ji4hgzm4wmjnv4sz,failed,not_found,275,B340E3BA587E36462D8DE44DAE0F7CAB6748F064,6B7ABD237CF25E5F787F365AF5FC4C86F0213A9F,3A56936CC69F13737872697DBC8415444F499FFC,C3D92B0696196558E784EF7252A5370192720BE5,2020-09-27 23:40:09.666000,2020-09-27 23:40:14.696000
ji4hgzm4wmjnv4sz,failed,not_found,430,B340E3BA587E36462D8DE44DAE0F7CAB6748F064,3239007CE1FB2ECDFDF2067DF23B949295DC5EF6,7B0D94D348D9F98C50B6674C5CB17AF35EA2605F,C3ACB0492A644E27A549BC3CDF3B7A129186E3BF,2020-09-27 23:40:14.696000,2020-09-27 23:40:24.289000
pu4dvnsy2ahjaigt,failed,not_found,26,B340E3BA587E36462D8DE44DAE0F7CAB6748F064,B6E33C39C1C94E582CBB8C24CCE351F2129807C6,0ACD9B1271E95AC1743B9EC1299BB294BD3EBD90,4CA64E677ECFF23B138CFE70A6A02E94BDF3A805,2020-09-27 23:39:58.272000,2020-09-27 23:40:00.237000
pu4dvnsy2ahjaigt,failed,not_found,54,B340E3BA587E36462D8DE44DAE0F7CAB6748F064,B872BA6804C8C6E140AE1897B44CF32B42FD2397,D39328D2EAE3816F9C5D5D1BB19D1C14E2E79482,1F6ABD086F40B890A33C93CC4606EE68B31C9556,2020-09-27 23:40:00.238000,2020-09-27 23:40:01.996000
pu4dvnsy2ahjaigt,failed,not_found,79,B340E3BA587E36462D8DE44DAE0F7CAB6748F064,7FA3196223EF6DFE7B53EA85E3629239A0EE1CE9,64FC9B3852BA7EC74E79BD4099D850C338009E77,4C8B019E2B132FDD831419E13F59E7B7FA80476A,2020-09-27 23:40:01.996000,2020-09-27 23:40:04.209000
pu4dvnsy2ahjaigt,failed,not_found,143,B340E3BA587E36462D8DE44DAE0F7CAB6748F064,59BC32EA48ED1D06A373856434C0C5C4D2D86603,B204DE75B37064EF6A4C6BAF955C5724578D0B32,4C5B8134341E66CB09246985E4039F9BFC0ADCE3,2020-09-27 23:40:04.210000,2020-09-27 23:40:06.640000
pu4dvnsy2ahjaigt,failed,not_found,204,B340E3BA587E36462D8DE44DAE0F7CAB6748F064,F55E866AD4CB00B671B8A315AD3A9289B6E8C02C,38E48C9509E18F405749859EEF299EBC1B829602,1F616EFAE7D4569604372EF960CE27BCC89060A4,2020-09-27 23:40:06.641000,2020-09-27 23:40:10.380000
pu4dvnsy2ahjaigt,failed,not_found,293,B340E3BA587E36462D8DE44DAE0F7CAB6748F064,B20F089A94902EB43F77626D4F4D17AC888B8A19,3EE6BA5394B18AEF14E0D3B959D733B7A1EC3AD5,1F772DD93DA20A6745E334BAFFC7B9765876BB11,2020-09-27 23:40:10.381000,2020-09-27 23:40:15.494000
hil2v226dyk45rit,failed,not_found,27,B340E3BA587E36462D8DE44DAE0F7CAB6748F064,59EA74708A9C1A24D2EB1A2F150C27119A5FC2A6,22775B953E662151549C114CB8EE5FBDBCBDAD02,56B310D18861A5F2A57D73269B6C11EDFA4EED1A,2020-09-27 23:39:58.273000,2020-09-27 23:40:00.191000
hil2v226dyk45rit,failed,not_found,47,B340E3BA587E36462D8DE44DAE0F7CAB6748F064,B8BF2948E7830586F64EE92CCEABFB202E2FBF85,F244C5F5DDE2F29CA1F88E4C9F9FACCC48BCA857,56B8E1E855EAD17D7CA92AEE8EA3182CFA8C3512,2020-09-27 23:40:00.192000,2020-09-27 23:40:01.995000
hil2v226dyk45rit,failed,not_found,78,B340E3BA587E36462D8DE44DAE0F7CAB6748F064,3CCF9573F59137E52787D9C322AC19D2BD090B70,BF37445EA2A9F3D04F4B87DFAC624AEF21B559D5,44730B2450213BC3E2DAA4854458D134F0644FF2,2020-09-27 23:40:01.995000,2020-09-27 23:40:03.662000
hil2v226dyk45rit,failed,not_found,209,B340E3BA587E36462D8DE44DAE0F7CAB6748F064,8CDF2F3A8ABD834CF9F3E8FC202DF64625BFB443,5262556D44A7F2434990FDE1AE7973C67DF49E58,4469F441FDAB256575262B013B44D44B37E4DC8B,2020-09-27 23:40:03.662000,2020-09-27 23:40:09.547000
hil2v226dyk45rit,failed,not_found,313,B340E3BA587E36462D8DE44DAE0F7CAB6748F064,61B8BDC91AA7BC9A05EB5A3D652FFF88C98E6911,F6740DEABFD5F62612FA025A5079EA72846B1F67,447A24F3402C4774D89E7AAD2D876D0BF64E3267,2020-09-27 23:40:09.548000,2020-09-27 23:40:15.873000
hil2v226dyk45rit,failed,not_found,440,B340E3BA587E36462D8DE44DAE0F7CAB6748F064,6D4D5193A0E290C027FE6B66731133F70946A155,A59AD84F92B2E5A76EBFE3BE62D3B28AF9BFD127,56DCA89A6B41ADA30E891EF65FDCC071DC05079B,2020-09-27 23:40:15.874000,2020-09-27 23:40:26.379000
dh2j7yk5yezvb3bn,failed,not_found,28,B340E3BA587E36462D8DE44DAE0F7CAB6748F064,FDF0BA4609374BC7A75C3D05A92F8BE696CA6D8D,E130296683B896A117CE5DA531A5645644178734,1A7A2516A961F2838F7F94786A8811BE82F9CFFE,2020-09-27 23:39:58.274000,2020-09-27 23:40:00.774000
dh2j7yk5yezvb3bn,failed,not_found,63,B340E3BA587E36462D8DE44DAE0F7CAB6748F064,79B207AD51842FA215D956B9307B3D01CD347368,16FD7E5D67B7054EE4E7FDDF04AFB48216CA640A,1B6D2FA8D4B87B5CD8E2AE8DD5A4A9DC6A69B45B,2020-09-27 23:40:00.775000,2020-09-27 23:40:02.579000
dh2j7yk5yezvb3bn,failed,not_found,99,B340E3BA587E36462D8DE44DAE0F7CAB6748F064,D87698D8E2276C7E93D531B7C2A1B27D58C71876,5E1207FC5BE02728D9D0B540384EB081B53987E6,1A61BF490CA2F3BE6E1F90D57E688E75B90F0E7B,2020-09-27 23:40:02.579000,2020-09-27 23:40:04.277000
dh2j7yk5yezvb3bn,failed,not_found,146,B340E3BA587E36462D8DE44DAE0F7CAB6748F064,3C638F95F36671FC71690C7BBE252E21920044D5,C25E5C62897BACBA309571C2548084B45050FEDF,1B605B2751279B152CA098ED76B1EBCC9ADCA239,2020-09-27 23:40:04.277000,2020-09-27 23:40:06.802000
dh2j7yk5yezvb3bn,failed,not_found,212,B340E3BA587E36462D8DE44DAE0F7CAB6748F064,63C6AB74A5C288C2159DDC783BB00F88AB44427C,BEA7C058ECD27BE8E73A76CBE13A917A83192685,1A6CD4A78BC5A4F19CF2F27C4AB32E44C8B20769,2020-09-27 23:40:06.802000,2020-09-27 23:40:10.654000
dh2j7yk5yezvb3bn,failed,not_found,301,B340E3BA587E36462D8DE44DAE0F7CAB6748F064,D54247E35545388D9C42E4716EDC59F67907789F,F7B024DB02C601185C202E26DFFD2AD525C16A36,1B54FC6897A77F5BD006D0DB06971735E6527D1E,2020-09-27 23:40:10.654000,2020-09-27 23:40:15.996000
ipyhd3mw2lqf4knx,failed,not_found,29,B340E3BA587E36462D8DE44DAE0F7CAB6748F064,ED664A0DB3B686FAAFEBD905DFFCE0E1981F3F1A,B576A394DFC12B7E900D643C900484765D58C30F,C0AEABA1B55519FE5384AA44D0312BE98216DA71,2020-09-27 23:39:58.275000,2020-09-27 23:40:00.719000
ipyhd3mw2lqf4knx,failed,not_found,62,B340E3BA587E36462D8DE44DAE0F7CAB6748F064,4AD9C116A1942D58A714433CA24F087F18036A7E,BF5C0C5D3A1C6654FEBA5FF66B00734DF073DB50,C0BAB92DD18FF83E315CC114238F71CF6E782D66,2020-09-27 23:40:00.719000,2020-09-27 23:40:02.726000
ipyhd3mw2lqf4knx,failed,not_found,112,B340E3BA587E36462D8DE44DAE0F7CAB6748F064,B872BA6804C8C6E140AE1897B44CF32B42FD2397,59BC32EA48ED1D06A373856434C0C5C4D2D86603,36BABBBC06E2BF9D2C992371324B95B812E10A40,2020-09-27 23:40:02.727000,2020-09-27 23:40:05.300000
ipyhd3mw2lqf4knx,failed,not_found,173,B340E3BA587E36462D8DE44DAE0F7CAB6748F064,425835370C1FBE178C21CB53C76672F12BDE091A,CDAF0B74C45FD5B1955198A8D92C8A518A53D07B,36D68478366CB8627866757EBCE7FB3C17FC1CB8,2020-09-27 23:40:05.301000,2020-09-27 23:40:08.541000
ipyhd3mw2lqf4knx,failed,not_found,273,B340E3BA587E36462D8DE44DAE0F7CAB6748F064,F5F4019509109A07E90C45A022CEED9ECA1643C8,F025EF03C1C48D31E98416DC91B2F2D2E8AF7523,36EBA005CE1BBD9B164600A4666D9EA37082D838,2020-09-27 23:40:08.541000,2020-09-27 23:40:14.210000
ipyhd3mw2lqf4knx,failed,not_found,490,B340E3BA587E36462D8DE44DAE0F7CAB6748F064,6FB20BB05A841CDDB308E85A4D117FCFC911F5EA,FF154E0265ADC24FDB1D8BBA34455E324C9FE407,C0A0FEB6473F3F31822BB8F008049718CA017627,2020-09-27 23:40:14.211000,2020-09-27 23:40:23.485000
uaaq2lrm2ip3ic2m,failed,not_found,42,B340E3BA587E36462D8DE44DAE0F7CAB6748F064,CB92FA4D7D71F134CE1F1FFF2BFF53E88DD4A1DB,AF77AA5BD924319510F99B30CD0932D32B01B5C5,74A19D86DDF63F1133B414B81F36E1F44640811F,2020-09-27 23:40:00.020000,2020-09-27 23:40:01.784000
uaaq2lrm2ip3ic2m,failed,not_found,72,B340E3BA587E36462D8DE44DAE0F7CAB6748F064,B198C0B4B8C551F174FBB841A172616E3DB3124D,3F065BB0B02FB2303E144383D16C47A7DED75AE7,2D8A907F61CAED48170963B76BE4FB0ED33E5E88,2020-09-27 23:40:01.785000,2020-09-27 23:40:03.503000
uaaq2lrm2ip3ic2m,failed,not_found,118,B340E3BA587E36462D8DE44DAE0F7CAB6748F064,EBB799FADD615E93CA97BE5583E5EB97DD21E10F,58F3E2956EABB81F673E2FB90E16E001DB4AC3AE,74A99385B6EC9603409CA84CDA3D81D24B054C0D,2020-09-27 23:40:03.504000,2020-09-27 23:40:05.965000
uaaq2lrm2ip3ic2m,failed,not_found,187,B340E3BA587E36462D8DE44DAE0F7CAB6748F064,D87698D8E2276C7E93D531B7C2A1B27D58C71876,DA9E02BB8080E473157052F70439B7886AA8569D,2DB8A946826D0CB4F5C3A8264628DD0F16F6612D,2020-09-27 23:40:05.965000,2020-09-27 23:40:09.217000
uaaq2lrm2ip3ic2m,failed,not_found,263,B340E3BA587E36462D8DE44DAE0F7CAB6748F064,B3D56C1E0AD84BA93AF6DC533A8569C3D0E8A58B,A231513B758330E6E6DB18F5B6EC6DAAA406C31D,2D8AFA912E2B8623BB2CDACD19332209D524D1A3,2020-09-27 23:40:09.218000,2020-09-27 23:40:13.634000
uaaq2lrm2ip3ic2m,failed,not_found,378,B340E3BA587E36462D8DE44DAE0F7CAB6748F064,F0C9513539800F762ECAE37F16370D7CBA5E52C2,375DCBB2DBD94E5263BC0C015F0C9E756669617E,749EF4A434DFD00DAB31E93DE86233FB916D31E3,2020-09-27 23:40:13.635000,2020-09-27 23:40:20.946000
ufjamsl2dectlz5x,failed,not_found,43,B340E3BA587E36462D8DE44DAE0F7CAB6748F064,E81EF60A73B3809F8964F73766B01BAA0A171E20,DB7564CC6C0A38B40BAE93755884B9B01165BE06,2FE5624BCB6A5A4C417314CE3C00ED6404212E8F,2020-09-27 23:40:00.040000,2020-09-27 23:40:02.585000
ufjamsl2dectlz5x,failed,not_found,101,B340E3BA587E36462D8DE44DAE0F7CAB6748F064,51800AF38B30ED1454DD74CB412BADCED5F60593,E36536404200A74930DB165858BD5BB554D2BEA2,3C5491293747761AFE9AF014FDA4B92960304D21,2020-09-27 23:40:02.585000,2020-09-27 23:40:05.080000
ufjamsl2dectlz5x,failed,not_found,167,B340E3BA587E36462D8DE44DAE0F7CAB6748F064,8101421BEFCCF4C271D5483C5AABCAAD245BBB9D,8AAD0B090311B7A43D44FD353F32D21628C85D52,3C1D1FD51B04A8DF339E325386AAEC211F61563A,2020-09-27 23:40:05.080000,2020-09-27 23:40:08.138000
ufjamsl2dectlz5x,failed,not_found,238,B340E3BA587E36462D8DE44DAE0F7CAB6748F064,6C6753D352653AC63C01562984F26088502A7E4E,F59A3032A7AE637687E99437CA6DA81D3587A0EC,3C4B5F67E092261DD87626CCA76C7402A4A1CCC3,2020-09-27 23:40:08.139000,2020-09-27 23:40:12.406000
ufjamsl2dectlz5x,failed,not_found,354,B340E3BA587E36462D8DE44DAE0F7CAB6748F064,FCF61C25093BB33BAA203D8EE7E65466D42ECF98,AE95BDA37A5BB4685FEBB7F06649D6CE949B5316,2FFBAEBC4D4A88CA96BD5F6B0D3A1D1A7A00D5F2,2020-09-27 23:40:12.407000,2020-09-27 23:40:18.794000
ufjamsl2dectlz5x,failed,not_found,497,B340E3BA587E36462D8DE44DAE0F7CAB6748F064,0ED0EA324C931CF41CB5272BFB1D015B3D5772A9,E5507444DAC04539B8DC624299616141B0DB64D5,2FF5EA5B3251C510E7C7507A8698FDE08910C304,2020-09-27 23:40:18.794000,2020-09-27 23:40:33.528000
euw7u42bcherjqek,failed,not_found,44,B340E3BA587E36462D8DE44DAE0F7CAB6748F064,8FA2185CFF631773E20F0E2F9A743E16E12DCBB1,296DD68C9017BF7FC7CEC9ACB43A6FAA942408FF,E130296683B896A117CE5DA531A5645644178734,2020-09-27 23:40:00.084000,2020-09-27 23:40:02.162000
euw7u42bcherjqek,failed,not_found,81,B340E3BA587E36462D8DE44DAE0F7CAB6748F064,912B7597346A74A44AD4B6068C645772B758DCB7,18B160CD5E22BFC345AEE7BA84B7EA45BF457FCA,E11FC7C83F417808A4CDD84A5ABFC112844C477A,2020-09-27 23:40:02.162000,2020-09-27 23:40:03.970000
euw7u42bcherjqek,failed,not_found,134,B340E3BA587E36462D8DE44DAE0F7CAB6748F064,5B1F0DAF378A1FAFCFD5FA9CDC66D1023DC0276E,CB1EC403A7331FE26F218D178DF8908014CC4F65,E235941C8403FB63EC91436FA4DCF6B020EB51A2,2020-09-27 23:40:03.970000,2020-09-27 23:40:06.547000
euw7u42bcherjqek,failed,not_found,203,B340E3BA587E36462D8DE44DAE0F7CAB6748F064,DC9564AE8BC7BF5F722E3677C897ED1B578C8D81,1912F4D307F8E8E7BEBED577CBA9149D42BBEDE4,E1382D287705E5197461F25039AD08A9B97D001F,2020-09-27 23:40:06.548000,2020-09-27 23:40:10.390000
euw7u42bcherjqek,failed,not_found,294,B340E3BA587E36462D8DE44DAE0F7CAB6748F064,BACB47406A231AB60EC33D1ED5081C603B209655,81E18725397D620DA548ABBE24D9CD263DEF2FDC,E26635F9ED41CDA8467C2AA992D81074337602EF,2020-09-27 23:40:10.391000,2020-09-27 23:40:15.455000
euw7u42bcherjqek,failed,not_found,411,B340E3BA587E36462D8DE44DAE0F7CAB6748F064,7992F172EDBE69B99F0190651BAC14DD0FD9E5C8,A9A4213EA3D707857368C683F2208C83B8755D8A,E233F3609689B34A86B15ECEB6DE7B51AA311704,2020-09-27 23:40:15.456000,2020-09-27 23:40:23.093000
lsk2vevcoizq72rk,failed,not_found,45,B340E3BA587E36462D8DE44DAE0F7CAB6748F064,B71DE54802E73B86F0798FB2ED2AFB0BB6B1F7C9,9423A72BBC8B5C6AC9DE9F57735EB2B08E4156E8,234D670EAA794F092F7BD758D5D2AA7F4E3FFBE3,2020-09-27 23:40:00.149000,2020-09-27 23:40:01.913000
lsk2vevcoizq72rk,failed,not_found,76,B340E3BA587E36462D8DE44DAE0F7CAB6748F064,BFCDE7C44DC8F222216AACFF46D3E28D722D32D3,88D5F0BD87F9BC1A96FCBFDCEDB1C0E6BAB1D14E,7E006A46A222CE42F84B4A175698B3B593A7B3B7,2020-09-27 23:40:01.914000,2020-09-27 23:40:03.654000
lsk2vevcoizq72rk,failed,not_found,121,B340E3BA587E36462D8DE44DAE0F7CAB6748F064,B6E65DC3A11168989237F82EBD8115A029DB3688,D5C01B85FB3A48D55698CA660A2DE8935388816E,233FE941DC6E45450D348E367C1B5D915C6A35D0,2020-09-27 23:40:03.654000,2020-09-27 23:40:06.948000
lsk2vevcoizq72rk,failed,not_found,214,B340E3BA587E36462D8DE44DAE0F7CAB6748F064,62CF4982747BFDE3C0395A3894554BD8DC3C5D92,1A002B6E163D502F23381391718E11A568976403,7E08734909378D7F38FE8FDC9429DCC1521EEB57,2020-09-27 23:40:06.948000,2020-09-27 23:40:10.771000
lsk2vevcoizq72rk,failed,not_found,318,B340E3BA587E36462D8DE44DAE0F7CAB6748F064,D1AFBF3117B308B6D1A7AA762B1315FD86A6B8AF,09A70E396DE93F54D4541BBB0EC8E2B23761F34F,7DEE0F8F19D4C3BF646C8041BC5BE7A9085DFCF4,2020-09-27 23:40:10.771000,2020-09-27 23:40:17.211000
lsk2vevcoizq72rk,failed,not_found,466,B340E3BA587E36462D8DE44DAE0F7CAB6748F064,A0B05E1D852D874EFAF3603C83246E00AD65AF20,38F21DEE29E40DCDF9460A80662B7723562CA008,235D3444236ABC28F412E93814F6B783200D4630,2020-09-27 23:40:17.212000,2020-09-27 23:40:28.748000
qo6ecxeizfdemydr,failed,not_found,46,B340E3BA587E36462D8DE44DAE0F7CAB6748F064,39CF2F22E5018C01FD57DEB1AB8FDFA4592633FB,25E078CD1E537A7418318168F7E1990EF2A160C8,7E8597BB39D4C7EDC4ABF7538B6531655A2DA334,2020-09-27 23:40:00.150000,2020-09-27 23:40:01.633000
qo6ecxeizfdemydr,failed,not_found,61,B340E3BA587E36462D8DE44DAE0F7CAB6748F064,41CEB66108B70108F148BF7778260A87723AACA1,7A3E534C033E3836BD5AF223B642853C502AB33A,7E7D257777019B80771C5F6FF63DB6D89AE5B067,2020-09-27 23:40:01.633000,2020-09-27 23:40:02.507000
qo6ecxeizfdemydr,failed,not_found,94,B340E3BA587E36462D8DE44DAE0F7CAB6748F064,0F6E5CA4BF5565D9AA9FDDCA165AFC6A5305763D,6ED6758622A73F54F0EF59A9D31D71AABD7A70DA,B2D03CDF45EB4D74A65FAC4F00EBA785C9663A5F,2020-09-27 23:40:02.507000,2020-09-27 23:40:04.210000
qo6ecxeizfdemydr,failed,not_found,144,B340E3BA587E36462D8DE44DAE0F7CAB6748F064,AF42BD51EEBA9329E110AA8D206FED316E1DA671,FFA72BD683BC2FCF988356E6BEC1E490F313FB07,7E8BC43AE75EAE16D7EC4676F4A5C355F454B809,2020-09-27 23:40:04.210000,2020-09-27 23:40:06.747000
qo6ecxeizfdemydr,failed,not_found,211,B340E3BA587E36462D8DE44DAE0F7CAB6748F064,014E24C0CD21D2B9829E841D5EC1D3C415F866BF,C5BF27560E4B007365FBA96D32F9E74614218C8E,B2CB9E5C80367C9026A806EC4801E22425AA7E8A,2020-09-27 23:40:06.748000,2020-09-27 23:40:10.606000
qo6ecxeizfdemydr,failed,not_found,296,B340E3BA587E36462D8DE44DAE0F7CAB6748F064,D8056CAD4A3D6EE7D82748027474BF5C53E569D9,E38CCCE275ADC46DF35FB764AA28D4EF722CFA54,B2ABDED0AB51FAE1D7E682CB31849FFF103030B3,2020-09-27 23:40:10.607000,2020-09-27 23:40:16.533000
gyrem2romqwzrsst,failed,not_found,48,B340E3BA587E36462D8DE44DAE0F7CAB6748F064,CC605FEC74F20D49995D8FAAFF7365954233B85D,B0A63BC3FDA67A7ADD1BE08BAA8309C4B204D29B,2659ACAA140B6845E38F189B4080817B9819EB9A,2020-09-27 23:40:00.192000,2020-09-27 23:40:01.992000
gyrem2romqwzrsst,failed,not_found,77,B340E3BA587E36462D8DE44DAE0F7CAB6748F064,6FF440DFB1D0697B942357D747900CC308DD57CC,77A56CB237740E24AEA2D61C8C8936232AFC1BD8,8310506FEB8DA98EAE0C30F65413B4E20B6BE3E0,2020-09-27 23:40:01.994000,2020-09-27 23:40:03.721000
gyrem2romqwzrsst,failed,not_found,110,B340E3BA587E36462D8DE44DAE0F7CAB6748F064,5E4D1E6D31413DCCC148A8050224578CBBF12883,FDFD675D05216549EB7DA545E32ECFCEEAE805F2,82ED9AEC94184EC6DD299A5CDB3378B04BB17489,2020-09-27 23:40:03.722000,2020-09-27 23:40:05.097000
gyrem2romqwzrsst,failed,not_found,153,B340E3BA587E36462D8DE44DAE0F7CAB6748F064,431702B3A68A6015F9955DD4FD0129175B43EA0F,93F97B76A7D0F0947C4C75AC62017E45BBFE6C08,26220AEA188B8D0E47BB541E1A616EB3AD70295F,2020-09-27 23:40:05.097000,2020-09-27 23:40:07.161000
gyrem2romqwzrsst,failed,not_found,218,B340E3BA587E36462D8DE44DAE0F7CAB6748F064,B138ECF12483CF1933A2EAD5966BC7C01B5C64E3,874D84382C892F3F61CC9E106BF08843DE0B865A,26ACD3A1EFECBB695CE8DF2EB769DB9242964C6C,2020-09-27 23:40:07.161000,2020-09-27 23:40:11.132000
gyrem2romqwzrsst,failed,not_found,325,B340E3BA587E36462D8DE44DAE0F7CAB6748F064,9EB3FD84065E5622A57EFEF14E41A01B5B99A022,221546DAE86B003139B13BD6F6AE1B4B42B59DF8,82E988DADF83051ECE69D64AFC47662788D8AA1F,2020-09-27 23:40:11.132000,2020-09-27 23:40:17.035000
iluwjwbrxyfov67p,failed,not_found,49,B340E3BA587E36462D8DE44DAE0F7CAB6748F064,3FE39429CB7077BBB13D2774591A1B80EE493742,E5CC91BAFE7CCD68003E873D32E38027638D49D7,14949C2F29DF7BE499D75E20BB0E86FC425F7EE1,2020-09-27 23:40:00.193000,2020-09-27 23:40:01.801000
iluwjwbrxyfov67p,failed,not_found,73,B340E3BA587E36462D8DE44DAE0F7CAB6748F064,071ACB713A9558A4B5750520B0A738C66033E0B1,5D78D7D2A16F6B4D3166FD9D1FD4A715B14A56DF,148487C6EBE04EB22496080C20796C51B060F611,2020-09-27 23:40:01.802000,2020-09-27 23:40:03.973000
iluwjwbrxyfov67p,failed,not_found,135,B340E3BA587E36462D8DE44DAE0F7CAB6748F064,F6740DEABFD5F62612FA025A5079EA72846B1F67,F0AE51D182DA3B1FB452666EE3E5EA906C431CBF,C1DCC470C80F6D702C5ED11515936444BD3A0255,2020-09-27 23:40:03.973000,2020-09-27 23:40:06.318000
iluwjwbrxyfov67p,failed,not_found,198,B340E3BA587E36462D8DE44DAE0F7CAB6748F064,AEA8C3366E0FA2DE560E66C3B7A46C509CFF9890,9DA7EF9E9D6070CD8B7059B8A8CC5B41CEC02726,14877C6384A9E793F422C8D1DDA447CACA4F7C4B,2020-09-27 23:40:06.319000,2020-09-27 23:40:09.872000
iluwjwbrxyfov67p,failed,not_found,286,B340E3BA587E36462D8DE44DAE0F7CAB6748F064,08602BACB604139F07C9530DFC243454C48B9749,97B7BA747B62A9962DEDCE404FF33106D4032F91,C215211F88FFCF8C6E70CC34C76DA0948E3DD24A,2020-09-27 23:40:09.873000,2020-09-27 23:40:14.195000
iluwjwbrxyfov67p,failed,not_found,426,B340E3BA587E36462D8DE44DAE0F7CAB6748F064,453E51CBAA4C2169EBCB05583247DD6201E87FAD,71EFE4314646C4613895509723BFD354D8EABCAF,C22BA9ED6DEE071D2B37B9718DCCFB6A53EAD5E6,2020-09-27 23:40:14.195000,2020-09-27 23:40:23.643000
ypvzofh2p6k5kfpm,failed,not_found,50,B340E3BA587E36462D8DE44DAE0F7CAB6748F064,58332DDDA15415CB3D13F5ECA3D54BE961B8C458,874D84382C892F3F61CC9E106BF08843DE0B865A,F7026246823C6322921F3AB87537EBB020AB01E5,2020-09-27 23:40:00.194000,2020-09-27 23:40:02.660000
ypvzofh2p6k5kfpm,failed,not_found,105,B340E3BA587E36462D8DE44DAE0F7CAB6748F064,D53E6F9C8342684BE369F1B9CE793CF49B74AE20,8111FEB45EF2950EB8F84BFD8FF070AB07AEE9DD,F703D459983875CE9CED6AF74788A597ED662674,2020-09-27 23:40:02.660000,2020-09-27 23:40:05.011000
ypvzofh2p6k5kfpm,failed,not_found,250,B340E3BA587E36462D8DE44DAE0F7CAB6748F064,492FF91A6B43110681F7D5DD3B380E537699D3F1,375DCBB2DBD94E5263BC0C015F0C9E756669617E,DD08F4F385A97501EE532F51D8126E3BF4DCC382,2020-09-27 23:40:05.011000,2020-09-27 23:40:13.012000
ypvzofh2p6k5kfpm,failed,not_found,370,B340E3BA587E36462D8DE44DAE0F7CAB6748F064,F836446663F1EB816F13708955F105D0B2F5C8E0,EF3CF4D2823A6C995CBDBF41D5C55A865CF841D1,F70B7C5CD72D74C7F9F2DC84FA9D20D51BA13610,2020-09-27 23:40:13.012000,2020-09-27 23:40:20.129000
ypvzofh2p6k5kfpm,failed,not_found,525,B340E3BA587E36462D8DE44DAE0F7CAB6748F064,FE1AF5E909002134BFF834F4AD5E1DE723779002,2119E5A4B5F420165BF5DF19A5A28F4610FFD103,DCEA2A6D8034E164A4FFDD8AFF997E2F6FB2ECF8,2020-09-27 23:40:20.130000,2020-09-27 23:40:37.644000
ypvzofh2p6k5kfpm,,,,,,,DCE5AA5B2287663BE7DBE9C87635FA846138D9A6,2020-09-27 23:40:37.645000,
d5uvo6bgicwrvgg3,failed,not_found,51,B340E3BA587E36462D8DE44DAE0F7CAB6748F064,A2C6C931D8627C6605288970889DDB88C7BA2142,A7112F8CC2F9299C72212EB0FFB85725004333B5,E130296683B896A117CE5DA531A5645644178734,2020-09-27 23:40:00.195000,2020-09-27 23:40:01.837000
d5uvo6bgicwrvgg3,failed,not_found,75,B340E3BA587E36462D8DE44DAE0F7CAB6748F064,B8F7B162963287D2199D075BBAB2C4FB941BB390,D123C0F8F562804693C47D68C61786023B295E98,E1382D287705E5197461F25039AD08A9B97D001F,2020-09-27 23:40:01.837000,2020-09-27 23:40:04.158000
d5uvo6bgicwrvgg3,failed,not_found,142,B340E3BA587E36462D8DE44DAE0F7CAB6748F064,7F64B84FA7889688041D2413AD60EA3F9CA6801D,0C6D3655763B1A3A60FC42135CD60765AFE953BA,E11FC7C83F417808A4CDD84A5ABFC112844C477A,2020-09-27 23:40:04.159000,2020-09-27 23:40:08.012000
d5uvo6bgicwrvgg3,failed,not_found,234,B340E3BA587E36462D8DE44DAE0F7CAB6748F064,AD7552F2CFBF472F9FFE748D3E82994EA6050A76,B74DABBE248B935CDC1038CD5C9280878C8C94E7,7D31D5118D47BF86C550ABB79EDDE865EC31B67F,2020-09-27 23:40:08.012000,2020-09-27 23:40:11.659000
d5uvo6bgicwrvgg3,failed,not_found,331,B340E3BA587E36462D8DE44DAE0F7CAB6748F064,B3DA9D673321B92253DCCD38A9740F2C562C91EA,088A6237EED87EDEB0E1E3AD0A4A419F963F0787,7D277B076A1A044F0FDEE9EAB02CFFF655C29894,2020-09-27 23:40:11.660000,2020-09-27 23:40:17.768000
d5uvo6bgicwrvgg3,failed,not_found,460,B340E3BA587E36462D8DE44DAE0F7CAB6748F064,D1B1A550FEE3A05E71CA9080D14CCA3B746C0C17,7997D73272295C1322F30FFD1F32D093E1E19795,7D3307C578AD1B1D818D74E38635BDACB390A845,2020-09-27 23:40:17.768000,2020-09-27 23:40:29.124000
36knbdxv774yuhce,failed,not_found,52,B340E3BA587E36462D8DE44DAE0F7CAB6748F064,61FA7E7C766577D76EBABF19330993DEFA8AF3C3,E3E7491900ECA759D7FA64E6B1CCBD6AC69474D7,DFAA86AD46BEA875D5018CC1CECD77C9F979FB0E,2020-09-27 23:40:00.237000,2020-09-27 23:40:02.025000
36knbdxv774yuhce,failed,not_found,80,B340E3BA587E36462D8DE44DAE0F7CAB6748F064,787403EB1E2F7C9BA1B38D0389AA6719463F0F7E,B576A394DFC12B7E900D643C900484765D58C30F,DFA40306BEA6EAF28CEF4AFED473A2877A90F9B5,2020-09-27 23:40:02.026000,2020-09-27 23:40:03.601000
36knbdxv774yuhce,failed,not_found,119,B340E3BA587E36462D8DE44DAE0F7CAB6748F064,B728832F0AB11E5450EC320230E2B7D33EC08F49,B74DABBE248B935CDC1038CD5C9280878C8C94E7,DF81D831D4FF686F52C9ACAA9EB5711F95BF4DD4,2020-09-27 23:40:03.602000,2020-09-27 23:40:05.743000
36knbdxv774yuhce,failed,not_found,186,B340E3BA587E36462D8DE44DAE0F7CAB6748F064,980B28A19B0A66948035A3FE143E5CF613C84122,74DA18F45DE195D9E920B0EC10BF6958E44B0CEB,FBCD5D8428C342B02D94156F52358B02B3F2E519,2020-09-27 23:40:05.743000,2020-09-27 23:40:09.863000
36knbdxv774yuhce,failed,not_found,285,B340E3BA587E36462D8DE44DAE0F7CAB6748F064,672A56A583C658372E63ACEB43E7F791C2819548,443114A8673927436BC3F8FCFE6E08B16B1D5F86,FBE04186F49DB2B1EDEF3CE06DB16F29690AFD69,2020-09-27 23:40:09.863000,2020-09-27 23:40:14.821000
36knbdxv774yuhce,failed,not_found,433,B340E3BA587E36462D8DE44DAE0F7CAB6748F064,113143469021882C3A4B82F084F8125B08EE471E,198F12E2DEFBE6BEEBC38B2FEDD615AECB38DA7A,FBD20387F64D67ED53AC5BD2E0302D44B2DA360C,2020-09-27 23:40:14.821000,2020-09-27 23:40:24.569000
irjcl6z6rjodf7jx,failed,not_found,53,B340E3BA587E36462D8DE44DAE0F7CAB6748F064,4F500157ABF70A1A94636D268A742A8B227B8BFD,DEA98B7F9BA8B7F8A098D3939A6FE446084B48E7,1D04FF920CE804CE357FE62C665901C578BC26D6,2020-09-27 23:40:00.237000,2020-09-27 23:40:02.605000
irjcl6z6rjodf7jx,failed,not_found,102,B340E3BA587E36462D8DE44DAE0F7CAB6748F064,10CA859C429A17EFF704CC53D0080940148D59DA,E7882187F6FA695450719FD3738D640FBDFF5D48,A1EC0D0861AF76DF5AADDC17AD18DDC8F4281FE2,2020-09-27 23:40:02.606000,2020-09-27 23:40:04.950000
irjcl6z6rjodf7jx,failed,not_found,164,B340E3BA587E36462D8DE44DAE0F7CAB6748F064,5A224EFAC453F7EF2D0435E336890DECDC5CEBFD,B85E6AB2B5F115536B2DA847A3FB99B8A985D437,A212DA5DAF940D8CA63064926A1B0FF035DDCE02,2020-09-27 23:40:04.950000,2020-09-27 23:40:07.567000
irjcl6z6rjodf7jx,failed,not_found,222,B340E3BA587E36462D8DE44DAE0F7CAB6748F064,3A51E32A303A0E0A3AB8AA1CCBE98FF8791E2341,8DC832ABDC9C97B8B71F74AB041D3CB3FA9578AA,A1DEB529DE86E7CABC3212778374933D68FB7F2F,2020-09-27 23:40:07.568000,2020-09-27 23:40:11.156000
irjcl6z6rjodf7jx,failed,not_found,303,B340E3BA587E36462D8DE44DAE0F7CAB6748F064,3A27CC4147062E4EFDF46F848FEA7FF032A04E5F,F6691E3EB7CAB3C876AAA885E6801B63DC998C39,1D25C7B2DD3C0BD55526DCF95B175EA3E95D9286,2020-09-27 23:40:11.157000,2020-09-27 23:40:16.619000
irjcl6z6rjodf7jx,failed,not_found,454,B340E3BA587E36462D8DE44DAE0F7CAB6748F064,FC1E441E097BA36930AA2F615EFB325AF76D2595,874E7DAFABA544679670EEFC917CE679EB00AB7E,1D3174338A1131A53E098443E76E1103CDED00DC,2020-09-27 23:40:16.620000,2020-09-27 23:40:26.865000
pq3wsezzp6gghovf,failed,not_found,55,B340E3BA587E36462D8DE44DAE0F7CAB6748F064,0E2EEC125A6AC8D5EBF5DB36B776A3DA5510E7A0,672A56A583C658372E63ACEB43E7F791C2819548,FB4BC8A17AD016963AA34EB98060F475DBB2DD9D,2020-09-27 23:40:00.245000,2020-09-27 23:40:03.339000
pq3wsezzp6gghovf,failed,not_found,192,B340E3BA587E36462D8DE44DAE0F7CAB6748F064,875F74A3DC14737BECA06F8B500022154D1A29D1,181B745BC37CA8DA49B01FAB3933747F99983656,A76AEE2C3A724CC1CD05E1B06C948AC2512F4F33,2020-09-27 23:40:03.339000,2020-09-27 23:40:09.660000
pq3wsezzp6gghovf,failed,not_found,274,B340E3BA587E36462D8DE44DAE0F7CAB6748F064,E5CC91BAFE7CCD68003E873D32E38027638D49D7,2E72EEABE4EE19183BEFAA10D88B3C16829C9F99,FB43FC51B932F6A8FD75AFBBB45FDD19955889DB,2020-09-27 23:40:09.661000,2020-09-27 23:40:13.878000
pq3wsezzp6gghovf,failed,not_found,385,B340E3BA587E36462D8DE44DAE0F7CAB6748F064,73CC65219889443C06E06A0B6D427B1FE1C37379,DC2B1E4348AF306326FA63EEDB76EA6139133485,A751D8BEE222564B7BA657F74B6658836FF1AEEA,2020-09-27 23:40:13.878000,2020-09-27 23:40:21.004000
pq3wsezzp6gghovf,failed,not_found,588,B340E3BA587E36462D8DE44DAE0F7CAB6748F064,2AE2CA4BD2B7754F29432C25E03314D52AC4CAF1,F37997F89070869A34C456A2F54577A3276AACB2,FB52C73C8B728ABDE014DB30DC53D160A71E5708,2020-09-27 23:40:21.004000,2020-09-27 23:40:46.844000
pq3wsezzp6gghovf,,,,,,,A7378A215483C6AD9968AD505DA1454F7E294797,2020-09-27 23:40:46.845000,
cflaresuje2rb7w2u3w43pn4luxdi6o7oatv6r2zrfb5xvsugj35d2qd,received,,56,B340E3BA587E36462D8DE44DAE0F7CAB6748F064,014E24C0CD21D2B9829E841D5EC1D3C415F866BF,968CB7DA0C56E66F22B78CBA0562FE132939D8BF,9816705B2E3DB2067E48B6721A0821E9829C40D3,2020-09-27 23:40:00.246000,2020-09-27 23:40:02.309000
55nm5bfymc4dodog,failed,not_found,84,B340E3BA587E36462D8DE44DAE0F7CAB6748F064,BD3FBEC1D67C48A2583DB378B92A59C5E9AB4DA2,C5F214F7F9CCBF09324C9AA032760150243A196C,BF1A775B7282EC31FCAF8E38FC93D1FEC443A566,2020-09-27 23:40:02.353000,2020-09-27 23:40:03.977000
55nm5bfymc4dodog,failed,not_found,137,B340E3BA587E36462D8DE44DAE0F7CAB6748F064,BFD3FC19AD1F691C01B5392DE90D3510B8D1B886,211310CD09EC290505C1F24018AE5330076412A0,648F20B54CF719E6D02FAA07A8DA6CA1C7EEFEEE,2020-09-27 23:40:03.977000,2020-09-27 23:40:06.382000
55nm5bfymc4dodog,failed,not_found,200,B340E3BA587E36462D8DE44DAE0F7CAB6748F064,D7829A21726220AF77401BE5B2B132963A0BE82B,29DDD25C8383FDA559D4E0E88F820AB88C26212A,648E97719EDEC4F0E08F1CEB8D24F2C8F587344C,2020-09-27 23:40:06.383000,2020-09-27 23:40:09.997000
55nm5bfymc4dodog,failed,not_found,316,B340E3BA587E36462D8DE44DAE0F7CAB6748F064,79D110419709C4B3D1F92FC3CE121B5317DBE8B3,984E9DC7922B5CC995EAFD50D2338A52136E2BC1,BF14EC4ED46C8AD56FBBF58694D88F018F316A6F,2020-09-27 23:40:09.997000,2020-09-27 23:40:16.492000
55nm5bfymc4dodog,failed,not_found,450,B340E3BA587E36462D8DE44DAE0F7CAB6748F064,B1080EA61CAF5763139E7B596F37FE9830311C8F,4D52A12D9AD22A7E1BE5B564953A7CA9C31DA675,BF0FB582E37F738CD33C3651125F2772705BB8E8,2020-09-27 23:40:16.493000,2020-09-27 23:40:26.166000
55nm5bfymc4dodog,,,,,,,648F30B3351F17EE9CE6EB1336C8AD3C6490F0F9,2020-09-27 23:40:26.166000,
otgmrv6hv2ajkbwt,failed,not_found,85,B340E3BA587E36462D8DE44DAE0F7CAB6748F064,7992F172EDBE69B99F0190651BAC14DD0FD9E5C8,13B1322230E9D10C29F8AE631DA658AE5C3C7BA6,AAFF4A997543DB0D881F4F11638485B7D471FECE,2020-09-27 23:40:02.397000,2020-09-27 23:40:04.305000
otgmrv6hv2ajkbwt,failed,not_found,176,B340E3BA587E36462D8DE44DAE0F7CAB6748F064,461453F94FA0E3CBB011685E22CDAFD2AF0DFDC3,BE9B12FAAB7429842D643E2308390ECD8961E0A1,550F8C238D36F6117F319817CC3BF16D23FC8555,2020-09-27 23:40:04.306000,2020-09-27 23:40:09.060000
otgmrv6hv2ajkbwt,failed,not_found,255,B340E3BA587E36462D8DE44DAE0F7CAB6748F064,1C0736CF3744A3B87C2D2269B8BD3388C7E60552,9DB400402B545DC41DE342E14644F74B7DA4F789,AB0CC19517476E610B86FF796B703643BFE21E89,2020-09-27 23:40:09.060000,2020-09-27 23:40:12.457000
otgmrv6hv2ajkbwt,failed,not_found,356,B340E3BA587E36462D8DE44DAE0F7CAB6748F064,B1E43B11A955CBA31F5261A22CBFCE204C95D5DE,14D2FDC6ABDCD1A27CA32D13AA2C68566D1E8223,AAE168C9016C395EA5C47D94AEA9606E59A9EA8F,2020-09-27 23:40:12.458000,2020-09-27 23:40:20.563000
otgmrv6hv2ajkbwt,failed,not_found,529,B340E3BA587E36462D8DE44DAE0F7CAB6748F064,EA701E125642CEC0B29BBD389F75AF1801CE73FD,6ACAB4394A94BBFFF391497143E3B49C84798672,54FF87E18CF4B351BB078A640A4DC5265969485E,2020-09-27 23:40:20.563000,2020-09-27 23:40:38.735000
otgmrv6hv2ajkbwt,,,,,,,55177132536CB9FDE758F0AADF4D43593B91A1FB,2020-09-27 23:40:38.737000,
oxkv5moabuunwfsv,failed,not_found,86,B340E3BA587E36462D8DE44DAE0F7CAB6748F064,AC61D1722091F2FC4760776AF2C230D9DC679C03,036A7CD36D6F7A97C7B4AF896D9F11AB719F0DF7,6081104A3482B46B16BC3B8E50903C7BE6A28CEC,2020-09-27 23:40:02.397000,2020-09-27 23:40:04.071000
oxkv5moabuunwfsv,failed,not_found,140,B340E3BA587E36462D8DE44DAE0F7CAB6748F064,43E187B8C7361F47EA968ED5389435865D7F4FE7,99D5C9A5A7238986D1EA1D7771CF81B4A192C4D0,60769652C04712912E6E21CED1F08DC797789A75,2020-09-27 23:40:04.071000,2020-09-27 23:40:06.429000
oxkv5moabuunwfsv,failed,not_found,201,B340E3BA587E36462D8DE44DAE0F7CAB6748F064,EEDC92C8E4F14EFB6200FB4C92D4F957B98652B4,A99B0D9E5FD5BC3C8F2D006EC91F8C7F40E09CB8,60685893A57D66562A0754BEE3B6A6E68082C8BE,2020-09-27 23:40:06.430000,2020-09-27 23:40:10.003000
oxkv5moabuunwfsv,failed,not_found,267,B340E3BA587E36462D8DE44DAE0F7CAB6748F064,AA8B7237B4D2C76ED4AF24B3B47B375812AACC83,CDA9361C072A86719AA3D5A283F5BFBCBF82133B,E77B260DADB37C6E0AED1287843512B114705AD2,2020-09-27 23:40:10.003000,2020-09-27 23:40:13.528000
oxkv5moabuunwfsv,failed,not_found,377,B340E3BA587E36462D8DE44DAE0F7CAB6748F064,75D77007F098513C70773B5EC46159DD41F2F7ED,C63110BDD8736D2C2A733FF962F58D58FDE63A2D,E778381BD386B4723877DE837A895F6E9C241607,2020-09-27 23:40:13.529000,2020-09-27 23:40:20.717000
oxkv5moabuunwfsv,failed,not_found,516,B340E3BA587E36462D8DE44DAE0F7CAB6748F064,157CED138D3DE9CBFB5AE0232A319C2980F6C409,DE8A58FCD4B84ADEC1F25078CD63F4BFC3DC9C80,E7723680EA1F78E015DF312411990D5F5E815C27,2020-09-27 23:40:20.718000,2020-09-27 23:40:35.709000
klydwbcqzsh5my7o,failed,not_found,87,B340E3BA587E36462D8DE44DAE0F7CAB6748F064,DB621E29A90544FF5AC75E5BD0FEE679A6812F44,AEF0EADA8C92A4DF1500FAE303ECD8E1EBD56670,B6E33C39C1C94E582CBB8C24CCE351F2129807C6,2020-09-27 23:40:02.398000,2020-09-27 23:40:04.022000
klydwbcqzsh5my7o,failed,not_found,138,B340E3BA587E36462D8DE44DAE0F7CAB6748F064,62ABC3D1B0D5DE48DE4B8AF5E76D5AA8F535CCDF,158581827034DEF1BAB1FC248D180165452E53D3,B6D4916A98D99027DA25D42D70D686F0B3663F35,2020-09-27 23:40:04.022000,2020-09-27 23:40:06.310000
klydwbcqzsh5my7o,failed,not_found,266,B340E3BA587E36462D8DE44DAE0F7CAB6748F064,EAA088440B100FF8407266B5D4853FFB16A8CB67,C2481FAAA5508F6C2A64873972281220E9778476,B6F6B44DF12B2F1B74B666AA48F2BA0E5CFDF169,2020-09-27 23:40:06.310000,2020-09-27 23:40:13.716000
klydwbcqzsh5my7o,failed,not_found,379,B340E3BA587E36462D8DE44DAE0F7CAB6748F064,30C0B4DE58CFBB350485B326A0D67352E0138CCF,CB92FA4D7D71F134CE1F1FFF2BFF53E88DD4A1DB,7EF6E998564211FB86881FEA2627AA9119BD9842,2020-09-27 23:40:13.717000,2020-09-27 23:40:20.503000
klydwbcqzsh5my7o,failed,not_found,509,B340E3BA587E36462D8DE44DAE0F7CAB6748F064,061E0496931D23A81A2B685C9339D36857DD0FA1,64E257D94E739278D5954CC820C9D7EAC4E7A7B7,7ECF294C43DB959BDC0E7EFC913C3AC231DE7442,2020-09-27 23:40:20.503000,2020-09-27 23:40:34.779000
klydwbcqzsh5my7o,,,,,,,7ED3D8AFAC750F8CC0BDF8C87FE3BCBA2BBE2209,2020-09-27 23:40:34.780000,
k7r3h26xxcmktien,failed,not_found,88,B340E3BA587E36462D8DE44DAE0F7CAB6748F064,461453F94FA0E3CBB011685E22CDAFD2AF0DFDC3,997BDC26A67F5D75E62706C6407C0549E10AB1D4,D00AC7CD91B2F1345EADB0132D823967E2646DDF,2020-09-27 23:40:02.399000,2020-09-27 23:40:04.373000
k7r3h26xxcmktien,failed,not_found,133,B340E3BA587E36462D8DE44DAE0F7CAB6748F064,3E53D3979DB07EFD736661C934A1DED14127B684,E1DE607E31C2C0FB6F8FC959BF7B58CE35D95990,3B4C5729F829CA2E895B81AF834A63DB336D0FFE,2020-09-27 23:40:04.374000,2020-09-27 23:40:06.349000
k7r3h26xxcmktien,failed,not_found,199,B340E3BA587E36462D8DE44DAE0F7CAB6748F064,1CBFDCABD9012B06471FF868FE02B6BCC0133520,7A2A6F39F485C4FC95FB885FFF37C436FD2BB7E5,D002C061F56CB6FE6FF7A27747EC2A7369ABBA9A,2020-09-27 23:40:06.350000,2020-09-27 23:40:09.950000
k7r3h26xxcmktien,failed,not_found,288,B340E3BA587E36462D8DE44DAE0F7CAB6748F064,FC3422292F0BDAF47068C750C1793710F5019B07,A79F94117D73D4AFA4BCE340A3CB6E345C817594,D000291816C0D9EE531FA4DD185EC1AD80386A5A,2020-09-27 23:40:09.951000,2020-09-27 23:40:14.194000
k7r3h26xxcmktien,failed,not_found,425,B340E3BA587E36462D8DE44DAE0F7CAB6748F064,CF4DB0E0480FEB1E8F59C3D774EB9275283D579D,370B15E4932CF76C7ACB9B240A960C20267C2430,3B5C6ED2C1DECEB32BF1AD9B7B272F4CE9CE0656,2020-09-27 23:40:14.195000,2020-09-27 23:40:24.466000
k7r3h26xxcmktien,,,,,,,3B3F451BD58F96DC0E8EB7D01F209FC8803C33DF,2020-09-27 23:40:24.467000,
zprnmu457fe7pw6m,failed,not_found,89,B340E3BA587E36462D8DE44DAE0F7CAB6748F064,1079E628FC6B0025656AC024F2D9975C441498CD,B70BD334FFEE23E653B75219AE12CF0236BCFCBB,C871C91489886D5E2E94C13EA1A5FDC4B6DC5204,2020-09-27 23:40:02.482000,2020-09-27 23:40:04.253000
zprnmu457fe7pw6m,failed,not_found,145,B340E3BA587E36462D8DE44DAE0F7CAB6748F064,34C532849438CF58DAE90FFA43ABF6D793DF2C3E,E263B860EFA177F0DDE30C381F893F2805C140DC,F2CEC25EDAFEF728FFB12AC23315B83A49C7488F,2020-09-27 23:40:04.253000,2020-09-27 23:40:07.062000
zprnmu457fe7pw6m,failed,not_found,216,B340E3BA587E36462D8DE44DAE0F7CAB6748F064,B923D15EDF4E7B1261876860D51FAB907ED18347,A016192D0A87FC9354A7523A211BBD9CF859708B,C86C538EF0A24E010342F30DBCACC2A7EB7CA833,2020-09-27 23:40:07.063000,2020-09-27 23:40:10.620000
zprnmu457fe7pw6m,failed,not_found,297,B340E3BA587E36462D8DE44DAE0F7CAB6748F064,138B95F9A10E8BEBA6B142ADAC7331765C61ACE4,6245DC873D6F613C795D48663D65BD8A2266CAF6,C866C38DA2D102CD88E138F0AF3A9D6B72606730,2020-09-27 23:40:10.621000,2020-09-27 23:40:16.053000
zprnmu457fe7pw6m,failed,not_found,446,B340E3BA587E36462D8DE44DAE0F7CAB6748F064,A59AD84F92B2E5A76EBFE3BE62D3B28AF9BFD127,20465F3DFD77F7AC95F31A4D35726FB6D82F0E67,F29A5D7E317934CDFFFA3DD9B26AC9AB48CB1C6C,2020-09-27 23:40:16.054000,2020-09-27 23:40:25.856000
zprnmu457fe7pw6m,,,,,,,F2AF93D23D91F9CFE03C5151DF01B0481BF99E12,2020-09-27 23:40:25.857000,
bv7bire232ovwo4f,failed,not_found,90,B340E3BA587E36462D8DE44DAE0F7CAB6748F064,E9A6E1549300C3551071B71AC547E2568D9F7CEE,E36536404200A74930DB165858BD5BB554D2BEA2,86FBA753C8D25653E086B98FFF8AA084F862DB67,2020-09-27 23:40:02.483000,2020-09-27 23:40:04.308000
bv7bire232ovwo4f,failed,not_found,149,B340E3BA587E36462D8DE44DAE0F7CAB6748F064,672A56A583C658372E63ACEB43E7F791C2819548,E33CFFD6F03D53784993802B33DFAE2B178C60C9,36A5C502C31729F26BDC923E4B5F9501B0A20B79,2020-09-27 23:40:04.309000,2020-09-27 23:40:07.803000
bv7bire232ovwo4f,failed,not_found,232,B340E3BA587E36462D8DE44DAE0F7CAB6748F064,0D99F89BBB92BF5557F8D3F895DB218A72871089,F6D600CF13B3BBE2A91A0653F1EC9D00E7CB3A6B,86F2828CB4B0875515607F4E2097951542B713EF,2020-09-27 23:40:07.803000,2020-09-27 23:40:11.376000
bv7bire232ovwo4f,failed,not_found,330,B340E3BA587E36462D8DE44DAE0F7CAB6748F064,0CD9E401F1ACE013988F25E4E4B1BEE3FC1DB7E8,C2B45199FC6F98E21BFAFE0833348F288FA337E3,369FD7461D2FF60A860816EB8A0CB289CEF3AE93,2020-09-27 23:40:11.376000,2020-09-27 23:40:18.493000
bv7bire232ovwo4f,failed,not_found,491,B340E3BA587E36462D8DE44DAE0F7CAB6748F064,5DE37A3371AAE7638748EB43C9F1CE66E09D4470,365F393040AA2979DC01D102F5052CAD048F42F7,36BABBBC06E2BF9D2C992371324B95B812E10A40,2020-09-27 23:40:18.494000,2020-09-27 23:40:32.927000
bv7bire232ovwo4f,,,,,,,870E97E5846D8308EA469A5BB5A50D2838503DBE,2020-09-27 23:40:32.927000,
sls73rpcrvluoldn,failed,not_found,91,B340E3BA587E36462D8DE44DAE0F7CAB6748F064,326853AA78DA467E997E6040ADD0DCFF840E0CB5,970F0966DAA7EBDEE44E3772045527A6854E997B,AF1F15819AC766D6508A2B05DA989E99AB511F9F,2020-09-27 23:40:02.484000,2020-09-27 23:40:04.731000
sls73rpcrvluoldn,failed,not_found,160,B340E3BA587E36462D8DE44DAE0F7CAB6748F064,AEF0EADA8C92A4DF1500FAE303ECD8E1EBD56670,427E5C8ADC43B09582DDDA80EA8EDFBD05DF5003,AF1FC704A5243CC0F08A335343D18A7D9FD871DE,2020-09-27 23:40:04.732000,2020-09-27 23:40:07.775000
sls73rpcrvluoldn,failed,not_found,231,B340E3BA587E36462D8DE44DAE0F7CAB6748F064,4B16758168D4F334BE11872F7B6BAE2E44664E5B,1733D57AA16D2E9E5A448DA607FCA5FA989E4F4D,023455597DAB689EE84FB3A7BC7FC5F9A3E27FD6,2020-09-27 23:40:07.775000,2020-09-27 23:40:11.828000
sls73rpcrvluoldn,failed,not_found,342,B340E3BA587E36462D8DE44DAE0F7CAB6748F064,7158836DCC91AAA4FAA293FFF0F645DCD0D4EFF9,656347EBA74F6320B85192EE22F805CF50098711,023EBBC57BEB7F45473B3DC2AA811FB3AABA4466,2020-09-27 23:40:11.828000,2020-09-27 23:40:18.310000
sls73rpcrvluoldn,failed,not_found,487,B340E3BA587E36462D8DE44DAE0F7CAB6748F064,361D33C96D0F161275EE67E2C91EE10B276E778B,3BAACE149DB31574B327BF835B594B707D12CD58,AF1C02D6BF9827BB956F09C454C28B431B1EFFE7,2020-09-27 23:40:18.310000,2020-09-27 23:40:31.927000
sls73rpcrvluoldn,,,,,,,022A5535F42B1A9F9AA755C4EAB5F36FEF9781D8,2020-09-27 23:40:31.928000,
uv5l5lejif3aganj,failed,not_found,92,B340E3BA587E36462D8DE44DAE0F7CAB6748F064,C239952D0C8E4EABC3E6B0A8E0B623689174E3C6,0B58A95E539FFA6C05C010F5C1DA35FB8038E3A8,424BF86927E80D916589BB12248BD468BB470684,2020-09-27 23:40:02.485000,2020-09-27 23:40:04.331000
uv5l5lejif3aganj,failed,not_found,150,B340E3BA587E36462D8DE44DAE0F7CAB6748F064,13D13C0ECB5DE7D9B047E21F674505C90C1E0088,5790B62AD6C79A1092B30993A8F0F7F23A969FD6,DC163DDEF4B6F0C6BC226F9F6656A5A30C5C5686,2020-09-27 23:40:04.331000,2020-09-27 23:40:08.132000
uv5l5lejif3aganj,failed,not_found,237,B340E3BA587E36462D8DE44DAE0F7CAB6748F064,AC2275831607A95CD8B939C3B8DC466CCF48E2B9,277F5717A62B3A728C98B3168E484BC08B4997E3,4201FFF0BAB1DFCDF6FBA710AE2B860859E06A5F,2020-09-27 23:40:08.132000,2020-09-27 23:40:12.244000
uv5l5lejif3aganj,failed,not_found,358,B340E3BA587E36462D8DE44DAE0F7CAB6748F064,AFF320BA96E4338B61A008D2CA250FFE0E23B09C,CCAA620D5CAB34CE95FE3C863D9E6520C07451D8,42215683AE0D359B6BADF2674D09BEA348BE388A,2020-09-27 23:40:12.244000,2020-09-27 23:40:19.099000
uv5l5lejif3aganj,failed,not_found,504,B340E3BA587E36462D8DE44DAE0F7CAB6748F064,787403EB1E2F7C9BA1B38D0389AA6719463F0F7E,F7ABE09CC2E346FEA7B2D8DA21651C6A79717A1B,DBE82FA23B9FE3CB2462A6FCF5289DED3CBF4AEE,2020-09-27 23:40:19.099000,2020-09-27 23:40:34.847000
uv5l5lejif3aganj,,,,,,,DBED0F7418CFE5F20E9ECC4A4540D315D023AD7B,2020-09-27 23:40:34.847000,
ymcm2rd4s6tbaoqb,failed,not_found,171,B340E3BA587E36462D8DE44DAE0F7CAB6748F064,A597AC866E40CAB5A67759ADE4942192E99DE684,FC4D03403ECD90463198B9F2F81E0B37ED7AFE1D,D6AC8B8513372F6474344C93B8A5A8AE3E3C962C,2020-09-27 23:40:02.485000,2020-09-27 23:40:08.243000
ymcm2rd4s6tbaoqb,failed,not_found,240,B340E3BA587E36462D8DE44DAE0F7CAB6748F064,A7112F8CC2F9299C72212EB0FFB85725004333B5,D228AE265C966CA4E9A8C4B746A30A9737060A32,FC8C3644FEE491C828EF7A980F9E2CB0D12F4D0C,2020-09-27 23:40:08.244000,2020-09-27 23:40:12.110000
ymcm2rd4s6tbaoqb,failed,not_found,347,B340E3BA587E36462D8DE44DAE0F7CAB6748F064,66BD39FE805AED414ADE400CAAD862C9CC3AC34E,BEE59851195B09DFC88D8F1F31F9FABC7171FAAD,D69660417D1BEEC6E9ED2CDCEABC4872BC111ADE,2020-09-27 23:40:12.111000,2020-09-27 23:40:18.217000
ymcm2rd4s6tbaoqb,failed,not_found,486,B340E3BA587E36462D8DE44DAE0F7CAB6748F064,B940AAC942E9929E673C3533F510C5261B50790C,070229A4CC2CFFB24EB667298A7DB5E8D11EB701,FC773D88785CF34CF0028BA13C5CBD32CAB27AE2,2020-09-27 23:40:18.217000,2020-09-27 23:40:31.743000
ymcm2rd4s6tbaoqb,,,,,,,FCC70D3F500C2EA62004137B0137201A93A2B57E,2020-09-27 23:40:31.743000,
c2xdczqqkeg72a7h,failed,not_found,96,B340E3BA587E36462D8DE44DAE0F7CAB6748F064,D123C0F8F562804693C47D68C61786023B295E98,C804BE8FB1C7C42D43C4A5E2039E77AA0FF3A8B4,6B7ABD237CF25E5F787F365AF5FC4C86F0213A9F,2020-09-27 23:40:02.541000,2020-09-27 23:40:04.120000
c2xdczqqkeg72a7h,failed,not_found,141,B340E3BA587E36462D8DE44DAE0F7CAB6748F064,9C34EAD957DF77978BCF356F3F96B9A79E3961CB,8B5A19B1596DAD4C89E025BE2CBA3424AE943693,6B6B3650F2FF83BD767AD84838600C62F937558B,2020-09-27 23:40:04.121000,2020-09-27 23:40:07.439000
c2xdczqqkeg72a7h,failed,not_found,302,B340E3BA587E36462D8DE44DAE0F7CAB6748F064,088A6237EED87EDEB0E1E3AD0A4A419F963F0787,BF37445EA2A9F3D04F4B87DFAC624AEF21B559D5,6B5A63BFEEA8EF58DA812F4F05BE98C869809DFB,2020-09-27 23:40:07.440000,2020-09-27 23:40:15.610000
c2xdczqqkeg72a7h,failed,not_found,413,B340E3BA587E36462D8DE44DAE0F7CAB6748F064,277F5717A62B3A728C98B3168E484BC08B4997E3,0677DF0B05ECDA2EF45F26C3332731043BB89AB8,C76113D5AB3FC731D678A408EB75BC06F4465F4E,2020-09-27 23:40:15.610000,2020-09-27 23:40:23.147000
c2xdczqqkeg72a7h,failed,not_found,575,B340E3BA587E36462D8DE44DAE0F7CAB6748F064,E00DFD54DC165D5452FBD3530D30186DAD016A0C,E9649F3BE3488799911E24BE16873ED04E4F7BEA,C780D918C83A63C8AE5D378E32C94BFCE0DE9550,2020-09-27 23:40:23.147000,2020-09-27 23:40:46.024000
c2xdczqqkeg72a7h,,,,,,,C75CDD818316ABBC839F9F0DDAEC873FCF60C370,2020-09-27 23:40:46.025000,
vci46wgj3xfcojwo,failed,not_found,97,B340E3BA587E36462D8DE44DAE0F7CAB6748F064,A44062AE3484310CE728BBD7769E9CD44C09FBB0,DEA98B7F9BA8B7F8A098D3939A6FE446084B48E7,3539F96FCCDC645C7801006F92864CBAFD4A8EB2,2020-09-27 23:40:02.542000,2020-09-27 23:40:04.434000
vci46wgj3xfcojwo,failed,not_found,152,B340E3BA587E36462D8DE44DAE0F7CAB6748F064,43A8F247F9FA636BE30D4DFE66B55233A2D8A738,7A3E534C033E3836BD5AF223B642853C502AB33A,C58DE93ED11CBB74823669F7C6E41D513F2049BE,2020-09-27 23:40:04.435000,2020-09-27 23:40:07.112000
vci46wgj3xfcojwo,failed,not_found,217,B340E3BA587E36462D8DE44DAE0F7CAB6748F064,BEA635C89C057DB8E879572C6A2C188239CFAD68,672A56A583C658372E63ACEB43E7F791C2819548,C59E079437340E3AD14E6785C0A91A5B6F328566,2020-09-27 23:40:07.113000,2020-09-27 23:40:11.119000
vci46wgj3xfcojwo,failed,not_found,324,B340E3BA587E36462D8DE44DAE0F7CAB6748F064,51CD9DB00357405FC41AF0FA513688D02BDA0C0E,63BF46A63F9C21FD315CD061B3EAA3EB05283A0A,C5A1D5B7CB0D12A7B7334F2915134E6DA8F5C46D,2020-09-27 23:40:11.120000,2020-09-27 23:40:17.091000
vci46wgj3xfcojwo,failed,not_found,465,B340E3BA587E36462D8DE44DAE0F7CAB6748F064,EE010EF80A27AC0B02CDC2B8B214A6201BB02D2B,97B7BA747B62A9962DEDCE404FF33106D4032F91,3547FAF7D6526BBE81CC07FACAD612A99BDD9876,2020-09-27 23:40:17.092000,2020-09-27 23:40:28.008000
vci46wgj3xfcojwo,,,,,,,35513B1D2EA70649346C3C6D34F63D6982E3948A,2020-09-27 23:40:28.008000,
in4a5ty7yfyulxlt,failed,not_found,106,B340E3BA587E36462D8DE44DAE0F7CAB6748F064,8358BDDA9C9A680B4E3A2809E5C24F5B3624D5C2,01384A5D9C6D34352701BF86D04E5F406CB256AE,8D190826302B7785253D652DEB8C8355C6B247AD,2020-09-27 23:40:02.661000,2020-09-27 23:40:05.090000
in4a5ty7yfyulxlt,failed,not_found,168,B340E3BA587E36462D8DE44DAE0F7CAB6748F064,40CDE936B04B4573A47223396006443CA5EAC845,17ABA734572DBB1050CF3800F0DD145BAE7ED9A7,A4DEEE8F4467621C0A3CB7F4E25CB6F7A11FAEE4,2020-09-27 23:40:05.090000,2020-09-27 23:40:08.022000
in4a5ty7yfyulxlt,failed,not_found,235,B340E3BA587E36462D8DE44DAE0F7CAB6748F064,CDAF0B74C45FD5B1955198A8D92C8A518A53D07B,18EF781925EDF5463338AB450EF0C56C5CAA2F1A,8D1085E818D0473EC693E3B0911FF18741F1F2DF,2020-09-27 23:40:08.023000,2020-09-27 23:40:11.723000
in4a5ty7yfyulxlt,failed,not_found,334,B340E3BA587E36462D8DE44DAE0F7CAB6748F064,68701181F3F08C0D13E6460CFB149E010104EF03,D5C01B85FB3A48D55698CA660A2DE8935388816E,8D1C8DBEE674341BEFE8DE75B88A20A301F90FA8,2020-09-27 23:40:11.724000,2020-09-27 23:40:18.190000
in4a5ty7yfyulxlt,failed,not_found,484,B340E3BA587E36462D8DE44DAE0F7CAB6748F064,08F06A0DDAFABF9A26FCB2E392A1435F9E048216,F244C5F5DDE2F29CA1F88E4C9F9FACCC48BCA857,A4E7318199A347B70E85B4C8581E608CAEDAD8AC,2020-09-27 23:40:18.191000,2020-09-27 23:40:31.873000
in4a5ty7yfyulxlt,,,,,,,A4F11D693FAB6E949B2B7C18153C3F7989896007,2020-09-27 23:40:31.873000,
33jhjkjsxmdpkpds,failed,not_found,95,B340E3BA587E36462D8DE44DAE0F7CAB6748F064,BE9B12FAAB7429842D643E2308390ECD8961E0A1,4F0E5D4E184C40E2B9A89664005B308A1DEE3756,2E44E8EB8C7711C1157BD8025F07165CFF8FA2B6,2020-09-27 23:40:02.664000,2020-09-27 23:40:04.042000
33jhjkjsxmdpkpds,failed,not_found,197,B340E3BA587E36462D8DE44DAE0F7CAB6748F064,03CFF90060461087D34FFB7B485C3AD30143775C,648E97719EDEC4F0E08F1CEB8D24F2C8F587344C,2E414CD28823B5AEB51FD172AA0EE3E9EB9BCA90,2020-09-27 23:40:04.042000,2020-09-27 23:40:10.042000
33jhjkjsxmdpkpds,failed,not_found,319,B340E3BA587E36462D8DE44DAE0F7CAB6748F064,A0F39D32028CEC7F35419E9570401DE15B1B4564,25A3C92EB11A140B006695D0009F6EAEAF3C6785,B4B900AD50134E9528D7CDF665ABDADABF53A9B7,2020-09-27 23:40:10.043000,2020-09-27 23:40:17.692000
33jhjkjsxmdpkpds,failed,not_found,471,B340E3BA587E36462D8DE44DAE0F7CAB6748F064,10A1E225A56E02F66011BEA3CD51D9F694D22913,7EC4C310D1FB2A7C0943B810946EA354D64A2165,2E2F424CD9C0FB6BB0F16390BFCB46853AE37CC1,2020-09-27 23:40:17.693000,2020-09-27 23:40:30.501000
33jhjkjsxmdpkpds,,,,,,,B50A98267A63713F37319D895EA1151C4B27BE4D,2020-09-27 23:40:30.502000,
blugfto3lqmunmut,failed,not_found,107,B340E3BA587E36462D8DE44DAE0F7CAB6748F064,A4771CB90024F1870D622960519945A3E49B40FE,F7F9A2B28AC47F328DFECAA66C592719FCCE1E8E,803FB98BA0FE1709C087E9138CC6096F22083CA5,2020-09-27 23:40:02.666000,2020-09-27 23:40:09.100000
blugfto3lqmunmut,failed,not_found,256,B340E3BA587E36462D8DE44DAE0F7CAB6748F064,8838B9E8F70E10B5895427D370A65B5554C3F25D,8C00FA7369A7A308F6A137600F0FA07990D9D451,8049F8C058587A66246E8A93A56957CE29165F72,2020-09-27 23:40:09.100000,2020-09-27 23:40:13.089000
blugfto3lqmunmut,failed,not_found,531,B340E3BA587E36462D8DE44DAE0F7CAB6748F064,3098CC656BB3F519FEBF93AF6E0CBBDE4D84002A,D1B1A550FEE3A05E71CA9080D14CCA3B746C0C17,6FF440DFB1D0697B942357D747900CC308DD57CC,2020-09-27 23:40:13.089000,2020-09-27 23:40:39.333000
blugfto3lqmunmut,,,,,,,70090E9F85FBE004EEBF58461FD6EDD5BF8A523E,2020-09-27 23:40:39.334000,
vqpq7q6lzks7d7wa,failed,not_found,108,B340E3BA587E36462D8DE44DAE0F7CAB6748F064,A597AC866E40CAB5A67759ADE4942192E99DE684,964B4E8A75263A69769541F2764563DABDD995D2,4EE488AC0742BC6B747BB637A5635CE14E877F39,2020-09-27 23:40:02.667000,2020-09-27 23:40:05.182000
vqpq7q6lzks7d7wa,failed,not_found,169,B340E3BA587E36462D8DE44DAE0F7CAB6748F064,9A48EC8AAFB2E8C9E20408596383DB74F1196747,7A2A6F39F485C4FC95FB885FFF37C436FD2BB7E5,2490CB542EB59E2A028C229DE1986BDB3F94D0B2,2020-09-27 23:40:05.183000,2020-09-27 23:40:08.405000
vqpq7q6lzks7d7wa,failed,not_found,242,B340E3BA587E36462D8DE44DAE0F7CAB6748F064,277F5717A62B3A728C98B3168E484BC08B4997E3,CDA9361C072A86719AA3D5A283F5BFBCBF82133B,4EEE44AE922B30D0EDA06ABA1BD924CB43E8083E,2020-09-27 23:40:08.406000,2020-09-27 23:40:12.014000
vqpq7q6lzks7d7wa,failed,not_found,346,B340E3BA587E36462D8DE44DAE0F7CAB6748F064,50A39337EC55FC25E863868E80771220E468FC4C,573EA7F927259DBF7DC6CDF0C99C592635AE686D,4F0DB7E687FC7C0AE55C8F243DA8B0EB27FBF1F2,2020-09-27 23:40:12.014000,2020-09-27 23:40:18.563000
vqpq7q6lzks7d7wa,failed,not_found,493,B340E3BA587E36462D8DE44DAE0F7CAB6748F064,6C282D35C674A036B79B5F30E90D19B363D3DAB2,6245DC873D6F613C795D48663D65BD8A2266CAF6,248CE89A310534DF139DF6A36BD87EB4CA237DCF,2020-09-27 23:40:18.563000,2020-09-27 23:40:32.624000
vqpq7q6lzks7d7wa,,,,,,,24592DB1CDA066CDCA41F6403CED661839CDE223,2020-09-27 23:40:32.625000,
3ubzsjxuhlo3hbjd,failed,not_found,109,B340E3BA587E36462D8DE44DAE0F7CAB6748F064,9DB400402B545DC41DE342E14644F74B7DA4F789,09A70E396DE93F54D4541BBB0EC8E2B23761F34F,FC077C25B8DBB3132D397D7DF03C92BFC14C9D76,2020-09-27 23:40:02.670000,2020-09-27 23:40:04.912000
3ubzsjxuhlo3hbjd,failed,not_found,162,B340E3BA587E36462D8DE44DAE0F7CAB6748F064,6E4B0D429CD87AB6C25D72E298294C583FF8BA4A,2FFE5FAF70D20E76B0474AE9E40C2A0B53F8D9F0,82405679E1F2AE258FBA8DD45BB2A52735EEED91,2020-09-27 23:40:04.913000,2020-09-27 23:40:07.665000
3ubzsjxuhlo3hbjd,failed,not_found,207,B340E3BA587E36462D8DE44DAE0F7CAB6748F064,C43827BB94B59CE61987310F80A035C5AB9DF002,AF42BD51EEBA9329E110AA8D206FED316E1DA671,823701D5C4C5D72C3FF533113F25A1922DED6303,2020-09-27 23:40:07.666000,2020-09-27 23:40:10.654000
3ubzsjxuhlo3hbjd,failed,not_found,304,B340E3BA587E36462D8DE44DAE0F7CAB6748F064,C422F88699C18A4F299D834391B15F07DBE60625,05C621B44EF6833889AE7B7E2A0B476569C47E37,FC1E441E097BA36930AA2F615EFB325AF76D2595,2020-09-27 23:40:10.655000,2020-09-27 23:40:15.678000
3ubzsjxuhlo3hbjd,failed,not_found,415,B340E3BA587E36462D8DE44DAE0F7CAB6748F064,2ED8654AD1B8C25F3EB83156B07EA35BE6132F0C,088A6237EED87EDEB0E1E3AD0A4A419F963F0787,FBE04186F49DB2B1EDEF3CE06DB16F29690AFD69,2020-09-27 23:40:15.679000,2020-09-27 23:40:23.289000
3ubzsjxuhlo3hbjd,failed,not_found,577,B340E3BA587E36462D8DE44DAE0F7CAB6748F064,3A9443710224E5182895C342D1D36C1D460A1206,7158836DCC91AAA4FAA293FFF0F645DCD0D4EFF9,823AA81E277F366505545522CEDC2F529CE4DC3F,2020-09-27 23:40:23.290000,2020-09-27 23:40:46.335000
zjxd4pes5bkwmuwn,failed,not_found,111,B340E3BA587E36462D8DE44DAE0F7CAB6748F064,FD7ED9F4871E2EC46035FC602960EACC32E08FF8,9B3E7A0AD9A054984CC87E7CA9D5C117202D45D4,C0AEABA1B55519FE5384AA44D0312BE98216DA71,2020-09-27 23:40:02.671000,2020-09-27 23:40:05.252000
zjxd4pes5bkwmuwn,failed,not_found,251,B340E3BA587E36462D8DE44DAE0F7CAB6748F064,2AE2CA4BD2B7754F29432C25E03314D52AC4CAF1,AE95BDA37A5BB4685FEBB7F06649D6CE949B5316,FA8138622F8EBE01091BEE60810AB2F0DD6E4D21,2020-09-27 23:40:05.252000,2020-09-27 23:40:12.307000
zjxd4pes5bkwmuwn,failed,not_found,351,B340E3BA587E36462D8DE44DAE0F7CAB6748F064,288C100FFA656938C23F32207CAF0DA932ECD247,F966CC62522A4F9C482CB555D43249A9874413D8,FAA935B0BC3B4348CCBD3EBA95681AB51730977D,2020-09-27 23:40:12.307000,2020-09-27 23:40:18.456000
zjxd4pes5bkwmuwn,failed,not_found,427,B340E3BA587E36462D8DE44DAE0F7CAB6748F064,F836446663F1EB816F13708955F105D0B2F5C8E0,2D531C17827E0054DF612F26EEAAE51220CFE799,C0A0FEB6473F3F31822BB8F008049718CA017627,2020-09-27 23:40:18.457000,2020-09-27 23:40:32.336000
zjxd4pes5bkwmuwn,,,,,,,FA85FE81093FE5D53DDCEA2DBA286E8CCC9C6DDD,2020-09-27 23:40:32.337000,
4kwpt32oy6er6pwr,failed,not_found,122,B340E3BA587E36462D8DE44DAE0F7CAB6748F064,D4C381686A379E3CC3C09F95E1F6E4BFF27C489C,C0BE4556260846E4BAD7608E1E5ADFF80892C28C,45E2D7BE8D42A13A627BE13A66503F848861C5DE,2020-09-27 23:40:03.657000,2020-09-27 23:40:05.465000
4kwpt32oy6er6pwr,failed,not_found,174,B340E3BA587E36462D8DE44DAE0F7CAB6748F064,E7EF73B4722CFAF0E8AA2151D3AA78701DE5F19B,CEC92F3BE8A2F3A46D3C042721D6BDBF2F40F4C5,45E9240AD4ECE01793A1977C1260503B2C2C861F,2020-09-27 23:40:05.466000,2020-09-27 23:40:08.328000
4kwpt32oy6er6pwr,failed,not_found,322,B340E3BA587E36462D8DE44DAE0F7CAB6748F064,9D5A63EE59AE2F8F6A45A3180B9E891CF70F38FB,A6E0F950CAC74AF867CA21976069529D6D4D3E30,CC100DC017A25E244C35C964BB518E4308415ACC,2020-09-27 23:40:08.328000,2020-09-27 23:40:16.567000
4kwpt32oy6er6pwr,failed,not_found,306,B340E3BA587E36462D8DE44DAE0F7CAB6748F064,88CF8D42D49B7C8E9D03ABE5DAE7AF25E9902008,58FC2AAB3792AC37897D34331F4F4E00341DEC0C,45D8C1EEFF044043AA6806C4B9130F8F189EF316,2020-09-27 23:40:16.568000,2020-09-27 23:40:29.004000
4kwpt32oy6er6pwr,,,,,,,CC1BDE73D48DEF3202C688A158D0718C885360D4,2020-09-27 23:40:29.004000,
2lcbbgwdmfqzenxu,failed,not_found,123,B340E3BA587E36462D8DE44DAE0F7CAB6748F064,FF21B755C60C998E25EDC5864F709C2ED5C38F9D,0C41DC37946901C297626C0D1ABF68423947DDE5,22E6FBDB8D77B4C0FA017D6C5F9B45BECDCBCFF8,2020-09-27 23:40:03.659000,2020-09-27 23:40:05.511000
2lcbbgwdmfqzenxu,failed,not_found,177,B340E3BA587E36462D8DE44DAE0F7CAB6748F064,BF37445EA2A9F3D04F4B87DFAC624AEF21B559D5,F6740DEABFD5F62612FA025A5079EA72846B1F67,31FC0066DA78D1464A2542E8D9EBF6FD6F99AE1E,2020-09-27 23:40:05.511000,2020-09-27 23:40:08.570000
2lcbbgwdmfqzenxu,failed,not_found,244,B340E3BA587E36462D8DE44DAE0F7CAB6748F064,BA856D21B1A22CAE677A712DA4C9F0852D799DF8,25E078CD1E537A7418318168F7E1990EF2A160C8,22D2314BC5146890A8E5C19C884D96C0CBFEAA24,2020-09-27 23:40:08.571000,2020-09-27 23:40:11.892000
2lcbbgwdmfqzenxu,failed,not_found,345,B340E3BA587E36462D8DE44DAE0F7CAB6748F064,2F09BD6D9A2D5A7D6D26C17651CE8ECF0B7BA257,FD449127D30D8F5D124653D9EF736EDF4A12B4DC,31F373571AA6ECB4D73266E114D58B0AF7227369,2020-09-27 23:40:11.892000,2020-09-27 23:40:18.215000
2lcbbgwdmfqzenxu,failed,not_found,485,B340E3BA587E36462D8DE44DAE0F7CAB6748F064,D39328D2EAE3816F9C5D5D1BB19D1C14E2E79482,0E8DB49D5BF5FCAFFA433A78FEE34179419D1C4E,320D73AF6CC78987E710789847BFB8D61C31BD4B,2020-09-27 23:40:18.215000,2020-09-27 23:40:31.491000
2lcbbgwdmfqzenxu,,,,,,,22E1D1DB4723A174E713B1BF4073DAC1C25351B3,2020-09-27 23:40:31.491000,
iratcpymizdch24o,failed,not_found,166,B340E3BA587E36462D8DE44DAE0F7CAB6748F064,6B13A4EC169E4FB0F3141E1AE4307966569FA47C,0A7208B8903DD3FF5CDFA218A3823AF498CE69CE,54A4820B46E65509BF3E2B892E66930A41759DE9,2020-09-27 23:40:03.660000,2020-09-27 23:40:09.164000
iratcpymizdch24o,failed,not_found,259,B340E3BA587E36462D8DE44DAE0F7CAB6748F064,25E078CD1E537A7418318168F7E1990EF2A160C8,B411027C926A9BFFCF7DA91E3CAF1856A321EFFD,A8503903F97FF27F5D1C3CA38817329F581925E6,2020-09-27 23:40:09.164000,2020-09-27 23:40:12.729000
iratcpymizdch24o,failed,not_found,368,B340E3BA587E36462D8DE44DAE0F7CAB6748F064,75F4BE85F5DC623BDAF65CB269CD6E4E3F14FE38,CDA2C336AD87E22DF02983887A3F74B21070D02D,54A403A1B015F6E5A641AD121530966BD873136E,2020-09-27 23:40:12.729000,2020-09-27 23:40:20.054000
iratcpymizdch24o,failed,not_found,523,B340E3BA587E36462D8DE44DAE0F7CAB6748F064,855BC2DABE24C861CD887DB9B2E950424B49FC34,B2D03CDF45EB4D74A65FAC4F00EBA785C9663A5F,54A35E582F9E178542ECCFA48DBE14F401729969,2020-09-27 23:40:20.055000,2020-09-27 23:40:37.332000
iratcpymizdch24o,,,,,,,A857DA8F3728DE4475BFCD86D91351F5E302B3DF,2020-09-27 23:40:37.333000,
nmurxfpigllnppzt,failed,not_found,126,B340E3BA587E36462D8DE44DAE0F7CAB6748F064,B411027C926A9BFFCF7DA91E3CAF1856A321EFFD,1CD48F4ED0F1821FFBF1940802A13EEFD4C27502,C25E5C62897BACBA309571C2548084B45050FEDF,2020-09-27 23:40:03.665000,2020-09-27 23:40:05.615000
nmurxfpigllnppzt,failed,not_found,179,B340E3BA587E36462D8DE44DAE0F7CAB6748F064,66F8C32B94D73B51A5D2FA079C6A09047C9ABA71,B32B93C90DCAF0012328A8D55D621D26B186E11A,C291114640EA333A6AC5801B5E0EC95C012DFE6B,2020-09-27 23:40:05.615000,2020-09-27 23:40:09.300000
nmurxfpigllnppzt,failed,not_found,268,B340E3BA587E36462D8DE44DAE0F7CAB6748F064,FD79B7F9230858B48E75F389661840C702511078,F5F4019509109A07E90C45A022CEED9ECA1643C8,AF1C02D6BF9827BB956F09C454C28B431B1EFFE7,2020-09-27 23:40:09.300000,2020-09-27 23:40:13.878000
nmurxfpigllnppzt,failed,not_found,384,B340E3BA587E36462D8DE44DAE0F7CAB6748F064,4856C97DC4F2271BC896DF9CABD217EE2D869D68,39CF2F22E5018C01FD57DEB1AB8FDFA4592633FB,C282248597D1C8522A2A7525E61C8B77BBC37614,2020-09-27 23:40:13.878000,2020-09-27 23:40:20.941000
nmurxfpigllnppzt,failed,not_found,589,B340E3BA587E36462D8DE44DAE0F7CAB6748F064,EEDF0AF1F892C82F056063827B47283CC9AEAA41,CB1CE5D58F07BCACBD06FBA82ED2359D5E8CE911,AF1FC704A5243CC0F08A335343D18A7D9FD871DE,2020-09-27 23:40:20.942000,2020-09-27 23:40:47.272000
nmurxfpigllnppzt,,,,,,,AF1F15819AC766D6508A2B05DA989E99AB511F9F,2020-09-27 23:40:47.272000,
vl3ng6svt6hwf525,failed,not_found,127,B340E3BA587E36462D8DE44DAE0F7CAB6748F064,E3D61BAEA0B7CB12CACEDC8821C520557BDFCEA3,9456BBB3FB923DD1CDEC5C8B45D9615BC937DC42,24D95498C0E3912DDF57AE8B3AF8AF9E25486315,2020-09-27 23:40:03.666000,2020-09-27 23:40:06.114000
vl3ng6svt6hwf525,failed,not_found,189,B340E3BA587E36462D8DE44DAE0F7CAB6748F064,454BE75256A4A5EC2B7FE2EB2E1C62F2736AB175,82ED9AEC94184EC6DD299A5CDB3378B04BB17489,24E544FE0746A937019FDA9433E728FE28040A4E,2020-09-27 23:40:06.114000,2020-09-27 23:40:09.216000
vl3ng6svt6hwf525,failed,not_found,262,B340E3BA587E36462D8DE44DAE0F7CAB6748F064,425835370C1FBE178C21CB53C76672F12BDE091A,2CE9BE1FC88B9D0FA03F387C9E4F000B5D4B2AE9,4B9DD478E355BDB7AC8D0A5E14BF5C6760122580,2020-09-27 23:40:09.216000,2020-09-27 23:40:13.012000
vl3ng6svt6hwf525,failed,not_found,371,B340E3BA587E36462D8DE44DAE0F7CAB6748F064,ECC17C0BA74113FB7A4F58DAF2FF1EE23CE5DF06,00E1649E69FF91D7F01E74A5E62EF14F7D9915E4,4BC2C524ADCEE939E6EB0863813DCC98D4C87D44,2020-09-27 23:40:13.013000,2020-09-27 23:40:20.229000
vl3ng6svt6hwf525,failed,not_found,594,B340E3BA587E36462D8DE44DAE0F7CAB6748F064,4623A9EC53BFD83155929E56D6F7B55B5E718C24,8EA58F28DCA60F56C6F2131BDFE9BF5FAF2233CE,4B919C783B1145060DF518940252FE2B5B128F67,2020-09-27 23:40:20.229000,2020-09-27 23:40:34.524000
vl3ng6svt6hwf525,,,,,,,24D0491A2ADAAB52C17625FBC926D84477AEA322,2020-09-27 23:40:34.525000,
4mqv3dqisgwlh7ca,failed,not_found,114,B340E3BA587E36462D8DE44DAE0F7CAB6748F064,A99B0D9E5FD5BC3C8F2D006EC91F8C7F40E09CB8,85DAAD9E218754DEC27F90DA3952F44D6D434AEB,7DC52AE6667A30536BA2383CD102CFC24F20AD71,2020-09-27 23:40:03.666000,2020-09-27 23:40:06.049000
4mqv3dqisgwlh7ca,failed,not_found,188,B340E3BA587E36462D8DE44DAE0F7CAB6748F064,F3F3F4900B87CF4A6B4A7F9402502FC457B7B1FC,9127D95DAA81291F26BE45B1A73E2F1145887B94,7DD29A65C370B86B5BE706EA3B1417745714C8AF,2020-09-27 23:40:06.049000,2020-09-27 23:40:09.279000
4mqv3dqisgwlh7ca,failed,not_found,265,B340E3BA587E36462D8DE44DAE0F7CAB6748F064,09A70E396DE93F54D4541BBB0EC8E2B23761F34F,E0023AC14180112A2FFF00A84C6049862BB3E6C3,7DDC2CE71506820746E1E4166977F1D58F6BBA6C,2020-09-27 23:40:09.280000,2020-09-27 23:40:15.788000
4mqv3dqisgwlh7ca,failed,not_found,421,B340E3BA587E36462D8DE44DAE0F7CAB6748F064,63B1B3431B48B765DD7CC6B37EAF47BDAEEB4E11,2AA5F598F9A1812F01CD99E3B59BB87362ED7438,D1C60F9BCF2DBA07A775978F66C9927D3A9490BB,2020-09-27 23:40:15.789000,2020-09-27 23:40:24.461000
4mqv3dqisgwlh7ca,failed,not_found,596,B340E3BA587E36462D8DE44DAE0F7CAB6748F064,47E0EEB4E75C2C3633A7E294885F146B1E786DA9,1034775A01EA629979D0A601EC85FDF2F584CC45,D1F2C5C820B3F96BE6144CBFB84FDDF9D0EC0810,2020-09-27 23:40:24.462000,2020-09-27 23:40:49.405000
4mqv3dqisgwlh7ca,,,,,,,D1F1F5AA5BCF5DAB44C444DEF82821B8BEC66148,2020-09-27 23:40:49.406000,
bqzszpe7jpp4jnuv,failed,not_found,154,B340E3BA587E36462D8DE44DAE0F7CAB6748F064,8101421BEFCCF4C271D5483C5AABCAAD245BBB9D,1337C0053C46F16F6344426029F58870017B24F9,4201FFF0BAB1DFCDF6FBA710AE2B860859E06A5F,2020-09-27 23:40:04.666000,2020-09-27 23:40:09.129000
bqzszpe7jpp4jnuv,failed,not_found,257,B340E3BA587E36462D8DE44DAE0F7CAB6748F064,CF6A6080091BB210AA3892FEFE2F6A396DA08DF3,A3AFBDEE30238E44899C9F8B7666D12B09C8EE32,424BF86927E80D916589BB12248BD468BB470684,2020-09-27 23:40:09.129000,2020-09-27 23:40:12.568000
bqzszpe7jpp4jnuv,failed,not_found,350,B340E3BA587E36462D8DE44DAE0F7CAB6748F064,6ED3BE22B2261258017B3F0584706265985D7AE9,0F19413E69DB6507EFDDEC9444C86E0574D6F471,42215683AE0D359B6BADF2674D09BEA348BE388A,2020-09-27 23:40:12.568000,2020-09-27 23:40:19.677000
bqzszpe7jpp4jnuv,failed,not_found,513,B340E3BA587E36462D8DE44DAE0F7CAB6748F064,8A5E7C2D09835974B4D58252BAD51FD8AD54F9CE,F244C5F5DDE2F29CA1F88E4C9F9FACCC48BCA857,489606DA64FD4B68A76C49386298695E6C30B5E2,2020-09-27 23:40:19.677000,2020-09-27 23:40:35.147000
bqzszpe7jpp4jnuv,,,,,,,48D934E776B739D38F9EAFDCFD85203C6A68A67B,2020-09-27 23:40:35.148000,
zrtghgh5icepmnge,failed,not_found,226,B340E3BA587E36462D8DE44DAE0F7CAB6748F064,2802B96E4BE4FDBFB0F5D5DFBF7E5AB541A18DF0,56781CCC9F6D29FEA148799AB588429C893A473C,37B97F98AA1A51FF282660D3E440DAD9687BA814,2020-09-27 23:40:04.669000,2020-09-27 23:40:11.296000
zrtghgh5icepmnge,failed,not_found,329,B340E3BA587E36462D8DE44DAE0F7CAB6748F064,82B94663F141978FB2252A166A7FCFF0BA3A1701,221546DAE86B003139B13BD6F6AE1B4B42B59DF8,D64EF7797B48002778A295E369474F4B5052944A,2020-09-27 23:40:11.296000,2020-09-27 23:40:17.540000
zrtghgh5icepmnge,failed,not_found,468,B340E3BA587E36462D8DE44DAE0F7CAB6748F064,CEECFBB82FC484051E89719C49DC803F65AABC72,FD449127D30D8F5D124653D9EF736EDF4A12B4DC,D65DB84BF1EB4DD225B9A1CD9CEFD87B595A30F5,2020-09-27 23:40:17.540000,2020-09-27 23:40:28.881000
zrtghgh5icepmnge,,,,,,,37A831DCC0027923A474F1277F6261EE8D9D0B46,2020-09-27 23:40:28.882000,
r7cvpkrjo5lr4mah,failed,not_found,156,B340E3BA587E36462D8DE44DAE0F7CAB6748F064,B22C4BF9747DBBC843F1BBBA272FDB7B6045EB01,1B91B86B67317A63636FE38ABE6C4E701A2B1A99,CAB28BC71970D7F9F4419AEA1043014BF1521E65,2020-09-27 23:40:04.675000,2020-09-27 23:40:08.023000
r7cvpkrjo5lr4mah,failed,not_found,236,B340E3BA587E36462D8DE44DAE0F7CAB6748F064,C3D92B0696196558E784EF7252A5370192720BE5,088A6237EED87EDEB0E1E3AD0A4A419F963F0787,0990E0F4F2C127BDDA9B6726400FAC077F6C83B0,2020-09-27 23:40:08.023000,2020-09-27 23:40:11.865000
r7cvpkrjo5lr4mah,failed,not_found,343,B340E3BA587E36462D8DE44DAE0F7CAB6748F064,1B90395827F7499A37C73F09BC5AA0225808F6FC,68D2ABD936233A569E2B46D6228816149A16B4FA,098B3457ABA31AD65A3AF47F61B623E35B3FAB2D,2020-09-27 23:40:11.865000,2020-09-27 23:40:18.010000
r7cvpkrjo5lr4mah,failed,not_found,481,B340E3BA587E36462D8DE44DAE0F7CAB6748F064,8EE28EAF0874AF9B03EBBD79B5EB5059E2547355,1F97BE0788A261FF978C082E0AB44ADD96AF1F7A,CAF57EB30FD17389954C9F2B43026734F80E39C0,2020-09-27 23:40:18.011000,2020-09-27 23:40:30.988000
r7cvpkrjo5lr4mah,,,,,,,0964EFD3186C2AF2763B0C1EE5B4A2FA77E0449B,2020-09-27 23:40:30.989000,
bzamy6bxfpbnckds,failed,not_found,157,B340E3BA587E36462D8DE44DAE0F7CAB6748F064,C0F3C0EF81D84182379AA4CA5AD5A5289D011145,547C1CDB516798EC66A01F04A5884DCE1A151919,E2B9BA96723C59E65AE07E82B74C7A31AF874225,2020-09-27 23:40:04.675000,2020-09-27 23:40:07.558000
bzamy6bxfpbnckds,failed,not_found,220,B340E3BA587E36462D8DE44DAE0F7CAB6748F064,14D57DEDF0A4554A2D21AD53CCCC43E31158C733,AFF320BA96E4338B61A008D2CA250FFE0E23B09C,E2BAAFECE5C3D3B4FFE6173B3097948E0F730623,2020-09-27 23:40:07.558000,2020-09-27 23:40:10.933000
bzamy6bxfpbnckds,failed,not_found,320,B340E3BA587E36462D8DE44DAE0F7CAB6748F064,484A10BA2B8D48A5F0216674C8DD50EF27BC32F3,AA8B7237B4D2C76ED4AF24B3B47B375812AACC83,E2B8DEC970657EE1CB872F37E81E59526285EF3F,2020-09-27 23:40:10.933000,2020-09-27 23:40:16.647000
bzamy6bxfpbnckds,failed,not_found,455,B340E3BA587E36462D8DE44DAE0F7CAB6748F064,E0023AC14180112A2FFF00A84C6049862BB3E6C3,EA3616A0B9BBBDC74121D8D6F01EABDDCF6BE35D,F43C497039F836FE32DE416F4CBD97892C3F6E9E,2020-09-27 23:40:16.648000,2020-09-27 23:40:27.533000
bzamy6bxfpbnckds,,,,,,,F44CDC27499333A14D55B8E28B9240BC8B206532,2020-09-27 23:40:27.534000,
4b723hbkvoitx5re,failed,not_found,158,B340E3BA587E36462D8DE44DAE0F7CAB6748F064,7D928720EC0CB5C2AFE04DF0EBC37BD59B00EAB4,D5C01B85FB3A48D55698CA660A2DE8935388816E,8B80169BEF71450FC4069A190853523B7AEA45E1,2020-09-27 23:40:04.675000,2020-09-27 23:40:07.811000
4b723hbkvoitx5re,failed,not_found,185,B340E3BA587E36462D8DE44DAE0F7CAB6748F064,A1DEB529DE86E7CABC3212778374933D68FB7F2F,DD0AA66DD9E4E71FFAFAB658DF8300F1CEEA0364,1532A36172C70012B1057FBBFAFE2734EDBF4A3B,2020-09-27 23:40:07.811000,2020-09-27 23:40:12.694000
4b723hbkvoitx5re,failed,not_found,449,B340E3BA587E36462D8DE44DAE0F7CAB6748F064,AE6A8C18E7499B586CD36246AC4BCAFFBBF93AB2,75784DD2BCB70CE13CEC93CFE24CD69C66E2C67B,153962FA0F2A058A97D37B039607377EE67E5885,2020-09-27 23:40:12.695000,2020-09-27 23:40:20.126000
4b723hbkvoitx5re,failed,not_found,524,B340E3BA587E36462D8DE44DAE0F7CAB6748F064,A3A6D9D7DBED00F7E6508B55D3449FF6B6C5DF90,7ECA215D5B0611D5A6131F7616C7B60003781B78,8B889E04C60E30D511013189D3C2ADCE522E1F3C,2020-09-27 23:40:20.127000,2020-09-27 23:40:37.873000
4b723hbkvoitx5re,,,,,,,15483893699246724B8135CC6F087767EA89A2D3,2020-09-27 23:40:37.873000,
46mq5xu3g4wceqcx,failed,not_found,159,B340E3BA587E36462D8DE44DAE0F7CAB6748F064,30D457317789E20449CBC12E02F5658FA23E0BEE,980B28A19B0A66948035A3FE143E5CF613C84122,B48AC5F547DBB847EFB88480BFB86D41211ED617,2020-09-27 23:40:04.676000,2020-09-27 23:40:08.231000
46mq5xu3g4wceqcx,failed,not_found,239,B340E3BA587E36462D8DE44DAE0F7CAB6748F064,CB21756D213C09812ED2B03DC111CDE937387F9D,638D91FC9EF661348A6994D04C3499BC03F50BBE,49F9A350864D030C1C9E325FD4208C155F5046E6,2020-09-27 23:40:08.232000,2020-09-27 23:40:12.897000
46mq5xu3g4wceqcx,failed,not_found,369,B340E3BA587E36462D8DE44DAE0F7CAB6748F064,5C4A1682FADF221DF46FFA32FE65826DCF79185F,EC4AD91674B5AFECCA117A396776F120651E55BF,B49EAAE4690E5CE762D1DF8B00FDE05970880EAD,2020-09-27 23:40:12.897000,2020-09-27 23:40:20.465000
46mq5xu3g4wceqcx,failed,not_found,587,B340E3BA587E36462D8DE44DAE0F7CAB6748F064,FABA6394C790E96812D33689FAE90796FBA79AA8,A99B0D9E5FD5BC3C8F2D006EC91F8C7F40E09CB8,B4969260F76BE3F145E90AF053B569D9B441E281,2020-09-27 23:40:20.465000,2020-09-27 23:40:48.535000
46mq5xu3g4wceqcx,,,,,,,49F906FA05DAADDDCA677B6C4BA196CAA1042E90,2020-09-27 23:40:48.535000,
ggw6m6ny2q5dj3zm,failed,not_found,180,B340E3BA587E36462D8DE44DAE0F7CAB6748F064,EE7CD2A763435C7006095BD167C790ABE5BC4DEA,63DE54637F349FD686CF1C036827B5BE826B9F7C,A18BF818557BD6C8A3546B157B7800B5F24A79A7,2020-09-27 23:40:05.637000,2020-09-27 23:40:09.543000
ggw6m6ny2q5dj3zm,failed,not_found,271,B340E3BA587E36462D8DE44DAE0F7CAB6748F064,62712B2C24A169B24336CD2FE2BE55DA67476C8B,0B19BBFDC498CCEA23027B1D7BD8E20121B95E60,BF0FB582E37F738CD33C3651125F2772705BB8E8,2020-09-27 23:40:09.544000,2020-09-27 23:40:13.988000
ggw6m6ny2q5dj3zm,failed,not_found,418,B340E3BA587E36462D8DE44DAE0F7CAB6748F064,129C9F6FDF8FBA4597E0E63F604E26EFBAF3A850,64A0B5722613DDFC2EB84897C550FBF4A096DE0D,BEE59851195B09DFC88D8F1F31F9FABC7171FAAD,2020-09-27 23:40:13.989000,2020-09-27 23:40:29.554000
ggw6m6ny2q5dj3zm,,,,,,,BEE5A27A9DD05BD7D9B6E046AEDEF43D2A4B85CE,2020-09-27 23:40:29.554000,
ysqbaxc2lcj5g77n,failed,not_found,181,B340E3BA587E36462D8DE44DAE0F7CAB6748F064,6940247E04C839D268543E7F62566A91E40567E3,8111FEB45EF2950EB8F84BFD8FF070AB07AEE9DD,C19B33758B3A5144894233EC4C95D7985B9FD101,2020-09-27 23:40:05.642000,2020-09-27 23:40:09.159000
ysqbaxc2lcj5g77n,failed,not_found,287,B340E3BA587E36462D8DE44DAE0F7CAB6748F064,DA84D41783BBB6058CB9DF8C90697E8D5EA647C3,6245DC873D6F613C795D48663D65BD8A2266CAF6,173652F77C436F63D80208E29691738C570D4F9A,2020-09-27 23:40:09.159000,2020-09-27 23:40:14.670000
ysqbaxc2lcj5g77n,failed,not_found,432,B340E3BA587E36462D8DE44DAE0F7CAB6748F064,C56C1ECFF0C590583C1B272FAF316D440CFC0597,BD4C647508162F59CB44E4DFC1C2B2B8A9387CCA,C1B79C4CD9B713BBB6B0522155B46A7BFE3BFAAE,2020-09-27 23:40:14.671000,2020-09-27 23:40:25.222000
ysqbaxc2lcj5g77n,,,,,,,C1B8C6887867CED2564454058F9082311FAF1AC7,2020-09-27 23:40:25.223000,
6jgzhbcwd6zi6do5,failed,not_found,182,B340E3BA587E36462D8DE44DAE0F7CAB6748F064,98E659B5B701076BE433B4723F20A1811739588A,CE1FD7659F2DFE92B883083C0C6C974616D17F3D,E0C3346EBDB9746185D574B92E503DC9AEB160BE,2020-09-27 23:40:05.643000,2020-09-27 23:40:09.324000
6jgzhbcwd6zi6do5,failed,not_found,340,B340E3BA587E36462D8DE44DAE0F7CAB6748F064,82DA9678A0BAE60087AA68A3E1D6E6A2C4246D6D,FB13B3060516E4C50E5E178227A036977103E4AD,07A8A66164B8752A9E06D44AAB6219D89D6C10F6,2020-09-27 23:40:09.324000,2020-09-27 23:40:20.633000
6jgzhbcwd6zi6do5,failed,not_found,540,B340E3BA587E36462D8DE44DAE0F7CAB6748F064,6CDF81E5A9BF270CDF4C989D5F7917113591C355,F0C9513539800F762ECAE37F16370D7CBA5E52C2,07623013C3361FE566B71C8CFCC6483D7587A827,2020-09-27 23:40:20.637000,2020-09-27 23:40:39.995000
6jgzhbcwd6zi6do5,,,,,,,0745857B06337B7F343635608975972A9EC14901,2020-09-27 23:40:39.995000,
codgiektrh7v43bz,failed,not_found,183,B340E3BA587E36462D8DE44DAE0F7CAB6748F064,856DAB2FDC9EED88A27BE2265FA6BD5489EF178E,8EE44717FA55705C12086F3ECD1F8D9C8676FD05,62F4994C6F3A5B3E590AEECE522591696C8DDEE2,2020-09-27 23:40:05.649000,2020-09-27 23:40:09.173000
codgiektrh7v43bz,failed,not_found,260,B340E3BA587E36462D8DE44DAE0F7CAB6748F064,7ECF294C43DB959BDC0E7EFC913C3AC231DE7442,4011E1BB0E5B9A22AF665B553BFFDDE22A517B16,CDAAB6F5FAF38747A1DB583882846485BE1520D2,2020-09-27 23:40:09.174000,2020-09-27 23:40:13.108000
codgiektrh7v43bz,failed,not_found,376,B340E3BA587E36462D8DE44DAE0F7CAB6748F064,E6D4332BF40FDEE7814F2DBC926650EF8032B643,F244C5F5DDE2F29CA1F88E4C9F9FACCC48BCA857,6304781EA6C8D0A8638AD1A745CCCFEE77EBE55E,2020-09-27 23:40:13.109000,2020-09-27 23:40:20.466000
codgiektrh7v43bz,failed,not_found,528,B340E3BA587E36462D8DE44DAE0F7CAB6748F064,0C3D5E19E3C75B505C8ACD26F89DCA2DF970553E,4B68D0E5392ED6F3469A37880631353A96558631,6315278A91710062D90B288199EFA06E4AAA9E8F,2020-09-27 23:40:20.467000,2020-09-27 23:40:39.086000
codgiektrh7v43bz,,,,,,,CDA2EA326E2272C57ACB26773D7252C211795B78,2020-09-27 23:40:39.086000,
kpkqxtp7x55dbo5s,failed,not_found,184,B340E3BA587E36462D8DE44DAE0F7CAB6748F064,D65DB84BF1EB4DD225B9A1CD9CEFD87B595A30F5,4C5B8134341E66CB09246985E4039F9BFC0ADCE3,B581401A839EBD1F812DC78297FD09D60BFFA635,2020-09-27 23:40:05.650000,2020-09-27 23:40:09.224000
kpkqxtp7x55dbo5s,failed,not_found,252,B340E3BA587E36462D8DE44DAE0F7CAB6748F064,B1289B91C190A6803C1ADA6E381C0843CE039D70,A597AC866E40CAB5A67759ADE4942192E99DE684,B5B666F5F7E910DFF44AD58CD62A4B3F415ECB60,2020-09-27 23:40:09.224000,2020-09-27 23:40:12.472000
kpkqxtp7x55dbo5s,failed,not_found,357,B340E3BA587E36462D8DE44DAE0F7CAB6748F064,C2C2B839F4CFFA5F7B7A40CB0BE84F7D948CB510,6ED3BE22B2261258017B3F0584706265985D7AE9,B5831845F631C3E053B12D4714332E930219A014,2020-09-27 23:40:12.473000,2020-09-27 23:40:19.262000
kpkqxtp7x55dbo5s,failed,not_found,536,B340E3BA587E36462D8DE44DAE0F7CAB6748F064,844AE9CAD04325E955E2BE1521563B79FE7094B7,724E86E7F5DA715529DC0ECAA013AE4BDC680E4C,708A968F3644F8A547156368FEA3DB664110E631,2020-09-27 23:40:19.263000,2020-09-27 23:40:39.336000
kpkqxtp7x55dbo5s,,,,,,,7088D485934E8A403B81531F8C90BDC75FA43C98,2020-09-27 23:40:39.337000,
vfncnmzlyhcjqhgr,failed,not_found,233,B340E3BA587E36462D8DE44DAE0F7CAB6748F064,55B5A9DB9C2B57C035437A3CC52A6B11D877CBDD,3FDCBC454FED8B5482956DB91CA089294511FA98,1532A36172C70012B1057FBBFAFE2734EDBF4A3B,2020-09-27 23:40:05.655000,2020-09-27 23:40:09.224000
vfncnmzlyhcjqhgr,failed,not_found,314,B340E3BA587E36462D8DE44DAE0F7CAB6748F064,0FE31E8B143BCA123905993356D1DE49C715E455,B15C0071EAF508AAEE29DB9D07607C84AA2DDEB3,FE00A3A835680E67FBBC895A724E2657BB253E97,2020-09-27 23:40:09.224000,2020-09-27 23:40:16.315000
vfncnmzlyhcjqhgr,failed,not_found,367,B340E3BA587E36462D8DE44DAE0F7CAB6748F064,431702B3A68A6015F9955DD4FD0129175B43EA0F,D5A2B3AE1E8047017A0BBC7209FD624DB84D47CE,153962FA0F2A058A97D37B039607377EE67E5885,2020-09-27 23:40:16.315000,2020-09-27 23:40:27.439000
vfncnmzlyhcjqhgr,,,,,,,14F21BEDEE20BED716234E7026822DF9E69EC356,2020-09-27 23:40:27.439000,
fdhsy3iikpalq4a2,failed,not_found,205,B340E3BA587E36462D8DE44DAE0F7CAB6748F064,288DA2F27E30BC73FC8A84367696C9DF6B4C1B90,FE9F74A59997101780C4A6B1D040A26D9AAEC84B,55B5A9DB9C2B57C035437A3CC52A6B11D877CBDD,2020-09-27 23:40:06.650000,2020-09-27 23:40:10.643000
fdhsy3iikpalq4a2,failed,not_found,429,B340E3BA587E36462D8DE44DAE0F7CAB6748F064,9E6BA60AFBF9A4946A52770ABCDFC95703DAD6CB,01FE2137C42E4802507A1FD97B0158116FD78A8C,55BEC1032A3C66AE5ABF26D11505352318736D45,2020-09-27 23:40:10.643000,2020-09-27 23:40:24.252000
fdhsy3iikpalq4a2,,,,,,,C000D47186ADC5C2B9D90A2FFAC7551C5A5F8D0A,2020-09-27 23:40:24.253000,
qezefy3vdi6ebgsg,failed,not_found,206,B340E3BA587E36462D8DE44DAE0F7CAB6748F064,03E0F4EE272731601773F48E64240D3A8896A5E3,8B1CC76D6D1370A67263628D4CBC01B62903D0BF,97D2A26EA5C9972E66D23F4698E94DBDBA8F6C18,2020-09-27 23:40:06.659000,2020-09-27 23:40:10.424000
qezefy3vdi6ebgsg,failed,not_found,295,B340E3BA587E36462D8DE44DAE0F7CAB6748F064,FDFD675D05216549EB7DA545E32ECFCEEAE805F2,FD449127D30D8F5D124653D9EF736EDF4A12B4DC,25C5206EE19969289F291F22B23052DA48F948A5,2020-09-27 23:40:10.425000,2020-09-27 23:40:15.209000
qezefy3vdi6ebgsg,failed,not_found,410,B340E3BA587E36462D8DE44DAE0F7CAB6748F064,3662BA7D247589836D9307FAB6D8BAFA8E3CBD06,C2481FAAA5508F6C2A64873972281220E9778476,25B694EA95F825F156C5DAE5607B3375E86C0C4E,2020-09-27 23:40:15.210000,2020-09-27 23:40:23.644000
qezefy3vdi6ebgsg,failed,not_found,586,B340E3BA587E36462D8DE44DAE0F7CAB6748F064,6E4B0D429CD87AB6C25D72E298294C583FF8BA4A,38471394F06B2B86404768193C929313962FDC2F,97AEE1EEFBCBB6FF8FA482029830E8E10A961883,2020-09-27 23:40:23.644000,2020-09-27 23:40:46.655000
qezefy3vdi6ebgsg,,,,,,,979B2E677F6D94820CD8D645626ED776DCB1CB6C,2020-09-27 23:40:46.655000,
mfqkt2wj2nixgp6d,failed,not_found,221,B340E3BA587E36462D8DE44DAE0F7CAB6748F064,80C113BCE9356B4DECF94E7CF4A8C0BD315EE8E8,39157328C19734ACD46BC6CD247F5E673D9EE9C8,3FF0DD5AC13713D319E09C40E93E0D26717B851D,2020-09-27 23:40:06.670000,2020-09-27 23:40:10.688000
mfqkt2wj2nixgp6d,failed,not_found,305,B340E3BA587E36462D8DE44DAE0F7CAB6748F064,15FEE423DFF8AF9E2E081959B0C6326072C60DA1,C8DE26D2D119BE7F509E672EE1A3D5FB25DCBA97,E235941C8403FB63EC91436FA4DCF6B020EB51A2,2020-09-27 23:40:10.689000,2020-09-27 23:40:16.745000
mfqkt2wj2nixgp6d,failed,not_found,458,B340E3BA587E36462D8DE44DAE0F7CAB6748F064,AC61D1722091F2FC4760776AF2C230D9DC679C03,B0A63BC3FDA67A7ADD1BE08BAA8309C4B204D29B,3FFDFB5A9A278C7C303745606DB5B68FC5B9FADF,2020-09-27 23:40:16.745000,2020-09-27 23:40:27.275000
mfqkt2wj2nixgp6d,,,,,,,E1DE607E31C2C0FB6F8FC959BF7B58CE35D95990,2020-09-27 23:40:27.275000,
ugbnbkdr4htnr2um,failed,not_found,208,B340E3BA587E36462D8DE44DAE0F7CAB6748F064,C3263F4B4E92127B7CD15E8F9746B4382233424A,AFF320BA96E4338B61A008D2CA250FFE0E23B09C,031F5CF2BD913BA2B84C124FC623B3C93D60DE71,2020-09-27 23:40:06.742000,2020-09-27 23:40:10.631000
ugbnbkdr4htnr2um,failed,not_found,373,B340E3BA587E36462D8DE44DAE0F7CAB6748F064,7737A40305131AD8B5E60CFB9126E4BBE1ED7F76,26B09A4C9F6A9D4815DB46EBA3626A0ED8D71E8F,0312F3CCEC836350FE5B78D7EFD8AFFF59F44C30,2020-09-27 23:40:10.632000,2020-09-27 23:40:20.688000
ugbnbkdr4htnr2um,failed,not_found,541,B340E3BA587E36462D8DE44DAE0F7CAB6748F064,7961C9991F022C8A363FD440CA395D47DB5D44D5,EA3616A0B9BBBDC74121D8D6F01EABDDCF6BE35D,0325B91D3C32D3A24C863D5DFBED00564FAD5C64,2020-09-27 23:40:20.688000,2020-09-27 23:40:39.599000
ugbnbkdr4htnr2um,,,,,,,3FEBFB6A491D30CACC2C2995EDB41717A6F94E95,2020-09-27 23:40:39.600000,
ldxyplx6xpcwztei,failed,not_found,193,B340E3BA587E36462D8DE44DAE0F7CAB6748F064,06432D1B5A7C132071626D186D7F1A429C5BBED9,E3F98C86C9E01138DD8EA06B1E660A0CDB4B2782,4469F441FDAB256575262B013B44D44B37E4DC8B,2020-09-27 23:40:06.743000,2020-09-27 23:40:10.687000
ldxyplx6xpcwztei,failed,not_found,290,B340E3BA587E36462D8DE44DAE0F7CAB6748F064,17ABA734572DBB1050CF3800F0DD145BAE7ED9A7,5FB384605F53DCBF1CB02143D318DA3E8EE38A24,44730B2450213BC3E2DAA4854458D134F0644FF2,2020-09-27 23:40:10.688000,2020-09-27 23:40:14.697000
ldxyplx6xpcwztei,failed,not_found,431,B340E3BA587E36462D8DE44DAE0F7CAB6748F064,128FC6D8FBF753121C5662FEE309CCD47B64BA6B,62CF4982747BFDE3C0395A3894554BD8DC3C5D92,17ABA734572DBB1050CF3800F0DD145BAE7ED9A7,2020-09-27 23:40:14.697000,2020-09-27 23:40:24.287000
ldxyplx6xpcwztei,,,,,,,447A24F3402C4774D89E7AAD2D876D0BF64E3267,2020-09-27 23:40:24.288000,
ttmbnxg4cwzcfn2c,failed,not_found,210,B340E3BA587E36462D8DE44DAE0F7CAB6748F064,D228AE265C966CA4E9A8C4B746A30A9737060A32,0C475BA4D3AA3C289B716F95954CAD616E50C4E5,AE236568ED01527850FA0D5BEFBBF6C6BDA47AF0,2020-09-27 23:40:06.744000,2020-09-27 23:40:10.642000
ttmbnxg4cwzcfn2c,failed,not_found,299,B340E3BA587E36462D8DE44DAE0F7CAB6748F064,F3F3F4900B87CF4A6B4A7F9402502FC457B7B1FC,FAE19F64F4C3B5351D95D1794CDC6A6AD0C8CB83,C63110BDD8736D2C2A733FF962F58D58FDE63A2D,2020-09-27 23:40:10.643000,2020-09-27 23:40:15.789000
ttmbnxg4cwzcfn2c,failed,not_found,435,B340E3BA587E36462D8DE44DAE0F7CAB6748F064,A69221A7EC7498D2F88A0FB795261013FA36CAAE,699388030AFC5C110822C85DE97A51545B192987,AE17FAAF8F302A506AF2167666EC62882804403F,2020-09-27 23:40:15.790000,2020-09-27 23:40:25.278000
ttmbnxg4cwzcfn2c,,,,,,,C63F4EC7437193BD6070D5CBD0EABBB610DD02AA,2020-09-27 23:40:25.278000,
i75f4go5xilorcbh,failed,not_found,223,B340E3BA587E36462D8DE44DAE0F7CAB6748F064,12D552E8AF7AA2B71B218B5BBF6A5FEFA6F26BA0,9EFF16EA25FF27BC438A3FBF23C5315E576467AF,3A9443710224E5182895C342D1D36C1D460A1206,2020-09-27 23:40:07.639000,2020-09-27 23:40:11.078000
i75f4go5xilorcbh,failed,not_found,321,B340E3BA587E36462D8DE44DAE0F7CAB6748F064,75D77007F098513C70773B5EC46159DD41F2F7ED,1322D90EA6EDA85B3A8566F2C04F2D8C5C7C1EF1,F15A2A08BF91017DCFB6042171635661E13A8256,2020-09-27 23:40:11.079000,2020-09-27 23:40:16.696000
i75f4go5xilorcbh,failed,not_found,456,B340E3BA587E36462D8DE44DAE0F7CAB6748F064,F4A4D78F16E9A0353AD5BBEF4632C7022E20FB20,0C475BA4D3AA3C289B716F95954CAD616E50C4E5,F1624D70C3AD373C849A5B2A8D07A20C73C0C7AD,2020-09-27 23:40:16.696000,2020-09-27 23:40:26.753000
i75f4go5xilorcbh,,,,,,,F1612C915458BCF52CC49559E84A0D0240FA7F23,2020-09-27 23:40:26.754000,
2b3j65z4rtex37qv,failed,not_found,224,B340E3BA587E36462D8DE44DAE0F7CAB6748F064,EDC9D832FBEAF949F610D3F6A55537291B4E8F26,0B555940D37DC849728841C0B290074E1A1BDCA8,65BCA5B95D3631771AF358CC73933F85B68DDFA4,2020-09-27 23:40:07.646000,2020-09-27 23:40:11.215000
2b3j65z4rtex37qv,failed,not_found,327,B340E3BA587E36462D8DE44DAE0F7CAB6748F064,3E13E2EB87CCF5690564EE33E9F9F9F80B229FBB,9EFF16EA25FF27BC438A3FBF23C5315E576467AF,53CBD4285918F168B92D05CAA9BC0CF499DF72C7,2020-09-27 23:40:11.215000,2020-09-27 23:40:18.080000
2b3j65z4rtex37qv,failed,not_found,482,B340E3BA587E36462D8DE44DAE0F7CAB6748F064,61FA7E7C766577D76EBABF19330993DEFA8AF3C3,547C1CDB516798EC66A01F04A5884DCE1A151919,53D79BBFEDB5DE1C3CF4839B2875859CE54D7BB1,2020-09-27 23:40:18.080000,2020-09-27 23:40:31.424000
2b3j65z4rtex37qv,,,,,,,53C9F4954E7A7332BB0C610C5B8E04CA065AF29B,2020-09-27 23:40:31.425000,
4zm4faqkprppuehk,failed,not_found,225,B340E3BA587E36462D8DE44DAE0F7CAB6748F064,929BB84A68198CE35E2F2828812840AF5C2CBC4A,79D9E66BB2FDBF25E846B635D8248FE1194CFD26,23DC295D771D51DA981008D1B9702A03C64488D8,2020-09-27 23:40:07.653000,2020-09-27 23:40:11.133000
4zm4faqkprppuehk,failed,not_found,326,B340E3BA587E36462D8DE44DAE0F7CAB6748F064,823701D5C4C5D72C3FF533113F25A1922DED6303,8EB722FA1AE9DDE1914BC21FEA22819D4DE99DB4,A8B887B3DC8B864E2F0B58F92B0C10D493B5AFFE,2020-09-27 23:40:11.133000,2020-09-27 23:40:17.664000
4zm4faqkprppuehk,failed,not_found,469,B340E3BA587E36462D8DE44DAE0F7CAB6748F064,790EB3E544E70809FA760DC793469FC5ABAF1E28,84BE4038DAD99815D76B111116DAEF1AAEE252F7,241F67E50CA7D5E522F94E28B5AB5ABE4F166616,2020-09-27 23:40:17.665000,2020-09-27 23:40:32.820000
4zm4faqkprppuehk,,,,,,,23F74D581DE92AC59D3527DE4D448E036139D81E,2020-09-27 23:40:32.820000,
5d66g7mc6zsz572v,failed,not_found,228,B340E3BA587E36462D8DE44DAE0F7CAB6748F064,4ECBF37E4953F48AA02CA30AE929789218B07C80,06B308F54B4A779D74B30536964182A09C08AB8F,FF154E0265ADC24FDB1D8BBA34455E324C9FE407,2020-09-27 23:40:07.654000,2020-09-27 23:40:11.673000
5d66g7mc6zsz572v,failed,not_found,333,B340E3BA587E36462D8DE44DAE0F7CAB6748F064,10A5EFCCD2FB9C1A4AC20FB779A5DB11B58957A7,1D361A2F1CAE4FDD5A85E13C168BE7075A100524,0DD55CF27BBA1F51131A46BC0A0EED68A177D1BB,2020-09-27 23:40:11.674000,2020-09-27 23:40:19.135000
5d66g7mc6zsz572v,failed,not_found,505,B340E3BA587E36462D8DE44DAE0F7CAB6748F064,ECB24A326D382F84B7BD630CFDBE1A0CDCE0245A,5D41BBE918C4DFEEFD620CAD949DF862A21C5653,FEEF24CDF15BB59B418D1BF94A64BD3E62BB2CF3,2020-09-27 23:40:19.135000,2020-09-27 23:40:35.644000
5d66g7mc6zsz572v,,,,,,,0DD04EF0B081BBFDE3082D4ECC8A63FD0022FCAF,2020-09-27 23:40:35.646000,
gytdti4m56qn2hho,failed,not_found,229,B340E3BA587E36462D8DE44DAE0F7CAB6748F064,5F58E9417DF94A66529864FA1134635614958A44,450AB46ADFD541B3905A5C6140BC53EB8C68C9A5,FD127D1014ED3D36AFE50558A88BD5E8DB34A645,2020-09-27 23:40:07.654000,2020-09-27 23:40:11.672000
gytdti4m56qn2hho,failed,not_found,341,B340E3BA587E36462D8DE44DAE0F7CAB6748F064,D8DF9660261B158A9DF6C3D7D63DD92B0FD5B9F7,1B02964F5C1DBFE957AE244525A213C115A9F23D,FC33CA0B739EB8290180C7D22A536726B8EE90E4,2020-09-27 23:40:11.673000,2020-09-27 23:40:18.152000
gytdti4m56qn2hho,failed,not_found,483,B340E3BA587E36462D8DE44DAE0F7CAB6748F064,2B377FBBCDFD4A97971150C6053B99E01D4DACCB,A2F7674E837C4131D70A840262AFC269801F14BA,FCF61C25093BB33BAA203D8EE7E65466D42ECF98,2020-09-27 23:40:18.153000,2020-09-27 23:40:31.395000
gytdti4m56qn2hho,,,,,,,FD00BDB335960AFDCA6CD565B81DEF2BA7F27E7D,2020-09-27 23:40:31.396000,
q6lgbatg226xqur3,failed,not_found,311,B340E3BA587E36462D8DE44DAE0F7CAB6748F064,B143D439B72D239A419F8DCE07B8A8EB1B486FA7,EC4AD91674B5AFECCA117A396776F120651E55BF,B27115A20B05D40730A4020145EFA63381D9D51B,2020-09-27 23:40:07.654000,2020-09-27 23:40:16.073000
q6lgbatg226xqur3,failed,not_found,447,B340E3BA587E36462D8DE44DAE0F7CAB6748F064,5127A719E495710CEBB0A446CD69207BA6E0D6D6,28AA7AFE8B1EDD7D4278D2A02027E09A75B528D0,9B46F7BDA3950CB0227487E1282476425E876BC4,2020-09-27 23:40:16.073000,2020-09-27 23:40:26.423000
q6lgbatg226xqur3,,,,,,,9B31F1F1C1554F9FFB3455911F82E818EF7C7883,2020-09-27 23:40:26.424000,
ohgfpnk6ojbhsvrq,failed,not_found,284,B340E3BA587E36462D8DE44DAE0F7CAB6748F064,D8B4C31E4DAF9CBC89EC13E3F5D968AD6CDC8BFD,E1DE607E31C2C0FB6F8FC959BF7B58CE35D95990,348439F4A3D959E6D1481070DA81A135343419CB,2020-09-27 23:40:08.871000,2020-09-27 23:40:14.211000
ohgfpnk6ojbhsvrq,failed,not_found,307,B340E3BA587E36462D8DE44DAE0F7CAB6748F064,5CFC486780CBD4446B764E51608D6574003B350D,0F6E56C326DC9719942E8BBA58C22F71332DA891,348B89013EDDD99E4755951D1EC284D9FED71226,2020-09-27 23:40:14.212000,2020-09-27 23:40:23.261000
ohgfpnk6ojbhsvrq,failed,not_found,576,B340E3BA587E36462D8DE44DAE0F7CAB6748F064,23AD6B165137D957C09AA0F7A3EE7B05CEC4A8F2,56DCA89A6B41ADA30E891EF65FDCC071DC05079B,34865EB9B936BE6E7D677BC8A72CB54D62743D23,2020-09-27 23:40:23.261000,2020-09-27 23:40:45.517000
ohgfpnk6ojbhsvrq,,,,,,,2083FBB5A67DB15F8ABF0C8319594EE9FBE65DAF,2020-09-27 23:40:45.517000,
yqws3rhm6sbd6ggh,failed,not_found,227,B340E3BA587E36462D8DE44DAE0F7CAB6748F064,917A2DADBA0D7727DF7FFD46AD923FD937686A3D,885CFB6921E6E7716BB64783348DDB06E17E5B5A,7716DE8030A56A80080446E0CBC59738605454E6,2020-09-27 23:40:08.891000,2020-09-27 23:40:11.255000
yqws3rhm6sbd6ggh,failed,not_found,328,B340E3BA587E36462D8DE44DAE0F7CAB6748F064,A79F94117D73D4AFA4BCE340A3CB6E345C817594,F7ACB36752F2D27A03800E505D1599F26C981B53,77131D7E2EC1CA9B8D737502256DA9103599CE51,2020-09-27 23:40:11.255000,2020-09-27 23:40:17.427000
yqws3rhm6sbd6ggh,failed,not_found,452,B340E3BA587E36462D8DE44DAE0F7CAB6748F064,64E257D94E739278D5954CC820C9D7EAC4E7A7B7,B3DA9D673321B92253DCCD38A9740F2C562C91EA,770E5AFB0A796DA2DA88434F11427513BAA1FACC,2020-09-27 23:40:17.428000,2020-09-27 23:40:26.548000
yqws3rhm6sbd6ggh,,,,,,,0CDCFB0B6E1500E57BDD7F240543EBAEF81C11CA,2020-09-27 23:40:26.549000,
27pazbdcyk3knio5,failed,not_found,247,B340E3BA587E36462D8DE44DAE0F7CAB6748F064,6940247E04C839D268543E7F62566A91E40567E3,331452F317390D3C78BCD759170699E55C5570C9,1BB9F857B41ABFB3BE0570F8A86DDCFD198713A2,2020-09-27 23:40:08.945000,2020-09-27 23:40:12.159000
27pazbdcyk3knio5,failed,not_found,348,B340E3BA587E36462D8DE44DAE0F7CAB6748F064,C8BEF3DF07AF38B68DD0DA91B23B19EBD2C7667F,1C8B3C3D8BC705883B7799C915B2FE1E0FEB006F,1BBCAEB763CA46DEB565A7251FAA6AC79A388ADD,2020-09-27 23:40:12.159000,2020-09-27 23:40:18.538000
27pazbdcyk3knio5,failed,not_found,492,B340E3BA587E36462D8DE44DAE0F7CAB6748F064,DE4F6E528A9FEB1B79BC3D7D24E8BF5BCDEDA0A1,7A40EB52CBF22B3C1704AA7015AC46CB3DF91219,1BB98B6F6EBCB616D0BD9485EA4B6FA7A7501D74,2020-09-27 23:40:18.539000,2020-09-27 23:40:32.818000
27pazbdcyk3knio5,,,,,,,DB58ED50E920C51F5C1A044E6A04BA669B14CFD2,2020-09-27 23:40:32.819000,
cewmtmxtwkgfihhh,failed,not_found,248,B340E3BA587E36462D8DE44DAE0F7CAB6748F064,DC9E3C6576CC9A04AAE1C465210A972A722571A0,0B555940D37DC849728841C0B290074E1A1BDCA8,3DAEC5687EAB19CC9FBE98303780137E143236AB,2020-09-27 23:40:08.989000,2020-09-27 23:40:12.592000
cewmtmxtwkgfihhh,failed,not_found,360,B340E3BA587E36462D8DE44DAE0F7CAB6748F064,F3936F97C14EFCFD18154DF4443B91FEDD071F47,A0B05E1D852D874EFAF3603C83246E00AD65AF20,3D7B08458C7BC081358BC9FAA4FFB2593FFE0576,2020-09-27 23:40:12.592000,2020-09-27 23:40:19.504000
cewmtmxtwkgfihhh,failed,not_found,507,B340E3BA587E36462D8DE44DAE0F7CAB6748F064,E81EF60A73B3809F8964F73766B01BAA0A171E20,6532EB51C1EA8B674F4AEFCFA31323AE4C4212E4,B411027C926A9BFFCF7DA91E3CAF1856A321EFFD,2020-09-27 23:40:19.505000,2020-09-27 23:40:34.651000
cewmtmxtwkgfihhh,,,,,,,B428E8A48C62E35536E5F30BA348A05ACE5FDF14,2020-09-27 23:40:34.652000,
vtwu2bfgm3nhtfbs,failed,not_found,249,B340E3BA587E36462D8DE44DAE0F7CAB6748F064,0706B3AF0059CB226E4AACDEDB6794678F402905,9A7417BA401B8C7EFDE24945E18145A1EDA730E7,AF42BD51EEBA9329E110AA8D206FED316E1DA671,2020-09-27 23:40:08.990000,2020-09-27 23:40:12.164000
vtwu2bfgm3nhtfbs,failed,not_found,349,B340E3BA587E36462D8DE44DAE0F7CAB6748F064,DCE8DBF94576272AD10D996C9AA0794A4567F304,8A5E7C2D09835974B4D58252BAD51FD8AD54F9CE,A868303126987902D51F2B6F06DD90038C45B119,2020-09-27 23:40:12.164000,2020-09-27 23:40:18.672000
vtwu2bfgm3nhtfbs,failed,not_found,494,B340E3BA587E36462D8DE44DAE0F7CAB6748F064,A66E5782FE6097D2824044466776FE912AEFD85B,B5053ABFF845C96B1DD8F45DCF32E6BE1E63F127,AF2E60DEEA9971F6956A46CE0B6BC94EF558240E,2020-09-27 23:40:18.672000,2020-09-27 23:40:33.526000
vtwu2bfgm3nhtfbs,,,,,,,A86EC24F5B8B964F67AC7C27CE92842025983274,2020-09-27 23:40:33.526000,
5fk7ytuhfp4lrw2l,failed,not_found,253,B340E3BA587E36462D8DE44DAE0F7CAB6748F064,5E4D1E6D31413DCCC148A8050224578CBBF12883,0ED0EA324C931CF41CB5272BFB1D015B3D5772A9,6C64AE6D7EFDA52A463FB6ADCDAE2D2DDE0677C3,2020-09-27 23:40:09.024000,2020-09-27 23:40:12.309000
5fk7ytuhfp4lrw2l,failed,not_found,352,B340E3BA587E36462D8DE44DAE0F7CAB6748F064,21E9162916687FDC3CD966D11F34766F51902B45,AFF320BA96E4338B61A008D2CA250FFE0E23B09C,6C4EB91C94B7D194CB117093A365A1D06FA9BF03,2020-09-27 23:40:12.310000,2020-09-27 23:40:19.235000
5fk7ytuhfp4lrw2l,failed,not_found,489,B340E3BA587E36462D8DE44DAE0F7CAB6748F064,672A56A583C658372E63ACEB43E7F791C2819548,2AD82F3964D325B3FE2FF74E980FB006374EF190,4AD0B40B0FC679CC300F398BCEBE9D000833F62C,2020-09-27 23:40:19.236000,2020-09-27 23:40:31.617000
5fk7ytuhfp4lrw2l,,,,,,,6C620C35C0EA16657960882DE88B28968EBC8689,2020-09-27 23:40:31.617000,
q4hdc4ogjvgm7gj3,failed,not_found,276,B340E3BA587E36462D8DE44DAE0F7CAB6748F064,72A33E374DE5AD1E617394896F0FD8B092D3E7C4,2CE96A8A1DA032664C90F574AFFBECE18A6E8DFC,A13281DBD8F8E484E95DD273B3EE7FC14C1B0A7A,2020-09-27 23:40:09.684000,2020-09-27 23:40:13.968000
q4hdc4ogjvgm7gj3,failed,not_found,419,B340E3BA587E36462D8DE44DAE0F7CAB6748F064,8E39881472946D5BBE41765470D9E3099A0EB4C7,AE17FAAF8F302A506AF2167666EC62882804403F,A14993020CC672AE519B1F1C9679CE0982C9733F,2020-09-27 23:40:13.968000,2020-09-27 23:40:23.604000
q4hdc4ogjvgm7gj3,failed,not_found,599,B340E3BA587E36462D8DE44DAE0F7CAB6748F064,E6C04728E9339DF22F331B7017D4A7AA3F252F0B,1BB9F857B41ABFB3BE0570F8A86DDCFD198713A2,D1F2C5C820B3F96BE6144CBFB84FDDF9D0EC0810,2020-09-27 23:40:23.605000,2020-09-27 23:40:51.738000
q4hdc4ogjvgm7gj3,,,,,,,A14F90953AE9462CF3A862C4CA95F73BF94A6F8B,2020-09-27 23:40:51.739000,
pm5jcga6kflkydxa,failed,not_found,310,B340E3BA587E36462D8DE44DAE0F7CAB6748F064,674967B0D22754201ADE92CFB15A43837AFDBF80,05C621B44EF6833889AE7B7E2A0B476569C47E37,CE035C7946CEE68425CD2358E620E408A9C823FD,2020-09-27 23:40:09.692000,2020-09-27 23:40:16.033000
pm5jcga6kflkydxa,failed,not_found,445,B340E3BA587E36462D8DE44DAE0F7CAB6748F064,7C22E89AB620E77DF1B4A33787A5EC3F2AB4A8D1,81132BCB0E58141820EE03BCC5CB39CDC06AE7EA,A60697FF383EEEE2E88505DD4E305C07BF326B11,2020-09-27 23:40:16.034000,2020-09-27 23:40:26.637000
pm5jcga6kflkydxa,,,,,,,CE16FCC68A8EFB0D1D3E0F3E7BA2A4E1950266E9,2020-09-27 23:40:26.637000,
tlvvj3y3pays5hlo,failed,not_found,278,B340E3BA587E36462D8DE44DAE0F7CAB6748F064,F9674F45A25CAA977E7B872807E0A070C121F5FA,E4240508EFC308D01665A07BD98B8564740D3376,D4E4D495A761B318F9FCDE7F93EA478C85F95420,2020-09-27 23:40:09.693000,2020-09-27 23:40:14.276000
tlvvj3y3pays5hlo,failed,not_found,428,B340E3BA587E36462D8DE44DAE0F7CAB6748F064,1E03D81C9744DE0E3C9DE6E6FBDF1DF9DAEA5AFC,AC00AEBA1AE2A80CF4184C4362157BF91487B902,D4C5BAEA92CADCC02D64E0DD9F1A49024C57F05C,2020-09-27 23:40:14.277000,2020-09-27 23:40:23.813000
tlvvj3y3pays5hlo,,,,,,,C19B33758B3A5144894233EC4C95D7985B9FD101,2020-09-27 23:40:23.813000,
uthoqfdpvfyb5b3q,failed,not_found,279,B340E3BA587E36462D8DE44DAE0F7CAB6748F064,6DFEB41C04CCE846871338E85DD5ACF5CFB6C1DD,AD7552F2CFBF472F9FFE748D3E82994EA6050A76,DAEF8B8B799C711A86350FDC4337B2B3A75B97C9,2020-09-27 23:40:09.701000,2020-09-27 23:40:14.051000
uthoqfdpvfyb5b3q,failed,not_found,423,B340E3BA587E36462D8DE44DAE0F7CAB6748F064,B76A047C20D3E4F9B5A64428298DA55A90D62472,4BC874C290A1438E9FF3C684F1CAC2AC351A12EB,DB16F1A69EDEFED20A2B341CC8E59241F62A399E,2020-09-27 23:40:14.052000,2020-09-27 23:40:23.638000
uthoqfdpvfyb5b3q,failed,not_found,600,B340E3BA587E36462D8DE44DAE0F7CAB6748F064,EE7CD2A763435C7006095BD167C790ABE5BC4DEA,A2C6C931D8627C6605288970889DDB88C7BA2142,F34E681AF8226DEBC9135A48F61DEF9F68966BA5,2020-09-27 23:40:23.639000,2020-09-27 23:40:52.655000
uthoqfdpvfyb5b3q,,,,,,,DAE94877199B925D5F79C2B00D7B834D16993AF9,2020-09-27 23:40:52.655000,
ypgrqj6colhnf5dh,failed,not_found,280,B340E3BA587E36462D8DE44DAE0F7CAB6748F064,D80EA21626BFAE8044E4037FE765252E157E3586,3A9443710224E5182895C342D1D36C1D460A1206,4D136F1700DF10B8DEE9EEF20F56063AE3A7E55E,2020-09-27 23:40:09.711000,2020-09-27 23:40:14.074000
ypgrqj6colhnf5dh,failed,not_found,375,B340E3BA587E36462D8DE44DAE0F7CAB6748F064,E3D61BAEA0B7CB12CACEDC8821C520557BDFCEA3,5C5D61F279AA0816F506FD5CE86C30F256291DDE,2B5E502536A436FE36DA2C6875F4C77F3593B37F,2020-09-27 23:40:14.074000,2020-09-27 23:40:20.366000
ypgrqj6colhnf5dh,failed,not_found,526,B340E3BA587E36462D8DE44DAE0F7CAB6748F064,D87698D8E2276C7E93D531B7C2A1B27D58C71876,B04EA2B400D9679E72284E12FB81E68756670A3A,4D0DF468DC816F8096702C2DA2C6FD67561F81C8,2020-09-27 23:40:20.366000,2020-09-27 23:40:37.728000
ypgrqj6colhnf5dh,,,,,,,2B6919B02B37EA5EA567606709D27B5212F24D09,2020-09-27 23:40:37.728000,
nendeo3b477qmma6,failed,not_found,281,B340E3BA587E36462D8DE44DAE0F7CAB6748F064,B55B11A739C43396B10CC621D9C9F9D7F3A8CDE4,66BD39FE805AED414ADE400CAAD862C9CC3AC34E,30C19B81981F450C402306E2E7CFB6C3F79CB6B2,2020-09-27 23:40:09.712000,2020-09-27 23:40:14.136000
nendeo3b477qmma6,failed,not_found,424,B340E3BA587E36462D8DE44DAE0F7CAB6748F064,99339F3E68BCCC1391BF14C821D80766FE0C5956,D8A2D0080B0C73E1DC0EC9F33B497F64E5FB3F52,E2BAAFECE5C3D3B4FFE6173B3097948E0F730623,2020-09-27 23:40:14.137000,2020-09-27 23:40:23.337000
nendeo3b477qmma6,failed,not_found,580,B340E3BA587E36462D8DE44DAE0F7CAB6748F064,46736616C5A895D636C93EF9F8A289C3BC93EE53,1C24A2669C7E0D62B2157B95F56ED00EE307C85C,3098CC656BB3F519FEBF93AF6E0CBBDE4D84002A,2020-09-27 23:40:23.338000,2020-09-27 23:40:45.111000
nendeo3b477qmma6,,,,,,,30B6CF0FCBA0505FD7105907999C751D799AE4D2,2020-09-27 23:40:45.111000,
gwmgmk7227ny4iza,failed,not_found,453,B340E3BA587E36462D8DE44DAE0F7CAB6748F064,56927E61B51E6F363FB55498150A6DDFCF7077F2,AF1C02D6BF9827BB956F09C454C28B431B1EFFE7,45D8C1EEFF044043AA6806C4B9130F8F189EF316,2020-09-27 23:40:10.703000,2020-09-27 23:40:15.998000
gwmgmk7227ny4iza,failed,not_found,444,B340E3BA587E36462D8DE44DAE0F7CAB6748F064,547C1CDB516798EC66A01F04A5884DCE1A151919,42B4F52C5B11E4D39855F654955425B0D5A0598B,1C916E9F9247FFC63E9011154508CFF7F6A002B2,2020-09-27 23:40:15.998000,2020-09-27 23:40:26.633000
gwmgmk7227ny4iza,,,,,,,1C8B3C3D8BC705883B7799C915B2FE1E0FEB006F,2020-09-27 23:40:26.634000,
ukwxmofmdi7mw575,failed,not_found,308,B340E3BA587E36462D8DE44DAE0F7CAB6748F064,51C367582993D68F8215610B85A99902C945324B,5DE37A3371AAE7638748EB43C9F1CE66E09D4470,3D9CE80399B68C01377FEC42395E399B9ED16E18,2020-09-27 23:40:10.704000,2020-09-27 23:40:15.939000
ukwxmofmdi7mw575,failed,not_found,382,B340E3BA587E36462D8DE44DAE0F7CAB6748F064,84CB0782C8CA81A7263EE86F321EDFECC611369A,A541C211909264081DC3A4F8E105F06139DDCD8B,53B8B5C2A33C489B54300D558BFEE2C3B12F3875,2020-09-27 23:40:15.940000,2020-09-27 23:40:25.589000
ukwxmofmdi7mw575,,,,,,,53B1C6E35706C9EC30B9468B61DFBB67F29BFC2F,2020-09-27 23:40:25.589000,
bsvwdwhsnjhcjws4,failed,not_found,309,B340E3BA587E36462D8DE44DAE0F7CAB6748F064,014BD09636373B78CC28BA70E36C7190E3DE236A,8A6F5A21493685B50F1B46A87A2099D6C410F237,064D3C4CC1B854839B0979FE1C2F05ABAB7F9D68,2020-09-27 23:40:10.725000,2020-09-27 23:40:15.984000
bsvwdwhsnjhcjws4,failed,not_found,442,B340E3BA587E36462D8DE44DAE0F7CAB6748F064,82405679E1F2AE258FBA8DD45BB2A52735EEED91,B32B93C90DCAF0012328A8D55D621D26B186E11A,B15C0071EAF508AAEE29DB9D07607C84AA2DDEB3,2020-09-27 23:40:15.985000,2020-09-27 23:40:25.981000
bsvwdwhsnjhcjws4,,,,,,,0647C3F8352BBFA0D57A1C3E0DCF67FC3E073D2C,2020-09-27 23:40:25.981000,
3eftnj63j6jlexyt,failed,not_found,344,B340E3BA587E36462D8DE44DAE0F7CAB6748F064,06D0FB9C6860E8D7FB99EA310A016707AFAA71CE,061E0496931D23A81A2B685C9339D36857DD0FA1,C000D47186ADC5C2B9D90A2FFAC7551C5A5F8D0A,2020-09-27 23:40:10.725000,2020-09-27 23:40:18.393000
3eftnj63j6jlexyt,failed,not_found,467,B340E3BA587E36462D8DE44DAE0F7CAB6748F064,0C3D5E19E3C75B505C8ACD26F89DCA2DF970553E,0085057C17BD2E1809E284825F06F94E72FB418C,75FB9A4469199F251581061391214ACFDC682EF4,2020-09-27 23:40:18.394000,2020-09-27 23:40:29.360000
3eftnj63j6jlexyt,,,,,,,75FE5236E67FFA4A44C1152C35EAB36360E4D7DF,2020-09-27 23:40:29.361000,
nq4vpawy3z25ut4n,failed,not_found,315,B340E3BA587E36462D8DE44DAE0F7CAB6748F064,2CD5474E33D12629156B92FBD61FAAB22D07B0F7,D24F1851779BFE3C982C40ECC9C1EFD344EFDA9B,F55E866AD4CB00B671B8A315AD3A9289B6E8C02C,2020-09-27 23:40:10.759000,2020-09-27 23:40:16.532000
nq4vpawy3z25ut4n,failed,not_found,533,B340E3BA587E36462D8DE44DAE0F7CAB6748F064,BD60B8F5EA0B8DF59A6B20B7CB3F28E5C2A1DD7A,42B4F52C5B11E4D39855F654955425B0D5A0598B,F59A3032A7AE637687E99437CA6DA81D3587A0EC,2020-09-27 23:40:16.532000,2020-09-27 23:40:39.087000
nq4vpawy3z25ut4n,,,,,,,F52B8C77AC5885566C06E5ADB33A5A09C5E8B534,2020-09-27 23:40:39.087000,
vhembu7b36msy52y,failed,not_found,317,B340E3BA587E36462D8DE44DAE0F7CAB6748F064,276AE7A0E974FC96B0933F1DA8FD51FD3BA59944,4D568479B37A688769F410E9A914909E8CC2A5B8,2F26D43258285FEB39E4320888DFAFA8A0D20E11,2020-09-27 23:40:10.759000,2020-09-27 23:40:16.191000
vhembu7b36msy52y,failed,not_found,448,B340E3BA587E36462D8DE44DAE0F7CAB6748F064,15FEE423DFF8AF9E2E081959B0C6326072C60DA1,FD449127D30D8F5D124653D9EF736EDF4A12B4DC,2F09BD6D9A2D5A7D6D26C17651CE8ECF0B7BA257,2020-09-27 23:40:16.191000,2020-09-27 23:40:27.183000
vhembu7b36msy52y,,,,,,,37B1AB178ABDD0C80649ECF8A79651E331B78290,2020-09-27 23:40:27.184000,
ggpmxn4k7om73p7u,failed,not_found,335,B340E3BA587E36462D8DE44DAE0F7CAB6748F064,089318D2FA3DA0306BF2C19F15ACC24FE2E926D1,B86137AE9681701901C6720E55C16805B46BD8E3,3B953203AF332D8FE1452E1CE7CB50A3B5297DB2,2020-09-27 23:40:11.724000,2020-09-27 23:40:18.312000
ggpmxn4k7om73p7u,failed,not_found,488,B340E3BA587E36462D8DE44DAE0F7CAB6748F064,F8DE8132E599A194E20DDB738AF64A7200CD5949,7E65527BBA5AF598471999BB36734CA6FE389A8C,6199EFB9443F343D49CA795337D43A6543F24E74,2020-09-27 23:40:18.313000,2020-09-27 23:40:32.500000
ggpmxn4k7om73p7u,,,,,,,3BA07FCB32A0151EF9B76507213E43D8ABD3BE5F,2020-09-27 23:40:32.501000,
sykr24353hfzbpkc,failed,not_found,359,B340E3BA587E36462D8DE44DAE0F7CAB6748F064,6E4B0D429CD87AB6C25D72E298294C583FF8BA4A,64FC9B3852BA7EC74E79BD4099D850C338009E77,62F4994C6F3A5B3E590AEECE522591696C8DDEE2,2020-09-27 23:40:11.725000,2020-09-27 23:40:19.582000
sykr24353hfzbpkc,failed,not_found,508,B340E3BA587E36462D8DE44DAE0F7CAB6748F064,872B18761953254914F77C71846E8A2623C52591,22775B953E662151549C114CB8EE5FBDBCBDAD02,FA294BD58FBB18133564734AA552CF68159DE1FF,2020-09-27 23:40:19.583000,2020-09-27 23:40:34.584000
sykr24353hfzbpkc,,,,,,,FA2BC7D1FA3530C945F791F4A05557B34706B43F,2020-09-27 23:40:34.585000,
4j65nvc3sptfixf7,failed,not_found,337,B340E3BA587E36462D8DE44DAE0F7CAB6748F064,8A6F5A21493685B50F1B46A87A2099D6C410F237,B0DB2F173F0DB364BABF7A465D796B3C048F1F33,38A42B8D7C0E6346F4A4821617740AEE86EA885B,2020-09-27 23:40:11.752000,2020-09-27 23:40:17.765000
4j65nvc3sptfixf7,failed,not_found,534,B340E3BA587E36462D8DE44DAE0F7CAB6748F064,7FA3FA525901A91A1310B817943668BC2C16289E,929BF37C657D4F69C76324E5FEA760A62483813B,38CC95A8CE92A591D4A5779359BEFFBA13FA1B88,2020-09-27 23:40:17.766000,2020-09-27 23:40:39.231000
4j65nvc3sptfixf7,,,,,,,74FB777F25E7F80BA6BF8B808DF873A1708821A7,2020-09-27 23:40:39.232000,
elscthzaxj6wcmra,failed,not_found,338,B340E3BA587E36462D8DE44DAE0F7CAB6748F064,D228AE265C966CA4E9A8C4B746A30A9737060A32,DB5DE88B4914F60CDEEF581ECCA8DEA59EF26A90,38F0B34A86E19A2C65B20F95BFB0CBE40E3165C9,2020-09-27 23:40:11.752000,2020-09-27 23:40:17.692000
elscthzaxj6wcmra,failed,not_found,470,B340E3BA587E36462D8DE44DAE0F7CAB6748F064,12D552E8AF7AA2B71B218B5BBF6A5FEFA6F26BA0,3BAACE149DB31574B327BF835B594B707D12CD58,CA4DF2B63A43080C57CF9A561D4A155F97EC5A4F,2020-09-27 23:40:17.692000,2020-09-27 23:40:29.496000
elscthzaxj6wcmra,,,,,,,CA37CD46799449D83B6B98B8C22C649906307888,2020-09-27 23:40:29.496000,
2nhlw2n7kpndkqd5,failed,not_found,339,B340E3BA587E36462D8DE44DAE0F7CAB6748F064,D87698D8E2276C7E93D531B7C2A1B27D58C71876,64A0B5722613DDFC2EB84897C550FBF4A096DE0D,EC3EC2E26C9C57B46686E9EFE7EEABD4B570D6D3,2020-09-27 23:40:11.811000,2020-09-27 23:40:17.894000
2nhlw2n7kpndkqd5,failed,not_found,480,B340E3BA587E36462D8DE44DAE0F7CAB6748F064,E3E7491900ECA759D7FA64E6B1CCBD6AC69474D7,970F0966DAA7EBDEE44E3772045527A6854E997B,8554E174D5CDB3E5E194E4A8F8378509255E8243,2020-09-27 23:40:17.894000,2020-09-27 23:40:31.242000
2nhlw2n7kpndkqd5,,,,,,,85300B26A8ED4D145BD2DF5AC19978F803ED0380,2020-09-27 23:40:31.243000,
2tdphmpaojkchbau,failed,not_found,323,B340E3BA587E36462D8DE44DAE0F7CAB6748F064,A9BEA2E0699D1F60521C8A1167340945A419D102,A4F11D693FAB6E949B2B7C18153C3F7989896007,260B86A04CBEDE605F183624C2FCA3CE81FD24A1,2020-09-27 23:40:11.811000,2020-09-27 23:40:16.722000
2tdphmpaojkchbau,failed,not_found,457,B340E3BA587E36462D8DE44DAE0F7CAB6748F064,5EF0AAAEEE7B1282DA0DBAB94669B73E39DD51B6,E81EF60A73B3809F8964F73766B01BAA0A171E20,43E896D36AAB20B5B63094BBC52CAD4B560E47BF,2020-09-27 23:40:16.723000,2020-09-27 23:40:27.121000
2tdphmpaojkchbau,,,,,,,43C83536DACCD110FF11E049A890064F6F87BEB2,2020-09-27 23:40:27.121000,
gbndbdhqdskjzdy3,failed,not_found,361,B340E3BA587E36462D8DE44DAE0F7CAB6748F064,DA8D76F5F5819693B5C96F499BA19F7404014769,DC9564AE8BC7BF5F722E3677C897ED1B578C8D81,AFED770AE951DEA0CE33C1FB1463DC3188CBA2DD,2020-09-27 23:40:12.673000,2020-09-27 23:40:19.725000
gbndbdhqdskjzdy3,failed,not_found,514,B340E3BA587E36462D8DE44DAE0F7CAB6748F064,AE6A8C18E7499B586CD36246AC4BCAFFBBF93AB2,4B351545DD58473F36B0A20E5500AC6ED51E8CD5,AFF499AF071A2DE2EADC22B67B48ACC91EEEF394,2020-09-27 23:40:19.725000,2020-09-27 23:40:35.476000
gbndbdhqdskjzdy3,,,,,,,6CE2889E7A6E3DB24385A33A50E5677E27B45F06,2020-09-27 23:40:35.476000,
kz4u4sgy4hjnzvvn,failed,not_found,362,B340E3BA587E36462D8DE44DAE0F7CAB6748F064,200473B7974E8D78B75B28DBD6C218DA3A0B8059,96D656384559910834CFDB128D843F819D5D2FD5,9CA4AB2B042C173AC56479C69F5F436E9F1E0F94,2020-09-27 23:40:12.673000,2020-09-27 23:40:19.795000
kz4u4sgy4hjnzvvn,failed,not_found,539,B340E3BA587E36462D8DE44DAE0F7CAB6748F064,4B9DD478E355BDB7AC8D0A5E14BF5C6760122580,01FF9C8571D1C09FA8D2ACCE727D5530FEC10038,9C962AEF978496612C521D09632E59ED055D53ED,2020-09-27 23:40:19.796000,2020-09-27 23:40:39.920000
kz4u4sgy4hjnzvvn,,,,,,,9C900A7F6F5DD034CFFD192DAEC9CCAA813DB022,2020-09-27 23:40:39.921000,
l3f7kzno6vqj553g,failed,not_found,414,B340E3BA587E36462D8DE44DAE0F7CAB6748F064,EAA088440B100FF8407266B5D4853FFB16A8CB67,F0C9513539800F762ECAE37F16370D7CBA5E52C2,BE8E43FC66E8150F4D334F884C8BA961856219AA,2020-09-27 23:40:12.691000,2020-09-27 23:40:23.449000
l3f7kzno6vqj553g,failed,not_found,585,B340E3BA587E36462D8DE44DAE0F7CAB6748F064,225A8EA367DF3073433E0A845DDDA26D2357E4C6,C1B79C4CD9B713BBB6B0522155B46A7BFE3BFAAE,B6E33C39C1C94E582CBB8C24CCE351F2129807C6,2020-09-27 23:40:23.450000,2020-09-27 23:40:47.859000
l3f7kzno6vqj553g,,,,,,,B6D4916A98D99027DA25D42D70D686F0B3663F35,2020-09-27 23:40:47.860000,
tstmkm6bkmqiuxei,failed,not_found,364,B340E3BA587E36462D8DE44DAE0F7CAB6748F064,8A6F5A21493685B50F1B46A87A2099D6C410F237,1C8B3C3D8BC705883B7799C915B2FE1E0FEB006F,8DF22EEAAE24835783E0581FB2C7CFFE80A5C070,2020-09-27 23:40:12.692000,2020-09-27 23:40:19.649000
tstmkm6bkmqiuxei,failed,not_found,537,B340E3BA587E36462D8DE44DAE0F7CAB6748F064,065E6B20BF87AE6F0E27063BB8AE002ECC3736E9,CD39C258265B25EAA4ABA4FDCB2DF98104CAA362,166985A84230B5F9A78C970736AE944B413930D7,2020-09-27 23:40:19.650000,2020-09-27 23:40:39.512000
tstmkm6bkmqiuxei,,,,,,,8E1979B2771C6D36817ECEF6EC42EA8D6DF371A0,2020-09-27 23:40:39.513000,
fvxybpabtxwqglkm,failed,not_found,365,B340E3BA587E36462D8DE44DAE0F7CAB6748F064,B3DA9D673321B92253DCCD38A9740F2C562C91EA,41CEB66108B70108F148BF7778260A87723AACA1,E46777C6EFB6036190EFAAD9B13EE9D0E75C5510,2020-09-27 23:40:12.692000,2020-09-27 23:40:19.676000
fvxybpabtxwqglkm,failed,not_found,538,B340E3BA587E36462D8DE44DAE0F7CAB6748F064,41A3C16269C7B63DB6EB741DBDDB4E1F586B1592,2A621A40FF3081F612946FDFB8DC781BCE859A05,1258D0A9D95582B7666FC0AF6E9A798109A9A29D,2020-09-27 23:40:19.676000,2020-09-27 23:40:39.994000
fvxybpabtxwqglkm,,,,,,,E46C3F0533709EE2112874B13A4FE3868B33E75E,2020-09-27 23:40:39.994000,
uf44p3nsr6wyequv,failed,not_found,366,B340E3BA587E36462D8DE44DAE0F7CAB6748F064,7C22E89AB620E77DF1B4A33787A5EC3F2AB4A8D1,0C8433B6B92E2F1C744F3CFBE49ADA7CBEFEEBFA,47B22D6B46447B533E962966B9559E249B6F915C,2020-09-27 23:40:12.693000,2020-09-27 23:40:20.040000
uf44p3nsr6wyequv,failed,not_found,522,B340E3BA587E36462D8DE44DAE0F7CAB6748F064,E8BAE7393740A700D50B010DED9D9EC9A66B390D,1A2B77AD0A742CD804B9DD747E2DD8E38D06C915,47E0EEB4E75C2C3633A7E294885F146B1E786DA9,2020-09-27 23:40:20.041000,2020-09-27 23:40:36.495000
uf44p3nsr6wyequv,,,,,,,D5228FA5AA9FDB3825E6F199AFA9F9E6F9526A17,2020-09-27 23:40:36.495000,
qsx25sgbqubtfxkc,failed,not_found,380,B340E3BA587E36462D8DE44DAE0F7CAB6748F064,8FA37B93397015B2BC5A525C908485260BE9F422,76543749510CD00CB16E1DD4940CAA8FAC727F58,C41ADE229598201F913426E9C6B9647098AEE28D,2020-09-27 23:40:13.843000,2020-09-27 23:40:20.564000
qsx25sgbqubtfxkc,failed,not_found,530,B340E3BA587E36462D8DE44DAE0F7CAB6748F064,76D2EBA82BBCCA3DF9F254A9A8372A10A26F3D14,EBE718E1A49EE229071702964F8DB1F318075FF8,0C6D3655763B1A3A60FC42135CD60765AFE953BA,2020-09-27 23:40:20.565000,2020-09-27 23:40:38.644000
qsx25sgbqubtfxkc,,,,,,,C43827BB94B59CE61987310F80A035C5AB9DF002,2020-09-27 23:40:38.645000,
dr4ir27cawaosizf,failed,not_found,355,B340E3BA587E36462D8DE44DAE0F7CAB6748F064,FDAF57C097E8CB0110B5B0869598C4819F9005F6,7FA3FA525901A91A1310B817943668BC2C16289E,4DD11C3F11F5E2891D57EF9F7DF43BEE1B514FCE,2020-09-27 23:40:13.843000,2020-09-27 23:40:19.621000
dr4ir27cawaosizf,failed,not_found,510,B340E3BA587E36462D8DE44DAE0F7CAB6748F064,76543749510CD00CB16E1DD4940CAA8FAC727F58,118496882F58E787DC24F5C219B93F22BA5820D8,4DB0490A0420809A8149E778BBAC8F1E9349D9EC,2020-09-27 23:40:19.621000,2020-09-27 23:40:35.090000
dr4ir27cawaosizf,,,,,,,90633012A1A752D8D02FEC8374A4BF98941A1900,2020-09-27 23:40:35.091000,
azjbz3gwevn3ng6s,failed,not_found,381,B340E3BA587E36462D8DE44DAE0F7CAB6748F064,303509AB910EF207B7438C27435C4A2FD579F1B1,F8DE8132E599A194E20DDB738AF64A7200CD5949,DC163DDEF4B6F0C6BC226F9F6656A5A30C5C5686,2020-09-27 23:40:13.877000,2020-09-27 23:40:20.940000
azjbz3gwevn3ng6s,failed,not_found,590,B340E3BA587E36462D8DE44DAE0F7CAB6748F064,208F39CCF602D9549E57D6A386259C1129B8D244,543F96D0C17CDBAC326F644DB0C8A17193BCCFC9,DC2191663DD4BAECB34F949CCAC3FDA004CE5BCE,2020-09-27 23:40:20.941000,2020-09-27 23:40:48.134000
azjbz3gwevn3ng6s,,,,,,,9ECFD67230D09E5E8F3431BDC4FD8E52428AFC09,2020-09-27 23:40:48.134000,
3modu3dvsotx4oiz,failed,not_found,441,B340E3BA587E36462D8DE44DAE0F7CAB6748F064,BB12ECF3DCF12B187CFD735DAC68F98A3E13DEE2,35DBE43445BB44D817084200BA05E8A0573EDFD4,53B8B5C2A33C489B54300D558BFEE2C3B12F3875,2020-09-27 23:40:13.877000,2020-09-27 23:40:20.783000
3modu3dvsotx4oiz,failed,not_found,542,B340E3BA587E36462D8DE44DAE0F7CAB6748F064,AFE05115595A1D028E91AD41F6A07239DB04CEBC,3B953203AF332D8FE1452E1CE7CB50A3B5297DB2,53B1C6E35706C9EC30B9468B61DFBB67F29BFC2F,2020-09-27 23:40:20.784000,2020-09-27 23:40:39.844000
3modu3dvsotx4oiz,,,,,,,53B379F4063B3B91B24A7DFFCC2F6533F51B3245,2020-09-27 23:40:39.844000,
uqqdj3rrvawhsisx,failed,not_found,383,B340E3BA587E36462D8DE44DAE0F7CAB6748F064,5832D3CB2850C37B7CA4C55B575DC4174636162E,A6277ACC55DB0A488F615B9672427E0DD1B4F87C,6DCCA448F8EDC79553CE60E8E21030E942CCC3B9,2020-09-27 23:40:13.877000,2020-09-27 23:40:21.049000
uqqdj3rrvawhsisx,failed,not_found,556,B340E3BA587E36462D8DE44DAE0F7CAB6748F064,BAD761187765BC646585D1910D067596770959B5,D7829A21726220AF77401BE5B2B132963A0BE82B,7BB70F8585DFC27E75D692970C0EEB0F22983A63,2020-09-27 23:40:21.050000,2020-09-27 23:40:44.128000
uqqdj3rrvawhsisx,,,,,,,7BE4752877553A96CD4035D0C526BCD09E81CC64,2020-09-27 23:40:44.128000,
h7vqrlhlokwz5jz3,failed,not_found,417,B340E3BA587E36462D8DE44DAE0F7CAB6748F064,23A2D8DDF761F35CC63BDF65E604B76A7E2F6971,672A56A583C658372E63ACEB43E7F791C2819548,77FE98445048C5776661BB54AECAA7A11AE85D78,2020-09-27 23:40:13.931000,2020-09-27 23:40:23.290000
h7vqrlhlokwz5jz3,failed,not_found,578,B340E3BA587E36462D8DE44DAE0F7CAB6748F064,16AE2704B794C6C0013C7E47AF11DCABA808A0B9,D80A50EF9BFD77CFCEA5326F389E24F932D6F9DA,780D50DCCD7F3C831E5E750F41866497C1263F76,2020-09-27 23:40:23.290000,2020-09-27 23:40:47.762000
h7vqrlhlokwz5jz3,,,,,,,780728D3ED2F128431DFC3BB2DBE21E80C20758F,2020-09-27 23:40:47.762000,
hdonkytqftxf22i5,failed,not_found,434,B340E3BA587E36462D8DE44DAE0F7CAB6748F064,3E53D3979DB07EFD736661C934A1DED14127B684,775B0FAFDE71AADC23FFC8782B7BEB1D5A92733E,18E77D8A194F468742D60D4B47BEB99570CDE7AC,2020-09-27 23:40:14.823000,2020-09-27 23:40:24.417000
hdonkytqftxf22i5,,,,,,,C4B21A66B27E82FEF6AC97CEAEFE42DFF5C7511C,2020-09-27 23:40:24.418000,
brnrmluwe5f5unlf,failed,not_found,404,B340E3BA587E36462D8DE44DAE0F7CAB6748F064,8EA58F28DCA60F56C6F2131BDFE9BF5FAF2233CE,16FD7E5D67B7054EE4E7FDDF04AFB48216CA640A,419C3FC74B87C36EEE3AD9140ED3ECE429825CF5,2020-09-27 23:40:14.823000,2020-09-27 23:40:24.538000
brnrmluwe5f5unlf,,,,,,,41A3C16269C7B63DB6EB741DBDDB4E1F586B1592,2020-09-27 23:40:24.539000,
nypglpux7hxy6j37,failed,not_found,405,B340E3BA587E36462D8DE44DAE0F7CAB6748F064,2CA3B229F388ED80F97002C36667379B7808F404,823183CEB754CDE8E76A3722D783CA031E7E160A,F3CFC621FEB3E8DE93319C2A8D4EBF0A3D2692FD,2020-09-27 23:40:14.859000,2020-09-27 23:40:22.799000
nypglpux7hxy6j37,failed,not_found,563,B340E3BA587E36462D8DE44DAE0F7CAB6748F064,1D361A2F1CAE4FDD5A85E13C168BE7075A100524,D87698D8E2276C7E93D531B7C2A1B27D58C71876,F3D775C73BC57640A3EB7EFAC31CFAEDD14C9C7C,2020-09-27 23:40:22.800000,2020-09-27 23:40:46.653000
nypglpux7hxy6j37,,,,,,,F3CEC87ED91E0B0B1D86BE4D7DE90F00B607ECAF,2020-09-27 23:40:46.654000,
4ju5qloikjtykw6v,failed,not_found,478,B340E3BA587E36462D8DE44DAE0F7CAB6748F064,61004152C709672EE739F2667B56EF5550A51332,56781CCC9F6D29FEA148799AB588429C893A473C,4BC874C290A1438E9FF3C684F1CAC2AC351A12EB,2020-09-27 23:40:14.860000,2020-09-27 23:40:22.391000
4ju5qloikjtykw6v,,,,,,,94EC34B871936504BE70671B44760BC99242E1F3,2020-09-27 23:40:22.392000,
pqac45hlrltlkqy6,failed,not_found,408,B340E3BA587E36462D8DE44DAE0F7CAB6748F064,98AEF7B834D688773CE2BCC5A32761A4943CF623,36EBA005CE1BBD9B164600A4666D9EA37082D838,F0FCCA6EF32A8D7C731D5624E6FC64E03F53D570,2020-09-27 23:40:14.861000,2020-09-27 23:40:25.540000
pqac45hlrltlkqy6,,,,,,,F0F5074A6DADD3DC22E1FAA18FD6D89CBC52771A,2020-09-27 23:40:25.540000,
iboxvcystjp4s2iy,failed,not_found,409,B340E3BA587E36462D8DE44DAE0F7CAB6748F064,6B9EA8927AB6E94E216067E65372182343A5AFA2,F37374DB9FA6EF14CED64FD294E8D8683F032EC8,F059C76B861B25D8F1BBDA4AD37D1B69035423EC,2020-09-27 23:40:14.878000,2020-09-27 23:40:22.869000
iboxvcystjp4s2iy,failed,not_found,503,B340E3BA587E36462D8DE44DAE0F7CAB6748F064,24D0491A2ADAAB52C17625FBC926D84477AEA322,CBBA40F7D9F284F47A243EE2C081E96682741D22,4B919C783B1145060DF518940252FE2B5B128F67,2020-09-27 23:40:22.870000,2020-09-27 23:40:48.747000
iboxvcystjp4s2iy,,,,,,,F08A3744CA6568ED28545C2B7C1BE7D8BA27CBDE,2020-09-27 23:40:48.748000,
b6rm76uerhxb6odv,failed,not_found,416,B340E3BA587E36462D8DE44DAE0F7CAB6748F064,675F05FDECF1DCF836ED274D65EBE919C4743B91,E3D61BAEA0B7CB12CACEDC8821C520557BDFCEA3,7DD29A65C370B86B5BE706EA3B1417745714C8AF,2020-09-27 23:40:15.739000,2020-09-27 23:40:23.044000
b6rm76uerhxb6odv,failed,not_found,570,B340E3BA587E36462D8DE44DAE0F7CAB6748F064,5D765770B4DB110D88787457978AB4008CF65CAC,2AD82F3964D325B3FE2FF74E980FB006374EF190,02F250898E6213FC6B5BAEA368322BEE015AD677,2020-09-27 23:40:23.045000,2020-09-27 23:40:45.515000
b6rm76uerhxb6odv,,,,,,,02AB0923AFF5A47DD011C343F79864C45E9FFB34,2020-09-27 23:40:45.515000,
r5oapzw63jxtqalw,failed,not_found,420,B340E3BA587E36462D8DE44DAE0F7CAB6748F064,55A92BE2A76C64A5A0DB0D4F61D5DCA37B55EE52,B74DABBE248B935CDC1038CD5C9280878C8C94E7,120B535E53C4ACF968EF3AE269B224D1CF0F3C1E,2020-09-27 23:40:15.739000,2020-09-27 23:40:23.412000
r5oapzw63jxtqalw,failed,not_found,581,B340E3BA587E36462D8DE44DAE0F7CAB6748F064,2E72EEABE4EE19183BEFAA10D88B3C16829C9F99,3F65766ADE067D9D08920E3B74DAB9040EDD26B2,530277866466A1425F43A73DBFCB5FC7410C9852,2020-09-27 23:40:23.412000,2020-09-27 23:40:45.352000
r5oapzw63jxtqalw,,,,,,,53134D9637D9FBE565FA1E3AF82B23CC964C56D6,2020-09-27 23:40:45.353000,
fs7i4y7xeecqqgyl,failed,not_found,422,B340E3BA587E36462D8DE44DAE0F7CAB6748F064,B872BA6804C8C6E140AE1897B44CF32B42FD2397,79E3B585803DE805CCBC00C1EF36B1E74372861D,D78D1B4489CF4FFB0FD74014BDF2D600D8EE5B05,2020-09-27 23:40:15.792000,2020-09-27 23:40:23.486000
fs7i4y7xeecqqgyl,failed,not_found,595,B340E3BA587E36462D8DE44DAE0F7CAB6748F064,DFF9E741D00F74998FE83CD6260EE4D9E0B0DBFA,39CF2F22E5018C01FD57DEB1AB8FDFA4592633FB,D7829A21726220AF77401BE5B2B132963A0BE82B,2020-09-27 23:40:23.487000,2020-09-27 23:40:49.903000
fs7i4y7xeecqqgyl,,,,,,,D78E2C8F971E5F3D9855376BE0D39407F4885E82,2020-09-27 23:40:49.903000,
a3lbuzlqcljtxs2d,failed,not_found,532,B340E3BA587E36462D8DE44DAE0F7CAB6748F064,A4771CB90024F1870D622960519945A3E49B40FE,890480E14E634C8B4467C475E355A6FBF3D99CD5,2C6C970E027A99EFF3E6977CD1BCDD9586E0BFB3,2020-09-27 23:40:15.813000,2020-09-27 23:40:38.952000
a3lbuzlqcljtxs2d,,,,,,,F4A376F2DCF40A4E14417C07A3EC5F9AA83E40A0,2020-09-27 23:40:38.953000,
trp7dqzxy4io44ri,failed,not_found,438,B340E3BA587E36462D8DE44DAE0F7CAB6748F064,5DE37A3371AAE7638748EB43C9F1CE66E09D4470,4825FABA5D4A44E6DFC307544EF15F15FB37FA49,B04EA2B400D9679E72284E12FB81E68756670A3A,2020-09-27 23:40:15.814000,2020-09-27 23:40:25.630000
trp7dqzxy4io44ri,,,,,,,B0335F7872A698A86E5E9AC3CF323B50AEF9C081,2020-09-27 23:40:25.631000,
3kdnsp4onhdglwpo,failed,not_found,439,B340E3BA587E36462D8DE44DAE0F7CAB6748F064,5D544F4055C6FD2F2F692D519CFA7A627D8D3903,D1E706B9021A0BF8E9663DB207D9D9EC03A70DAC,E08FA051D29468D098C2A3E1B123E4A05967398E,2020-09-27 23:40:15.872000,2020-09-27 23:40:25.632000
3kdnsp4onhdglwpo,,,,,,,E05546C3458B68C2B1ADC7273AE0539E6325B910,2020-09-27 23:40:25.632000,
zxbh7bb4hjv6uaiy,failed,not_found,459,B340E3BA587E36462D8DE44DAE0F7CAB6748F064,BFEC9FDCD15CDC54FBEFB4BC18B6A57CD186B3CE,50C7B836942F14BDF1541B017CF21FD03F354E13,CCF28BC8FB26C8C172DEE741702056914D2849BD,2020-09-27 23:40:16.827000,2020-09-27 23:40:27.281000
zxbh7bb4hjv6uaiy,,,,,,,CCF2FD0048FCC9A842BE881472CEC148BB4EF458,2020-09-27 23:40:27.281000,
go4npu4cvegzhoet,failed,not_found,461,B340E3BA587E36462D8DE44DAE0F7CAB6748F064,5C83A9F985E2ACFBC3D3E5DB7F5C7C91FF7FE7AA,5CE3AD8AD04ADE66C0037A3CF5F7F7A40D48A20B,72FF4C64E28396446B58892C356B61A8018C5C95,2020-09-27 23:40:16.827000,2020-09-27 23:40:27.724000
go4npu4cvegzhoet,,,,,,,25C5206EE19969289F291F22B23052DA48F948A5,2020-09-27 23:40:27.724000,
jrcsz4or62r5npko,failed,not_found,462,B340E3BA587E36462D8DE44DAE0F7CAB6748F064,C2B45199FC6F98E21BFAFE0833348F288FA337E3,53134D9637D9FBE565FA1E3AF82B23CC964C56D6,1532A36172C70012B1057FBBFAFE2734EDBF4A3B,2020-09-27 23:40:16.928000,2020-09-27 23:40:27.489000
jrcsz4or62r5npko,,,,,,,14F21BEDEE20BED716234E7026822DF9E69EC356,2020-09-27 23:40:27.490000,
4lh4sohu2vnnfrgu,failed,not_found,436,B340E3BA587E36462D8DE44DAE0F7CAB6748F064,35DBE43445BB44D817084200BA05E8A0573EDFD4,6FB20BB05A841CDDB308E85A4D117FCFC911F5EA,6B0962E99C62CFDFCAD6D91384B11D499FCE6D46,2020-09-27 23:40:16.929000,2020-09-27 23:40:28.359000
4lh4sohu2vnnfrgu,,,,,,,C545ED3BE029B226D74B3F798235951D2FEEE3E1,2020-09-27 23:40:28.360000,
pufb3rfbl4ctcxjv,failed,not_found,463,B340E3BA587E36462D8DE44DAE0F7CAB6748F064,79D110419709C4B3D1F92FC3CE121B5317DBE8B3,21C9D9F1633246269DEB84A79495E85C07E8466D,C65DE4A7380BACAC9478561959DC59DD1FF5E1B9,2020-09-27 23:40:16.961000,2020-09-27 23:40:27.720000
pufb3rfbl4ctcxjv,,,,,,,5A127C65B275540A90DBF60F33D55BAF5D512B9E,2020-09-27 23:40:27.721000,
7ge22kh6uoikumab,failed,not_found,464,B340E3BA587E36462D8DE44DAE0F7CAB6748F064,B1B7C23D771F91C582F8B099602649A363C3091D,5B1F0DAF378A1FAFCFD5FA9CDC66D1023DC0276E,52B68764E26CB04DAE3ABE1FA01826EF27376C68,2020-09-27 23:40:16.962000,2020-09-27 23:40:28.541000
7ge22kh6uoikumab,,,,,,,52C189FF01FDF7FA177D6678C34D362F7BC45E85,2020-09-27 23:40:28.542000,
qdz6obrpk7qlywi2,failed,not_found,473,B340E3BA587E36462D8DE44DAE0F7CAB6748F064,27D668BFB3839D8C6E36193FFC3DF4DD6D79B513,94890F37CE0CD5D020773CA7A0E397AA592E5AF3,91E4015E1F82DAF0121D62267E54A1F661AB6DC7,2020-09-27 23:40:17.767000,2020-09-27 23:40:31.027000
qdz6obrpk7qlywi2,,,,,,,44517C72DD0C7206E2B6E9FE3917406AE8AF3193,2020-09-27 23:40:31.027000,
nreq2lrpwlzpvycj,failed,not_found,474,B340E3BA587E36462D8DE44DAE0F7CAB6748F064,3FE39429CB7077BBB13D2774591A1B80EE493742,4EB55679FA91363B97372554F8DC7C63F4E5B101,AD19490C7DBB26D3A68EFC824F67E69B0A96E601,2020-09-27 23:40:17.768000,2020-09-27 23:40:30.163000
nreq2lrpwlzpvycj,,,,,,,AD1359B9D74D526FEF3F58AF41105C623A3A8C18,2020-09-27 23:40:30.164000,
elwmlnvnxwjphjlc,failed,not_found,475,B340E3BA587E36462D8DE44DAE0F7CAB6748F064,44496B18C68356AF3A58ACAD835429C37B9432ED,2F09BD6D9A2D5A7D6D26C17651CE8ECF0B7BA257,1115E5065C3EE149B683CA2D7131839F2656B5AD,2020-09-27 23:40:17.813000,2020-09-27 23:40:30.372000
elwmlnvnxwjphjlc,,,,,,,58556883C97E01B4639611BAF43EBC843C0D1B51,2020-09-27 23:40:30.373000,
vzb26y3csxfu3vt7,failed,not_found,476,B340E3BA587E36462D8DE44DAE0F7CAB6748F064,66BD39FE805AED414ADE400CAAD862C9CC3AC34E,B0DB2F173F0DB364BABF7A465D796B3C048F1F33,12F8E58310CF07EB3F2E9AAD6F78BCD5065D3930,2020-09-27 23:40:17.813000,2020-09-27 23:40:29.878000
vzb26y3csxfu3vt7,,,,,,,13135CF96F4AD44B37D454CD185D2F5884EF9019,2020-09-27 23:40:29.879000,
b3eb7pdp4sarje2e,failed,not_found,477,B340E3BA587E36462D8DE44DAE0F7CAB6748F064,5C8B811887778DCF705F3D39F19E40A21889451F,4CF9BAEB0DE6D7230D6B7DA0FF420C7CFD863885,FBC2856A48705F3ED17E504F8FC89EC6433ED25D,2020-09-27 23:40:17.891000,2020-09-27 23:40:30.646000
b3eb7pdp4sarje2e,,,,,,,FBBC3BD58B471F6227DC0F05265C6A37C770905F,2020-09-27 23:40:30.647000,
cp24wsvinppalvaf,failed,not_found,407,B340E3BA587E36462D8DE44DAE0F7CAB6748F064,84F0FEBFDFA8FBC6A2EA27F87EBB31F050AFD04D,43C83536DACCD110FF11E049A890064F6F87BEB2,4BC874C290A1438E9FF3C684F1CAC2AC351A12EB,2020-09-27 23:40:17.893000,2020-09-27 23:40:30.571000
cp24wsvinppalvaf,,,,,,,270934A4F7B669AA387F2D475FBE793D03694547,2020-09-27 23:40:30.571000,
jjchumynapgksq3d,failed,not_found,498,B340E3BA587E36462D8DE44DAE0F7CAB6748F064,071ACB713A9558A4B5750520B0A738C66033E0B1,C239952D0C8E4EABC3E6B0A8E0B623689174E3C6,51C367582993D68F8215610B85A99902C945324B,2020-09-27 23:40:18.913000,2020-09-27 23:40:33.329000
jjchumynapgksq3d,,,,,,,6DFB4AC8B5E7B1AD0B3F5F465F774A421C66CBBA,2020-09-27 23:40:33.329000,
dikhgm66t6lcscl5,failed,not_found,479,B340E3BA587E36462D8DE44DAE0F7CAB6748F064,BF37445EA2A9F3D04F4B87DFAC624AEF21B559D5,C9D02B1644BD47C136E379FDFAF4973D1A1CE07C,B7047FBDE9C53C39011CA84E5CB2A8E3543066D0,2020-09-27 23:40:18.913000,2020-09-27 23:40:31.116000
dikhgm66t6lcscl5,,,,,,,438F3EA4C9FB0DB63F5377A3271AB5435FAD7E04,2020-09-27 23:40:31.116000,
vpwn2rqh35qy5q72,failed,not_found,499,B340E3BA587E36462D8DE44DAE0F7CAB6748F064,E3D61BAEA0B7CB12CACEDC8821C520557BDFCEA3,7E65527BBA5AF598471999BB36734CA6FE389A8C,33AA6CFE161A698169B548C9D973DAE6DED6BF0E,2020-09-27 23:40:18.980000,2020-09-27 23:40:34.195000
vpwn2rqh35qy5q72,,,,,,,FF9FC6D130FA26AE3AE8B23688691DC419F0F22E,2020-09-27 23:40:34.195000,
jo6me3kocnudxqoo,failed,not_found,500,B340E3BA587E36462D8DE44DAE0F7CAB6748F064,404DBE0F72D66576925432B1E4A28425FA2E4825,562434D987CF49D45649B76ADCA993BEA8F78471,3EAA79A75F96F4A082DB92E5FA231452BAD3F80C,2020-09-27 23:40:19.019000,2020-09-27 23:40:33.993000
jo6me3kocnudxqoo,,,,,,,3EDD00245D93664A33A724BA377150E5531ED033,2020-09-27 23:40:33.994000,
eqglrjiv6cjcdrjy,failed,not_found,501,B340E3BA587E36462D8DE44DAE0F7CAB6748F064,2FFE5FAF70D20E76B0474AE9E40C2A0B53F8D9F0,96CFE178A1D12489D9D59A0CAE17FE86F5A3A79F,6E9642DDB353D044931029C036D1CAD832F3DFD7,2020-09-27 23:40:19.019000,2020-09-27 23:40:33.585000
eqglrjiv6cjcdrjy,,,,,,,A943B09784A779C0BFBF627F233797CE98C058D4,2020-09-27 23:40:33.585000,
k7xlbnqasyts4qh4,failed,not_found,502,B340E3BA587E36462D8DE44DAE0F7CAB6748F064,6245DC873D6F613C795D48663D65BD8A2266CAF6,58FC2AAB3792AC37897D34331F4F4E00341DEC0C,A96DA63E4415E776FBFCCF3DA7154C804534B6E7,2020-09-27 23:40:19.050000,2020-09-27 23:40:34.320000
k7xlbnqasyts4qh4,,,,,,,A604086EAE838774F809811925A223DCFDBB1D17,2020-09-27 23:40:34.321000,
5dlmj5hnbl4kk4dk,failed,not_found,496,B340E3BA587E36462D8DE44DAE0F7CAB6748F064,EFCCA5852D18207A7A93C13EF3460458CAAEA9D9,875F74A3DC14737BECA06F8B500022154D1A29D1,E34C28D652520D7C8D386EA3958EA924910E647B,2020-09-27 23:40:19.921000,2020-09-27 23:40:33.278000
5dlmj5hnbl4kk4dk,,,,,,,BEE59851195B09DFC88D8F1F31F9FABC7171FAAD,2020-09-27 23:40:33.278000,
ggztmz7oi7idfhv2,failed,not_found,597,B340E3BA587E36462D8DE44DAE0F7CAB6748F064,674967B0D22754201ADE92CFB15A43837AFDBF80,CC701FCE86D6AF95FC3D5B71645D3430794910C1,7CD234DFEFE8F215EC9AE2BC1D2CAFC9E0D1CC00,2020-09-27 23:40:19.978000,2020-09-27 23:40:49.516000
ggztmz7oi7idfhv2,,,,,,,B426BB592E20008B7ED9E9D7AC5651ED8B0EB39E,2020-09-27 23:40:49.516000,
judjmsq2mqgtyq5k,failed,not_found,518,B340E3BA587E36462D8DE44DAE0F7CAB6748F064,594193E51F382E34080D76B5ECAF5C7B67CF05EF,FA1845C313B88EF49E8BE1F23B02CD0AC702B636,09F3067452D8D1DAFD33D0524A41DBF5295D3472,2020-09-27 23:40:19.979000,2020-09-27 23:40:36.159000
judjmsq2mqgtyq5k,,,,,,,09DEA9A672FDEF38CE01E3F453E7D7CD0707E7C6,2020-09-27 23:40:36.160000,
bgoctbtwvnphkn2k,failed,not_found,519,B340E3BA587E36462D8DE44DAE0F7CAB6748F064,C3D92B0696196558E784EF7252A5370192720BE5,23A2D8DDF761F35CC63BDF65E604B76A7E2F6971,D076561769F5C93D628777E3E05D4633D783EB8E,2020-09-27 23:40:19.979000,2020-09-27 23:40:36.309000
bgoctbtwvnphkn2k,,,,,,,C3ACB0492A644E27A549BC3CDF3B7A129186E3BF,2020-09-27 23:40:36.309000,
s5vnmm4hpmtlyiq5,failed,not_found,520,B340E3BA587E36462D8DE44DAE0F7CAB6748F064,44496B18C68356AF3A58ACAD835429C37B9432ED,2935E0F03B71BE44F6F265FEF976E810BAAD6F4E,9FF43973692ABA9F600E9B17880201D09DEED19C,2020-09-27 23:40:20.030000,2020-09-27 23:40:37.127000
s5vnmm4hpmtlyiq5,,,,,,,97AEE1EEFBCBB6FF8FA482029830E8E10A961883,2020-09-27 23:40:37.128000,
oji6wbamtcjwrt7v,failed,not_found,521,B340E3BA587E36462D8DE44DAE0F7CAB6748F064,11ABDB4D0B944F186A898560CB82C70439957DCA,C1BB67D3FBED68D4BAD400D1A49C5B79ECE3965E,D5607ADD1FDDB657482E23F09AB173310C802590,2020-09-27 23:40:20.031000,2020-09-27 23:40:36.370000
oji6wbamtcjwrt7v,,,,,,,D53AE170BF6650A2C6640484FE1B5DD1C0AB895B,2020-09-27 23:40:36.371000,
v7gnzswd65xn2bpp,failed,not_found,543,B340E3BA587E36462D8DE44DAE0F7CAB6748F064,1E1A7C9134637383BE653C41973995A229D81595,AD7552F2CFBF472F9FFE748D3E82994EA6050A76,B5D11485CE7613F8734D040BF9166F6AAFB30F46,2020-09-27 23:40:20.785000,2020-09-27 23:40:39.602000
v7gnzswd65xn2bpp,,,,,,,4AC424FBB4DAC4B028366C0C2EE9C9DD11A7BE2D,2020-09-27 23:40:39.603000,
rs4cx7ezl5t64tpy,failed,not_found,544,B340E3BA587E36462D8DE44DAE0F7CAB6748F064,AD0FCFD83EA4899DB34735E599701592DEA13690,B4A96C0852DD0841579D33E09A98D641EACCD73E,E88F8E72100709E226F22DF6A50365480054ECD2,2020-09-27 23:40:20.857000,2020-09-27 23:40:40.312000
rs4cx7ezl5t64tpy,,,,,,,0EFEAA8E74F9D9024A019702D31380C7B5CBDEEA,2020-09-27 23:40:40.313000,
zkktggejmjrd5uqv,failed,not_found,545,B340E3BA587E36462D8DE44DAE0F7CAB6748F064,9ACD9D526D1F82D7A00225742F1BDB374D7D17D4,9B2BC7EFD661072AFADC533BE8DCF1C19D8C2DCC,24AF1603CDF4D118E1F7AEBF680C18BDA5E8F793,2020-09-27 23:40:20.858000,2020-09-27 23:40:40.233000
zkktggejmjrd5uqv,,,,,,,C33B36DBD576D4DE141443D28122575DA159D1B3,2020-09-27 23:40:40.233000,
2qbprtgcxtl63eec,failed,not_found,547,B340E3BA587E36462D8DE44DAE0F7CAB6748F064,24F97F98C45E4754655BE66799049763DAEE99CE,19C374B5EBA98E21CD689B616FD7F4B4E9000392,0D7C69551F9186DB589BDF00858314AC136A33DA,2020-09-27 23:40:20.859000,2020-09-27 23:40:40.613000
2qbprtgcxtl63eec,,,,,,,2A621A40FF3081F612946FDFB8DC781BCE859A05,2020-09-27 23:40:40.614000,
wekgfoyqkgkvtlai,failed,not_found,573,B340E3BA587E36462D8DE44DAE0F7CAB6748F064,91258F0EDB1FF92CF76E6DC38BFE98055A74DBF8,35DBE43445BB44D817084200BA05E8A0573EDFD4,0AD3B16ADF3EED3E5962FA944CD501352E790814,2020-09-27 23:40:20.890000,2020-09-27 23:40:45.111000
wekgfoyqkgkvtlai,,,,,,,0AB05FC63CF9AC7070C1D89BB1A1189C319E1A92,2020-09-27 23:40:45.112000,
hr5fukc24fuj2ttq,failed,not_found,582,B340E3BA587E36462D8DE44DAE0F7CAB6748F064,86CDD0D92AB972538416A382D99666736CDDF141,7B700C0C207EBD0002E00F499BE265519AC3C25A,7CA5DD27BAA6DCDDD537CE8CB5E11E63642F48F1,2020-09-27 23:40:20.890000,2020-09-27 23:40:47.043000
hr5fukc24fuj2ttq,,,,,,,7C7FFB1C48B7E0C5C9B3D11FEC2F8500F464786A,2020-09-27 23:40:47.043000,
eth4ok447o744lj3,failed,not_found,535,B340E3BA587E36462D8DE44DAE0F7CAB6748F064,09A70E396DE93F54D4541BBB0EC8E2B23761F34F,B56B9FE93F83B4FA69234B17A060E8A8E7446D19,EF6604B95A942F1C7AD807DF10F93B9E00C47A6B,2020-09-27 23:40:21.843000,2020-09-27 23:40:38.815000
eth4ok447o744lj3,,,,,,,EF51877D84CE07D5A4F98DF8B68128B0D15EE381,2020-09-27 23:40:38.815000,
h5gtsdudxuhraqfd,failed,not_found,583,B340E3BA587E36462D8DE44DAE0F7CAB6748F064,4623A9EC53BFD83155929E56D6F7B55B5E718C24,B143D439B72D239A419F8DCE07B8A8EB1B486FA7,7E8BC43AE75EAE16D7EC4676F4A5C355F454B809,2020-09-27 23:40:21.843000,2020-09-27 23:40:47.559000
h5gtsdudxuhraqfd,,,,,,,7EAF9E55B9B40532AF2DB5B70392F30E5AA1C596,2020-09-27 23:40:47.560000,
vxpng32gy2bfechp,failed,not_found,591,B340E3BA587E36462D8DE44DAE0F7CAB6748F064,B27115A20B05D40730A4020145EFA63381D9D51B,44496B18C68356AF3A58ACAD835429C37B9432ED,02F250898E6213FC6B5BAEA368322BEE015AD677,2020-09-27 23:40:21.966000,2020-09-27 23:40:48.850000
vxpng32gy2bfechp,,,,,,,02FAEC637620B6DFF329022CEAA4D83BA23CEC6F,2020-09-27 23:40:48.851000,
mh3wmovbpt7ogbfe,failed,not_found,584,B340E3BA587E36462D8DE44DAE0F7CAB6748F064,E5CC82DF823F15F9EEF99F22BFB1F3CC5F5076EF,970F0966DAA7EBDEE44E3772045527A6854E997B,954666871AF443730E97772E183DAD1F45583FB7,2020-09-27 23:40:21.967000,2020-09-27 23:40:47.763000
mh3wmovbpt7ogbfe,,,,,,,954B221CFDC3F56A15FE3C29F85D5FE34BB144B2,2020-09-27 23:40:47.763000,
njhtdbfueujdzu32,failed,not_found,592,B340E3BA587E36462D8DE44DAE0F7CAB6748F064,CA95B3584C44DED8107AF5B3D8C25C562CC64DD4,0D99F89BBB92BF5557F8D3F895DB218A72871089,21B930A24B24E82500A830CA796DD598A5E2DDD0,2020-09-27 23:40:22.107000,2020-09-27 23:40:48.440000
njhtdbfueujdzu32,,,,,,,E0023AC14180112A2FFF00A84C6049862BB3E6C3,2020-09-27 23:40:48.441000,
omco5duakk2yh3ed,failed,not_found,546,B340E3BA587E36462D8DE44DAE0F7CAB6748F064,6C251FA7F45E9DEDF5F69BA3D167F6BA736F49CD,C7D48FA375F1DE6EA39FD95333A7475BBD83931D,AE95BDA37A5BB4685FEBB7F06649D6CE949B5316,2020-09-27 23:40:22.148000,2020-09-27 23:40:40.312000
omco5duakk2yh3ed,,,,,,,4147447F3311BCCA41E5843473C4AEA3DE929436,2020-09-27 23:40:40.312000,
fuwxdxctfwd6gttz,failed,not_found,598,B340E3BA587E36462D8DE44DAE0F7CAB6748F064,D30E9D4D639068611D6D96861C95C2099140B805,8DCB526722FBE2B3F4C0CE9D020B0589170F8BDA,774908E4A3018A9696BD02FE4F3F8A8724396D22,2020-09-27 23:40:22.838000,2020-09-27 23:40:49.082000
fuwxdxctfwd6gttz,,,,,,,912B7597346A74A44AD4B6068C645772B758DCB7,2020-09-27 23:40:49.083000,
scooev62alleitfb,failed,not_found,579,B340E3BA587E36462D8DE44DAE0F7CAB6748F064,169535CC4C75FF79C6D548D41720064EE4FE61D2,B74DABBE248B935CDC1038CD5C9280878C8C94E7,5835654384EA7DB06B2581A3999730F15E51922F,2020-09-27 23:40:23.042000,2020-09-27 23:40:46.335000
scooev62alleitfb,,,,,,,583CEFCFF76B3189D3A37C81A49D1619D04DCB34,2020-09-27 23:40:46.335000,
vjtmdjhnvlfuzvvo,failed,not_found,567,B340E3BA587E36462D8DE44DAE0F7CAB6748F064,F3936F97C14EFCFD18154DF4443B91FEDD071F47,708A968F3644F8A547156368FEA3DB664110E631,44FAF1249D46C79CE33A5234D8501261C40E670D,2020-09-27 23:40:23.042000,2020-09-27 23:40:43.852000
vjtmdjhnvlfuzvvo,,,,,,,44FE825405384A8CE396D3369F45A4D62ECDAF66,2020-09-27 23:40:43.852000,
ylwyttewqz3qewg4,failed,not_found,569,B340E3BA587E36462D8DE44DAE0F7CAB6748F064,7ED3D8AFAC750F8CC0BDF8C87FE3BCBA2BBE2209,41CEB66108B70108F148BF7778260A87723AACA1,A8503903F97FF27F5D1C3CA38817329F581925E6,2020-09-27 23:40:23.044000,2020-09-27 23:40:44.402000
ylwyttewqz3qewg4,,,,,,,823701D5C4C5D72C3FF533113F25A1922DED6303,2020-09-27 23:40:44.402000,
a22h4taw44zy5652,failed,not_found,571,B340E3BA587E36462D8DE44DAE0F7CAB6748F064,D7DB8E82604F806766FC3F80213CF719A0481D0B,856DAB2FDC9EED88A27BE2265FA6BD5489EF178E,7EF6E998564211FB86881FEA2627AA9119BD9842,2020-09-27 23:40:23.094000,2020-09-27 23:40:44.934000
a22h4taw44zy5652,,,,,,,745048F51A834FA9152F62021593F2CD62C31ABA,2020-09-27 23:40:44.934000,
oyrakhdu6p3f4ep7,failed,not_found,574,B340E3BA587E36462D8DE44DAE0F7CAB6748F064,0EFEAA8E74F9D9024A019702D31380C7B5CBDEEA,33D88F331408141F2A2CC563239E54E48F7A211B,DFA40306BEA6EAF28CEF4AFED473A2877A90F9B5,2020-09-27 23:40:23.145000,2020-09-27 23:40:44.666000
oyrakhdu6p3f4ep7,,,,,,,DF81D831D4FF686F52C9ACAA9EB5711F95BF4DD4,2020-09-27 23:40:44.666000,
4wmxn76zitiik5u4,,,,,,,6BE5AA34A5C391724677A3FDC2AA77B3768F6E26,2020-09-27 23:40:23.913000,
e7lfflhpgo4t2hkq,,,,,,,853E2DF3997D6215ACBB86D53E5630669961A39A,2020-09-27 23:40:23.914000,
fapmgg2m2mrnacoi,,,,,,,8054F105829438B029E7265BB1070F9258705112,2020-09-27 23:40:24.010000,
k7b43dd4nqdbx6nu,,,,,,,78BC2254D3B31CD865F7682633AA438212132532,2020-09-27 23:40:24.011000,
ky7j7aqlhp3fkgkf,,,,,,,4FCF975D71A8663E8066BD1431D8E9459DBE2EAB,2020-09-27 23:40:24.130000,
t5jrahql2bep3mth,,,,,,,870E97E5846D8308EA469A5BB5A50D2838503DBE,2020-09-27 23:40:24.132000,
lptg73eivh2m2eil,,,,,,,01B70C7C497FC8667DB5EB82C40D8F9214D6A484,2020-09-27 23:40:24.740000,
6jvhlr2yo77iaxqm,,,,,,,D195E5CE8AE77BAC91673E6CFB7BD0AF57281646,2020-09-27 23:40:24.740000,
xwobcknja2vrrs7o,,,,,,,A06B527FE05AF6EA0CDF52A43CD4D8C2F0F4862D,2020-09-27 23:40:24.860000,
sda2tngfb2z3pubj,,,,,,,370B15E4932CF76C7ACB9B240A960C20267C2430,2020-09-27 23:40:24.950000,
kuytygztctm5krto,,,,,,,0B074C07E88A1A68FA1A35F8CBF9F914A8DD7180,2020-09-27 23:40:24.950000,
opq474pgdl63tvya,,,,,,,562434D987CF49D45649B76ADCA993BEA8F78471,2020-09-27 23:40:24.951000,
imxo5trdlfddeypa,,,,,,,26ACD3A1EFECBB695CE8DF2EB769DB9242964C6C,2020-09-27 23:40:25.902000,
njnp3uvrtt6iuppd,,,,,,,65E6EB676633328ADE3BD3168A59134CDDD21E19,2020-09-27 23:40:25.903000,
eeyav2agcmegmhap,,,,,,,3408A01A949BE1579705112F83CF2BFB5FA8A204,2020-09-27 23:40:25.980000,
rddgznnnhcqsi3jd,,,,,,,D4825DF61F9C8FC64C57CFAE943BF1D705B06ACE,2020-09-27 23:40:25.981000,
ftc7hyc54vwhaury,,,,,,,4CE6D83FFA8AD24767007E8C972F371F2468F09A,2020-09-27 23:40:26.111000,
aim6zjwlugtamr7r,,,,,,,2C6C970E027A99EFF3E6977CD1BCDD9586E0BFB3,2020-09-27 23:40:26.112000,
zeudznls3rjz3ktg,,,,,,,819C8AFEDAC733315A8F3DB80F043F13090C49F6,2020-09-27 23:40:26.911000,
umoj64jykr2loqsi,,,,,,,04C3468BE24740347CBCC00534C940DBCBCABC82,2020-09-27 23:40:26.996000,
27nniyktja43jh4d,,,,,,,26B09A4C9F6A9D4815DB46EBA3626A0ED8D71E8F,2020-09-27 23:40:26.996000,
tumfpek5uysz2344,,,,,,,78F699D58F3353AB6C4CE39E3BD96CE87439753A,2020-09-27 23:40:26.997000,
x7zh3surmz53nfzy,,,,,,,C9D02B1644BD47C136E379FDFAF4973D1A1CE07C,2020-09-27 23:40:27.041000,
xq7brfb4in7bckfo,,,,,,,CC1BDE73D48DEF3202C688A158D0718C885360D4,2020-09-27 23:40:27.041000,
5juiqcwankrvaou7,,,,,,,8DC832ABDC9C97B8B71F74AB041D3CB3FA9578AA,2020-09-27 23:40:28.009000,
pb5tq32xqlqi5r2g,,,,,,,F959CBDE3403ED478355F6281B96D476684F416C,2020-09-27 23:40:28.107000,
mucc7u7h3k57lzy4,,,,,,,231C00CD373C5DA8E5BA89883300506BC95881D9,2020-09-27 23:40:28.108000,
gbrhvnu67c755weo,,,,,,,7ACF89AB8C6F17598A07F73695C9ED51093584C6,2020-09-27 23:40:28.267000,
tsrh5ucybbqjjumi,,,,,,,AFD8484F0D84F95EAA11D62D822767FE6381A95D,2020-09-27 23:40:28.269000,
qdcd4subwkukek54,,,,,,,C9DF39AABF4E34309E04E1E56DB9FA6CF37AE140,2020-09-27 23:40:28.316000,
jv5rrbi2g4wy5qj6,,,,,,,F75E570446D8E14E1FAECB64CB2467A1CA804A0E,2020-09-27 23:40:29.005000,
qhtvdj3lq4fmbrlf,,,,,,,926955277C7BDB6CD1E1561A91847CBCD5B079E5,2020-09-27 23:40:29.005000,
dh3g64btdlaxg4v6,,,,,,,76D3CC1A906732C8B7F90E9B5A0FF3BE4A4A52DF,2020-09-27 23:40:29.124000,
nuupibxlx22nvcar,,,,,,,BB60F5BA113A0B8B44B7B37DE3567FE561E92F78,2020-09-27 23:40:29.126000,
eq5hw5e3mxcoqbgt,,,,,,,12CF84D3D2E30BB9799BFC0E1DDDFDA8D35AF007,2020-09-27 23:40:29.359000,
ttbgvgtciiz62gwk,,,,,,,357C21773E763D468822C8383B483AB351F074FD,2020-09-27 23:40:29.360000,
buhkajphqdz22gbl,,,,,,,54A4820B46E65509BF3E2B892E66930A41759DE9,2020-09-27 23:40:29.880000,
4fmzqcriifwwq6px,,,,,,,A9F545AE03B731AD32F9A93D698EA20C4FA6D0D9,2020-09-27 23:40:29.880000,
seinap6jprwk6xhp,,,,,,,52B68764E26CB04DAE3ABE1FA01826EF27376C68,2020-09-27 23:40:30.054000,
h7zrrwtqmrmnaely,,,,,,,5AE12CAAA489A0739F56E79CC287526FAB55A6FB,2020-09-27 23:40:30.055000,
zmv3okpqn7xsxox6,,,,,,,901C2689FDABE7165AB7AC4E8231F12A2674916E,2020-09-27 23:40:30.163000,
oz3uk6pbcp3vz3z7,,,,,,,6F6586F1631CAC1115B9561656E7664D386B7F4B,2020-09-27 23:40:30.163000,
xok5uagchlr3phxo,,,,,,,66842EDB888DCB7E445BEB33C699AAA90DACECAB,2020-09-27 23:40:30.768000,
gj24zxnrxbjqb2ax,,,,,,,C130DD914A8D0E484E68DCC681B434A0BA044D9D,2020-09-27 23:40:30.829000,
dvfdkqa2i7zym7bw,,,,,,,96B358744E1DB0D6DBB96D32C27F91E9F695275E,2020-09-27 23:40:30.829000,
yzhrdzvkgzp2bgb3,,,,,,,492FF91A6B43110681F7D5DD3B380E537699D3F1,2020-09-27 23:40:30.988000,
m2r5oahmgfxknvru,,,,,,,D9FC98828F09EF87128FED5569AE5459FBA151A7,2020-09-27 23:40:30.991000,
f7fenj3v3m4g5dyl,,,,,,,4FCF975D71A8663E8066BD1431D8E9459DBE2EAB,2020-09-27 23:40:30.991000,
sj3l3445742q5v76,,,,,,,1C0736CF3744A3B87C2D2269B8BD3388C7E60552,2020-09-27 23:40:32.036000,
jebouebcn5gpmif5,,,,,,,D11217B44873FD7C879E541844B4C20B9A7E5CFB,2020-09-27 23:40:32.132000,
kecsd2ecr356ffco,,,,,,,138ED47EE2156E6492FDE0B61338D973C9717F32,2020-09-27 23:40:32.133000,
3bd53lxgwhqonkj2,,,,,,,5D88F3DA731A028B3D7C81252C7B6B981F3DDA27,2020-09-27 23:40:32.133000,
xe2axowwkbwcwdkc,,,,,,,66B06D59BDFC90EBC6EDE79C558275F2CD4799B0,2020-09-27 23:40:32.253000,
p4qscxdgiq5pwqqx,,,,,,,E767C3B8295AD79B02E80A21345C9F2B3C2AD7DB,2020-09-27 23:40:32.253000,
tiefdhogo4gciqpv,,,,,,,4201FFF0BAB1DFCDF6FBA710AE2B860859E06A5F,2020-09-27 23:40:33.041000,
kj7aktuqfcymcs5f,,,,,,,D8B9AE2CCFAF30A7974AAEB9B3FEAF035B070D81,2020-09-27 23:40:33.210000,
5hhb2lb22zkrur6c,,,,,,,937F201D2797314953F268D252F5C98D3FA9F71E,2020-09-27 23:40:33.210000,
p3gdmvsyc6le5v6o,,,,,,,B01BF09244C6B73687BB781C5A9C9E812974D086,2020-09-27 23:40:33.211000,
setzb66332elxleo,,,,,,,ED4325A6DB8D579CFF70F5A5630FD368464B0D64,2020-09-27 23:40:33.265000,
livtxyd2bhlgckxk,,,,,,,68EBB2CAB63B98F0BA802AD04059ED752665A138,2020-09-27 23:40:33.265000,
w7qvpnizlv4xw3s5,,,,,,,947FFF456CFCEF5DCAB09422E1945A8D21AEEC62,2020-09-27 23:40:34.193000,
7dwxilmihia4droy,,,,,,,63799328222647BE7ED9171FC9FDDED0B77AAFB5,2020-09-27 23:40:34.194000,
heqza6v66pgdek6f,,,,,,,FF154E0265ADC24FDB1D8BBA34455E324C9FE407,2020-09-27 23:40:34.322000,
ao5rrohcxeecefsf,,,,,,,16F8469B848F9DCB4590BCC5CEA5F24980BDC806,2020-09-27 23:40:34.323000,
5dsvaibmamvzxykf,,,,,,,3A7528436E0DD9675FB12750F3EDE23CF74F4ACB,2020-09-27 23:40:34.323000,
amcytz2dvxppiwfq,,,,,,,8992338A03DF92C5318B992439E7BF959C96D6F6,2020-09-27 23:40:34.324000,
a2lw3icbfm2dgqww,,,,,,,181F48BFF5D425BCEC1E78DAC5B5F0E45FFDAF4D,2020-09-27 23:40:34.848000,
dzsu6dg5cm7o7xi2,,,,,,,B7ECD9C6A910A170B55165742049CBCC777494F2,2020-09-27 23:40:34.906000,
bmi6fy33mggcjdcm,,,,,,,6ACAB4394A94BBFFF391497143E3B49C84798672,2020-09-27 23:40:34.906000,
6tky5zb2bly46lcx,,,,,,,220E611F6D48A2103CF51CAB85DB1ED5431E4560,2020-09-27 23:40:34.970000,
ccru45cucn57abwu,,,,,,,1115E5065C3EE149B683CA2D7131839F2656B5AD,2020-09-27 23:40:34.971000,
wiyng2sfajj4fjcd,,,,,,,2EF6713D3394B827953667A33FB9D44AD665C783,2020-09-27 23:40:35.023000,
jmpvg6w5z7atsy5b,,,,,,,01F73DBD9B56C31E3D3AAEB95F8CF1DEB7D9A72F,2020-09-27 23:40:35.776000,
tybgwjamay63esb6,,,,,,,79509683AB4C8DDAF90A120C69A4179C6CD5A387,2020-09-27 23:40:35.850000,
wwfhm34c33zfl7a3,,,,,,,89F6F3B04B6971574E89737047DCB8BB74CB71FD,2020-09-27 23:40:35.851000,
v2p576gnr5i3t3f7,,,,,,,3DAEC5687EAB19CC9FBE98303780137E143236AB,2020-09-27 23:40:35.851000,
shqxghv426s6ulb4,,,,,,,BCDE75725B927738B6FD34EA2D78F4FA77B99848,2020-09-27 23:40:35.994000,
kmveqvokmhhfqcex,,,,,,,270835EE49A6090065A7555A734C414F8E5F03FE,2020-09-27 23:40:35.994000,
ssu2u6okigkwsq2l,,,,,,,E8AD8C4FDC3FE152150C005BB2EAA6A0990B74DF,2020-09-27 23:40:37.266000,
6hahwhkixrhebogn,,,,,,,90C1BC10DF081A01D50E382D7271955E01FCF6C9,2020-09-27 23:40:37.334000,
jwhrddjhcmkg67u5,,,,,,,E1382D287705E5197461F25039AD08A9B97D001F,2020-09-27 23:40:37.334000,
2gshbriqbr4rcf4y,,,,,,,8E76F1F6E8499CCE975C451560586A5F8BF0BFDB,2020-09-27 23:40:37.511000,
7hloqrtj2uh4khl3,,,,,,,435B0937725ECC8252F906800E46C90974408B63,2020-09-27 23:40:37.512000,
obakrnpm7iah5fcw,,,,,,,D76C32DE1D6845B9D971F300EFE7449238C4AC08,2020-09-27 23:40:37.572000,
vhrwibnxhjmdfboo,,,,,,,41A3C16269C7B63DB6EB741DBDDB4E1F586B1592,2020-09-27 23:40:38.170000,
d5onqz3bq462uaaa,,,,,,,DFAA86AD46BEA875D5018CC1CECD77C9F979FB0E,2020-09-27 23:40:38.173000,
gvwavfqnczxmdqm3,,,,,,,BC7ACFAC04854C77167C7D66B7E471314ED8C410,2020-09-27 23:40:38.173000,
yab6563pxh3eeejn,,,,,,,901B90EC8B96C6451854C325229E8B37EB5819BB,2020-09-27 23:40:38.393000,
enjla6emekoo54tm,,,,,,,8111FEB45EF2950EB8F84BFD8FF070AB07AEE9DD,2020-09-27 23:40:38.500000,
4y33hl4eb5iobhx6,,,,,,,20D2A186A412EA433D9BAD2FDBD7B48B36B20B34,2020-09-27 23:40:38.500000,
5fmsudeo6pm6mes5,,,,,,,9492AA2A2AF773EE3C95C6ECC2526D822EBF4E37,2020-09-27 23:40:38.952000,
drx5vdshdr5qjvbu,,,,,,,EC469289B6E8B0AAD8A60785551028EC4BB36237,2020-09-27 23:40:38.954000,
6zjlcicqvephqtnr,,,,,,,DB53975D02957099E84F319194B8F5C7C6D15712,2020-09-27 23:40:39.086000,
iknayffumfujyoib,,,,,,,F8DE8132E599A194E20DDB738AF64A7200CD5949,2020-09-27 23:40:39.087000,
ey5eneppig3gmuim,,,,,,,F120F1B939C7ED8FD62347A800F2B67BE84D84DA,2020-09-27 23:40:39.087000,
xyvaphxrjulhmr6g,,,,,,,BCE2851120595E76E31645633F5FF4771D2097BD,2020-09-27 23:40:39.163000,
t7k7jh5lontnrvkh,,,,,,,A466DC1C546053060940AB279F1EA967167ECACB,2020-09-27 23:40:39.921000,
bsbbfudfc456qf5f,,,,,,,9971F51A3274758B5C59E1D6580ED2C13E13CBEC,2020-09-27 23:40:39.922000,
rr53tn2qzcn7cq6s,,,,,,,E0C3346EBDB9746185D574B92E503DC9AEB160BE,2020-09-27 23:40:39.994000,
y6xqx2h2c4awcqcd,,,,,,,2DB8A946826D0CB4F5C3A8264628DD0F16F6612D,2020-09-27 23:40:40.139000,
dca7ikuibkdpsqyi,,,,,,,A494BD4126B7F1887C305D07DB24066850EAEEED,2020-09-27 23:40:40.140000,
7i5s6knod4ce3pho,,,,,,,8E1979B2771C6D36817ECEF6EC42EA8D6DF371A0,2020-09-27 23:40:40.141000,
2ex5haaa4slbu32l,,,,,,,AB73816E5D7BC52664CBB9D005FF579BAFEAFE87,2020-09-27 23:40:40.716000,
7uxplgxzqx7cfsga,,,,,,,1D4B555184EC12F758BC8BBB4C0983AFBC25D6F5,2020-09-27 23:40:40.717000,
5dgio5ihrh43rvvt,,,,,,,3CEA56B817455E13C4B063E7D3E7726C286F7C9B,2020-09-27 23:40:40.803000,
pp2jpwxh44onacyr,,,,,,,24B1DF80768332990BA8F1230BA41D95D82D52BD,2020-09-27 23:40:40.879000,
xwciog4hzdynggwv,,,,,,,FD127D1014ED3D36AFE50558A88BD5E8DB34A645,2020-09-27 23:40:40.880000,
zfxatdhjkh7rrdu3,,,,,,,83381B9F72D753F3F57A5380F6C6D2EB07A4837F,2020-09-27 23:40:40.880000,
qokuwx5ts4o44lnx,,,,,,,E7EF73B4722CFAF0E8AA2151D3AA78701DE5F19B,2020-09-27 23:40:42.384000,
54ge7ajqyrcapoxr,,,,,,,587B1EAF1E22E148EFB010DAA337ACDCD4DB5CBA,2020-09-27 23:40:42.555000,
yy7t6oc6tnygcwp5,,,,,,,296B040F1537DC2E9D644D7FF41C912403E1AF8D,2020-09-27 23:40:42.893000,
h57c4mjsndzwhnmr,,,,,,,973607526BE9C8FDA03EBBAF527D67AE6FFD65DD,2020-09-27 23:40:42.895000,
3nxikiwun67dcwse,,,,,,,A123F404BD9A15D96CC7930C2BE28103341AC68B,2020-09-27 23:40:42.895000,
6vfajkt5dmjxasuv,,,,,,,819C8AFEDAC733315A8F3DB80F043F13090C49F6,2020-09-27 23:40:42.988000,
txwswt6pnkcobu4p,,,,,,,B94E39454D8EB7E6DC7C8E39F8C8B8DCCA0033CB,2020-09-27 23:40:43.401000,
nbidcikuombclenq,,,,,,,0006DE2E77E3C3EC5E1825B076E5257FD200ED0A,2020-09-27 23:40:43.575000,
emzmogfqbnssg54m,,,,,,,B028707969D8ED84E6DEA597A884F78AAD471971,2020-09-27 23:40:43.846000,
q7puzjsealbdsc5b,,,,,,,71730F1BEB5372C9A6FF36704FF1A6A48AEE7813,2020-09-27 23:40:43.848000,
zltddsrwvlqbphnx,,,,,,,C9B68C802CA20C3E4FA46D77153D6EDC80F13CF5,2020-09-27 23:40:43.848000,
uplh2wnkynz7aood,,,,,,,A8503903F97FF27F5D1C3CA38817329F581925E6,2020-09-27 23:40:44.026000,
hgtho2j3vdpwjaxq,,,,,,,F24F8BEA2779A79111F33F6832B062BED306B9CB,2020-09-27 23:40:44.311000,
va6i52swcr65hhjg,,,,,,,7F7BE7926AF718D6A3DED24D694D94C1D5FACF28,2020-09-27 23:40:44.311000,
roxxo7u6aqp35sb2,,,,,,,60A5547B2203DD2E148EF9BDD6FF3891081C5DF4,2020-09-27 23:40:44.400000,
sl3abb2osxlftas2,,,,,,,3FF0DD5AC13713D319E09C40E93E0D26717B851D,2020-09-27 23:40:44.401000,
t64lclyid2xdoacq,,,,,,,94F367A130296C9EB92BE32E25AAEB7F227DE0D6,2020-09-27 23:40:44.571000,
rrnhtrgv3obtbfyk,,,,,,,6E4DC86BC268306583E6C5640F11F17677663EDE,2020-09-27 23:40:44.930000,
6cd7sd2gic4wdvdn,,,,,,,D9FC98828F09EF87128FED5569AE5459FBA151A7,2020-09-27 23:40:45.193000,
qyyoq3eloaadihn3,,,,,,,F86A29330A705B0279EA3577784018AB0E18D5AF,2020-09-27 23:40:45.352000,
diamloxud24mhvtw,,,,,,,DE514E42528D4FB8B79804B561008B482B91D402,2020-09-27 23:40:45.352000,
k4ztezz4e6tvmi64,,,,,,,714724B5D72158B36AC147270D5B0AE915FC1FE9,2020-09-27 23:40:45.514000,
7axpx4ilvbt34jw3,,,,,,,91ADCDFCA830A1BBAD3A10377B25D695A92BF251,2020-09-27 23:40:45.516000,
v72vgotneltcmicq,,,,,,,F1E6D86A0B66950A9AB4F7A5458848873733BAC9,2020-09-27 23:40:45.516000,
jwnlmfzaz6trvyve,,,,,,,9BAAA9CBA3109C2C807F2E84D5C9C0C8C147DCE6,2020-09-27 23:40:46.334000,
jsbui4pvb6ksjqio,,,,,,,9CA4AB2B042C173AC56479C69F5F436E9F1E0F94,2020-09-27 23:40:46.439000,
ldl4ka5adiycxzop,,,,,,,550F8C238D36F6117F319817CC3BF16D23FC8555,2020-09-27 23:40:46.440000,
i2njtgxoemv7deep,,,,,,,D8EA105E79803FB0040A8C2A676D93DAEA2CFFF0,2020-09-27 23:40:46.441000,
tsk6vvhhmgn3q6ag,,,,,,,5EEE4C799C55FC8BBDB8EB5E65A48C60C8F15640,2020-09-27 23:40:46.652000,
cnqvcevvschbokkm,,,,,,,7D044CBC4763D4BE7F115FBFC3B7B76DA8432348,2020-09-27 23:40:46.653000,
iig3sdckfytbgbjw,,,,,,,C22BA9ED6DEE071D2B37B9718DCCFB6A53EAD5E6,2020-09-27 23:40:47.271000,
yq52kop6lv3hv2pp,,,,,,,F117B31DF6A73D6F015BCEE4E6AB13474B18A16F,2020-09-27 23:40:47.272000,
6xwguwgfg5lbrtgb,,,,,,,0512FE6BE9CCA0ED133152E64010B2FBA141EB10,2020-09-27 23:40:47.463000,
olnhr2fj7d44wua5,,,,,,,5924EF84AAD21073CD58515D1643553A77D7B35F,2020-09-27 23:40:47.464000,
vipvhtscigpvo4qs,,,,,,,9C07D2A954C68759DFDA4208A41DB47F3699B82F,2020-09-27 23:40:47.559000,
phymrxfpsorsh4de,,,,,,,C9B34ABF2C30DA56BD006B7B42610098072BEF4C,2020-09-27 23:40:47.662000,
salsgokujapc4zls,,,,,,,E5CC82DF823F15F9EEF99F22BFB1F3CC5F5076EF,2020-09-27 23:40:48.037000,
45rqccwtqsi4o7gd,,,,,,,7292EF58742CC793F7AB3846D87001178328F9A2,2020-09-27 23:40:48.135000,
fauqmdcgjshqo27a,,,,,,,05976EAC91BC67A6C0628476EE24DAC1CC378A10,2020-09-27 23:40:48.136000,
nqbytojsng7ded2x,,,,,,,4BC2C524ADCEE939E6EB0863813DCC98D4C87D44,2020-09-27 23:40:48.336000,
jb6xtczg6zbwhi45,,,,,,,A2534EF23390CAE079B1586F0FDF9CE11F556062,2020-09-27 23:40:48.337000,
u6uw5233zoivrmgr,,,,,,,E64625ED5B01A1F0E97BCF0B5D431A432A24F408,2020-09-27 23:40:48.338000,
ci5jv5yes5d4nqwc,,,,,,,D5039E1EBFD96D9A3F9846BF99EC9F75EDDE902A,2020-09-27 23:40:49.037000,
ereuh66bnmayuloc,,,,,,,30C55C496F5C7B9868E0BC6349A1CD5623F0B75F,2020-09-27 23:40:49.037000,
q4wnh7jvtniya5pf,,,,,,,180A5BCC01866E09E4D229B6C084CD1E3C75636F,2020-09-27 23:40:49.229000,
gafyihm47dmlhgav,,,,,,,17460997E66C47F805A834BE93CC14EC0DC608EA,2020-09-27 23:40:49.230000,
s3273huwcfvo6kwd,,,,,,,427E5C8ADC43B09582DDDA80EA8EDFBD05DF5003,2020-09-27 23:40:49.405000,
x3ljnezxww2cjuy2,,,,,,,94B710C41B9E8FB592D0916E71B5A89FF4995996,2020-09-27 23:40:49.406000,
6j7r5cb7t74mp7w4,,,,,,,E6FAC9A7F33EE66F03C55C119770B2D45D3C576B,2020-09-27 23:40:50.099000,
viexe5tqjnyojt3e,,,,,,,2AB6F7D59DF6153F4DB1DB6479C3422F5724C4BA,2020-09-27 23:40:50.099000,
eiq6qroigx4zwfmd,,,,,,,F9E97AAC7ACB6B48CA17FA55554FD6CB1651ED33,2020-09-27 23:40:50.281000,
bntkbdqh25bed73i,,,,,,,FAA935B0BC3B4348CCBD3EBA95681AB51730977D,2020-09-27 23:40:50.282000,
5khznmgyg6tetzwu,,,,,,,CDDEC3CC4B0FD5054C99B2D2843DE8B609A4CABA,2020-09-27 23:40:50.380000,
sjyzr2nley4nv6t6,,,,,,,01F73DBD9B56C31E3D3AAEB95F8CF1DEB7D9A72F,2020-09-27 23:40:50.475000,
qyit33lznhvw5rqy,,,,,,,BCA4634E252ACC5D54097A3B4D0688ED47F7A80D,2020-09-27 23:40:51.636000,
vtihctz5ukgjvhep,,,,,,,0EB07340EF2D1608FC16F6268E1DA0C532EB3D11,2020-09-27 23:40:51.637000,
yg6ruy2ysokhkr6y,,,,,,,5F96241CAFF60EEB5D4F9B6C04D629EFEF155821,2020-09-27 23:40:51.740000,
zx6g2yad5vflluzk,,,,,,,D24FB714345D4B9061CEA89ACBAD343081F14928,2020-09-27 23:40:52.057000,
546dyjl5qgapepbb,,,,,,,77E01A5D31748474C4F5F086C2461E04A26B34F1,2020-09-27 23:40:52.058000,
zjnkglx5b2fim36s,,,,,,,B3D56C1E0AD84BA93AF6DC533A8569C3D0E8A58B,2020-09-27 23:40:52.367000,
76ejob2caacmbtho,,,,,,,5C42C5D7824DB75EBC5CBE2DE1DB985EA4970D7F,2020-09-27 23:40:52.502000,
c6p5uqtc6t6jv5bj,,,,,,,C793A33F28826D1F184504312C668EA8157AEF28,2020-09-27 23:40:52.654000,
l5hcsaadth76rvcx,,,,,,,D59A0355562CCA21F292384F47C3DAE37DF81006,2020-09-27 23:40:53.243000,
a7foftwydxfzsc2c,,,,,,,A452410658C4F2986381839633CDB98FBFCBCAAF,2020-09-27 23:40:53.243000,
hcywkle5aoyr4xdc,,,,,,,69C4C2CFCF6B418636976B5FFC0140A3BE211312,2020-09-27 23:40:53.948000,
nx5mtttuotac6rcp,,,,,,,56927E61B51E6F363FB55498150A6DDFCF7077F2,2020-09-27 23:40:54.294000,
kscvoxzdkc7ponmd,,,,,,,30C55C496F5C7B9868E0BC6349A1CD5623F0B75F,2020-09-27 23:40:54.607000,
wjhvgeknfa3mlpfz,,,,,,,A1915DFA36B3EF33DCC9021ACF1A955C51BF0979,2020-09-27 23:40:54.608000,
qkdcbs4tazzd3a4f,,,,,,,E1B54925C59ECE813269B9A3309B7A5EB57E9B98,2020-09-27 23:40:54.609000,
