addr,status,reason,circ,guard_fp,middle_fp,exit_fp,hsdir_fp,start,end
4m7kih4sk44f742do2vy57jrmwpukcecohlviyscsu2hvpae75tsk4qd,failed,not_found,,,,,2D78D1CBCCF8219822119BFA0346FF23316F1913,2020-09-05 05:03:57.341000,2020-09-05 05:03:58.025000
4m7kih4sk44f742do2vy57jrmwpukcecohlviyscsu2hvpae75tsk4qd,failed,not_found,,,,,8C35B15C1F138BDE4D50A975129E4773B44A503D,2020-09-05 05:03:58.027000,2020-09-05 05:03:58.852000
4m7kih4sk44f742do2vy57jrmwpukcecohlviyscsu2hvpae75tsk4qd,failed,not_found,11,66F8C32B94D73B51A5D2FA079C6A09047C9ABA71,C942FCFABE2D1CE6ABC75D7909E2B1D4DC989024,AFA9E5B8D77B736CCA77704B465F9FA4B9566924,1ADD9341344FC0B459D467A5E4351BB9A3CA16AA,2020-09-05 05:03:58.852000,2020-09-05 05:04:00.471000
4m7kih4sk44f742do2vy57jrmwpukcecohlviyscsu2hvpae75tsk4qd,failed,not_found,14,66F8C32B94D73B51A5D2FA079C6A09047C9ABA71,0ED0EA324C931CF41CB5272BFB1D015B3D5772A9,39C6F833D4B09524770D3655DF825A11213CA0A9,79DEB4E02FD08AE1AEB4D8594AAB082375E9062D,2020-09-05 05:04:00.472000,2020-09-05 05:04:02.358000
4m7kih4sk44f742do2vy57jrmwpukcecohlviyscsu2hvpae75tsk4qd,failed,not_found,21,66F8C32B94D73B51A5D2FA079C6A09047C9ABA71,29A39144AD141242436D07901F7A8B91F7516A66,DB5A100152FB7937F02F00B5DDFFFD012789C242,18E9B9EF2D6BD6DEBB0F6A443CB195E041389398,2020-09-05 05:04:02.358000,2020-09-05 05:04:04.055000
4m7kih4sk44f742do2vy57jrmwpukcecohlviyscsu2hvpae75tsk4qd,failed,not_found,26,66F8C32B94D73B51A5D2FA079C6A09047C9ABA71,890480E14E634C8B4467C475E355A6FBF3D99CD5,B73D1E98BE6689A1DDBFE4232C769FCD1B9E0B32,EFF32E0B2BA102251F3F717CB3988896EEB3A8AE,2020-09-05 05:04:04.056000,2020-09-05 05:04:06.420000
cflarexljc3rw355ysrkrzwapozws6nre6xsy3n4yrj7taye3uiby3ad,received,,,,,,BA0E3B322091639754EAAEFFC70E19B8EE10D4EA,2020-09-05 05:03:57.348000,2020-09-05 05:03:58.679000
bpamepa34aj64ekxe2c52ombodgklb5liozsf4a2rcgckyne2pkbziad,failed,not_found,10,66F8C32B94D73B51A5D2FA079C6A09047C9ABA71,65A90AB81C44DD7D9B73B5529B1151798534AF74,22E6FBDB8D77B4C0FA017D6C5F9B45BECDCBCFF8,FB4BC8A17AD016963AA34EB98060F475DBB2DD9D,2020-09-05 05:03:58.798000,2020-09-05 05:04:01.376000
bpamepa34aj64ekxe2c52ombodgklb5liozsf4a2rcgckyne2pkbziad,failed,not_found,18,66F8C32B94D73B51A5D2FA079C6A09047C9ABA71,6245DC873D6F613C795D48663D65BD8A2266CAF6,71DF8174D809D862445BFCB89F5A0980099947EC,DAC825BBF05D678ABDEA1C3086E8D99CF0BBF112,2020-09-05 05:04:01.377000,2020-09-05 05:04:03.765000
bpamepa34aj64ekxe2c52ombodgklb5liozsf4a2rcgckyne2pkbziad,failed,not_found,25,66F8C32B94D73B51A5D2FA079C6A09047C9ABA71,3EE6BA5394B18AEF14E0D3B959D733B7A1EC3AD5,98E793DE91D00D3BA38286D23A45133B24B799CF,504F23DC734459DBBA58B2F11A4799EB945188A3,2020-09-05 05:04:03.766000,2020-09-05 05:04:05.455000
bpamepa34aj64ekxe2c52ombodgklb5liozsf4a2rcgckyne2pkbziad,failed,not_found,34,66F8C32B94D73B51A5D2FA079C6A09047C9ABA71,F30E1869ADFA5689CCA741DE60BCF52B1B42FD60,BF37445EA2A9F3D04F4B87DFAC624AEF21B559D5,67A4CFB98708FF2B4A72D6A8EFB0B6D0A930F73C,2020-09-05 05:04:05.456000,2020-09-05 05:04:06.947000
bpamepa34aj64ekxe2c52ombodgklb5liozsf4a2rcgckyne2pkbziad,failed,not_found,42,66F8C32B94D73B51A5D2FA079C6A09047C9ABA71,0C3D5E19E3C75B505C8ACD26F89DCA2DF970553E,63C611427D06B2342876B95F1F98CE70869354B9,D01956B555BA59D422D994D41AC9634183974597,2020-09-05 05:04:06.948000,2020-09-05 05:04:18.918000
bpamepa34aj64ekxe2c52ombodgklb5liozsf4a2rcgckyne2pkbziad,failed,not_found,109,66F8C32B94D73B51A5D2FA079C6A09047C9ABA71,394BABB9AAD8E66DA7F50891889B099C14BDE076,C422F88699C18A4F299D834391B15F07DBE60625,73A5A81688BD536BFBABE18630F5BD6306C9AC8E,2020-09-05 05:04:18.919000,2020-09-05 05:04:20.765000
2uzorfhtojje5gpjz664hpjk6llv5newauppefhwech3ul6ytyezqgyd,failed,not_found,7,66F8C32B94D73B51A5D2FA079C6A09047C9ABA71,7272FA27A7F99E88D59BE2018E3F14FB88BF9786,56781CCC9F6D29FEA148799AB588429C893A473C,5E18014F791A1FBA26BC79247E9A5C6212788AA8,2020-09-05 05:03:59.333000,2020-09-05 05:04:00.484000
2uzorfhtojje5gpjz664hpjk6llv5newauppefhwech3ul6ytyezqgyd,failed,not_found,15,66F8C32B94D73B51A5D2FA079C6A09047C9ABA71,490B2D70C150FB72E31F9A9CA11D2851D94FD449,21A183AB1F0B207B50A1E08687685A8D940C5F80,905EB77A63857E6EFCF04D734A547B0995D85C3B,2020-09-05 05:04:00.485000,2020-09-05 05:04:03.089000
2uzorfhtojje5gpjz664hpjk6llv5newauppefhwech3ul6ytyezqgyd,failed,not_found,23,66F8C32B94D73B51A5D2FA079C6A09047C9ABA71,489F8DDA708D3BF5BDD64A67F3A1F8DF9622D74F,B9C1484B549CFE20B4147C819DC510D83B1EA513,2AF23516A65C6FF674D33D81480253902388FDBC,2020-09-05 05:04:03.089000,2020-09-05 05:04:06.051000
2uzorfhtojje5gpjz664hpjk6llv5newauppefhwech3ul6ytyezqgyd,failed,not_found,35,66F8C32B94D73B51A5D2FA079C6A09047C9ABA71,AC330D98115D6DA8A82E24469BFB03A5B365AB56,22BCD0DFD148209C9860C7F89907AB4DEE974A08,81E7D5AEA47DA21030118297475DC59A01C291E1,2020-09-05 05:04:06.051000,2020-09-05 05:04:07.348000
2uzorfhtojje5gpjz664hpjk6llv5newauppefhwech3ul6ytyezqgyd,failed,not_found,45,66F8C32B94D73B51A5D2FA079C6A09047C9ABA71,CDF49DB7F5C3396542978423DF041B7218F9E3F9,99339F3E68BCCC1391BF14C821D80766FE0C5956,4F500157ABF70A1A94636D268A742A8B227B8BFD,2020-09-05 05:04:07.349000,2020-09-05 05:04:08.679000
2uzorfhtojje5gpjz664hpjk6llv5newauppefhwech3ul6ytyezqgyd,failed,not_found,56,66F8C32B94D73B51A5D2FA079C6A09047C9ABA71,4E41B00F930F3E72530F339EF4C911CE97D2AE9E,9C0552B04ED88D3434774BA0B049F59D8901F892,20974D28EB668E689D4256046E0E32034375A0A2,2020-09-05 05:04:08.680000,2020-09-05 05:04:10.516000
sdsq42y2k5wmeq4uijcyvvnjgpggmderf4bnyctm6njwv7guvyid3bqd,failed,not_found,12,66F8C32B94D73B51A5D2FA079C6A09047C9ABA71,A7C5B40EC0FB5175E884075DDC87531D353F679C,63540827C4832D214984EA47B7A68C593F9F862F,AA8B7237B4D2C76ED4AF24B3B47B375812AACC83,2020-09-05 05:04:00.334000,2020-09-05 05:04:01.347000
sdsq42y2k5wmeq4uijcyvvnjgpggmderf4bnyctm6njwv7guvyid3bqd,failed,not_found,13,66F8C32B94D73B51A5D2FA079C6A09047C9ABA71,2CD317C624803B77EAD32C96382884B0CAD4DB3F,EA3616A0B9BBBDC74121D8D6F01EABDDCF6BE35D,15483893699246724B8135CC6F087767EA89A2D3,2020-09-05 05:04:01.347000,2020-09-05 05:04:02.379000
sdsq42y2k5wmeq4uijcyvvnjgpggmderf4bnyctm6njwv7guvyid3bqd,failed,not_found,22,66F8C32B94D73B51A5D2FA079C6A09047C9ABA71,9F29D0DD4AEB62E742BDAEEF2DFD3BDD76953403,C81B6B1A13CC474700D0F3FCAE9533E2BAFAC3DD,085527CBD6485FD475AC983FA8683A2D9028BAA8,2020-09-05 05:04:02.379000,2020-09-05 05:04:04.683000
sdsq42y2k5wmeq4uijcyvvnjgpggmderf4bnyctm6njwv7guvyid3bqd,failed,not_found,31,66F8C32B94D73B51A5D2FA079C6A09047C9ABA71,49BC7301250F6D87BCD676DFC9AF22048F96F599,F83A64E0FA85BC224807919772FE14E1BA07CEF5,C130DD914A8D0E484E68DCC681B434A0BA044D9D,2020-09-05 05:04:04.684000,2020-09-05 05:04:07.337000
sdsq42y2k5wmeq4uijcyvvnjgpggmderf4bnyctm6njwv7guvyid3bqd,failed,not_found,44,66F8C32B94D73B51A5D2FA079C6A09047C9ABA71,733CB01BFBABADA6AC5C363C4449D7D563C794C1,E8BAE7393740A700D50B010DED9D9EC9A66B390D,1AAD015F4D885413A2BCE0E58159116901236C49,2020-09-05 05:04:07.338000,2020-09-05 05:04:08.357000
sdsq42y2k5wmeq4uijcyvvnjgpggmderf4bnyctm6njwv7guvyid3bqd,failed,not_found,54,66F8C32B94D73B51A5D2FA079C6A09047C9ABA71,B291D30517D23299AD7CEE3E60DFE60D0E3A4664,6C1A8CBE589906EEC6E73F4F286AC29AF7521E1D,798A57B4E129699A521A03E7F72BC0FDEC31F4D6,2020-09-05 05:04:08.357000,2020-09-05 05:04:09.375000
tc3fhebl3xu7kvgaioqdydklzg4lbdgnvlzh32rdhlt752qj7ajycoid,failed,not_found,17,66F8C32B94D73B51A5D2FA079C6A09047C9ABA71,24F97F98C45E4754655BE66799049763DAEE99CE,296DD68C9017BF7FC7CEC9ACB43A6FAA942408FF,F7424B4C7EEDC1784A5505688EEFAD5BEEA7B9F5,2020-09-05 05:04:01.342000,2020-09-05 05:04:03.346000
tc3fhebl3xu7kvgaioqdydklzg4lbdgnvlzh32rdhlt752qj7ajycoid,failed,not_found,19,66F8C32B94D73B51A5D2FA079C6A09047C9ABA71,7F745D212FD281756B1254B3B84A2E8A5FD89A94,91BA193FB362FB7B6679A7A83A3050F3C44A5468,E00DFD54DC165D5452FBD3530D30186DAD016A0C,2020-09-05 05:04:03.347000,2020-09-05 05:04:04.670000
tc3fhebl3xu7kvgaioqdydklzg4lbdgnvlzh32rdhlt752qj7ajycoid,failed,not_found,30,66F8C32B94D73B51A5D2FA079C6A09047C9ABA71,62ABB016611D3DB3CC74A56C35D27A4C2D0E5C5F,D1E706B9021A0BF8E9663DB207D9D9EC03A70DAC,B01B34325F53E344AC2D5D1EB78AA1AC73FC8683,2020-09-05 05:04:04.671000,2020-09-05 05:04:07.322000
tc3fhebl3xu7kvgaioqdydklzg4lbdgnvlzh32rdhlt752qj7ajycoid,failed,not_found,37,66F8C32B94D73B51A5D2FA079C6A09047C9ABA71,49791A9C1CD16463868F407C3968A3DCF1E9DC49,431702B3A68A6015F9955DD4FD0129175B43EA0F,9E6BA60AFBF9A4946A52770ABCDFC95703DAD6CB,2020-09-05 05:04:07.323000,2020-09-05 05:04:08.105000
tc3fhebl3xu7kvgaioqdydklzg4lbdgnvlzh32rdhlt752qj7ajycoid,failed,not_found,48,66F8C32B94D73B51A5D2FA079C6A09047C9ABA71,964B4E8A75263A69769541F2764563DABDD995D2,461D6EA15966C7F99B43D37ADC116B5B8E47D130,53412DCC555335B400DB72750ED0BE08D034D779,2020-09-05 05:04:08.106000,2020-09-05 05:04:09.847000
tc3fhebl3xu7kvgaioqdydklzg4lbdgnvlzh32rdhlt752qj7ajycoid,failed,not_found,57,66F8C32B94D73B51A5D2FA079C6A09047C9ABA71,36FA576EE55BE5F1297370FBECBBBEB6125BBE4A,64E257D94E739278D5954CC820C9D7EAC4E7A7B7,2E6EE0D63EEAA9FF044AA92F951E5767106FF738,2020-09-05 05:04:09.848000,2020-09-05 05:04:10.237000
3ylulo6qcxzteuv5n7mbfttflq2d7dznzrszr5jdp5kx5ifjewj4dlid,failed,not_found,20,66F8C32B94D73B51A5D2FA079C6A09047C9ABA71,5CFC486780CBD4446B764E51608D6574003B350D,39379E4177FFFB0ED90C2013D97668BD284A1798,D8733048FC8EC9102466AD8F3098622BF1BF71FD,2020-09-05 05:04:02.347000,2020-09-05 05:04:04.068000
3ylulo6qcxzteuv5n7mbfttflq2d7dznzrszr5jdp5kx5ifjewj4dlid,failed,not_found,27,66F8C32B94D73B51A5D2FA079C6A09047C9ABA71,C2E3E1A73D46982994551380919F08EC5021A908,1C84C89198911D0C8962AA65C3E4E6530075396E,1FBAE723F8186847E30EA1C03CCA3D4081D4E2F9,2020-09-05 05:04:04.069000,2020-09-05 05:04:06.064000
3ylulo6qcxzteuv5n7mbfttflq2d7dznzrszr5jdp5kx5ifjewj4dlid,failed,not_found,36,66F8C32B94D73B51A5D2FA079C6A09047C9ABA71,6659F8B47BE0D57A3452A7F8C9326F0A76D5EE1E,6EF4D64F37FD96FF80CE60F8B15C264599AE3F6C,954B221CFDC3F56A15FE3C29F85D5FE34BB144B2,2020-09-05 05:04:06.064000,2020-09-05 05:04:07.723000
3ylulo6qcxzteuv5n7mbfttflq2d7dznzrszr5jdp5kx5ifjewj4dlid,failed,not_found,43,66F8C32B94D73B51A5D2FA079C6A09047C9ABA71,8A6F5A21493685B50F1B46A87A2099D6C410F237,73CC65219889443C06E06A0B6D427B1FE1C37379,FDD40AA573AFABB54813BB65F023D75ED49A97E8,2020-09-05 05:04:07.724000,2020-09-05 05:04:08.340000
3ylulo6qcxzteuv5n7mbfttflq2d7dznzrszr5jdp5kx5ifjewj4dlid,failed,not_found,52,66F8C32B94D73B51A5D2FA079C6A09047C9ABA71,0C8A49FE62B7C7DED64B7C6A941EF5240E4F3F74,E787CB1DDAC5583A82B448E12FC4468DFCF93388,069E732EC96774ED5609D4803D7B1130E338B0EB,2020-09-05 05:04:08.341000,2020-09-05 05:04:09.450000
3ylulo6qcxzteuv5n7mbfttflq2d7dznzrszr5jdp5kx5ifjewj4dlid,failed,not_found,60,66F8C32B94D73B51A5D2FA079C6A09047C9ABA71,575F15A0A41B951BEE03E25B2A0A3FC3E8D7C7D1,7BF74F6066D501129FB694D4777ACD34F8062DD8,834C91DEEB2FE4FEFCE55A99C378968FB659115C,2020-09-05 05:04:09.450000,2020-09-05 05:04:09.965000
erdrplf55onpkcnqjkhvpbvlnsdxbhk7sgequ2vrzqpjvdqixzywacqd,failed,not_found,16,66F8C32B94D73B51A5D2FA079C6A09047C9ABA71,33AA6CFE161A698169B548C9D973DAE6DED6BF0E,B307CE1613DC5317615BC0A197B5F9C4940940DA,DCC6C70E8F4340CBD633F506BC9E7D99818601D9,2020-09-05 05:04:03.335000,2020-09-05 05:04:04.994000
erdrplf55onpkcnqjkhvpbvlnsdxbhk7sgequ2vrzqpjvdqixzywacqd,failed,not_found,32,66F8C32B94D73B51A5D2FA079C6A09047C9ABA71,E7723680EA1F78E015DF312411990D5F5E815C27,F6CD4DBF5850AC4386DD9A424918AD3C6BA2716F,5F29C863F69E9C3B7BD1841B3504FD4173BFA475,2020-09-05 05:04:04.995000,2020-09-05 05:04:06.420000
erdrplf55onpkcnqjkhvpbvlnsdxbhk7sgequ2vrzqpjvdqixzywacqd,failed,not_found,114,66F8C32B94D73B51A5D2FA079C6A09047C9ABA71,99339F3E68BCCC1391BF14C821D80766FE0C5956,43FF3346A3F8E4ED27F631DC956C4CD8D6173D7A,9F4AF30751F746A0000BB77CA60858CB36A7D0B8,2020-09-05 05:04:06.421000,2020-09-05 05:04:23.511000
erdrplf55onpkcnqjkhvpbvlnsdxbhk7sgequ2vrzqpjvdqixzywacqd,failed,not_found,146,66F8C32B94D73B51A5D2FA079C6A09047C9ABA71,CF6A6080091BB210AA3892FEFE2F6A396DA08DF3,7C1BEFB5D6897981ECE52817A2D3B702A9EB30D9,9492CC046A0BB01638C2332073AA0600B3F31252,2020-09-05 05:04:23.511000,2020-09-05 05:04:24.179000
erdrplf55onpkcnqjkhvpbvlnsdxbhk7sgequ2vrzqpjvdqixzywacqd,failed,not_found,152,66F8C32B94D73B51A5D2FA079C6A09047C9ABA71,98AEF7B834D688773CE2BCC5A32761A4943CF623,C215211F88FFCF8C6E70CC34C76DA0948E3DD24A,835D88AE990CA3A33A49F800F64ACE580F4C21FE,2020-09-05 05:04:24.180000,2020-09-05 05:04:25.204000
erdrplf55onpkcnqjkhvpbvlnsdxbhk7sgequ2vrzqpjvdqixzywacqd,failed,not_found,161,66F8C32B94D73B51A5D2FA079C6A09047C9ABA71,564A7F1D0314125AF60096CDE0A887F286608240,7B7C7F31205D7AEB5DFFEDA08E00282A78CD76E0,31A97198C6E2BEBF57EB8FC7DC55A208AD35038E,2020-09-05 05:04:25.205000,2020-09-05 05:04:26.272000
zyfryh7nbsirgc4lie4a54xs2ksrn5l4cqcrj6x667czdkz2iur4fwyd,failed,not_found,29,66F8C32B94D73B51A5D2FA079C6A09047C9ABA71,A39721D284AA1ED1AE87AE63523535484AA14FB5,97767B43E78119A613B46CEAF81A788F45CC05D9,BE8737597F2E6B4F805893202C935125829A902E,2020-09-05 05:04:04.346000,2020-09-05 05:04:05.803000
zyfryh7nbsirgc4lie4a54xs2ksrn5l4cqcrj6x667czdkz2iur4fwyd,failed,not_found,33,66F8C32B94D73B51A5D2FA079C6A09047C9ABA71,42D47C736518BFA495CA31AEE40AE468F0BDA2A6,61FA7E7C766577D76EBABF19330993DEFA8AF3C3,A0F39D32028CEC7F35419E9570401DE15B1B4564,2020-09-05 05:04:05.803000,2020-09-05 05:04:06.689000
zyfryh7nbsirgc4lie4a54xs2ksrn5l4cqcrj6x667czdkz2iur4fwyd,failed,not_found,41,66F8C32B94D73B51A5D2FA079C6A09047C9ABA71,0512FE6BE9CCA0ED133152E64010B2FBA141EB10,9FAF5DB5DF3A2AB135C38A86389ECAA9B1B1217D,D39F2CD90A236F94A61B76616B4873329DA77888,2020-09-05 05:04:06.690000,2020-09-05 05:04:08.101000
zyfryh7nbsirgc4lie4a54xs2ksrn5l4cqcrj6x667czdkz2iur4fwyd,failed,not_found,47,66F8C32B94D73B51A5D2FA079C6A09047C9ABA71,99D5C9A5A7238986D1EA1D7771CF81B4A192C4D0,EC4AD91674B5AFECCA117A396776F120651E55BF,A2DB293FFC5A76A718863BF1AEDBC8DFB1CB1097,2020-09-05 05:04:08.101000,2020-09-05 05:04:09.169000
zyfryh7nbsirgc4lie4a54xs2ksrn5l4cqcrj6x667czdkz2iur4fwyd,failed,not_found,51,66F8C32B94D73B51A5D2FA079C6A09047C9ABA71,2E8E7262E39EF1661CC1173AA0F4731C921975A1,DF86098968BBCD963E38E03FC3FC1837EF667C13,1B605B2751279B152CA098ED76B1EBCC9ADCA239,2020-09-05 05:04:09.169000,2020-09-05 05:04:09.533000
zyfryh7nbsirgc4lie4a54xs2ksrn5l4cqcrj6x667czdkz2iur4fwyd,failed,not_found,61,66F8C32B94D73B51A5D2FA079C6A09047C9ABA71,D87A947A2405C41208C57D32ED1D0CA2EBE93AF6,C2E3E1A73D46982994551380919F08EC5021A908,00E89DDEF944B42FD652F80C2480D5E20DF13194,2020-09-05 05:04:09.534000,2020-09-05 05:04:10.781000
wls67tuevdtuihlpha7lwo5sjh2hycbm62jxtgedqq2ukihmp52kzryd,failed,not_found,28,66F8C32B94D73B51A5D2FA079C6A09047C9ABA71,03910F285A33F365838EC66EF2C2EF754D046760,1034775A01EA629979D0A601EC85FDF2F584CC45,B081CA58EB9BBBEBDBF7E04B630F625D2002F401,2020-09-05 05:04:05.338000,2020-09-05 05:04:06.410000
wls67tuevdtuihlpha7lwo5sjh2hycbm62jxtgedqq2ukihmp52kzryd,failed,not_found,39,66F8C32B94D73B51A5D2FA079C6A09047C9ABA71,6D163F649ECBE9DC20F016236EF36D7E1559E98E,59B71CD981696FD85B5B916023A8CC25BF1630D5,62A60158A2C302E3DA792D7A4F5339F41321E5D9,2020-09-05 05:04:06.411000,2020-09-05 05:04:08.127000
wls67tuevdtuihlpha7lwo5sjh2hycbm62jxtgedqq2ukihmp52kzryd,failed,not_found,115,66F8C32B94D73B51A5D2FA079C6A09047C9ABA71,C2B45199FC6F98E21BFAFE0833348F288FA337E3,F738B0D8AC44A3FD427193BEB8D0C21BBE4CD6F3,8628D2ACCA1C9BE596DED1DF9D0099BBDB1352B3,2020-09-05 05:04:08.128000,2020-09-05 05:04:21.646000
wls67tuevdtuihlpha7lwo5sjh2hycbm62jxtgedqq2ukihmp52kzryd,failed,not_found,127,66F8C32B94D73B51A5D2FA079C6A09047C9ABA71,C0E6A667064385B9CB5A685CEB06B85EDDA6AA00,CAB28BC71970D7F9F4419AEA1043014BF1521E65,D0E9CA0156E25E14E18CB1567A607F191E919BB1,2020-09-05 05:04:21.647000,2020-09-05 05:04:22.852000
wls67tuevdtuihlpha7lwo5sjh2hycbm62jxtgedqq2ukihmp52kzryd,failed,not_found,133,66F8C32B94D73B51A5D2FA079C6A09047C9ABA71,B0F17A56FA8686CCB33D3F302FC40F06F463B4AE,D228AE265C966CA4E9A8C4B746A30A9737060A32,C00C28C2B1A7D8038517626CECA9BCB23B0A31D2,2020-09-05 05:04:22.852000,2020-09-05 05:04:23.366000
wls67tuevdtuihlpha7lwo5sjh2hycbm62jxtgedqq2ukihmp52kzryd,failed,not_found,140,66F8C32B94D73B51A5D2FA079C6A09047C9ABA71,75FE5236E67FFA4A44C1152C35EAB36360E4D7DF,4FF53BC47097B50DA5B68D72C5B25CC079F4A787,5F746B9C4DCF6F50486A1CB27BFD4D7E01689EEE,2020-09-05 05:04:23.366000,2020-09-05 05:04:24.178000
z7dx3grk6z2ukprazikdh5eixzton7eqgnknrwkcvjfzw7euscvvr6ad,failed,not_found,38,66F8C32B94D73B51A5D2FA079C6A09047C9ABA71,4FF53BC47097B50DA5B68D72C5B25CC079F4A787,E33CB42667DC1FB88F7F02469762D71886DC8DB4,706A7674A217BA905FE677E82236B7B968A23DB7,2020-09-05 05:04:06.345000,2020-09-05 05:04:08.129000
z7dx3grk6z2ukprazikdh5eixzton7eqgnknrwkcvjfzw7euscvvr6ad,failed,not_found,50,66F8C32B94D73B51A5D2FA079C6A09047C9ABA71,81A59766272894D27FE8375C4F83A6BA453671EF,6D4D5193A0E290C027FE6B66731133F70946A155,1944F3A473CB77B12BDB4E3D15963A24DF58E4E7,2020-09-05 05:04:08.130000,2020-09-05 05:04:09.404000
z7dx3grk6z2ukprazikdh5eixzton7eqgnknrwkcvjfzw7euscvvr6ad,failed,not_found,59,66F8C32B94D73B51A5D2FA079C6A09047C9ABA71,E5CC91BAFE7CCD68003E873D32E38027638D49D7,870D9148A25F84C138F72DC647ABC390ED34383B,580C51E028513A15CAC370FBEB40BE09D9488613,2020-09-05 05:04:09.405000,2020-09-05 05:04:10.149000
z7dx3grk6z2ukprazikdh5eixzton7eqgnknrwkcvjfzw7euscvvr6ad,failed,not_found,64,66F8C32B94D73B51A5D2FA079C6A09047C9ABA71,F4F92D8B840C2D053197AC3EF9C58F3DCFBB20FE,1D54F7CCB7C7A185EE8AA5616C079DD923EB57F2,1F7EAF14071F8975AFCF219FD62E8451B40E70BB,2020-09-05 05:04:10.150000,2020-09-05 05:04:11.128000
z7dx3grk6z2ukprazikdh5eixzton7eqgnknrwkcvjfzw7euscvvr6ad,failed,not_found,71,66F8C32B94D73B51A5D2FA079C6A09047C9ABA71,7BF74F6066D501129FB694D4777ACD34F8062DD8,3E53D3979DB07EFD736661C934A1DED14127B684,F3CEC87ED91E0B0B1D86BE4D7DE90F00B607ECAF,2020-09-05 05:04:11.129000,2020-09-05 05:04:11.903000
z7dx3grk6z2ukprazikdh5eixzton7eqgnknrwkcvjfzw7euscvvr6ad,failed,not_found,75,66F8C32B94D73B51A5D2FA079C6A09047C9ABA71,F5F4019509109A07E90C45A022CEED9ECA1643C8,DD5DA21CC5036533AE2010DE2C7E72BE2CDF9C5E,72749A538E9ACA13114B38D2E6DDC6AFDE1859B5,2020-09-05 05:04:11.904000,2020-09-05 05:04:13.147000
wesgiirtxxlaefm6a2c2s27frfscvvt7mixymcvhrzk44bnxdh5velqd,failed,not_found,46,66F8C32B94D73B51A5D2FA079C6A09047C9ABA71,1FC89C159EA0F96D52D8A7092BF938C509DB6984,99EFED3DE32D6FDC822F140CB42A0D8A9F7EFF87,590BA20A5853BF1B76F7CD066501FEBBA772C95F,2020-09-05 05:04:07.360000,2020-09-05 05:04:08.552000
wesgiirtxxlaefm6a2c2s27frfscvvt7mixymcvhrzk44bnxdh5velqd,failed,not_found,55,66F8C32B94D73B51A5D2FA079C6A09047C9ABA71,E263B860EFA177F0DDE30C381F893F2805C140DC,F740DDDB1A6B536B5CC47111BFE4E2F7CF9B4C28,381EC209A77FC5365B94CE219420BA01A6F0DA2E,2020-09-05 05:04:08.554000,2020-09-05 05:04:10.061000
wesgiirtxxlaefm6a2c2s27frfscvvt7mixymcvhrzk44bnxdh5velqd,failed,not_found,63,66F8C32B94D73B51A5D2FA079C6A09047C9ABA71,1079E628FC6B0025656AC024F2D9975C441498CD,6E4B0D429CD87AB6C25D72E298294C583FF8BA4A,75A931404453030821C547A4FAA9094A06C48C7A,2020-09-05 05:04:10.062000,2020-09-05 05:04:10.751000
wesgiirtxxlaefm6a2c2s27frfscvvt7mixymcvhrzk44bnxdh5velqd,failed,not_found,66,66F8C32B94D73B51A5D2FA079C6A09047C9ABA71,E4E27D80236B421FAEA25797495B57E36FF9F7C2,76F3558CB26F41F89DEC685BAE666018B6AB808B,889C9C1821CAB437ABAA9286E07D3141179F043A,2020-09-05 05:04:10.751000,2020-09-05 05:04:12.563000
wesgiirtxxlaefm6a2c2s27frfscvvt7mixymcvhrzk44bnxdh5velqd,failed,not_found,82,66F8C32B94D73B51A5D2FA079C6A09047C9ABA71,D965855F77A59FBBC5D1224DFB9C12A992355079,795790C25BDE834B836EA54DD96DB2610829573B,9B8BC7AB8792ED42DD9C5D7E8D02C38E60FBA381,2020-09-05 05:04:12.564000,2020-09-05 05:04:13.172000
wesgiirtxxlaefm6a2c2s27frfscvvt7mixymcvhrzk44bnxdh5velqd,failed,not_found,79,66F8C32B94D73B51A5D2FA079C6A09047C9ABA71,8D9A9C216936DE16FE6CA7A33D7B520D73B7CC0B,B0335F7872A698A86E5E9AC3CF323B50AEF9C081,5DDCF0831430EA966917E6266A352F4F84A755D6,2020-09-05 05:04:13.173000,2020-09-05 05:04:14.426000
v5k2cqo3i6omzs5acz4pm6bew3jxilt2iyf4plzf7pfy24og6bw7gdid,failed,not_found,53,66F8C32B94D73B51A5D2FA079C6A09047C9ABA71,B568135C5E345BAFB080C11FDDF348E545A722E5,C8F402FDF89E5B51D862AD68D8C17DFA5A371BA0,24E91955D969AEA1D80413C64FE106FAE7FD2EA9,2020-09-05 05:04:08.353000,2020-09-05 05:04:09.609000
v5k2cqo3i6omzs5acz4pm6bew3jxilt2iyf4plzf7pfy24og6bw7gdid,failed,not_found,62,66F8C32B94D73B51A5D2FA079C6A09047C9ABA71,0869EA503377C702669BC75DD7A59094658DFA08,8DD0956457CF75A49E79F8E434E2DC898182DE79,67073A512A5C20C65416259FD40C434A7D01C4C2,2020-09-05 05:04:09.610000,2020-09-05 05:04:10.594000
v5k2cqo3i6omzs5acz4pm6bew3jxilt2iyf4plzf7pfy24og6bw7gdid,failed,not_found,68,66F8C32B94D73B51A5D2FA079C6A09047C9ABA71,2D97C1A7D5A06530F3B2B291F8F2C10CB313DC10,C395592F1D779E6775806AFFAD66199E3972DAA2,FDCCAF8E5F3F8D33B633238CFCB7113FB9B7AA78,2020-09-05 05:04:10.595000,2020-09-05 05:04:11.094000
v5k2cqo3i6omzs5acz4pm6bew3jxilt2iyf4plzf7pfy24og6bw7gdid,failed,not_found,70,66F8C32B94D73B51A5D2FA079C6A09047C9ABA71,A2F7674E837C4131D70A840262AFC269801F14BA,17ABA734572DBB1050CF3800F0DD145BAE7ED9A7,22658368E5AA075AEAACC19075ADC19670A77165,2020-09-05 05:04:11.094000,2020-09-05 05:04:12.131000
v5k2cqo3i6omzs5acz4pm6bew3jxilt2iyf4plzf7pfy24og6bw7gdid,failed,not_found,76,66F8C32B94D73B51A5D2FA079C6A09047C9ABA71,861BCFDD148973985E7FE97C7455C9E4AC4E13BE,B728832F0AB11E5450EC320230E2B7D33EC08F49,A932F56F69D24A96A0CBC4F32922A62DEFD28C77,2020-09-05 05:04:12.132000,2020-09-05 05:04:12.687000
v5k2cqo3i6omzs5acz4pm6bew3jxilt2iyf4plzf7pfy24og6bw7gdid,failed,not_found,83,66F8C32B94D73B51A5D2FA079C6A09047C9ABA71,24E1C6412183972BFD76D838AC04D1ED261743D3,BE8737597F2E6B4F805893202C935125829A902E,E46979A3053D43ADF187463A6E4856C875BC8C89,2020-09-05 05:04:12.688000,2020-09-05 05:04:13.503000
vgpsvbnwrsyfns4t7ei2phra6bms4i6g2nqva4vekol6anjhhiunphqd,failed,not_found,58,66F8C32B94D73B51A5D2FA079C6A09047C9ABA71,0E300A0942899B995AE08CEF58062BCFEB51EEDF,D228AE265C966CA4E9A8C4B746A30A9737060A32,C86F7CB21341970DEDF4B6017CCE5F41D7179289,2020-09-05 05:04:09.341000,2020-09-05 05:04:10.163000
vgpsvbnwrsyfns4t7ei2phra6bms4i6g2nqva4vekol6anjhhiunphqd,failed,not_found,65,66F8C32B94D73B51A5D2FA079C6A09047C9ABA71,87B72722FD580C47C96652AC88939DDEEBF62FC7,4CFE65E16DBE9D9ED0CFFBD9BEEEE4EAE50CD33F,F26168CE0373C48D7E35BBEE7FEF0D2BA5B577A1,2020-09-05 05:04:10.164000,2020-09-05 05:04:11.356000
vgpsvbnwrsyfns4t7ei2phra6bms4i6g2nqva4vekol6anjhhiunphqd,failed,not_found,74,66F8C32B94D73B51A5D2FA079C6A09047C9ABA71,50C7B836942F14BDF1541B017CF21FD03F354E13,5AE12CAAA489A0739F56E79CC287526FAB55A6FB,4340B1D4E9118619F97DB0E54D38ED919E11C7B9,2020-09-05 05:04:11.357000,2020-09-05 05:04:12.216000
vgpsvbnwrsyfns4t7ei2phra6bms4i6g2nqva4vekol6anjhhiunphqd,failed,not_found,78,66F8C32B94D73B51A5D2FA079C6A09047C9ABA71,372A38794527887333B52ED1D707609D808C0659,7A3E534C033E3836BD5AF223B642853C502AB33A,90A5D1355C4B5840E950EB61E673863A6AE3ACA1,2020-09-05 05:04:12.217000,2020-09-05 05:04:12.980000
vgpsvbnwrsyfns4t7ei2phra6bms4i6g2nqva4vekol6anjhhiunphqd,failed,not_found,84,66F8C32B94D73B51A5D2FA079C6A09047C9ABA71,5AD3FB658E490BAD9515F363374AA41D65D31A02,7D31D5118D47BF86C550ABB79EDDE865EC31B67F,E95955CD7AB012DE770711878F147C784FC13D37,2020-09-05 05:04:12.980000,2020-09-05 05:04:13.895000
vgpsvbnwrsyfns4t7ei2phra6bms4i6g2nqva4vekol6anjhhiunphqd,failed,not_found,117,66F8C32B94D73B51A5D2FA079C6A09047C9ABA71,E9CE81CC21B63FD316F642E6AF867D6FE0C3A847,3A4F8A201036D3F57A0453CA440E20793775EDB9,394629DFE5305F4207B4BB080782C13304B9F545,2020-09-05 05:04:13.896000,2020-09-05 05:04:21.653000
cb5ezyyofxhy3gbvtsesrlsy7jrnley537opa4pxprahnute4qjwfiad,failed,not_found,67,66F8C32B94D73B51A5D2FA079C6A09047C9ABA71,AF1FC704A5243CC0F08A335343D18A7D9FD871DE,543F96D0C17CDBAC326F644DB0C8A17193BCCFC9,D907BCD0B9510C462EEB0688FD5421CD2E172B77,2020-09-05 05:04:10.342000,2020-09-05 05:04:10.987000
cb5ezyyofxhy3gbvtsesrlsy7jrnley537opa4pxprahnute4qjwfiad,failed,not_found,69,66F8C32B94D73B51A5D2FA079C6A09047C9ABA71,E7112DF9F847547540B63E240CAEC2F8DA0E10AE,8A57DA2FFB5BA49C041EDE1A095E33E86EA756CC,38EF2FCFE72C49C634FE082D6CAB5D8F423B4626,2020-09-05 05:04:10.988000,2020-09-05 05:04:11.726000
cb5ezyyofxhy3gbvtsesrlsy7jrnley537opa4pxprahnute4qjwfiad,failed,not_found,72,66F8C32B94D73B51A5D2FA079C6A09047C9ABA71,24E1C6412183972BFD76D838AC04D1ED261743D3,303509AB910EF207B7438C27435C4A2FD579F1B1,C7A016E1F85CF7DD73914AE40F55B7183D11B8FD,2020-09-05 05:04:11.726000,2020-09-05 05:04:12.144000
cb5ezyyofxhy3gbvtsesrlsy7jrnley537opa4pxprahnute4qjwfiad,failed,not_found,77,66F8C32B94D73B51A5D2FA079C6A09047C9ABA71,CC27183EF95AAA7E8BACF8326615D701C500C42C,937F201D2797314953F268D252F5C98D3FA9F71E,443114A8673927436BC3F8FCFE6E08B16B1D5F86,2020-09-05 05:04:12.144000,2020-09-05 05:04:13.140000
cb5ezyyofxhy3gbvtsesrlsy7jrnley537opa4pxprahnute4qjwfiad,failed,not_found,86,66F8C32B94D73B51A5D2FA079C6A09047C9ABA71,7F10F53210AD6D1DBD38B330CB3EBBDE08826588,144B194641D397C3C1B7C478E2BF6C21FC7B651C,CDAF0B74C45FD5B1955198A8D92C8A518A53D07B,2020-09-05 05:04:13.140000,2020-09-05 05:04:14.613000
cb5ezyyofxhy3gbvtsesrlsy7jrnley537opa4pxprahnute4qjwfiad,failed,not_found,95,66F8C32B94D73B51A5D2FA079C6A09047C9ABA71,17CF5B659F2FB7433573F6FD61E3E2228CB3448D,3239007CE1FB2ECDFDF2067DF23B949295DC5EF6,87C08DDFD32C62F3C56D371F9774D27BFDBB807B,2020-09-05 05:04:14.614000,2020-09-05 05:04:15.254000
27wm7yz36ezsbamd2pajzwbug6xgyhchitw7vqy4xzvbaks6zawcd4qd,failed,not_found,73,66F8C32B94D73B51A5D2FA079C6A09047C9ABA71,CA6A1295456D14F8C78CE623EB779EF2C1CCC7F0,D6F03EFBE511417D77DCFC1A3F1EB5D4BF509F81,BBD8F4DF8FF5C69A6A989DB8C1EE2CA7ADFE0755,2020-09-05 05:04:11.346000,2020-09-05 05:04:12.462000
27wm7yz36ezsbamd2pajzwbug6xgyhchitw7vqy4xzvbaks6zawcd4qd,failed,not_found,81,66F8C32B94D73B51A5D2FA079C6A09047C9ABA71,05B451C0562FDE23307AFA84FD6A37652E615233,EAA088440B100FF8407266B5D4853FFB16A8CB67,6A2676DACAFDBD00C5B94BD343690957A12BB758,2020-09-05 05:04:12.463000,2020-09-05 05:04:13.086000
27wm7yz36ezsbamd2pajzwbug6xgyhchitw7vqy4xzvbaks6zawcd4qd,failed,not_found,85,66F8C32B94D73B51A5D2FA079C6A09047C9ABA71,4FDDFAD51B24DDABB62FB59071F4DC421E76C685,DAF0A29144F02A4089A291FC697972A4CB03C8E0,AC2275831607A95CD8B939C3B8DC466CCF48E2B9,2020-09-05 05:04:13.087000,2020-09-05 05:04:13.694000
27wm7yz36ezsbamd2pajzwbug6xgyhchitw7vqy4xzvbaks6zawcd4qd,failed,not_found,87,66F8C32B94D73B51A5D2FA079C6A09047C9ABA71,8EA58F28DCA60F56C6F2131BDFE9BF5FAF2233CE,9423A72BBC8B5C6AC9DE9F57735EB2B08E4156E8,507C28C65EBB3D19EF31F1380370779E11985D06,2020-09-05 05:04:13.695000,2020-09-05 05:04:14.209000
27wm7yz36ezsbamd2pajzwbug6xgyhchitw7vqy4xzvbaks6zawcd4qd,failed,not_found,91,66F8C32B94D73B51A5D2FA079C6A09047C9ABA71,9413E5D74EFDCA7C36FCA9664B98C48C93FE33C7,F4F92D8B840C2D053197AC3EF9C58F3DCFBB20FE,8ABC4D5F6182C7E79B087D1ED9E5CF652C83E52C,2020-09-05 05:04:14.209000,2020-09-05 05:04:14.827000
27wm7yz36ezsbamd2pajzwbug6xgyhchitw7vqy4xzvbaks6zawcd4qd,failed,not_found,92,66F8C32B94D73B51A5D2FA079C6A09047C9ABA71,CA95B3584C44DED8107AF5B3D8C25C562CC64DD4,BABBE7B67010279491A1A0B5CF201B85EDB3D8DA,B7F8CE7BFF6C6CF308C982BEBF1458A66D150C15,2020-09-05 05:04:14.828000,2020-09-05 05:04:15.157000
xw2hyq3rbtmtywo3b5dk73gdk2nmf7ogzc5qqy5vunscowmln6hm5rid,failed,not_found,80,66F8C32B94D73B51A5D2FA079C6A09047C9ABA71,60B1681670B185813E762B71F3C3B129A981F37B,25B62C177559D53BDFC26C6EC31CBC25307196B1,A6C983C2F7EEADD55CE9169E540EBD95423FC260,2020-09-05 05:04:12.343000,2020-09-05 05:04:13.584000
xw2hyq3rbtmtywo3b5dk73gdk2nmf7ogzc5qqy5vunscowmln6hm5rid,failed,not_found,156,66F8C32B94D73B51A5D2FA079C6A09047C9ABA71,B05B4BB64FFE5373E293D2C008798FBA9C908BB1,10CA859C429A17EFF704CC53D0080940148D59DA,588BA42764B601EA1E9EEA512D1256157C5741C2,2020-09-05 05:04:13.585000,2020-09-05 05:04:25.376000
xw2hyq3rbtmtywo3b5dk73gdk2nmf7ogzc5qqy5vunscowmln6hm5rid,failed,not_found,167,66F8C32B94D73B51A5D2FA079C6A09047C9ABA71,316F5BF8EC15CC961E54CC30781A63345D054DF8,3FFBA34E170D3377500E3E21BB3429345967532F,7158D1E0D9F90F7999ACB3B073DA762C9B2C3275,2020-09-05 05:04:25.377000,2020-09-05 05:04:26.273000
xw2hyq3rbtmtywo3b5dk73gdk2nmf7ogzc5qqy5vunscowmln6hm5rid,failed,not_found,170,66F8C32B94D73B51A5D2FA079C6A09047C9ABA71,44BD70C13DAA7513D6F47773804178B009F21ED5,614203E0A6D84AD020A17D81A02F54C9A517E130,900777F6E1307328D5C39826356925FDECB0790B,2020-09-05 05:04:26.274000,2020-09-05 05:04:26.878000
xw2hyq3rbtmtywo3b5dk73gdk2nmf7ogzc5qqy5vunscowmln6hm5rid,failed,not_found,205,66F8C32B94D73B51A5D2FA079C6A09047C9ABA71,99339F3E68BCCC1391BF14C821D80766FE0C5956,3FEBFB6A491D30CACC2C2995EDB41717A6F94E95,8AC597DF806EC6964E6BA047C8FDBF47F7D5D35B,2020-09-05 05:04:26.878000,2020-09-05 05:04:31.117000
xw2hyq3rbtmtywo3b5dk73gdk2nmf7ogzc5qqy5vunscowmln6hm5rid,failed,not_found,242,66F8C32B94D73B51A5D2FA079C6A09047C9ABA71,BC104319738B6803F6BD2954A0CE730D928DA16B,22E975935BA77EA59A28EA1AA8387F906034FCBE,CDB05CD0E7088A5A9B689A844252B4C681B74F30,2020-09-05 05:04:31.118000,2020-09-05 05:04:36.639000
735rrfzs5nuopcbczw6e23dyvcnvt2kadpzajzxkastnn4jun6sd7sqd,failed,not_found,88,66F8C32B94D73B51A5D2FA079C6A09047C9ABA71,874D84382C892F3F61CC9E106BF08843DE0B865A,E81D56AE3FE9919F3A42AB11100901E6BAEC4FCB,98EAC67EA6814038285F1A100D786AD8A0CD2A5E,2020-09-05 05:04:13.347000,2020-09-05 05:04:14.342000
735rrfzs5nuopcbczw6e23dyvcnvt2kadpzajzxkastnn4jun6sd7sqd,failed,not_found,93,66F8C32B94D73B51A5D2FA079C6A09047C9ABA71,D8A2D0080B0C73E1DC0EC9F33B497F64E5FB3F52,5856DB884578915E7C7A0B7B11E4145B1D2A4E2B,7777F9186C01E44F4A55B7300B19D05B9150588C,2020-09-05 05:04:14.342000,2020-09-05 05:04:15.251000
735rrfzs5nuopcbczw6e23dyvcnvt2kadpzajzxkastnn4jun6sd7sqd,failed,not_found,96,66F8C32B94D73B51A5D2FA079C6A09047C9ABA71,A597AC866E40CAB5A67759ADE4942192E99DE684,04E3B5925EB5F66C6EC810A3D7702E0CA3F9D5E7,D7E1B4F504FC22027FA06BA5F1F0F59C24FA2912,2020-09-05 05:04:15.252000,2020-09-05 05:04:16.645000
735rrfzs5nuopcbczw6e23dyvcnvt2kadpzajzxkastnn4jun6sd7sqd,failed,not_found,100,66F8C32B94D73B51A5D2FA079C6A09047C9ABA71,6B9EA8927AB6E94E216067E65372182343A5AFA2,355140498339A8FEBBA1453E93A3FAE8F7973968,FABCC633B0DEEE6FABEF3FA415A2B0038B2A5A00,2020-09-05 05:04:16.647000,2020-09-05 05:04:18.895000
735rrfzs5nuopcbczw6e23dyvcnvt2kadpzajzxkastnn4jun6sd7sqd,failed,not_found,107,66F8C32B94D73B51A5D2FA079C6A09047C9ABA71,39CF2F22E5018C01FD57DEB1AB8FDFA4592633FB,CDAF0B74C45FD5B1955198A8D92C8A518A53D07B,15A07041C8526DE32AF56EBF5D7F4982E30BF287,2020-09-05 05:04:18.896000,2020-09-05 05:04:20.624000
735rrfzs5nuopcbczw6e23dyvcnvt2kadpzajzxkastnn4jun6sd7sqd,failed,not_found,119,66F8C32B94D73B51A5D2FA079C6A09047C9ABA71,DAC825BBF05D678ABDEA1C3086E8D99CF0BBF112,4A0E54E69343B7CF6138C118843CE860E8511F78,195712E96FD1C1B18D14D09E9E4E7A6416E23B2C,2020-09-05 05:04:20.624000,2020-09-05 05:04:21.977000
5asi5yt3o7nhqmere5ioqxzakrxksjiacwxy4fiwr3eceps7eiocbzqd,failed,not_found,94,66F8C32B94D73B51A5D2FA079C6A09047C9ABA71,1E969BE241349007993C2BE8AE322A5AD71EC2C8,308E8E4085CF3DA9F3C9B2DA79FDAF20A3676654,334523D7723EDC633C136CA9CFE9C2012CCC2FE8,2020-09-05 05:04:14.354000,2020-09-05 05:04:19.203000
5asi5yt3o7nhqmere5ioqxzakrxksjiacwxy4fiwr3eceps7eiocbzqd,failed,not_found,110,66F8C32B94D73B51A5D2FA079C6A09047C9ABA71,CFC15E40B39FCCB9C5B5CED3D2F184ADFBA2CC98,C2E3E1A73D46982994551380919F08EC5021A908,B90309F6F9F9F4635526040946CDAEC7DBF3A231,2020-09-05 05:04:19.204000,2020-09-05 05:04:21.348000
5asi5yt3o7nhqmere5ioqxzakrxksjiacwxy4fiwr3eceps7eiocbzqd,failed,not_found,121,66F8C32B94D73B51A5D2FA079C6A09047C9ABA71,8657358DD3076664A5989028CEB1A92F5F93C02A,66BD39FE805AED414ADE400CAAD862C9CC3AC34E,9A7417BA401B8C7EFDE24945E18145A1EDA730E7,2020-09-05 05:04:21.349000,2020-09-05 05:04:22.374000
5asi5yt3o7nhqmere5ioqxzakrxksjiacwxy4fiwr3eceps7eiocbzqd,failed,not_found,132,66F8C32B94D73B51A5D2FA079C6A09047C9ABA71,49791A9C1CD16463868F407C3968A3DCF1E9DC49,2AA5F598F9A1812F01CD99E3B59BB87362ED7438,A07FF62835523CBE1EC3DC3287C05B91F847FA80,2020-09-05 05:04:22.375000,2020-09-05 05:04:23.414000
5asi5yt3o7nhqmere5ioqxzakrxksjiacwxy4fiwr3eceps7eiocbzqd,failed,not_found,145,66F8C32B94D73B51A5D2FA079C6A09047C9ABA71,4C5B8134341E66CB09246985E4039F9BFC0ADCE3,17C9E8B4EFC6034E2910308D8FF8CD4ABAE6427F,2ABA928945F7EC1E9DD105A628D5C05609DB5B6D,2020-09-05 05:04:23.414000,2020-09-05 05:04:24.090000
5asi5yt3o7nhqmere5ioqxzakrxksjiacwxy4fiwr3eceps7eiocbzqd,failed,not_found,150,66F8C32B94D73B51A5D2FA079C6A09047C9ABA71,741BD468A18B922A75639FDA6ABE369C080B8B87,7B10E2D82A60EFC4E97CE5A9F4E8C9A79C59DFC5,5EDD6628D5E13ED020A1EA03C1944DD6769B4974,2020-09-05 05:04:24.090000,2020-09-05 05:04:24.960000
jb6pg7iumqzheizi6zjx24dzw2ylf2spp3syv36sxtwdrw5f5bycikqd,failed,not_found,98,66F8C32B94D73B51A5D2FA079C6A09047C9ABA71,4099DEA68268A5ED261078DE1734891334A146F9,7B4562CB349CEEFD751EFAAF778A8C98CCF767E0,462D81E70F753A19C429E31086254DD15034CC9B,2020-09-05 05:04:15.345000,2020-09-05 05:04:17.364000
jb6pg7iumqzheizi6zjx24dzw2ylf2spp3syv36sxtwdrw5f5bycikqd,failed,not_found,122,66F8C32B94D73B51A5D2FA079C6A09047C9ABA71,AC330D98115D6DA8A82E24469BFB03A5B365AB56,708A968F3644F8A547156368FEA3DB664110E631,A1915DFA36B3EF33DCC9021ACF1A955C51BF0979,2020-09-05 05:04:17.364000,2020-09-05 05:04:22.397000
jb6pg7iumqzheizi6zjx24dzw2ylf2spp3syv36sxtwdrw5f5bycikqd,failed,not_found,172,66F8C32B94D73B51A5D2FA079C6A09047C9ABA71,8CDF2F3A8ABD834CF9F3E8FC202DF64625BFB443,AE17FAAF8F302A506AF2167666EC62882804403F,B01BF09244C6B73687BB781C5A9C9E812974D086,2020-09-05 05:04:22.398000,2020-09-05 05:04:27.281000
jb6pg7iumqzheizi6zjx24dzw2ylf2spp3syv36sxtwdrw5f5bycikqd,failed,not_found,178,66F8C32B94D73B51A5D2FA079C6A09047C9ABA71,61B2102DB3D97F16FBB359EFE86EC6887A1B3B5A,E14B56CC48222B688804DA1344A6718D0FF23425,070D387230C1B95A05811C5B722FBD21A1076BDB,2020-09-05 05:04:27.282000,2020-09-05 05:04:30.154000
jb6pg7iumqzheizi6zjx24dzw2ylf2spp3syv36sxtwdrw5f5bycikqd,failed,not_found,232,66F8C32B94D73B51A5D2FA079C6A09047C9ABA71,DAA806E9529D77EF94685FC0E513386EF65B83F8,6521A3AEF9AC4B83361411F769EEDCBAB124F162,FFF78C44BA6E6B6F7525095BBE14EF7CBEB89744,2020-09-05 05:04:30.154000,2020-09-05 05:04:35.086000
jb6pg7iumqzheizi6zjx24dzw2ylf2spp3syv36sxtwdrw5f5bycikqd,failed,not_found,234,66F8C32B94D73B51A5D2FA079C6A09047C9ABA71,A597AC866E40CAB5A67759ADE4942192E99DE684,3BBF9D98C7D058D7C2E60F6BA5BD574CB4F3FE26,8DF22EEAAE24835783E0581FB2C7CFFE80A5C070,2020-09-05 05:04:35.087000,2020-09-05 05:04:35.498000
xk2r3u2qvpj6lnzcutj6vqw6lhclr3vaewzl65sbopsryszjl3iipyqd,failed,not_found,97,66F8C32B94D73B51A5D2FA079C6A09047C9ABA71,0FF7D03AC5F31F93E3AE11ABF74313D071E11ED3,9F5068310818ED7C70B0BC4087AB55CB12CB4377,8CCE57490F9752100F9B17E2192A2DAE5D061E06,2020-09-05 05:04:16.342000,2020-09-05 05:04:16.962000
xk2r3u2qvpj6lnzcutj6vqw6lhclr3vaewzl65sbopsryszjl3iipyqd,failed,not_found,99,66F8C32B94D73B51A5D2FA079C6A09047C9ABA71,42B4F52C5B11E4D39855F654955425B0D5A0598B,C1939D36649DE98A202429631D8EFC70128D5F5F,A541C211909264081DC3A4F8E105F06139DDCD8B,2020-09-05 05:04:16.963000,2020-09-05 05:04:17.453000
xk2r3u2qvpj6lnzcutj6vqw6lhclr3vaewzl65sbopsryszjl3iipyqd,failed,not_found,104,66F8C32B94D73B51A5D2FA079C6A09047C9ABA71,81F59E8936D0B2105182E4B8200AC07D9274961F,370969A8F5BB965976FFB727F19C2246E838B394,5ADA85FC78D694F57ADBDCDF3EA7CC39CA552A85,2020-09-05 05:04:17.454000,2020-09-05 05:04:19.738000
xk2r3u2qvpj6lnzcutj6vqw6lhclr3vaewzl65sbopsryszjl3iipyqd,failed,not_found,105,66F8C32B94D73B51A5D2FA079C6A09047C9ABA71,36B93C3D497DB948321E81CA4594A32E9712D2C2,6245DC873D6F613C795D48663D65BD8A2266CAF6,8168C5DED2879DCAF91F686683EA00612F422FDC,2020-09-05 05:04:19.739000,2020-09-05 05:04:20.738000
xk2r3u2qvpj6lnzcutj6vqw6lhclr3vaewzl65sbopsryszjl3iipyqd,failed,not_found,120,66F8C32B94D73B51A5D2FA079C6A09047C9ABA71,F6CD4DBF5850AC4386DD9A424918AD3C6BA2716F,014E24C0CD21D2B9829E841D5EC1D3C415F866BF,75FB9A4469199F251581061391214ACFDC682EF4,2020-09-05 05:04:20.739000,2020-09-05 05:04:22.168000
xk2r3u2qvpj6lnzcutj6vqw6lhclr3vaewzl65sbopsryszjl3iipyqd,failed,not_found,129,66F8C32B94D73B51A5D2FA079C6A09047C9ABA71,AC5CECEF6AF649F2A7F047D102FE9B461DA9234E,AC7F853F7A63ED1ED19DA6073538FD017ACD629B,930106E732385FD01810AB243E7022C42639BC06,2020-09-05 05:04:22.169000,2020-09-05 05:04:24.094000
uvujoimnup7new3tgyqtbtdx6qc37r7yjrm6gc5fazag2hk5hpjr2bad,failed,not_found,102,66F8C32B94D73B51A5D2FA079C6A09047C9ABA71,4CE6D83FFA8AD24767007E8C972F371F2468F09A,B05B4BB64FFE5373E293D2C008798FBA9C908BB1,FDA70EC93DB01E3CB418CB6943B0C68464B18B4C,2020-09-05 05:04:17.354000,2020-09-05 05:04:18.899000
uvujoimnup7new3tgyqtbtdx6qc37r7yjrm6gc5fazag2hk5hpjr2bad,failed,not_found,108,66F8C32B94D73B51A5D2FA079C6A09047C9ABA71,1A020A414D8AB25F54415C8C1E75A5562A9DD9A6,A18CD278493BB18BEFD8AB54A669BFF6BB73B9CB,3E18FEBABD94CDC986416C957DF323FEDE97A2BD,2020-09-05 05:04:18.900000,2020-09-05 05:04:21.385000
uvujoimnup7new3tgyqtbtdx6qc37r7yjrm6gc5fazag2hk5hpjr2bad,failed,not_found,124,66F8C32B94D73B51A5D2FA079C6A09047C9ABA71,6EF4D64F37FD96FF80CE60F8B15C264599AE3F6C,64E257D94E739278D5954CC820C9D7EAC4E7A7B7,C74469EC04787CC458FB1DCDF456C5092CF08B19,2020-09-05 05:04:21.386000,2020-09-05 05:04:22.374000
uvujoimnup7new3tgyqtbtdx6qc37r7yjrm6gc5fazag2hk5hpjr2bad,failed,not_found,131,66F8C32B94D73B51A5D2FA079C6A09047C9ABA71,1F97BE0788A261FF978C082E0AB44ADD96AF1F7A,C8CB48E86739937682B61B65E0D54DA224CE3FC9,45D8C1EEFF044043AA6806C4B9130F8F189EF316,2020-09-05 05:04:22.374000,2020-09-05 05:04:23.380000
uvujoimnup7new3tgyqtbtdx6qc37r7yjrm6gc5fazag2hk5hpjr2bad,failed,not_found,141,66F8C32B94D73B51A5D2FA079C6A09047C9ABA71,9DAC9BA4520D362E55E73B4652C07396FADA7227,8F0EF738A9B1D9D6F73196551CF7CEBF797D4BE3,99AC77667D8D606251B749DFDA473B2C781F78D0,2020-09-05 05:04:23.381000,2020-09-05 05:04:25.166000
uvujoimnup7new3tgyqtbtdx6qc37r7yjrm6gc5fazag2hk5hpjr2bad,failed,not_found,160,66F8C32B94D73B51A5D2FA079C6A09047C9ABA71,4B351545DD58473F36B0A20E5500AC6ED51E8CD5,754CB99117E6ED570DFCFB7D9F12674B97A4E28E,56B8E1E855EAD17D7CA92AEE8EA3182CFA8C3512,2020-09-05 05:04:25.167000,2020-09-05 05:04:26.230000
6mywwc3qjhs7xtk7dxtbo22ewrmqpddwli3rbybmn2obkasawuef4myd,failed,not_found,106,66F8C32B94D73B51A5D2FA079C6A09047C9ABA71,A2F7674E837C4131D70A840262AFC269801F14BA,58332DDDA15415CB3D13F5ECA3D54BE961B8C458,2892073608985977DED33F98A9FA27A9C47C8B61,2020-09-05 05:04:18.353000,2020-09-05 05:04:21.423000
6mywwc3qjhs7xtk7dxtbo22ewrmqpddwli3rbybmn2obkasawuef4myd,failed,not_found,126,66F8C32B94D73B51A5D2FA079C6A09047C9ABA71,83B4EEC06A237A43F6E64D4457B930E1B02D48DB,1BF8FFAFA88CC6BFDB0383EC61AFA645403CE44B,C87A4D8B534F78FDF0F4639B55F121401FEF259C,2020-09-05 05:04:21.424000,2020-09-05 05:04:22.696000
6mywwc3qjhs7xtk7dxtbo22ewrmqpddwli3rbybmn2obkasawuef4myd,failed,not_found,137,66F8C32B94D73B51A5D2FA079C6A09047C9ABA71,A0DFB31231C718829FA18EAB4D0CD51DEDBAE08C,87E9E9F7990A1594DFDD63AD61248C546C7122B9,3947C9CA680EE8897FF5CAFD4B56BE912EBE17D4,2020-09-05 05:04:22.696000,2020-09-05 05:04:24.196000
6mywwc3qjhs7xtk7dxtbo22ewrmqpddwli3rbybmn2obkasawuef4myd,failed,not_found,154,66F8C32B94D73B51A5D2FA079C6A09047C9ABA71,C8CB48E86739937682B61B65E0D54DA224CE3FC9,58F3E2956EABB81F673E2FB90E16E001DB4AC3AE,5E4D1E6D31413DCCC148A8050224578CBBF12883,2020-09-05 05:04:24.196000,2020-09-05 05:04:24.961000
6mywwc3qjhs7xtk7dxtbo22ewrmqpddwli3rbybmn2obkasawuef4myd,failed,not_found,157,66F8C32B94D73B51A5D2FA079C6A09047C9ABA71,C2481FAAA5508F6C2A64873972281220E9778476,40CDE936B04B4573A47223396006443CA5EAC845,B183A69592D2E8C8C487C054D0849E3C9561DC11,2020-09-05 05:04:24.961000,2020-09-05 05:04:25.373000
6mywwc3qjhs7xtk7dxtbo22ewrmqpddwli3rbybmn2obkasawuef4myd,failed,not_found,166,66F8C32B94D73B51A5D2FA079C6A09047C9ABA71,8B64F593CAC2ED05C0FA703AEF50FF71925B569C,A09D20D85D0AA29C47C90ABEAFDB6B7A4BF7FD07,A07FF62835523CBE1EC3DC3287C05B91F847FA80,2020-09-05 05:04:25.374000,2020-09-05 05:04:26.079000
dwn3s2lzisaltghpv2nvyj7isxd6dcqz2rq3cqbtkbycblvd7knuy6yd,failed,not_found,111,66F8C32B94D73B51A5D2FA079C6A09047C9ABA71,F8DE8132E599A194E20DDB738AF64A7200CD5949,229A21B9912BD92D696841F77BDEC95A23B67594,8B889E04C60E30D511013189D3C2ADCE522E1F3C,2020-09-05 05:04:19.347000,2020-09-05 05:04:21.396000
dwn3s2lzisaltghpv2nvyj7isxd6dcqz2rq3cqbtkbycblvd7knuy6yd,failed,not_found,125,66F8C32B94D73B51A5D2FA079C6A09047C9ABA71,FD449127D30D8F5D124653D9EF736EDF4A12B4DC,458B0FC5973F216FCB17696E0C6D7A18F5143B35,E81D56AE3FE9919F3A42AB11100901E6BAEC4FCB,2020-09-05 05:04:21.397000,2020-09-05 05:04:22.396000
dwn3s2lzisaltghpv2nvyj7isxd6dcqz2rq3cqbtkbycblvd7knuy6yd,failed,not_found,134,66F8C32B94D73B51A5D2FA079C6A09047C9ABA71,6940247E04C839D268543E7F62566A91E40567E3,BAFC09A9079FA19D17A120356DCB005536AF332E,02AB0923AFF5A47DD011C343F79864C45E9FFB34,2020-09-05 05:04:22.396000,2020-09-05 05:04:23.655000
dwn3s2lzisaltghpv2nvyj7isxd6dcqz2rq3cqbtkbycblvd7knuy6yd,failed,not_found,181,66F8C32B94D73B51A5D2FA079C6A09047C9ABA71,8358BDDA9C9A680B4E3A2809E5C24F5B3624D5C2,40697C345CB4128963A7BC66B63B17C7120959F1,38471394F06B2B86404768193C929313962FDC2F,2020-09-05 05:04:23.656000,2020-09-05 05:04:28.037000
dwn3s2lzisaltghpv2nvyj7isxd6dcqz2rq3cqbtkbycblvd7knuy6yd,failed,not_found,182,66F8C32B94D73B51A5D2FA079C6A09047C9ABA71,C2B45199FC6F98E21BFAFE0833348F288FA337E3,7B2904FE8AA12E45EA3D65658ED8CECA4A51F7F8,0ABB63CC809DE89A0A71A9BA8751C4AB5C2DC3C3,2020-09-05 05:04:28.038000,2020-09-05 05:04:28.409000
dwn3s2lzisaltghpv2nvyj7isxd6dcqz2rq3cqbtkbycblvd7knuy6yd,failed,not_found,190,66F8C32B94D73B51A5D2FA079C6A09047C9ABA71,01664D41A81F817A3E71400D6BFD40947AA40AFB,AFF320BA96E4338B61A008D2CA250FFE0E23B09C,AED04C65D2D0D70DB2932D7D5A0BA58169168CC1,2020-09-05 05:04:28.409000,2020-09-05 05:04:30.865000
jaynremy3fsbmujy3fbo26smfrgrkgvi63xwj6wuozvtkajsjf4kw5id,failed,not_found,112,66F8C32B94D73B51A5D2FA079C6A09047C9ABA71,F73036C92CD94D5A16DEA9E50FE4BEC2AF3DE171,0B58A95E539FFA6C05C010F5C1DA35FB8038E3A8,BF2EA78E4F02CC521E6785A8EC41694042C887CC,2020-09-05 05:04:20.348000,2020-09-05 05:04:21.677000
jaynremy3fsbmujy3fbo26smfrgrkgvi63xwj6wuozvtkajsjf4kw5id,failed,not_found,128,66F8C32B94D73B51A5D2FA079C6A09047C9ABA71,82ED9AEC94184EC6DD299A5CDB3378B04BB17489,9B8BC7AB8792ED42DD9C5D7E8D02C38E60FBA381,65F241195AD0C8F124B134D8E1FECDDE42C379F9,2020-09-05 05:04:21.678000,2020-09-05 05:04:22.870000
jaynremy3fsbmujy3fbo26smfrgrkgvi63xwj6wuozvtkajsjf4kw5id,failed,not_found,138,66F8C32B94D73B51A5D2FA079C6A09047C9ABA71,F6CD4DBF5850AC4386DD9A424918AD3C6BA2716F,E75ABF29D4B417D3D3565AEDAF89E4F9D16E736F,53D9056AA6A4C568674EB37ED018C978D0348B96,2020-09-05 05:04:22.871000,2020-09-05 05:04:24.035000
jaynremy3fsbmujy3fbo26smfrgrkgvi63xwj6wuozvtkajsjf4kw5id,failed,not_found,149,66F8C32B94D73B51A5D2FA079C6A09047C9ABA71,A4771CB90024F1870D622960519945A3E49B40FE,BFA905EA10DFD54A38A0C119FAE00182DE4C173B,1A020A414D8AB25F54415C8C1E75A5562A9DD9A6,2020-09-05 05:04:24.036000,2020-09-05 05:04:24.704000
jaynremy3fsbmujy3fbo26smfrgrkgvi63xwj6wuozvtkajsjf4kw5id,failed,not_found,158,66F8C32B94D73B51A5D2FA079C6A09047C9ABA71,E834DB28D15508AC04BAE32F795B7781691DFAB4,F667E4BA1E6F81893B6FDFE4B5D38CE229C3B194,4AC4F120C119C72356BC9C33BF14E26D2BF052D4,2020-09-05 05:04:24.705000,2020-09-05 05:04:25.205000
jaynremy3fsbmujy3fbo26smfrgrkgvi63xwj6wuozvtkajsjf4kw5id,failed,not_found,162,66F8C32B94D73B51A5D2FA079C6A09047C9ABA71,EC38686ACAC6E373BF3BE0847B3AD6299ABA4D91,43FF3346A3F8E4ED27F631DC956C4CD8D6173D7A,F4BABDAA5DA115DE122DE4158712D53D7450BC65,2020-09-05 05:04:25.206000,2020-09-05 05:04:29.290000
i7lfwwbereelnm5zlrfialyk5t5y37jofazwckdmz4fulbur7xo3avyd,failed,not_found,118,66F8C32B94D73B51A5D2FA079C6A09047C9ABA71,55580D71B317A072F4A4DCF6EA4EDB015734AEE7,8A57DA2FFB5BA49C041EDE1A095E33E86EA756CC,508EAAA5322C7BF048C8FADBBFB37D0A3E1D9262,2020-09-05 05:04:21.340000,2020-09-05 05:04:21.958000
i7lfwwbereelnm5zlrfialyk5t5y37jofazwckdmz4fulbur7xo3avyd,failed,not_found,123,66F8C32B94D73B51A5D2FA079C6A09047C9ABA71,A016192D0A87FC9354A7523A211BBD9CF859708B,0935BA9178F9E3B50C99DD53F723865FC224CFA8,E384748293FC4429E2B427360DB4F9D4C3D619D1,2020-09-05 05:04:21.959000,2020-09-05 05:04:22.578000
i7lfwwbereelnm5zlrfialyk5t5y37jofazwckdmz4fulbur7xo3avyd,failed,not_found,136,66F8C32B94D73B51A5D2FA079C6A09047C9ABA71,44412B315567A50EF6BBF592B76F1D9B44C146E3,B3C6B4D26A20151F568D39ACFA63E15DBC01CD5D,EAA823552F959DFD038E9AC8FA89345A738B6C00,2020-09-05 05:04:22.578000,2020-09-05 05:04:23.640000
i7lfwwbereelnm5zlrfialyk5t5y37jofazwckdmz4fulbur7xo3avyd,failed,not_found,147,66F8C32B94D73B51A5D2FA079C6A09047C9ABA71,174D93DF6242BD4ABE2C09E6607892C3A3905675,E3C4270F3D83B8E2AAFD911716D8FC9A904A821E,C0804913BB431D64E0621E5BCE5DA97D624CACD1,2020-09-05 05:04:23.640000,2020-09-05 05:04:24.146000
i7lfwwbereelnm5zlrfialyk5t5y37jofazwckdmz4fulbur7xo3avyd,failed,not_found,151,66F8C32B94D73B51A5D2FA079C6A09047C9ABA71,D49D0071D9236EFC6AC527292894A5A2143F815D,6A7551EEE18F78A9813096E82BF84F740D32B911,B26E8B962FB76404C169634571B4C5687AC6230F,2020-09-05 05:04:24.146000,2020-09-05 05:04:25.238000
i7lfwwbereelnm5zlrfialyk5t5y37jofazwckdmz4fulbur7xo3avyd,failed,not_found,168,66F8C32B94D73B51A5D2FA079C6A09047C9ABA71,D5C01B85FB3A48D55698CA660A2DE8935388816E,5043E5D2E9CE99066DF1FBF0B18E065B08131863,8E8E9D3FD1F25814CDB57A7DBAA290114EADE7BE,2020-09-05 05:04:25.238000,2020-09-05 05:04:26.275000
vftnihlexqdnwhxgl5sn7aakujyt4l5gtbzyju5e6h6tdohzp2dt4dqd,failed,not_found,130,66F8C32B94D73B51A5D2FA079C6A09047C9ABA71,AA8B7237B4D2C76ED4AF24B3B47B375812AACC83,070229A4CC2CFFB24EB667298A7DB5E8D11EB701,5E56738E7F97AA81DEEF59AF28494293DFBFCCDF,2020-09-05 05:04:22.352000,2020-09-05 05:04:23.841000
vftnihlexqdnwhxgl5sn7aakujyt4l5gtbzyju5e6h6tdohzp2dt4dqd,failed,not_found,144,66F8C32B94D73B51A5D2FA079C6A09047C9ABA71,60A9E1FE4D020383A4A0FE58E5950983D08D65E7,35DBE43445BB44D817084200BA05E8A0573EDFD4,47A3D00525F041F382B398BF95BC58E0EC23276B,2020-09-05 05:04:23.842000,2020-09-05 05:04:24.189000
vftnihlexqdnwhxgl5sn7aakujyt4l5gtbzyju5e6h6tdohzp2dt4dqd,failed,not_found,153,66F8C32B94D73B51A5D2FA079C6A09047C9ABA71,58A7199712C0E52B3C5F2F8E8B27B5A62BE58BC8,8A136F5D0DACBBB6D8537DA4A806C44EF7E9037B,727AA0C630F5F548BB48F36069F2179496682875,2020-09-05 05:04:24.190000,2020-09-05 05:04:25.017000
vftnihlexqdnwhxgl5sn7aakujyt4l5gtbzyju5e6h6tdohzp2dt4dqd,failed,not_found,159,66F8C32B94D73B51A5D2FA079C6A09047C9ABA71,99339F3E68BCCC1391BF14C821D80766FE0C5956,D228AE265C966CA4E9A8C4B746A30A9737060A32,6EDBE20897BD02A2D8D654D0440FDB2A3B0643E1,2020-09-05 05:04:25.017000,2020-09-05 05:04:26.003000
vftnihlexqdnwhxgl5sn7aakujyt4l5gtbzyju5e6h6tdohzp2dt4dqd,failed,not_found,169,66F8C32B94D73B51A5D2FA079C6A09047C9ABA71,0E300A0942899B995AE08CEF58062BCFEB51EEDF,6206ABDDC29EC1D9388223580EB4B0BC81576609,EBF09E04136B40342A9BB8947620E0BA401CB168,2020-09-05 05:04:26.004000,2020-09-05 05:04:26.568000
vftnihlexqdnwhxgl5sn7aakujyt4l5gtbzyju5e6h6tdohzp2dt4dqd,failed,not_found,175,66F8C32B94D73B51A5D2FA079C6A09047C9ABA71,BF37445EA2A9F3D04F4B87DFAC624AEF21B559D5,E88F8E72100709E226F22DF6A50365480054ECD2,4352D58B2641E8C1787750EFD3A07A88224967AC,2020-09-05 05:04:26.569000,2020-09-05 05:04:27.518000
7e2purllfymvssw7rrewfcf3e7oe3dlvp5p2ujfmu54c24ldtgjem2ad,failed,not_found,180,66F8C32B94D73B51A5D2FA079C6A09047C9ABA71,15FEE423DFF8AF9E2E081959B0C6326072C60DA1,A597AC866E40CAB5A67759ADE4942192E99DE684,3B5C6ED2C1DECEB32BF1AD9B7B272F4CE9CE0656,2020-09-05 05:04:23.353000,2020-09-05 05:04:28.917000
7e2purllfymvssw7rrewfcf3e7oe3dlvp5p2ujfmu54c24ldtgjem2ad,failed,not_found,192,66F8C32B94D73B51A5D2FA079C6A09047C9ABA71,1099983E2C5C3ECDAD0B7D5AABD2AC6BF2CBBF70,3D615DEF97F387631F50201FAFA6E7B67FDF3FEF,C2B1BF766B95CF7B8B381357F6C376461B58DEB8,2020-09-05 05:04:28.918000,2020-09-05 05:04:29.636000
7e2purllfymvssw7rrewfcf3e7oe3dlvp5p2ujfmu54c24ldtgjem2ad,failed,not_found,199,66F8C32B94D73B51A5D2FA079C6A09047C9ABA71,F0A3054C76604DC75D3F57F55C27F1BFB643F107,6FB20BB05A841CDDB308E85A4D117FCFC911F5EA,706A7674A217BA905FE677E82236B7B968A23DB7,2020-09-05 05:04:29.636000,2020-09-05 05:04:30.431000
7e2purllfymvssw7rrewfcf3e7oe3dlvp5p2ujfmu54c24ldtgjem2ad,failed,not_found,214,66F8C32B94D73B51A5D2FA079C6A09047C9ABA71,D228AE265C966CA4E9A8C4B746A30A9737060A32,D80EA21626BFAE8044E4037FE765252E157E3586,9B46F7BDA3950CB0227487E1282476425E876BC4,2020-09-05 05:04:30.432000,2020-09-05 05:04:32.626000
7e2purllfymvssw7rrewfcf3e7oe3dlvp5p2ujfmu54c24ldtgjem2ad,failed,not_found,221,66F8C32B94D73B51A5D2FA079C6A09047C9ABA71,50E3CEA0D7EB9644B89B965743797279196775D5,7ABA39F796B24333F85FA500A057DE9D700E1534,1944F3A473CB77B12BDB4E3D15963A24DF58E4E7,2020-09-05 05:04:32.626000,2020-09-05 05:04:34.879000
7e2purllfymvssw7rrewfcf3e7oe3dlvp5p2ujfmu54c24ldtgjem2ad,failed,not_found,238,66F8C32B94D73B51A5D2FA079C6A09047C9ABA71,903044B185D293317A0CB4E7EB7FF898B076E3CB,F94A7BAC5D1E3D9372437141E10695A625B8B533,0173A7A8BA9D32043641B69726D32A9ADFE26D16,2020-09-05 05:04:34.880000,2020-09-05 05:04:35.353000
bkpcjf63bdyleof42gld7halazmgbkka77zxrzyta6oypaarwbhjroyd,failed,not_found,155,66F8C32B94D73B51A5D2FA079C6A09047C9ABA71,81A9D2FABD2BA01C44824432976FAF8FF0BE2909,3F65766ADE067D9D08920E3B74DAB9040EDD26B2,3947C9CA680EE8897FF5CAFD4B56BE912EBE17D4,2020-09-05 05:04:24.352000,2020-09-05 05:04:25.372000
bkpcjf63bdyleof42gld7halazmgbkka77zxrzyta6oypaarwbhjroyd,failed,not_found,165,66F8C32B94D73B51A5D2FA079C6A09047C9ABA71,0F52E9652F96AD1D500AC062350A149902C128B9,8554E174D5CDB3E5E194E4A8F8378509255E8243,5AEAA32FE69683F8B1271E4A331F16A21BF808B7,2020-09-05 05:04:25.373000,2020-09-05 05:04:27.197000
bkpcjf63bdyleof42gld7halazmgbkka77zxrzyta6oypaarwbhjroyd,failed,not_found,173,66F8C32B94D73B51A5D2FA079C6A09047C9ABA71,75784DD2BCB70CE13CEC93CFE24CD69C66E2C67B,99AC77667D8D606251B749DFDA473B2C781F78D0,C31413C323DB2BD55B4371A5D46880D9EBD2FA80,2020-09-05 05:04:27.198000,2020-09-05 05:04:28.141000
bkpcjf63bdyleof42gld7halazmgbkka77zxrzyta6oypaarwbhjroyd,failed,not_found,185,66F8C32B94D73B51A5D2FA079C6A09047C9ABA71,34979DBD475FFED9CF6556E349DDEDEE69104345,7FF1A673A5E1F7E9D2495A36C185B890DBD96553,1E03D81C9744DE0E3C9DE6E6FBDF1DF9DAEA5AFC,2020-09-05 05:04:28.142000,2020-09-05 05:04:28.786000
bkpcjf63bdyleof42gld7halazmgbkka77zxrzyta6oypaarwbhjroyd,failed,not_found,191,66F8C32B94D73B51A5D2FA079C6A09047C9ABA71,EF47A68E4139911341D99B7045D84AE08FE8A7F9,F94CCEA0042765AA7EE66BEA5B39C9E03E286EA2,96EA4E2C87D5B99713201CCA8B712D839FD76C59,2020-09-05 05:04:28.787000,2020-09-05 05:04:30.749000
bkpcjf63bdyleof42gld7halazmgbkka77zxrzyta6oypaarwbhjroyd,failed,not_found,209,66F8C32B94D73B51A5D2FA079C6A09047C9ABA71,B04EA2B400D9679E72284E12FB81E68756670A3A,6CDF0169775404CA9E5664CE327DBC3C5EED6196,C87A4D8B534F78FDF0F4639B55F121401FEF259C,2020-09-05 05:04:30.749000,2020-09-05 05:04:31.684000
bwmrux5dapkgdlnjwrpe4aytnpqrmajd7uvegxtf5uurljvx5qnas5yd,failed,not_found,164,66F8C32B94D73B51A5D2FA079C6A09047C9ABA71,D6670FB54B21818CE7C13524AA003258B8E35D38,6EF78BB131DA33F9D266BC4BB5972261E34DBD13,AEDE403BD0B7CE114F5B3BF5D33B15C6B9001BC2,2020-09-05 05:04:25.350000,2020-09-05 05:04:26.473000
bwmrux5dapkgdlnjwrpe4aytnpqrmajd7uvegxtf5uurljvx5qnas5yd,failed,not_found,174,66F8C32B94D73B51A5D2FA079C6A09047C9ABA71,4FF53BC47097B50DA5B68D72C5B25CC079F4A787,1FC89C159EA0F96D52D8A7092BF938C509DB6984,DE81E82F60AFCA34FB5F94D78F590FEEBB435CDC,2020-09-05 05:04:26.474000,2020-09-05 05:04:27.465000
bwmrux5dapkgdlnjwrpe4aytnpqrmajd7uvegxtf5uurljvx5qnas5yd,failed,not_found,183,66F8C32B94D73B51A5D2FA079C6A09047C9ABA71,0ED0EA324C931CF41CB5272BFB1D015B3D5772A9,6206ABDDC29EC1D9388223580EB4B0BC81576609,456F6E4998EB17B975DB5A19273607868E5F8AFA,2020-09-05 05:04:27.466000,2020-09-05 05:04:28.038000
bwmrux5dapkgdlnjwrpe4aytnpqrmajd7uvegxtf5uurljvx5qnas5yd,failed,not_found,184,66F8C32B94D73B51A5D2FA079C6A09047C9ABA71,B55B11A739C43396B10CC621D9C9F9D7F3A8CDE4,CB92FA4D7D71F134CE1F1FFF2BFF53E88DD4A1DB,DC163DDEF4B6F0C6BC226F9F6656A5A30C5C5686,2020-09-05 05:04:28.039000,2020-09-05 05:04:28.741000
bwmrux5dapkgdlnjwrpe4aytnpqrmajd7uvegxtf5uurljvx5qnas5yd,failed,not_found,189,66F8C32B94D73B51A5D2FA079C6A09047C9ABA71,9492CC046A0BB01638C2332073AA0600B3F31252,56927E61B51E6F363FB55498150A6DDFCF7077F2,A03F90269FDC58A55A83310E3C28E926446AA5C0,2020-09-05 05:04:28.742000,2020-09-05 05:04:29.144000
bwmrux5dapkgdlnjwrpe4aytnpqrmajd7uvegxtf5uurljvx5qnas5yd,failed,not_found,195,66F8C32B94D73B51A5D2FA079C6A09047C9ABA71,31D270A38505D4BFBBCABF717E9FB4BCA6DDF2FF,CEA2E066A7F8EC0F235F5190E25DD3C9F86F084B,1D54F7CCB7C7A185EE8AA5616C079DD923EB57F2,2020-09-05 05:04:29.145000,2020-09-05 05:04:29.931000
sfprwdxfpbytzxkncuiis23purkiuz67ubslwwxgx3rxlf6rgalhy5yd,failed,not_found,171,66F8C32B94D73B51A5D2FA079C6A09047C9ABA71,53134D9637D9FBE565FA1E3AF82B23CC964C56D6,F0F13714732C347312426EC2B8D5C4940EAA45BA,E59CC0060074E14CA8E9469999B862C5E1CE49E9,2020-09-05 05:04:26.354000,2020-09-05 05:04:26.920000
sfprwdxfpbytzxkncuiis23purkiuz67ubslwwxgx3rxlf6rgalhy5yd,failed,not_found,177,66F8C32B94D73B51A5D2FA079C6A09047C9ABA71,0C7FB0E5E424A6BF8FC579747D1FF3E44F3760EB,88748052843CC93A02BE1D9E9B5B358AB3A104AA,8EE0534532EA31AA5172B1892F53B2F25C76EB02,2020-09-05 05:04:26.921000,2020-09-05 05:04:28.363000
sfprwdxfpbytzxkncuiis23purkiuz67ubslwwxgx3rxlf6rgalhy5yd,failed,not_found,188,66F8C32B94D73B51A5D2FA079C6A09047C9ABA71,113BEEBA400E58874EE0EB94849DEEF9564290C2,C395592F1D779E6775806AFFAD66199E3972DAA2,44BD70C13DAA7513D6F47773804178B009F21ED5,2020-09-05 05:04:28.364000,2020-09-05 05:04:29.007000
sfprwdxfpbytzxkncuiis23purkiuz67ubslwwxgx3rxlf6rgalhy5yd,failed,not_found,193,66F8C32B94D73B51A5D2FA079C6A09047C9ABA71,26B09A4C9F6A9D4815DB46EBA3626A0ED8D71E8F,771E0824EF82D85E04D80116554111E37F7EB796,C656B41AEFB40A141967EBF49D6E69603C9B4A11,2020-09-05 05:04:29.008000,2020-09-05 05:04:29.870000
sfprwdxfpbytzxkncuiis23purkiuz67ubslwwxgx3rxlf6rgalhy5yd,failed,not_found,198,66F8C32B94D73B51A5D2FA079C6A09047C9ABA71,9A48EC8AAFB2E8C9E20408596383DB74F1196747,A6C983C2F7EEADD55CE9169E540EBD95423FC260,46F90EF3A3628C134DBB4654D0E4FF7EB914B690,2020-09-05 05:04:29.871000,2020-09-05 05:04:30.241000
sfprwdxfpbytzxkncuiis23purkiuz67ubslwwxgx3rxlf6rgalhy5yd,failed,not_found,203,66F8C32B94D73B51A5D2FA079C6A09047C9ABA71,50C7B836942F14BDF1541B017CF21FD03F354E13,CB1CE5D58F07BCACBD06FBA82ED2359D5E8CE911,E5112BD6D068483F705B58D25254CA81430BC444,2020-09-05 05:04:30.242000,2020-09-05 05:04:31.007000
jrponrwpkj62465vmselmtd6eyjfkdsjws5bt332jcbngmbde7cu2rid,failed,not_found,179,66F8C32B94D73B51A5D2FA079C6A09047C9ABA71,6BE5AA34A5C391724677A3FDC2AA77B3768F6E26,F73036C92CD94D5A16DEA9E50FE4BEC2AF3DE171,06ABFC513FA71C7EE423DCC6ABF80F6B4A2FC1AC,2020-09-05 05:04:27.353000,2020-09-05 05:04:28.173000
jrponrwpkj62465vmselmtd6eyjfkdsjws5bt332jcbngmbde7cu2rid,failed,not_found,186,66F8C32B94D73B51A5D2FA079C6A09047C9ABA71,C9D02B1644BD47C136E379FDFAF4973D1A1CE07C,27D668BFB3839D8C6E36193FFC3DF4DD6D79B513,449894ECF3AD03076AA0E25A180A68A627DCDE2F,2020-09-05 05:04:28.174000,2020-09-05 05:04:29.365000
jrponrwpkj62465vmselmtd6eyjfkdsjws5bt332jcbngmbde7cu2rid,failed,not_found,197,66F8C32B94D73B51A5D2FA079C6A09047C9ABA71,3E53D3979DB07EFD736661C934A1DED14127B684,1C0736CF3744A3B87C2D2269B8BD3388C7E60552,AE2A1BEA5F2D240B721DB02F0705C0F484BD82D4,2020-09-05 05:04:29.366000,2020-09-05 05:04:30.861000
jrponrwpkj62465vmselmtd6eyjfkdsjws5bt332jcbngmbde7cu2rid,failed,not_found,210,66F8C32B94D73B51A5D2FA079C6A09047C9ABA71,6521A3AEF9AC4B83361411F769EEDCBAB124F162,4A69F9226B6113B0681D5C93BBD60D5FCCBE4817,071ACB713A9558A4B5750520B0A738C66033E0B1,2020-09-05 05:04:30.862000,2020-09-05 05:04:31.957000
jrponrwpkj62465vmselmtd6eyjfkdsjws5bt332jcbngmbde7cu2rid,failed,not_found,213,66F8C32B94D73B51A5D2FA079C6A09047C9ABA71,42D47C736518BFA495CA31AEE40AE468F0BDA2A6,99AC77667D8D606251B749DFDA473B2C781F78D0,73DCA56424912F69F1478D6630DF27CFE8F41439,2020-09-05 05:04:31.958000,2020-09-05 05:04:32.786000
jrponrwpkj62465vmselmtd6eyjfkdsjws5bt332jcbngmbde7cu2rid,failed,not_found,223,66F8C32B94D73B51A5D2FA079C6A09047C9ABA71,3E04505D362AA324E6E4E1C8516CCD9EF4D41B9C,81C55D403A82BF6E7C3FBDBD41D102B7088900D9,C63D7C4FAE5424D6286411D33497A2191882EB0A,2020-09-05 05:04:32.787000,2020-09-05 05:04:34.039000
qrt7jckgveefyi257indcl4hlcq7raasrqsb3fwx3ifemmyqytp755yd,failed,not_found,187,66F8C32B94D73B51A5D2FA079C6A09047C9ABA71,874D84382C892F3F61CC9E106BF08843DE0B865A,014E24C0CD21D2B9829E841D5EC1D3C415F866BF,069E732EC96774ED5609D4803D7B1130E338B0EB,2020-09-05 05:04:28.352000,2020-09-05 05:04:29.114000
qrt7jckgveefyi257indcl4hlcq7raasrqsb3fwx3ifemmyqytp755yd,failed,not_found,194,66F8C32B94D73B51A5D2FA079C6A09047C9ABA71,FFA72BD683BC2FCF988356E6BEC1E490F313FB07,CE694BA8D019EE60D8E7838CC177E689CEA825EA,E379A6CACEFAFE1B8EA68503BFCFF1215BF1EE7F,2020-09-05 05:04:29.114000,2020-09-05 05:04:29.927000
qrt7jckgveefyi257indcl4hlcq7raasrqsb3fwx3ifemmyqytp755yd,failed,not_found,200,66F8C32B94D73B51A5D2FA079C6A09047C9ABA71,9B2BC7EFD661072AFADC533BE8DCF1C19D8C2DCC,91799AD097018FD5F83B70B978068FB83F72934F,AE4FAE2EB5DC5D078458F0FCBF2B37F5D73F0868,2020-09-05 05:04:29.927000,2020-09-05 05:04:30.677000
qrt7jckgveefyi257indcl4hlcq7raasrqsb3fwx3ifemmyqytp755yd,failed,not_found,233,66F8C32B94D73B51A5D2FA079C6A09047C9ABA71,BC238DA10F427C21685F766317F7E0946954B88F,D91F295BFAF865BF76DA0820485B6650DD832DC5,B2E0F33B1A7E70F21744C3EC37B475F8EC0712E2,2020-09-05 05:04:30.678000,2020-09-05 05:04:35.494000
qrt7jckgveefyi257indcl4hlcq7raasrqsb3fwx3ifemmyqytp755yd,failed,not_found,244,66F8C32B94D73B51A5D2FA079C6A09047C9ABA71,C4B21A66B27E82FEF6AC97CEAEFE42DFF5C7511C,30D457317789E20449CBC12E02F5658FA23E0BEE,F2E60DE0F39BEA826B50EB619A014ADCE9619359,2020-09-05 05:04:35.495000,2020-09-05 05:04:36.013000
qrt7jckgveefyi257indcl4hlcq7raasrqsb3fwx3ifemmyqytp755yd,failed,not_found,247,66F8C32B94D73B51A5D2FA079C6A09047C9ABA71,12FD624EE73CEF37137C90D38B2406A66F68FAA2,E087F6FBA148F8BB6A520CEF08FA5BF324828B22,18B160CD5E22BFC345AEE7BA84B7EA45BF457FCA,2020-09-05 05:04:36.014000,2020-09-05 05:04:36.797000
nwa4o7vzcubzncw2fch6uwm2aguxfggutrcyu32prdvd25g4yj55gcqd,failed,not_found,196,66F8C32B94D73B51A5D2FA079C6A09047C9ABA71,014BD09636373B78CC28BA70E36C7190E3DE236A,458B0FC5973F216FCB17696E0C6D7A18F5143B35,412AB9D6A761ECADB60D7EA4F2CB389C0AF42F3F,2020-09-05 05:04:29.351000,2020-09-05 05:04:30.137000
nwa4o7vzcubzncw2fch6uwm2aguxfggutrcyu32prdvd25g4yj55gcqd,failed,not_found,201,66F8C32B94D73B51A5D2FA079C6A09047C9ABA71,953DB709F2A2DECC8D7560661F934E64411444F7,C1939D36649DE98A202429631D8EFC70128D5F5F,454BE75256A4A5EC2B7FE2EB2E1C62F2736AB175,2020-09-05 05:04:30.137000,2020-09-05 05:04:30.748000
nwa4o7vzcubzncw2fch6uwm2aguxfggutrcyu32prdvd25g4yj55gcqd,failed,not_found,206,66F8C32B94D73B51A5D2FA079C6A09047C9ABA71,A1B7C1F83E5DA4376FD2E1DBA7AC28A71AB332AD,D8A2D0080B0C73E1DC0EC9F33B497F64E5FB3F52,C080D1200C1D9D3E538EF777A4DC05C7DA77BFC4,2020-09-05 05:04:30.748000,2020-09-05 05:04:31.571000
nwa4o7vzcubzncw2fch6uwm2aguxfggutrcyu32prdvd25g4yj55gcqd,failed,not_found,215,66F8C32B94D73B51A5D2FA079C6A09047C9ABA71,6C333B5BDBA3DFE7A782E40CB970C271ABFED119,FF15934A434D0058924C3EA028B1FBF1958BDF9F,C25E5C62897BACBA309571C2548084B45050FEDF,2020-09-05 05:04:31.571000,2020-09-05 05:04:32.214000
nwa4o7vzcubzncw2fch6uwm2aguxfggutrcyu32prdvd25g4yj55gcqd,failed,not_found,218,66F8C32B94D73B51A5D2FA079C6A09047C9ABA71,8701E70AC4C0C9E1FE47EA853FC997D29BE5D65C,1C7215BC0123DDA23BDED0F9D2849D3AD80183CB,239A2E0F09B8FEA551727486519040598A022778,2020-09-05 05:04:32.215000,2020-09-05 05:04:33
nwa4o7vzcubzncw2fch6uwm2aguxfggutrcyu32prdvd25g4yj55gcqd,failed,not_found,225,66F8C32B94D73B51A5D2FA079C6A09047C9ABA71,0E300A0942899B995AE08CEF58062BCFEB51EEDF,EC8C36BC209BA499263E93D0826046667AAC14BA,260B86A04CBEDE605F183624C2FCA3CE81FD24A1,2020-09-05 05:04:33.001000,2020-09-05 05:04:33.975000
x4wltvbrurxwg4fi3lw3jsg5akdmhl65qsdofpnbtbsdgokunk6m5wid,failed,not_found,204,66F8C32B94D73B51A5D2FA079C6A09047C9ABA71,B56B9FE93F83B4FA69234B17A060E8A8E7446D19,638D91FC9EF661348A6994D04C3499BC03F50BBE,FEEF24CDF15BB59B418D1BF94A64BD3E62BB2CF3,2020-09-05 05:04:30.352000,2020-09-05 05:04:31.599000
x4wltvbrurxwg4fi3lw3jsg5akdmhl65qsdofpnbtbsdgokunk6m5wid,failed,not_found,216,66F8C32B94D73B51A5D2FA079C6A09047C9ABA71,3098CC656BB3F519FEBF93AF6E0CBBDE4D84002A,18EEE9D8553BA0171A7967CEB96366864EF0E552,D380C57ADE8FF1989F67D22055CEAAD7F1689AD5,2020-09-05 05:04:31.600000,2020-09-05 05:04:32.755000
x4wltvbrurxwg4fi3lw3jsg5akdmhl65qsdofpnbtbsdgokunk6m5wid,failed,not_found,222,66F8C32B94D73B51A5D2FA079C6A09047C9ABA71,96DCD1D17C1F0FA4DED207C148E54C0A55553076,3076FB1CCEB8341322019AD26F69BFC0AA845334,303509AB910EF207B7438C27435C4A2FD579F1B1,2020-09-05 05:04:32.756000,2020-09-05 05:04:34.355000
x4wltvbrurxwg4fi3lw3jsg5akdmhl65qsdofpnbtbsdgokunk6m5wid,failed,not_found,230,66F8C32B94D73B51A5D2FA079C6A09047C9ABA71,875F74A3DC14737BECA06F8B500022154D1A29D1,51CD9DB00357405FC41AF0FA513688D02BDA0C0E,6D2D7E8FD6B730850960A3AC1B3640098E97F3AF,2020-09-05 05:04:34.356000,2020-09-05 05:04:35.379000
x4wltvbrurxwg4fi3lw3jsg5akdmhl65qsdofpnbtbsdgokunk6m5wid,failed,not_found,241,66F8C32B94D73B51A5D2FA079C6A09047C9ABA71,7E0839E88526BB0511C84FEA7015B43F4476C845,EC4AD91674B5AFECCA117A396776F120651E55BF,4B170476D09459328438F3E68ED19516C9F75A80,2020-09-05 05:04:35.380000,2020-09-05 05:04:36.198000
x4wltvbrurxwg4fi3lw3jsg5akdmhl65qsdofpnbtbsdgokunk6m5wid,failed,not_found,249,66F8C32B94D73B51A5D2FA079C6A09047C9ABA71,17ABA734572DBB1050CF3800F0DD145BAE7ED9A7,EC4AD91674B5AFECCA117A396776F120651E55BF,69ECFB731C2B0AA7B4D8746EF3504ADCB1F0A556,2020-09-05 05:04:36.199000,2020-09-05 05:04:36.811000
agwy4m6f3r54fbrgr5icfqew65myjgtahx5zz6jz5kdlajmpqbremcad,failed,not_found,212,66F8C32B94D73B51A5D2FA079C6A09047C9ABA71,3D5D6178C44537E3692853B344385F6572A55767,B9B4179840D4397197F6418595DB80CB7DBD0D7A,B9609624E26C705289E57F95E30FD88D159BD8AD,2020-09-05 05:04:31.356000,2020-09-05 05:04:32.213000
agwy4m6f3r54fbrgr5icfqew65myjgtahx5zz6jz5kdlajmpqbremcad,failed,not_found,217,66F8C32B94D73B51A5D2FA079C6A09047C9ABA71,787403EB1E2F7C9BA1B38D0389AA6719463F0F7E,81A1D777C023EBB1DEE9E7FA8735629BA8F7497C,FAE19F64F4C3B5351D95D1794CDC6A6AD0C8CB83,2020-09-05 05:04:32.213000,2020-09-05 05:04:32.988000
agwy4m6f3r54fbrgr5icfqew65myjgtahx5zz6jz5kdlajmpqbremcad,failed,not_found,224,66F8C32B94D73B51A5D2FA079C6A09047C9ABA71,A7112F8CC2F9299C72212EB0FFB85725004333B5,C49A177510CAA653DA6727BF0E07FB7F56A0F09D,5E52BEA22130598F200D05C42BB66709C24E8F67,2020-09-05 05:04:32.989000,2020-09-05 05:04:33.602000
agwy4m6f3r54fbrgr5icfqew65myjgtahx5zz6jz5kdlajmpqbremcad,failed,not_found,228,66F8C32B94D73B51A5D2FA079C6A09047C9ABA71,DC9564AE8BC7BF5F722E3677C897ED1B578C8D81,2AA5F598F9A1812F01CD99E3B59BB87362ED7438,1096D71C2EA45A68E4D3A375CAE590FBF349DEAB,2020-09-05 05:04:33.603000,2020-09-05 05:04:34.253000
agwy4m6f3r54fbrgr5icfqew65myjgtahx5zz6jz5kdlajmpqbremcad,failed,not_found,229,66F8C32B94D73B51A5D2FA079C6A09047C9ABA71,C5A1D5B7CB0D12A7B7334F2915134E6DA8F5C46D,96B70F86B45623B4EC71E8E953DCD61A05D5BAAC,A8503903F97FF27F5D1C3CA38817329F581925E6,2020-09-05 05:04:34.254000,2020-09-05 05:04:34.833000
agwy4m6f3r54fbrgr5icfqew65myjgtahx5zz6jz5kdlajmpqbremcad,failed,not_found,237,66F8C32B94D73B51A5D2FA079C6A09047C9ABA71,8E7ACAD878BBD61097C0E0D557160F5D59BCE5CA,6B5508FD5E31F98A1E74DB6B2087A93F1E0658F1,AEA8C3366E0FA2DE560E66C3B7A46C509CFF9890,2020-09-05 05:04:34.834000,2020-09-05 05:04:35.495000
urogssstf22z67n7sfmlhwxlfjtyyu4vfbffv6pyouetqjvt7p5r7vyd,failed,not_found,219,66F8C32B94D73B51A5D2FA079C6A09047C9ABA71,678CD3C34D97A32C2E574F3FBAD13711C031D004,1C84C89198911D0C8962AA65C3E4E6530075396E,04A28A62F27D9C4A60F9ED0C4264E98B988C65A3,2020-09-05 05:04:32.350000,2020-09-05 05:04:33.278000
urogssstf22z67n7sfmlhwxlfjtyyu4vfbffv6pyouetqjvt7p5r7vyd,failed,not_found,220,66F8C32B94D73B51A5D2FA079C6A09047C9ABA71,1B91B86B67317A63636FE38ABE6C4E701A2B1A99,6FBD65C22C2996B2038A090BF5E55AA7AEDEE120,7E7D257777019B80771C5F6FF63DB6D89AE5B067,2020-09-05 05:04:33.279000,2020-09-05 05:04:34.034000
urogssstf22z67n7sfmlhwxlfjtyyu4vfbffv6pyouetqjvt7p5r7vyd,failed,not_found,227,66F8C32B94D73B51A5D2FA079C6A09047C9ABA71,3239007CE1FB2ECDFDF2067DF23B949295DC5EF6,27C61AE08EBDD8B26B78992C7647D890269E9E03,067ECF198238BD14B0CFE24899475A53A94E14EC,2020-09-05 05:04:34.035000,2020-09-05 05:04:34.715000
urogssstf22z67n7sfmlhwxlfjtyyu4vfbffv6pyouetqjvt7p5r7vyd,failed,not_found,236,66F8C32B94D73B51A5D2FA079C6A09047C9ABA71,C5F214F7F9CCBF09324C9AA032760150243A196C,61B2102DB3D97F16FBB359EFE86EC6887A1B3B5A,B1080EA61CAF5763139E7B596F37FE9830311C8F,2020-09-05 05:04:34.716000,2020-09-05 05:04:35.350000
urogssstf22z67n7sfmlhwxlfjtyyu4vfbffv6pyouetqjvt7p5r7vyd,failed,not_found,239,66F8C32B94D73B51A5D2FA079C6A09047C9ABA71,1FC89C159EA0F96D52D8A7092BF938C509DB6984,62ABC3D1B0D5DE48DE4B8AF5E76D5AA8F535CCDF,58F538BA9D0B3DB802C6C8A80FC71791640DF17A,2020-09-05 05:04:35.351000,2020-09-05 05:04:36.002000
urogssstf22z67n7sfmlhwxlfjtyyu4vfbffv6pyouetqjvt7p5r7vyd,failed,not_found,246,66F8C32B94D73B51A5D2FA079C6A09047C9ABA71,DD823AFB415380A802DCAEB9461AE637604107FB,EBB799FADD615E93CA97BE5583E5EB97DD21E10F,012A63A6591CD06A0F27F78C2D604219C757185A,2020-09-05 05:04:36.002000,2020-09-05 05:04:36.882000
utcjvwalkjrh5w3rplzu6lwapbelsdauxzageknkiivzfvg23czcf7id,failed,not_found,226,66F8C32B94D73B51A5D2FA079C6A09047C9ABA71,FD3B8940B48DF57DCB571305FF11CC4195AC5D2C,87C08DDFD32C62F3C56D371F9774D27BFDBB807B,C74C79346BFB34C050CD3DF4E3C73D43A1383A60,2020-09-05 05:04:33.360000,2020-09-05 05:04:34.484000
utcjvwalkjrh5w3rplzu6lwapbelsdauxzageknkiivzfvg23czcf7id,failed,not_found,235,66F8C32B94D73B51A5D2FA079C6A09047C9ABA71,56927E61B51E6F363FB55498150A6DDFCF7077F2,3B65EEA3DDB890CF4899E675A7B138D04759FAFA,437B64831B34FF9BB915095862C12A9AA3F00027,2020-09-05 05:04:34.485000,2020-09-05 05:04:36.153000
utcjvwalkjrh5w3rplzu6lwapbelsdauxzageknkiivzfvg23czcf7id,failed,not_found,248,66F8C32B94D73B51A5D2FA079C6A09047C9ABA71,05C621B44EF6833889AE7B7E2A0B476569C47E37,9B2BC7EFD661072AFADC533BE8DCF1C19D8C2DCC,D2F16CBF1BD891968D65D44CD21507E3371279F3,2020-09-05 05:04:36.154000,2020-09-05 05:04:37.130000
utcjvwalkjrh5w3rplzu6lwapbelsdauxzageknkiivzfvg23czcf7id,failed,not_found,252,66F8C32B94D73B51A5D2FA079C6A09047C9ABA71,3A8557B067FBE53F168BBEAA7D14D1298AE52A52,B38D5CEB0B5F972D227976F0A230D8D141E71710,2BB85DC5BD3C6F0D81A4F2B5882176C6BF7ECF5A,2020-09-05 05:04:37.131000,2020-09-05 05:04:37.449000
utcjvwalkjrh5w3rplzu6lwapbelsdauxzageknkiivzfvg23czcf7id,failed,not_found,255,66F8C32B94D73B51A5D2FA079C6A09047C9ABA71,08030D75D691B04FEFCBADCD9B512DCC8DD7FC0F,87C08DDFD32C62F3C56D371F9774D27BFDBB807B,0C6CA58153400FA077EABB14773E36FD61BF0D75,2020-09-05 05:04:37.450000,2020-09-05 05:04:38.925000
utcjvwalkjrh5w3rplzu6lwapbelsdauxzageknkiivzfvg23czcf7id,failed,not_found,261,66F8C32B94D73B51A5D2FA079C6A09047C9ABA71,F0A3054C76604DC75D3F57F55C27F1BFB643F107,620D20835A448C4C8DFC0D9A3B71C62ED369E5B2,A7D34E1E4A498516360F098184EEDF8132C690D5,2020-09-05 05:04:38.925000,2020-09-05 05:04:40.794000
huuxkswekzifjfmwtoac32owlrjp7bvozpoy5cvcyoxv5ley5mkutjid,failed,not_found,231,66F8C32B94D73B51A5D2FA079C6A09047C9ABA71,CDF49DB7F5C3396542978423DF041B7218F9E3F9,F8DE8132E599A194E20DDB738AF64A7200CD5949,5EF0AAAEEE7B1282DA0DBAB94669B73E39DD51B6,2020-09-05 05:04:34.368000,2020-09-05 05:04:36.351000
huuxkswekzifjfmwtoac32owlrjp7bvozpoy5cvcyoxv5ley5mkutjid,failed,not_found,250,66F8C32B94D73B51A5D2FA079C6A09047C9ABA71,2F69F8C4DC02DD15A39BFDB4078A791D89ECEAA2,6315278A91710062D90B288199EFA06E4AAA9E8F,B63410CD48185ED34E9C6AE62D048D8A6854A5CA,2020-09-05 05:04:36.352000,2020-09-05 05:04:37.008000
huuxkswekzifjfmwtoac32owlrjp7bvozpoy5cvcyoxv5ley5mkutjid,failed,not_found,272,66F8C32B94D73B51A5D2FA079C6A09047C9ABA71,0A178D302936F209AF3DA77CCC4E3C4D5DBE11E9,6E30461718F9838BB1785C6863024308148E5344,173652F77C436F63D80208E29691738C570D4F9A,2020-09-05 05:04:37.009000,2020-09-05 05:04:44.767000
huuxkswekzifjfmwtoac32owlrjp7bvozpoy5cvcyoxv5ley5mkutjid,failed,not_found,287,66F8C32B94D73B51A5D2FA079C6A09047C9ABA71,38CC95A8CE92A591D4A5779359BEFFBA13FA1B88,BCF06E8FEC9ABE0CB7EA8008C76CF484E2ED652A,EEA500A216DAA83E7815F2C46786652935FD7351,2020-09-05 05:04:44.767000,2020-09-05 05:04:47.910000
huuxkswekzifjfmwtoac32owlrjp7bvozpoy5cvcyoxv5ley5mkutjid,failed,not_found,309,66F8C32B94D73B51A5D2FA079C6A09047C9ABA71,B61701A8E063B865643FB98574CA2B0EA976A97A,D1F2C5C820B3F96BE6144CBFB84FDDF9D0EC0810,7DC099E84AD8ACC12DE92EEF2B1A9052B15D0AF1,2020-09-05 05:04:47.911000,2020-09-05 05:04:48.640000
huuxkswekzifjfmwtoac32owlrjp7bvozpoy5cvcyoxv5ley5mkutjid,failed,not_found,318,66F8C32B94D73B51A5D2FA079C6A09047C9ABA71,6D2D7E8FD6B730850960A3AC1B3640098E97F3AF,4B68D0E5392ED6F3469A37880631353A96558631,714724B5D72158B36AC147270D5B0AE915FC1FE9,2020-09-05 05:04:48.641000,2020-09-05 05:04:49.706000
zihdnikousyzvreddraxzdvzjrwc3cx3jczwf4h5zt7yvlv6ilpnm4yd,failed,not_found,240,66F8C32B94D73B51A5D2FA079C6A09047C9ABA71,33AA6CFE161A698169B548C9D973DAE6DED6BF0E,B940AAC942E9929E673C3533F510C5261B50790C,22BCD0DFD148209C9860C7F89907AB4DEE974A08,2020-09-05 05:04:35.366000,2020-09-05 05:04:35.954000
zihdnikousyzvreddraxzdvzjrwc3cx3jczwf4h5zt7yvlv6ilpnm4yd,failed,not_found,245,66F8C32B94D73B51A5D2FA079C6A09047C9ABA71,97B7BA747B62A9962DEDCE404FF33106D4032F91,3C79699D4FBC37DE1A212D5033B56DAE079AC0EF,78378DDD015C4E1C9242A5EC41158AF1E24CF43E,2020-09-05 05:04:35.954000,2020-09-05 05:04:36.723000
zihdnikousyzvreddraxzdvzjrwc3cx3jczwf4h5zt7yvlv6ilpnm4yd,failed,not_found,243,66F8C32B94D73B51A5D2FA079C6A09047C9ABA71,BCA89124643769D36946189DBE75FFA735191D13,E87C1F09E8402E3DA073165A145F7BC8FBF79299,BD93BEE8C51C129235360A79D76CE6256FF99453,2020-09-05 05:04:36.724000,2020-09-05 05:04:37.961000
zihdnikousyzvreddraxzdvzjrwc3cx3jczwf4h5zt7yvlv6ilpnm4yd,failed,not_found,258,66F8C32B94D73B51A5D2FA079C6A09047C9ABA71,D76C32DE1D6845B9D971F300EFE7449238C4AC08,50C7B836942F14BDF1541B017CF21FD03F354E13,F27D5D7D2A1FE4DF7D826FF32174C62FF1394CA2,2020-09-05 05:04:37.961000,2020-09-05 05:04:39.683000
zihdnikousyzvreddraxzdvzjrwc3cx3jczwf4h5zt7yvlv6ilpnm4yd,failed,not_found,266,66F8C32B94D73B51A5D2FA079C6A09047C9ABA71,8F22AFDD06AA4238ADD93A8EA6FBC2BB9C652711,8EA58F28DCA60F56C6F2131BDFE9BF5FAF2233CE,098B3457ABA31AD65A3AF47F61B623E35B3FAB2D,2020-09-05 05:04:39.684000,2020-09-05 05:04:40.520000
zihdnikousyzvreddraxzdvzjrwc3cx3jczwf4h5zt7yvlv6ilpnm4yd,failed,not_found,269,66F8C32B94D73B51A5D2FA079C6A09047C9ABA71,4623A9EC53BFD83155929E56D6F7B55B5E718C24,2F69F8C4DC02DD15A39BFDB4078A791D89ECEAA2,8657358DD3076664A5989028CEB1A92F5F93C02A,2020-09-05 05:04:40.521000,2020-09-05 05:04:41.124000
lkrxw63vtmd2vy66cgyymy3xuhtrmih3c3r66vpk7fdl4nroqxqlupad,failed,not_found,251,66F8C32B94D73B51A5D2FA079C6A09047C9ABA71,B0E5AE9FD3BA34998F2595478343F463747E9F05,3BADB3EFFB87534736BFAC9A2024AB78401BDBC3,E9B3A2F0DA44AEEC2311273909C2627AFF783C5B,2020-09-05 05:04:36.363000,2020-09-05 05:04:37.773000
lkrxw63vtmd2vy66cgyymy3xuhtrmih3c3r66vpk7fdl4nroqxqlupad,failed,not_found,257,66F8C32B94D73B51A5D2FA079C6A09047C9ABA71,EC4AD91674B5AFECCA117A396776F120651E55BF,199A4BECC19888F9E307ABC19EB4312EABB2CF0F,D937890C0A73F83E42FEDE3CA8B1BA80A59A29C0,2020-09-05 05:04:37.773000,2020-09-05 05:04:40.139000
lkrxw63vtmd2vy66cgyymy3xuhtrmih3c3r66vpk7fdl4nroqxqlupad,,,,,,,96652491AAFE9B18963C08259A1A8FA9B22DEF41,2020-09-05 05:04:40.139000,
nxfmb7gamhuti7te4bifbckutc5kuhhn67t37jhrtntih46t3btapmid,failed,not_found,254,66F8C32B94D73B51A5D2FA079C6A09047C9ABA71,3239007CE1FB2ECDFDF2067DF23B949295DC5EF6,1804C06A266F0DA26DF58CD559E01C2F7C3FC42A,FD47FA4A74C2BA062EC731286930B97FA873A7D6,2020-09-05 05:04:37.355000,2020-09-05 05:04:38.252000
nxfmb7gamhuti7te4bifbckutc5kuhhn67t37jhrtntih46t3btapmid,failed,not_found,256,66F8C32B94D73B51A5D2FA079C6A09047C9ABA71,C0C3CBD893296CBA045B61104F765699158FB39E,489606DA64FD4B68A76C49386298695E6C30B5E2,43AD3376735B4A227920AD06D2D9B6970B3C75DF,2020-09-05 05:04:38.253000,2020-09-05 05:04:39.414000
nxfmb7gamhuti7te4bifbckutc5kuhhn67t37jhrtntih46t3btapmid,failed,not_found,281,66F8C32B94D73B51A5D2FA079C6A09047C9ABA71,43FF3346A3F8E4ED27F631DC956C4CD8D6173D7A,B13C2C569F3FD0C530B7D96E5FF7933DF7A0E834,10EF2F97C8D4CC9F77693C92CA88E2115C46DB70,2020-09-05 05:04:39.415000,2020-09-05 05:04:45.099000
nxfmb7gamhuti7te4bifbckutc5kuhhn67t37jhrtntih46t3btapmid,failed,not_found,326,66F8C32B94D73B51A5D2FA079C6A09047C9ABA71,B0F17A56FA8686CCB33D3F302FC40F06F463B4AE,163303F0583A1917326214379BD1AB2D286046EA,3E50CBCA98A20F637BC4551FD4F132D062DB9A51,2020-09-05 05:04:45.100000,2020-09-05 05:04:50.111000
nxfmb7gamhuti7te4bifbckutc5kuhhn67t37jhrtntih46t3btapmid,failed,not_found,330,66F8C32B94D73B51A5D2FA079C6A09047C9ABA71,F6D600CF13B3BBE2A91A0653F1EC9D00E7CB3A6B,0B58A95E539FFA6C05C010F5C1DA35FB8038E3A8,D52A160303C638D9FB03463F8A6B7934D5787F4C,2020-09-05 05:04:50.111000,2020-09-05 05:04:51.105000
nxfmb7gamhuti7te4bifbckutc5kuhhn67t37jhrtntih46t3btapmid,failed,not_found,340,66F8C32B94D73B51A5D2FA079C6A09047C9ABA71,C5B622E52654B570ADFD656AC61B74CC84BBEE95,D8A2D0080B0C73E1DC0EC9F33B497F64E5FB3F52,52C189FF01FDF7FA177D6678C34D362F7BC45E85,2020-09-05 05:04:51.106000,2020-09-05 05:04:52.063000
4huqveqd72wlyfe43cfgzslbncuqkyppqxwimzyietpn4rd6xqgc4lad,failed,not_found,259,66F8C32B94D73B51A5D2FA079C6A09047C9ABA71,22775B953E662151549C114CB8EE5FBDBCBDAD02,E11FC7C83F417808A4CDD84A5ABFC112844C477A,3C89C80E2699FB6358BBB64FDC9547AFCB5C03F7,2020-09-05 05:04:38.360000,2020-09-05 05:04:38.897000
4huqveqd72wlyfe43cfgzslbncuqkyppqxwimzyietpn4rd6xqgc4lad,failed,not_found,260,66F8C32B94D73B51A5D2FA079C6A09047C9ABA71,288C100FFA656938C23F32207CAF0DA932ECD247,24AF1603CDF4D118E1F7AEBF680C18BDA5E8F793,BF1A775B7282EC31FCAF8E38FC93D1FEC443A566,2020-09-05 05:04:38.898000,2020-09-05 05:04:39.554000
4huqveqd72wlyfe43cfgzslbncuqkyppqxwimzyietpn4rd6xqgc4lad,failed,not_found,265,66F8C32B94D73B51A5D2FA079C6A09047C9ABA71,3D615DEF97F387631F50201FAFA6E7B67FDF3FEF,3E04505D362AA324E6E4E1C8516CCD9EF4D41B9C,B35908DAB591CF268A19E85BBCDE30C0428A4CFB,2020-09-05 05:04:39.554000,2020-09-05 05:04:40.996000
4huqveqd72wlyfe43cfgzslbncuqkyppqxwimzyietpn4rd6xqgc4lad,failed,not_found,270,66F8C32B94D73B51A5D2FA079C6A09047C9ABA71,D5620540816EA48C32CBCDE17F030068A6D4CB0C,8CA736F332937E4FA0F5F48488B823F31883123C,F8D27B163B9247B232A2EEE68DD8B698695C28DE,2020-09-05 05:04:40.996000,2020-09-05 05:04:41.815000
4huqveqd72wlyfe43cfgzslbncuqkyppqxwimzyietpn4rd6xqgc4lad,failed,not_found,290,66F8C32B94D73B51A5D2FA079C6A09047C9ABA71,82ED9AEC94184EC6DD299A5CDB3378B04BB17489,963879BB424D9A637A63105D5C26A2453C2C2272,82B94663F141978FB2252A166A7FCFF0BA3A1701,2020-09-05 05:04:41.816000,2020-09-05 05:04:46.636000
4huqveqd72wlyfe43cfgzslbncuqkyppqxwimzyietpn4rd6xqgc4lad,failed,not_found,299,66F8C32B94D73B51A5D2FA079C6A09047C9ABA71,C5D29A323B1952CF783C84408804F01926139E69,6C251FA7F45E9DEDF5F69BA3D167F6BA736F49CD,EE556626236B477A40770AACDE5BB140006EFB4D,2020-09-05 05:04:46.637000,2020-09-05 05:04:47.818000
cbshdguo6i73pyo7tip5ruaszzagfjkppv7agg4tok76v5idvheawyad,failed,not_found,280,66F8C32B94D73B51A5D2FA079C6A09047C9ABA71,5DA69B086B833FC1DFCF2D9C8B9C3B03137C7EFD,D1C60F9BCF2DBA07A775978F66C9927D3A9490BB,7D9C03F812241DB08ADA96635E727A2EF7879384,2020-09-05 05:04:39.356000,2020-09-05 05:04:46.034000
cbshdguo6i73pyo7tip5ruaszzagfjkppv7agg4tok76v5idvheawyad,failed,not_found,293,66F8C32B94D73B51A5D2FA079C6A09047C9ABA71,912B7597346A74A44AD4B6068C645772B758DCB7,2AA5F598F9A1812F01CD99E3B59BB87362ED7438,1DC6E52ADB9FE4346CEFC05C6916D8B8F7F66D1C,2020-09-05 05:04:46.034000,2020-09-05 05:04:47.256000
cbshdguo6i73pyo7tip5ruaszzagfjkppv7agg4tok76v5idvheawyad,failed,not_found,302,66F8C32B94D73B51A5D2FA079C6A09047C9ABA71,614203E0A6D84AD020A17D81A02F54C9A517E130,FFA72BD683BC2FCF988356E6BEC1E490F313FB07,0BF606DE836D4C794CAFF7CA78720F8C87660998,2020-09-05 05:04:47.256000,2020-09-05 05:04:48.266000
cbshdguo6i73pyo7tip5ruaszzagfjkppv7agg4tok76v5idvheawyad,failed,not_found,312,66F8C32B94D73B51A5D2FA079C6A09047C9ABA71,D777D31F95081D0F7223AAD5F8A74977D524145D,5293A831F0EF51460B37B37C239BC975C077E920,615ABEA2DE76EB3760BC51E7306BAA59F15CD8F2,2020-09-05 05:04:48.267000,2020-09-05 05:04:49.078000
cbshdguo6i73pyo7tip5ruaszzagfjkppv7agg4tok76v5idvheawyad,failed,not_found,357,66F8C32B94D73B51A5D2FA079C6A09047C9ABA71,BCE7CD110A0CF79C327C1191E1202FDBFEB14788,AFF320BA96E4338B61A008D2CA250FFE0E23B09C,A6BBD33695A4E3C4545BA370605A4DCD87D98BEE,2020-09-05 05:04:49.079000,2020-09-05 05:04:56.336000
cbshdguo6i73pyo7tip5ruaszzagfjkppv7agg4tok76v5idvheawyad,,,,,,,E3E7491900ECA759D7FA64E6B1CCBD6AC69474D7,2020-09-05 05:04:56.337000,
t7kghxo2tnkp5jnnbvehm7jifytxlcc63b3z6tah5ahgutack2f4tmyd,failed,not_found,267,66F8C32B94D73B51A5D2FA079C6A09047C9ABA71,2AA5F598F9A1812F01CD99E3B59BB87362ED7438,A066E7983758C7CC0097E16ACF4F7B71BAFA44E9,4A4549B5B924F7FE656FEF6A9D0E1F07ACEF7778,2020-09-05 05:04:40.362000,2020-09-05 05:04:41.244000
t7kghxo2tnkp5jnnbvehm7jifytxlcc63b3z6tah5ahgutack2f4tmyd,failed,not_found,268,66F8C32B94D73B51A5D2FA079C6A09047C9ABA71,06C0E28FB10CF9AA22CECAB8D144FC9CD33F494B,8B64F593CAC2ED05C0FA703AEF50FF71925B569C,932D042323CC85A7A76404DE1725FA959BC687E4,2020-09-05 05:04:41.245000,2020-09-05 05:04:42.426000
t7kghxo2tnkp5jnnbvehm7jifytxlcc63b3z6tah5ahgutack2f4tmyd,failed,not_found,275,66F8C32B94D73B51A5D2FA079C6A09047C9ABA71,A0BA38A5AB64350CEC343872F852EDF30D941326,A70848B08F1064B44501037D40CB7C39F6039D4A,1687ECEA6D20E62CF371BA8D53B95E68788F98C1,2020-09-05 05:04:42.427000,2020-09-05 05:04:44.264000
t7kghxo2tnkp5jnnbvehm7jifytxlcc63b3z6tah5ahgutack2f4tmyd,failed,not_found,276,66F8C32B94D73B51A5D2FA079C6A09047C9ABA71,C0C3CBD893296CBA045B61104F765699158FB39E,DCAA176F75B04287131C6D78B7CFDDAC6F2691D9,AB0CC19517476E610B86FF796B703643BFE21E89,2020-09-05 05:04:44.265000,2020-09-05 05:04:45.323000
t7kghxo2tnkp5jnnbvehm7jifytxlcc63b3z6tah5ahgutack2f4tmyd,failed,not_found,286,66F8C32B94D73B51A5D2FA079C6A09047C9ABA71,CB2DBDB2D9422D57AD85148EF9511AF4CE4D6052,230A8B2A8BA861210D9B4BA97745AEC217A94207,F01AAA640FF4EA025DB8449BD61C055273B4A328,2020-09-05 05:04:45.323000,2020-09-05 05:04:45.715000
t7kghxo2tnkp5jnnbvehm7jifytxlcc63b3z6tah5ahgutack2f4tmyd,failed,not_found,292,66F8C32B94D73B51A5D2FA079C6A09047C9ABA71,2F4C603CCBBCA287B04ECAB0EB0EEC9DFCA9CED9,CC6910CF21D17C1BD68FE224CE7685BEB42558A8,63E094A5447799673C1141134058F948074EAA63,2020-09-05 05:04:45.716000,2020-09-05 05:04:47.569000
argrrxlpkmuf53jxloa7cfucwzjitkl7zlyhi4cb6ske7m2ucigkh3id,failed,not_found,271,66F8C32B94D73B51A5D2FA079C6A09047C9ABA71,431702B3A68A6015F9955DD4FD0129175B43EA0F,24E1C6412183972BFD76D838AC04D1ED261743D3,B775D37E6CA9288FD7D0C977CB55B7BEB11E0179,2020-09-05 05:04:41.363000,2020-09-05 05:04:42.756000
argrrxlpkmuf53jxloa7cfucwzjitkl7zlyhi4cb6ske7m2ucigkh3id,failed,not_found,277,66F8C32B94D73B51A5D2FA079C6A09047C9ABA71,2F9AFDE43DC8E3F05803304C01BD3DBF329169AC,B568135C5E345BAFB080C11FDDF348E545A722E5,9E624E0E5EBA3156BFDA98AC703BCFF95E9A2FF6,2020-09-05 05:04:42.756000,2020-09-05 05:04:44.278000
argrrxlpkmuf53jxloa7cfucwzjitkl7zlyhi4cb6ske7m2ucigkh3id,failed,not_found,283,66F8C32B94D73B51A5D2FA079C6A09047C9ABA71,929BB84A68198CE35E2F2828812840AF5C2CBC4A,B74DABBE248B935CDC1038CD5C9280878C8C94E7,1388AB40396F57ED95BB6036E6504CE8E0F622B8,2020-09-05 05:04:44.279000,2020-09-05 05:04:46.040000
argrrxlpkmuf53jxloa7cfucwzjitkl7zlyhi4cb6ske7m2ucigkh3id,failed,not_found,291,66F8C32B94D73B51A5D2FA079C6A09047C9ABA71,E6C04728E9339DF22F331B7017D4A7AA3F252F0B,0C3D5E19E3C75B505C8ACD26F89DCA2DF970553E,9AD12F0E3CC871D59ACA14BB4076CDD8CB28DE57,2020-09-05 05:04:46.040000,2020-09-05 05:04:46.661000
argrrxlpkmuf53jxloa7cfucwzjitkl7zlyhi4cb6ske7m2ucigkh3id,failed,not_found,301,66F8C32B94D73B51A5D2FA079C6A09047C9ABA71,1CD17CB202063C51C7DAD3BACEF87ECE81C2350F,EBE718E1A49EE229071702964F8DB1F318075FF8,049C1168996B33B2240DF6D83C35B85452CF70A6,2020-09-05 05:04:46.662000,2020-09-05 05:04:48.791000
argrrxlpkmuf53jxloa7cfucwzjitkl7zlyhi4cb6ske7m2ucigkh3id,failed,not_found,320,66F8C32B94D73B51A5D2FA079C6A09047C9ABA71,EFCCA5852D18207A7A93C13EF3460458CAAEA9D9,BF50E09EED25B82861CF95E1AAA42DCFEF53E5D1,457D6035A953805B82D2A9933EDE3A0EA4B675FE,2020-09-05 05:04:48.792000,2020-09-05 05:04:49.732000
wtgs6dwbuhteqhyclbp6vjjzucnjfpjmpbgcl5std3gcynzw56gggsad,failed,not_found,273,66F8C32B94D73B51A5D2FA079C6A09047C9ABA71,BA38C5688E103AE11F50D7188C8E5FDB4B0E5553,CBDB4CD72EA808119D3723F7CDA44AEAD683FCDA,255CF8CC68137449DEBD443797AB3D851E3065B2,2020-09-05 05:04:42.350000,2020-09-05 05:04:43.013000
wtgs6dwbuhteqhyclbp6vjjzucnjfpjmpbgcl5std3gcynzw56gggsad,failed,not_found,278,66F8C32B94D73B51A5D2FA079C6A09047C9ABA71,4FF53BC47097B50DA5B68D72C5B25CC079F4A787,F73036C92CD94D5A16DEA9E50FE4BEC2AF3DE171,CD871CADA15BD5460AB65BAD1C306AC870A6A427,2020-09-05 05:04:43.014000,2020-09-05 05:04:44.291000
wtgs6dwbuhteqhyclbp6vjjzucnjfpjmpbgcl5std3gcynzw56gggsad,failed,not_found,284,66F8C32B94D73B51A5D2FA079C6A09047C9ABA71,DC9E3C6576CC9A04AAE1C465210A972A722571A0,EF7F0E41B2748F893B8F6E49A07D7199CDFB2AC4,2659ACAA140B6845E38F189B4080817B9819EB9A,2020-09-05 05:04:44.292000,2020-09-05 05:04:46.054000
wtgs6dwbuhteqhyclbp6vjjzucnjfpjmpbgcl5std3gcynzw56gggsad,failed,not_found,295,66F8C32B94D73B51A5D2FA079C6A09047C9ABA71,F3936F97C14EFCFD18154DF4443B91FEDD071F47,7145E72C955B5A8A2CDACA6C3953BC5ECD79E102,BA39D0333CF0F2026F58D8A493168F92A016CAA1,2020-09-05 05:04:46.055000,2020-09-05 05:04:47.278000
wtgs6dwbuhteqhyclbp6vjjzucnjfpjmpbgcl5std3gcynzw56gggsad,failed,not_found,303,66F8C32B94D73B51A5D2FA079C6A09047C9ABA71,4AEC612F43A0402A55F8F196F3593CA04B0003E8,27EC018C807DFA4F46A21D69CD4535D1F30C7B5D,1A3AC11BF85CE386E19863F5CDF7769BA30E4A06,2020-09-05 05:04:47.279000,2020-09-05 05:04:47.893000
wtgs6dwbuhteqhyclbp6vjjzucnjfpjmpbgcl5std3gcynzw56gggsad,failed,not_found,305,66F8C32B94D73B51A5D2FA079C6A09047C9ABA71,8C94FAB733C8F1E6C1828946DB77699DD9AC63D7,1B91B86B67317A63636FE38ABE6C4E701A2B1A99,3F065BB0B02FB2303E144383D16C47A7DED75AE7,2020-09-05 05:04:47.894000,2020-09-05 05:04:48.574000
xsyqo3jejzr6nabz5mo5osahh7bvx4orw43wk7vdaj6aijlexixjtuqd,failed,not_found,279,66F8C32B94D73B51A5D2FA079C6A09047C9ABA71,672A56A583C658372E63ACEB43E7F791C2819548,98E793DE91D00D3BA38286D23A45133B24B799CF,A33573C935B34CD07D988E774819DF0D30359F8B,2020-09-05 05:04:43.357000,2020-09-05 05:04:44.588000
xsyqo3jejzr6nabz5mo5osahh7bvx4orw43wk7vdaj6aijlexixjtuqd,failed,not_found,282,66F8C32B94D73B51A5D2FA079C6A09047C9ABA71,0AD1E4695025248A6D7F8E32192BFCFA99B42689,5C01B2D72D75F109550963F810C2010BDA208549,E663E4851EC31BE460BC2DA3164E9BE114E73F3A,2020-09-05 05:04:44.588000,2020-09-05 05:04:46.035000
xsyqo3jejzr6nabz5mo5osahh7bvx4orw43wk7vdaj6aijlexixjtuqd,failed,not_found,294,66F8C32B94D73B51A5D2FA079C6A09047C9ABA71,C8CB48E86739937682B61B65E0D54DA224CE3FC9,CA4E9DFE87DE87E502F3B503D07EC8EFCAEE2549,ACD8C7107031AF4ACF9A2DBC69AB8903943EEA5D,2020-09-05 05:04:46.035000,2020-09-05 05:04:47.250000
xsyqo3jejzr6nabz5mo5osahh7bvx4orw43wk7vdaj6aijlexixjtuqd,failed,not_found,298,66F8C32B94D73B51A5D2FA079C6A09047C9ABA71,1424000B86DF67D1FBFF685B204073BB9591CEFD,63C6AB74A5C288C2159DDC783BB00F88AB44427C,CEC0E348E90D60EBC562F338499E1C74298F9DDA,2020-09-05 05:04:47.251000,2020-09-05 05:04:47.729000
xsyqo3jejzr6nabz5mo5osahh7bvx4orw43wk7vdaj6aijlexixjtuqd,failed,not_found,308,66F8C32B94D73B51A5D2FA079C6A09047C9ABA71,B61701A8E063B865643FB98574CA2B0EA976A97A,0A930AD7BAAF24C5773C22730EB1FBB3F02391FE,2FA4B3D4608765A35AD4EF61C02DC88973BFFF47,2020-09-05 05:04:47.730000,2020-09-05 05:04:48.424000
xsyqo3jejzr6nabz5mo5osahh7bvx4orw43wk7vdaj6aijlexixjtuqd,failed,not_found,350,66F8C32B94D73B51A5D2FA079C6A09047C9ABA71,49791A9C1CD16463868F407C3968A3DCF1E9DC49,25B694EA95F825F156C5DAE5607B3375E86C0C4E,4E737BBFCCBE45A923CE82577E99DCFFABC5BFF4,2020-09-05 05:04:48.425000,2020-09-05 05:04:53.298000
6lrr2dwzv6alk4plha2ga62ajkzj35s2vbphvzaruuiec3e3vfohjjyd,failed,not_found,285,66F8C32B94D73B51A5D2FA079C6A09047C9ABA71,F2ED5032B52021E7BADBBB82E6594F1A872FFD09,F94CCEA0042765AA7EE66BEA5B39C9E03E286EA2,9B5ED3370E002AEBB2A9B25E3213C1817CCD2D88,2020-09-05 05:04:44.358000,2020-09-05 05:04:46.055000
6lrr2dwzv6alk4plha2ga62ajkzj35s2vbphvzaruuiec3e3vfohjjyd,failed,not_found,296,66F8C32B94D73B51A5D2FA079C6A09047C9ABA71,D8B4C31E4DAF9CBC89EC13E3F5D968AD6CDC8BFD,881F09279F94E9AAD3DE30727DF3AD7C2CE900DF,144B194641D397C3C1B7C478E2BF6C21FC7B651C,2020-09-05 05:04:46.056000,2020-09-05 05:04:47.557000
6lrr2dwzv6alk4plha2ga62ajkzj35s2vbphvzaruuiec3e3vfohjjyd,failed,not_found,307,66F8C32B94D73B51A5D2FA079C6A09047C9ABA71,42B4F52C5B11E4D39855F654955425B0D5A0598B,42D47C736518BFA495CA31AEE40AE468F0BDA2A6,8E6EDA78D8E3ABA88D877C3E37D6D4F0938C7B9F,2020-09-05 05:04:47.558000,2020-09-05 05:04:48.085000
6lrr2dwzv6alk4plha2ga62ajkzj35s2vbphvzaruuiec3e3vfohjjyd,failed,not_found,311,66F8C32B94D73B51A5D2FA079C6A09047C9ABA71,AC633C90E126E0BCA96F14ECE5D222B586FA0D56,8D0697D62E9970901B4EC64D511DDF399CD19DB9,A0BD104E35D36F5630B01EB5370597EB09204C99,2020-09-05 05:04:48.085000,2020-09-05 05:04:48.792000
6lrr2dwzv6alk4plha2ga62ajkzj35s2vbphvzaruuiec3e3vfohjjyd,failed,not_found,321,66F8C32B94D73B51A5D2FA079C6A09047C9ABA71,FF15934A434D0058924C3EA028B1FBF1958BDF9F,7010EF5D1F61EC9CB65658239B8DDA0439E78ACB,AAEB6A603C1058B9D041884E42941944B915F500,2020-09-05 05:04:48.792000,2020-09-05 05:04:49.621000
6lrr2dwzv6alk4plha2ga62ajkzj35s2vbphvzaruuiec3e3vfohjjyd,failed,not_found,329,66F8C32B94D73B51A5D2FA079C6A09047C9ABA71,47C362713928A711FC105AF54993576E41CB1B7F,81EF64BD967EB7D8BB3E868BEB077698D644FE81,2DBA4CFFFD04A3EDA74A58264B4E4F351AA0F5A2,2020-09-05 05:04:49.621000,2020-09-05 05:04:50.282000
3nuomavzbwr6lf5gm6ukxkrkbzi6gyhllmd7op6ra62j66p5262v55id,failed,not_found,289,66F8C32B94D73B51A5D2FA079C6A09047C9ABA71,B872BA6804C8C6E140AE1897B44CF32B42FD2397,A4E120350425BAD920307FFA74440F95D0172302,53D9056AA6A4C568674EB37ED018C978D0348B96,2020-09-05 05:04:45.357000,2020-09-05 05:04:46.649000
3nuomavzbwr6lf5gm6ukxkrkbzi6gyhllmd7op6ra62j66p5262v55id,failed,not_found,335,66F8C32B94D73B51A5D2FA079C6A09047C9ABA71,327F5823438B8EC86EC33355C147D8455AB1C14B,00B4C1963B320818348EF45A50C1F0D92F6D259D,1A020A414D8AB25F54415C8C1E75A5562A9DD9A6,2020-09-05 05:04:46.649000,2020-09-05 05:04:51.041000
3nuomavzbwr6lf5gm6ukxkrkbzi6gyhllmd7op6ra62j66p5262v55id,failed,not_found,339,66F8C32B94D73B51A5D2FA079C6A09047C9ABA71,8E7ACAD878BBD61097C0E0D557160F5D59BCE5CA,ABC426893B642BDA2F78D7CAE99B251126F89F74,55A92BE2A76C64A5A0DB0D4F61D5DCA37B55EE52,2020-09-05 05:04:51.041000,2020-09-05 05:04:51.915000
3nuomavzbwr6lf5gm6ukxkrkbzi6gyhllmd7op6ra62j66p5262v55id,failed,not_found,344,66F8C32B94D73B51A5D2FA079C6A09047C9ABA71,B86137AE9681701901C6720E55C16805B46BD8E3,42D47C736518BFA495CA31AEE40AE468F0BDA2A6,D439FC3B5F0A81796F4622320197A90032CAE4DB,2020-09-05 05:04:51.916000,2020-09-05 05:04:52.198000
3nuomavzbwr6lf5gm6ukxkrkbzi6gyhllmd7op6ra62j66p5262v55id,failed,not_found,347,66F8C32B94D73B51A5D2FA079C6A09047C9ABA71,6974910EF995EF8B45D46285FD15FCF84347BB84,56927E61B51E6F363FB55498150A6DDFCF7077F2,8E7ACAD878BBD61097C0E0D557160F5D59BCE5CA,2020-09-05 05:04:52.199000,2020-09-05 05:04:53.056000
3nuomavzbwr6lf5gm6ukxkrkbzi6gyhllmd7op6ra62j66p5262v55id,failed,not_found,355,66F8C32B94D73B51A5D2FA079C6A09047C9ABA71,4CA64E677ECFF23B138CFE70A6A02E94BDF3A805,6974910EF995EF8B45D46285FD15FCF84347BB84,75FE5236E67FFA4A44C1152C35EAB36360E4D7DF,2020-09-05 05:04:53.057000,2020-09-05 05:04:54.142000
pvfx2dddowyaq4hgfas6mhm7lmwo577d52wvkc3ffx5sc266i2nrgxid,failed,not_found,297,66F8C32B94D73B51A5D2FA079C6A09047C9ABA71,64E257D94E739278D5954CC820C9D7EAC4E7A7B7,669BE4BBFA06BB7C77B95246F57DDF5BAFC48712,331452F317390D3C78BCD759170699E55C5570C9,2020-09-05 05:04:46.356000,2020-09-05 05:04:47.545000
pvfx2dddowyaq4hgfas6mhm7lmwo577d52wvkc3ffx5sc266i2nrgxid,failed,not_found,306,66F8C32B94D73B51A5D2FA079C6A09047C9ABA71,1119A89E729DB65839FB232A1E0F8669B0AE84DF,E65BA17239C454A82082B0B4F3DDD8D83E4FD893,6796E53160714D908B39BCB0058CF488FF940336,2020-09-05 05:04:47.546000,2020-09-05 05:04:48.267000
pvfx2dddowyaq4hgfas6mhm7lmwo577d52wvkc3ffx5sc266i2nrgxid,failed,not_found,313,66F8C32B94D73B51A5D2FA079C6A09047C9ABA71,3970FA79EC2752446D668ECD575354101C5E29AA,A6E0F950CAC74AF867CA21976069529D6D4D3E30,678E7DEE06B447E36046D16AEEC1716A13B3B33C,2020-09-05 05:04:48.268000,2020-09-05 05:04:49.215000
pvfx2dddowyaq4hgfas6mhm7lmwo577d52wvkc3ffx5sc266i2nrgxid,failed,not_found,323,66F8C32B94D73B51A5D2FA079C6A09047C9ABA71,09A70E396DE93F54D4541BBB0EC8E2B23761F34F,8A136F5D0DACBBB6D8537DA4A806C44EF7E9037B,98FB767DAD3438B187F5BC8968EC8BB57896032A,2020-09-05 05:04:49.216000,2020-09-05 05:04:50.115000
pvfx2dddowyaq4hgfas6mhm7lmwo577d52wvkc3ffx5sc266i2nrgxid,failed,not_found,331,66F8C32B94D73B51A5D2FA079C6A09047C9ABA71,0745857B06337B7F343635608975972A9EC14901,39C6F833D4B09524770D3655DF825A11213CA0A9,D74F619C74C2E601A39EBE58C8E34DFEB3BADE99,2020-09-05 05:04:50.115000,2020-09-05 05:04:50.924000
pvfx2dddowyaq4hgfas6mhm7lmwo577d52wvkc3ffx5sc266i2nrgxid,failed,not_found,336,66F8C32B94D73B51A5D2FA079C6A09047C9ABA71,BF37445EA2A9F3D04F4B87DFAC624AEF21B559D5,4E91B66561EE01B1653E1803FE53B5C400D967DB,9F7D6E6420183C2B76D3CE99624EBC98A21A967E,2020-09-05 05:04:50.925000,2020-09-05 05:04:51.336000
eglpj7noo3olrkjegzbv7zsvsujizoapyppywdpwspsr74byeyrjwmqd,failed,not_found,304,66F8C32B94D73B51A5D2FA079C6A09047C9ABA71,7E47D28F07443B57F8262E1412936B3E258694A3,C81B6B1A13CC474700D0F3FCAE9533E2BAFAC3DD,73A5A81688BD536BFBABE18630F5BD6306C9AC8E,2020-09-05 05:04:47.361000,2020-09-05 05:04:48.031000
eglpj7noo3olrkjegzbv7zsvsujizoapyppywdpwspsr74byeyrjwmqd,failed,not_found,310,66F8C32B94D73B51A5D2FA079C6A09047C9ABA71,C2F653A5CEE30C8D5713FA4AE7F75E992A479196,18CA9EA099BB9861E354D2A6FF49337A7E81C2F3,2B377FBBCDFD4A97971150C6053B99E01D4DACCB,2020-09-05 05:04:48.032000,2020-09-05 05:04:48.575000
eglpj7noo3olrkjegzbv7zsvsujizoapyppywdpwspsr74byeyrjwmqd,failed,not_found,317,66F8C32B94D73B51A5D2FA079C6A09047C9ABA71,18671DE5092C67883BFB2450C3267B92618BEC66,00B4C1963B320818348EF45A50C1F0D92F6D259D,C0585931F974D8158E6AF83A077CFBEFC234F9A1,2020-09-05 05:04:48.576000,2020-09-05 05:04:49.620000
eglpj7noo3olrkjegzbv7zsvsujizoapyppywdpwspsr74byeyrjwmqd,failed,not_found,328,66F8C32B94D73B51A5D2FA079C6A09047C9ABA71,DA91C260D6A78F748BDF17131A1F1D18443BE1EB,61F3A840F61EEFFF682C6243534ECEB09ADFE3B3,73283C4DEBC01D3E4A5FD1BB1F2B50D927379F59,2020-09-05 05:04:49.621000,2020-09-05 05:04:51.122000
eglpj7noo3olrkjegzbv7zsvsujizoapyppywdpwspsr74byeyrjwmqd,failed,not_found,373,66F8C32B94D73B51A5D2FA079C6A09047C9ABA71,96B358744E1DB0D6DBB96D32C27F91E9F695275E,2BCDDD2006A6000B8D5F6D63C7D6D200E43F8B1B,DAC825BBF05D678ABDEA1C3086E8D99CF0BBF112,2020-09-05 05:04:51.122000,2020-09-05 05:04:56.029000
eglpj7noo3olrkjegzbv7zsvsujizoapyppywdpwspsr74byeyrjwmqd,,,,,,,5262556D44A7F2434990FDE1AE7973C67DF49E58,2020-09-05 05:04:56.030000,
jarcjeuwz57ujueubtjitcsjszklcvgcenqctx33ykc3r476wec6u4id,failed,not_found,314,66F8C32B94D73B51A5D2FA079C6A09047C9ABA71,CB92FA4D7D71F134CE1F1FFF2BFF53E88DD4A1DB,96B358744E1DB0D6DBB96D32C27F91E9F695275E,1145A39EC0CE18834E67D2799E3C5D87453C5EF2,2020-09-05 05:04:48.364000,2020-09-05 05:04:48.923000
jarcjeuwz57ujueubtjitcsjszklcvgcenqctx33ykc3r476wec6u4id,failed,not_found,316,66F8C32B94D73B51A5D2FA079C6A09047C9ABA71,88F5FD94C520B22A1A5B98EC20003F046ED601DD,5DB9AE27A44EB7B476CC04A66C67A71C97A001E6,71A05B576836F54050348AA0D63185B12DBA51E3,2020-09-05 05:04:48.924000,2020-09-05 05:04:49.375000
jarcjeuwz57ujueubtjitcsjszklcvgcenqctx33ykc3r476wec6u4id,failed,not_found,325,66F8C32B94D73B51A5D2FA079C6A09047C9ABA71,FB016E16B8CD7A0E53DEEF31ED8754E4F6B8E837,10A5EFCCD2FB9C1A4AC20FB779A5DB11B58957A7,7AAF5597B18D82CC90CA95FB7976A1CEA4A32E06,2020-09-05 05:04:49.375000,2020-09-05 05:04:50.137000
jarcjeuwz57ujueubtjitcsjszklcvgcenqctx33ykc3r476wec6u4id,failed,not_found,333,66F8C32B94D73B51A5D2FA079C6A09047C9ABA71,E68CC9C2E262E01C4C71C8F66F07517B0AB5E245,0C8A49FE62B7C7DED64B7C6A941EF5240E4F3F74,EC8C36BC209BA499263E93D0826046667AAC14BA,2020-09-05 05:04:50.138000,2020-09-05 05:04:51.435000
jarcjeuwz57ujueubtjitcsjszklcvgcenqctx33ykc3r476wec6u4id,failed,not_found,361,66F8C32B94D73B51A5D2FA079C6A09047C9ABA71,1DBC55FA202FCD00B844D6E4FA7862A110714985,CE863C22AD5ABBEAF606AE35A22781C409D895E5,50586E25BE067FD1F739998550EDDCB1A14CA5B2,2020-09-05 05:04:51.436000,2020-09-05 05:04:55.122000
jarcjeuwz57ujueubtjitcsjszklcvgcenqctx33ykc3r476wec6u4id,failed,not_found,368,66F8C32B94D73B51A5D2FA079C6A09047C9ABA71,EC4AD91674B5AFECCA117A396776F120651E55BF,C6AEEC1B52CA8D973327F19317A387089A0DED56,F5EC447EC58788981F1777BF7D2E6CF4C3E12552,2020-09-05 05:04:55.122000,2020-09-05 05:04:55.635000
dfkxczizeeb7b56tcrq3mngxuomzqzxmplcjl2t6b5lhze4zjmpoieyd,failed,not_found,324,66F8C32B94D73B51A5D2FA079C6A09047C9ABA71,33D88F331408141F2A2CC563239E54E48F7A211B,537DFC2019C77FF60A0A29BEF358F7F6D6C68688,571DAD146B9FED394FDC91A05B18C5E05BC350EF,2020-09-05 05:04:49.363000,2020-09-05 05:04:50.063000
dfkxczizeeb7b56tcrq3mngxuomzqzxmplcjl2t6b5lhze4zjmpoieyd,failed,not_found,327,66F8C32B94D73B51A5D2FA079C6A09047C9ABA71,B568135C5E345BAFB080C11FDDF348E545A722E5,5293A831F0EF51460B37B37C239BC975C077E920,861BCFDD148973985E7FE97C7455C9E4AC4E13BE,2020-09-05 05:04:50.064000,2020-09-05 05:04:50.759000
dfkxczizeeb7b56tcrq3mngxuomzqzxmplcjl2t6b5lhze4zjmpoieyd,failed,not_found,337,66F8C32B94D73B51A5D2FA079C6A09047C9ABA71,8C3AD2C2AAF7F7B7E92B81F13C1A9267B39416DA,F62200459CB10450C6F1870851774874F18FCA63,6532EB51C1EA8B674F4AEFCFA31323AE4C4212E4,2020-09-05 05:04:50.760000,2020-09-05 05:04:52.059000
dfkxczizeeb7b56tcrq3mngxuomzqzxmplcjl2t6b5lhze4zjmpoieyd,failed,not_found,345,66F8C32B94D73B51A5D2FA079C6A09047C9ABA71,81A1D777C023EBB1DEE9E7FA8735629BA8F7497C,AC330D98115D6DA8A82E24469BFB03A5B365AB56,1F037215FF7FE4710BFD0507AECE33C3A7CB6277,2020-09-05 05:04:52.060000,2020-09-05 05:04:53.531000
dfkxczizeeb7b56tcrq3mngxuomzqzxmplcjl2t6b5lhze4zjmpoieyd,failed,not_found,359,66F8C32B94D73B51A5D2FA079C6A09047C9ABA71,7674C383F7F551E065E3E95BBCFC067157546A17,F6740DEABFD5F62612FA025A5079EA72846B1F67,F174EF31C85E764483F79B5E014C4D81C6F10AB3,2020-09-05 05:04:53.531000,2020-09-05 05:04:54.457000
dfkxczizeeb7b56tcrq3mngxuomzqzxmplcjl2t6b5lhze4zjmpoieyd,failed,not_found,365,66F8C32B94D73B51A5D2FA079C6A09047C9ABA71,AF4997738E0CFC014CD04FB09A670D2C5F1E79A4,A4771CB90024F1870D622960519945A3E49B40FE,ECAA097324262B60394FE6F3CD446A66A331956E,2020-09-05 05:04:54.457000,2020-09-05 05:04:55.480000
mmp55enrftxn6eaxczbcy22zqa53vtfcwafsnxflzsmhi3zskrworwad,failed,not_found,334,66F8C32B94D73B51A5D2FA079C6A09047C9ABA71,8E7ACAD878BBD61097C0E0D557160F5D59BCE5CA,2BCF1BFCB71473B78D44BCD18C8538F406DE30CD,027DCCAAA0AAC0B3F79238E60DBCBE7B5B2E4BAC,2020-09-05 05:04:50.367000,2020-09-05 05:04:50.979000
mmp55enrftxn6eaxczbcy22zqa53vtfcwafsnxflzsmhi3zskrworwad,failed,not_found,338,66F8C32B94D73B51A5D2FA079C6A09047C9ABA71,4B68D0E5392ED6F3469A37880631353A96558631,5586AB97C910C5C0C7E29C36FD2C1B0D97E0E078,5EACEBD7A3F396848F5E56B3EF028505AF80E191,2020-09-05 05:04:50.980000,2020-09-05 05:04:52.376000
mmp55enrftxn6eaxczbcy22zqa53vtfcwafsnxflzsmhi3zskrworwad,failed,not_found,349,66F8C32B94D73B51A5D2FA079C6A09047C9ABA71,462DFAD3B4C7256DC5C90BD5819A12DC448B3C03,03910F285A33F365838EC66EF2C2EF754D046760,4FE3FD67F2F06D8AD929217A357F623FC7C692D9,2020-09-05 05:04:52.377000,2020-09-05 05:04:52.942000
mmp55enrftxn6eaxczbcy22zqa53vtfcwafsnxflzsmhi3zskrworwad,failed,not_found,351,66F8C32B94D73B51A5D2FA079C6A09047C9ABA71,8C9704A8068E46CD91287DE3C332EFE2E21C685A,638D91FC9EF661348A6994D04C3499BC03F50BBE,7D41FED58481A0E594C642E74176C811778D91A6,2020-09-05 05:04:52.943000,2020-09-05 05:04:54.118000
mmp55enrftxn6eaxczbcy22zqa53vtfcwafsnxflzsmhi3zskrworwad,failed,not_found,360,66F8C32B94D73B51A5D2FA079C6A09047C9ABA71,F3936F97C14EFCFD18154DF4443B91FEDD071F47,6DE7E3CC79ED6AA0F3F5E61D4D12D3EE018C18F8,D27D76E827E92997AC6BCB3E87FF6E61EC070994,2020-09-05 05:04:54.118000,2020-09-05 05:04:54.784000
mmp55enrftxn6eaxczbcy22zqa53vtfcwafsnxflzsmhi3zskrworwad,failed,not_found,366,66F8C32B94D73B51A5D2FA079C6A09047C9ABA71,38DC78302D5CB107B6D5CCC02EE4D8773AA910DE,3DD93E6A1959804D0E36D26E83CA86E3AD3F4DE4,706B1ED9AF5CCAC90AD488AE2691B358FA598CBB,2020-09-05 05:04:54.784000,2020-09-05 05:04:55.391000
troky2svmwx62fu6juhcdwjjmj4qkjaffcsuxyfrbu4xjbjb3sibiaqd,failed,not_found,342,66F8C32B94D73B51A5D2FA079C6A09047C9ABA71,71539D1911ECB826069A4D156771AC4F9F4632A7,E5CC91BAFE7CCD68003E873D32E38027638D49D7,FB4531817DB73168B0410AD4BFEAAFE206F1A763,2020-09-05 05:04:51.368000,2020-09-05 05:04:52.060000
troky2svmwx62fu6juhcdwjjmj4qkjaffcsuxyfrbu4xjbjb3sibiaqd,failed,not_found,346,66F8C32B94D73B51A5D2FA079C6A09047C9ABA71,59C1F61668FDA4BE84DABBCF0A80EC0E530D9150,E106E06222A1D5A4833DE2C336C870DC3D379901,D14EC16949648CEE84EA1664445029EA4B597074,2020-09-05 05:04:52.061000,2020-09-05 05:04:52.584000
troky2svmwx62fu6juhcdwjjmj4qkjaffcsuxyfrbu4xjbjb3sibiaqd,failed,not_found,352,66F8C32B94D73B51A5D2FA079C6A09047C9ABA71,C6E3910CBADCA6D2D7E932AB31A038EDD6A6FB79,494E8307AE921E46CCD20BD91C4FACEA8E3CCC5F,7863A1C08114FF834E9C38990D6B2EA8AB3749FE,2020-09-05 05:04:52.584000,2020-09-05 05:04:54.189000
troky2svmwx62fu6juhcdwjjmj4qkjaffcsuxyfrbu4xjbjb3sibiaqd,failed,not_found,362,66F8C32B94D73B51A5D2FA079C6A09047C9ABA71,6521A3AEF9AC4B83361411F769EEDCBAB124F162,4B68D0E5392ED6F3469A37880631353A96558631,86FBA753C8D25653E086B98FFF8AA084F862DB67,2020-09-05 05:04:54.189000,2020-09-05 05:04:55.159000
troky2svmwx62fu6juhcdwjjmj4qkjaffcsuxyfrbu4xjbjb3sibiaqd,failed,not_found,370,66F8C32B94D73B51A5D2FA079C6A09047C9ABA71,088A6237EED87EDEB0E1E3AD0A4A419F963F0787,6DFEB41C04CCE846871338E85DD5ACF5CFB6C1DD,DB7CCCF4C8FCAD445379523C8D3D4F50F4FCE57B,2020-09-05 05:04:55.160000,2020-09-05 05:04:56.145000
troky2svmwx62fu6juhcdwjjmj4qkjaffcsuxyfrbu4xjbjb3sibiaqd,,,,,,,225A8EA367DF3073433E0A845DDDA26D2357E4C6,2020-09-05 05:04:56.146000,
4hgv6ikujkkn2tybkgttq6r7qhidydlksg26tngurliwhnnifr4nykid,failed,not_found,348,66F8C32B94D73B51A5D2FA079C6A09047C9ABA71,3F65766ADE067D9D08920E3B74DAB9040EDD26B2,6FBD65C22C2996B2038A090BF5E55AA7AEDEE120,1E5618C079D74CF9AE0C5370DE4C6E1AFD5C0B39,2020-09-05 05:04:52.363000,2020-09-05 05:04:53.040000
4hgv6ikujkkn2tybkgttq6r7qhidydlksg26tngurliwhnnifr4nykid,failed,not_found,353,66F8C32B94D73B51A5D2FA079C6A09047C9ABA71,E6D4332BF40FDEE7814F2DBC926650EF8032B643,D1AD15805646EAE6938F1842619F8EF0029089FC,64E1231D87844BB5861A9D3ED4FDDF93B4A76704,2020-09-05 05:04:53.041000,2020-09-05 05:04:54.393000
4hgv6ikujkkn2tybkgttq6r7qhidydlksg26tngurliwhnnifr4nykid,failed,not_found,364,66F8C32B94D73B51A5D2FA079C6A09047C9ABA71,E3C4270F3D83B8E2AAFD911716D8FC9A904A821E,9413E5D74EFDCA7C36FCA9664B98C48C93FE33C7,1D3174338A1131A53E098443E76E1103CDED00DC,2020-09-05 05:04:54.393000,2020-09-05 05:04:55.038000
4hgv6ikujkkn2tybkgttq6r7qhidydlksg26tngurliwhnnifr4nykid,failed,not_found,367,66F8C32B94D73B51A5D2FA079C6A09047C9ABA71,776FCB8F73F8D84407F5AF2460A75F9EEC982EB3,870D9148A25F84C138F72DC647ABC390ED34383B,7406D96722FBFE1D9B1AB432BBBD705D81CA7738,2020-09-05 05:04:55.038000,2020-09-05 05:04:55.873000
4hgv6ikujkkn2tybkgttq6r7qhidydlksg26tngurliwhnnifr4nykid,,,,,,,1D04FF920CE804CE357FE62C665901C578BC26D6,2020-09-05 05:04:55.874000,
4dghzhsxujbzniyac3xpenx3wssniljxwlvh4lzoinoo65oen6rdxyqd,failed,not_found,356,66F8C32B94D73B51A5D2FA079C6A09047C9ABA71,2096BCFEBB95A1134F39FCF8CEB076FF41A2B48B,C1A792D0F70DFEFDCE0D9C70A9CE5ACA095693CA,38D08218624083D2A5AFAA161CFD62F7DB0231A4,2020-09-05 05:04:53.370000,2020-09-05 05:04:53.894000
4dghzhsxujbzniyac3xpenx3wssniljxwlvh4lzoinoo65oen6rdxyqd,failed,not_found,358,66F8C32B94D73B51A5D2FA079C6A09047C9ABA71,ACF8FC6C14032A045B44F6B98525EE5C0472DD50,24B1DF80768332990BA8F1230BA41D95D82D52BD,BF14EC4ED46C8AD56FBBF58694D88F018F316A6F,2020-09-05 05:04:53.894000,2020-09-05 05:04:55.135000
4dghzhsxujbzniyac3xpenx3wssniljxwlvh4lzoinoo65oen6rdxyqd,failed,not_found,369,66F8C32B94D73B51A5D2FA079C6A09047C9ABA71,00B4C1963B320818348EF45A50C1F0D92F6D259D,D8EA105E79803FB0040A8C2A676D93DAEA2CFFF0,1E7FE364A814340CBD79AA2B3365E718D3B1A67C,2020-09-05 05:04:55.135000,2020-09-05 05:04:55.862000
4dghzhsxujbzniyac3xpenx3wssniljxwlvh4lzoinoo65oen6rdxyqd,,,,,,,861BCFDD148973985E7FE97C7455C9E4AC4E13BE,2020-09-05 05:04:55.863000,
hvcmgcje3scvsp63hdig67ypucemvzbakwt7k25sicmcncypa52ohtid,failed,not_found,363,66F8C32B94D73B51A5D2FA079C6A09047C9ABA71,213F2B4AB09EE6FF8CA21B804B2E1BD8835088D3,0B841CB70F9ED1FD0322C2BA2EB0D80420D87CFA,A016192D0A87FC9354A7523A211BBD9CF859708B,2020-09-05 05:04:54.361000,2020-09-05 05:04:55.479000
hvcmgcje3scvsp63hdig67ypucemvzbakwt7k25sicmcncypa52ohtid,failed,not_found,372,66F8C32B94D73B51A5D2FA079C6A09047C9ABA71,E087F6FBA148F8BB6A520CEF08FA5BF324828B22,42B4F52C5B11E4D39855F654955425B0D5A0598B,1BA2F9436C0018A4B52625D071B72F648522B748,2020-09-05 05:04:55.480000,2020-09-05 05:04:56.235000
hvcmgcje3scvsp63hdig67ypucemvzbakwt7k25sicmcncypa52ohtid,,,,,,,EAD55050858426172B16017918BB21349ACEA913,2020-09-05 05:04:56.236000,
6awozk5ui7mtte2v664bbrylcmq2lvkc2gjnna5gvpyzx35pfcmln2yd,failed,not_found,371,66F8C32B94D73B51A5D2FA079C6A09047C9ABA71,4B351545DD58473F36B0A20E5500AC6ED51E8CD5,91517F219F7648E4B8BBF3C162C77DDC55315612,064D3C4CC1B854839B0979FE1C2F05ABAB7F9D68,2020-09-05 05:04:55.364000,2020-09-05 05:04:55.991000
6awozk5ui7mtte2v664bbrylcmq2lvkc2gjnna5gvpyzx35pfcmln2yd,,,,,,,4D79169638B5DAF821B30624725FD3418F850ADE,2020-09-05 05:04:55.991000,
66aq4wvcpztvvxbtmvplsnihjtzlnzy6hysccq6wglyfqcfz34taveyd,,,,,,,276AE7A0E974FC96B0933F1DA8FD51FD3BA59944,2020-09-05 05:04:56.358000,
