addr,status,reason,circ,guard_fp,middle_fp,exit_fp,hsdir_fp,start,end
u3uwuwikt7j2g5je,failed,not_found,6,A2E6BB5C391CD46B38C55B4329C35304540771F1,0B58A95E539FFA6C05C010F5C1DA35FB8038E3A8,B1080EA61CAF5763139E7B596F37FE9830311C8F,450AB46ADFD541B3905A5C6140BC53EB8C68C9A5,2020-09-26 10:52:29.509000,2020-09-26 10:52:30.781000
u3uwuwikt7j2g5je,failed,not_found,,,,,B4969260F76BE3F145E90AF053B569D9B441E281,2020-09-26 10:52:30.781000,2020-09-26 10:52:31.205000
u3uwuwikt7j2g5je,failed,not_found,9,A2E6BB5C391CD46B38C55B4329C35304540771F1,6A35EE13D4354FF0A03374C063B10290614BB6A9,F94A7BAC5D1E3D9372437141E10695A625B8B533,B4598727C0B2A1313AB9DE822EDC6ECFDCC78FC0,2020-09-26 10:52:31.206000,2020-09-26 10:52:31.942000
u3uwuwikt7j2g5je,failed,not_found,14,A2E6BB5C391CD46B38C55B4329C35304540771F1,8B51EF7AD52443F873211BF86C7D789406D59F2F,E8466E02C893B9A6602A251CCEA100F252E25B4B,451C144A35AAD47AF91FCE3021B4B982F6811335,2020-09-26 10:52:31.942000,2020-09-26 10:52:33.811000
u3uwuwikt7j2g5je,failed,not_found,57,A2E6BB5C391CD46B38C55B4329C35304540771F1,D5C6F62A5D1B3C711CA5E6F9D3772A432E96F6C2,58332DDDA15415CB3D13F5ECA3D54BE961B8C458,B48AC5F547DBB847EFB88480BFB86D41211ED617,2020-09-26 10:52:33.812000,2020-09-26 10:52:38.800000
u3uwuwikt7j2g5je,failed,not_found,108,A2E6BB5C391CD46B38C55B4329C35304540771F1,733CB01BFBABADA6AC5C363C4449D7D563C794C1,8679CBAFD3F447F9E9CD05A5701501248C24AA4F,4507C2582CBFE28735785981F045C542323EADBB,2020-09-26 10:52:38.801000,2020-09-26 10:52:39.584000
olbgfy3gd2skhehq,failed,not_found,,,,,C7B6A1B76B6476DB3DA8C960E262CC7425B5C5F8,2020-09-26 10:52:30.504000,2020-09-26 10:52:30.955000
olbgfy3gd2skhehq,failed,not_found,7,A2E6BB5C391CD46B38C55B4329C35304540771F1,AE95BDA37A5BB4685FEBB7F06649D6CE949B5316,18B160CD5E22BFC345AEE7BA84B7EA45BF457FCA,96CAA917F65BCD62CECD236F67652BFD7C69E52E,2020-09-26 10:52:30.956000,2020-09-26 10:52:31.515000
olbgfy3gd2skhehq,failed,not_found,10,A2E6BB5C391CD46B38C55B4329C35304540771F1,5856DB884578915E7C7A0B7B11E4145B1D2A4E2B,5DB9AE27A44EB7B476CC04A66C67A71C97A001E6,C7B5E3D50D91EF0F7B6C65A2270A22B2A7DDAC71,2020-09-26 10:52:31.516000,2020-09-26 10:52:32.275000
olbgfy3gd2skhehq,failed,not_found,15,A2E6BB5C391CD46B38C55B4329C35304540771F1,539572FE3430A83E8F502052FC7E178E20A07EE0,99339F3E68BCCC1391BF14C821D80766FE0C5956,C7B06598721344ECA8F31BE89CAFB642FEA57548,2020-09-26 10:52:32.275000,2020-09-26 10:52:32.811000
olbgfy3gd2skhehq,failed,not_found,18,A2E6BB5C391CD46B38C55B4329C35304540771F1,7E65527BBA5AF598471999BB36734CA6FE389A8C,1D54F7CCB7C7A185EE8AA5616C079DD923EB57F2,96B358744E1DB0D6DBB96D32C27F91E9F695275E,2020-09-26 10:52:32.812000,2020-09-26 10:52:34.352000
olbgfy3gd2skhehq,failed,not_found,26,A2E6BB5C391CD46B38C55B4329C35304540771F1,BE9B12FAAB7429842D643E2308390ECD8961E0A1,B8E514ADDC653D61DE1FCB67821BB0303778782F,96CFE178A1D12489D9D59A0CAE17FE86F5A3A79F,2020-09-26 10:52:34.353000,2020-09-26 10:52:35.170000
cflareki4v3lh674hq55k3n7xd4ibkwx3pnw67rr3gkpsonjmxbktxyd,received,,8,A2E6BB5C391CD46B38C55B4329C35304540771F1,A6277ACC55DB0A488F615B9672427E0DD1B4F87C,221546DAE86B003139B13BD6F6AE1B4B42B59DF8,21AC6EF15C86641CE623B8A08D64144BCAC14AEC,2020-09-26 10:52:31.165000,2020-09-26 10:52:31.898000
y5i552k7iylysxzi,failed,not_found,11,A2E6BB5C391CD46B38C55B4329C35304540771F1,EAB20BD4083C820EC8329ED5AEBF12019A7749F3,890480E14E634C8B4467C475E355A6FBF3D99CD5,7A3E534C033E3836BD5AF223B642853C502AB33A,2020-09-26 10:52:32.179000,2020-09-26 10:52:32.645000
y5i552k7iylysxzi,failed,not_found,16,A2E6BB5C391CD46B38C55B4329C35304540771F1,AED04C65D2D0D70DB2932D7D5A0BA58169168CC1,5F0BFF8BF2C7528E41DB149245F4736C75CC7779,5127811F9CABFE48BCD5E70698F8CEDA07AA6E0B,2020-09-26 10:52:32.645000,2020-09-26 10:52:33.251000
y5i552k7iylysxzi,failed,not_found,21,A2E6BB5C391CD46B38C55B4329C35304540771F1,82ED9AEC94184EC6DD299A5CDB3378B04BB17489,E1DE607E31C2C0FB6F8FC959BF7B58CE35D95990,51142A1DF64451C7750ECB85788364A68A07CEC2,2020-09-26 10:52:33.252000,2020-09-26 10:52:34.390000
y5i552k7iylysxzi,failed,not_found,35,A2E6BB5C391CD46B38C55B4329C35304540771F1,722BA3958D6F4B9A7CE927001CE7FED8625A749E,E0C1C9EA1A66B033BB4DAB5EFD4819044605EE54,510F14B2EFFA8CA4131F09081CD6982C614EA508,2020-09-26 10:52:34.390000,2020-09-26 10:52:41.885000
y5i552k7iylysxzi,failed,not_found,156,A2E6BB5C391CD46B38C55B4329C35304540771F1,F0364DBC2E4221405354433B65503E816D887C01,EA3616A0B9BBBDC74121D8D6F01EABDDCF6BE35D,7A6EC43FD4CD5990230FCE48EC37AFC578E36CE6,2020-09-26 10:52:41.885000,2020-09-26 10:52:42.974000
y5i552k7iylysxzi,failed,not_found,186,A2E6BB5C391CD46B38C55B4329C35304540771F1,D64D25D465B9D145320E5A4A32BB45B53BFDA06F,3CCF9573F59137E52787D9C322AC19D2BD090B70,7A6873B86D82BC8B4F0E790828626107820F7B9E,2020-09-26 10:52:42.974000,2020-09-26 10:52:43.845000
tsjmqqg32fvp2c3l,,,,,,,9F5068310818ED7C70B0BC4087AB55CB12CB4377,2020-09-26 10:52:33.243000,
vxwlosbkhq2aanhn,failed,not_found,17,A2E6BB5C391CD46B38C55B4329C35304540771F1,16324C89132BE14F19E13FD6EB3226FC5AE3F059,8E7ACAD878BBD61097C0E0D557160F5D59BCE5CA,F4B2C30D7EE708D5129141F7796ACFD11B0165F3,2020-09-26 10:52:33.508000,2020-09-26 10:52:34.877000
vxwlosbkhq2aanhn,failed,not_found,42,A2E6BB5C391CD46B38C55B4329C35304540771F1,BF0FB582E37F738CD33C3651125F2772705BB8E8,44BD70C13DAA7513D6F47773804178B009F21ED5,F4A376F2DCF40A4E14417C07A3EC5F9AA83E40A0,2020-09-26 10:52:34.878000,2020-09-26 10:52:35.626000
vxwlosbkhq2aanhn,failed,not_found,50,A2E6BB5C391CD46B38C55B4329C35304540771F1,070229A4CC2CFFB24EB667298A7DB5E8D11EB701,8111FEB45EF2950EB8F84BFD8FF070AB07AEE9DD,F4A4D78F16E9A0353AD5BBEF4632C7022E20FB20,2020-09-26 10:52:35.626000,2020-09-26 10:52:36.355000
vxwlosbkhq2aanhn,failed,not_found,62,A2E6BB5C391CD46B38C55B4329C35304540771F1,79E3B585803DE805CCBC00C1EF36B1E74372861D,C3D92B0696196558E784EF7252A5370192720BE5,36D68478366CB8627866757EBCE7FB3C17FC1CB8,2020-09-26 10:52:36.356000,2020-09-26 10:52:37.116000
vxwlosbkhq2aanhn,failed,not_found,74,A2E6BB5C391CD46B38C55B4329C35304540771F1,9AD3DB628164C1E3D77D9DF9D79327B3DF4260FA,F7ABE09CC2E346FEA7B2D8DA21651C6A79717A1B,36BABBBC06E2BF9D2C992371324B95B812E10A40,2020-09-26 10:52:37.117000,2020-09-26 10:52:38.610000
vxwlosbkhq2aanhn,failed,not_found,102,A2E6BB5C391CD46B38C55B4329C35304540771F1,FA5F1AB3468F808B2FB05F2155C0481A3532C787,A4DEEE8F4467621C0A3CB7F4E25CB6F7A11FAEE4,36EE8D47E570B8D5515460A9972F3CFD9EDFDFCE,2020-09-26 10:52:38.610000,2020-09-26 10:52:40.042000
uhf2gildpczqxcx6,failed,not_found,37,A2E6BB5C391CD46B38C55B4329C35304540771F1,E4A7CF32D1EC81521E234C8BF46384E75838A8D7,0FE31E8B143BCA123905993356D1DE49C715E455,DF81D831D4FF686F52C9ACAA9EB5711F95BF4DD4,2020-09-26 10:52:34.517000,2020-09-26 10:52:35.598000
uhf2gildpczqxcx6,failed,not_found,48,A2E6BB5C391CD46B38C55B4329C35304540771F1,3E04505D362AA324E6E4E1C8516CCD9EF4D41B9C,81E18725397D620DA548ABBE24D9CD263DEF2FDC,DF86098968BBCD963E38E03FC3FC1837EF667C13,2020-09-26 10:52:35.598000,2020-09-26 10:52:36.320000
uhf2gildpczqxcx6,failed,not_found,53,A2E6BB5C391CD46B38C55B4329C35304540771F1,DA8D76F5F5819693B5C96F499BA19F7404014769,0C6D3655763B1A3A60FC42135CD60765AFE953BA,DFA40306BEA6EAF28CEF4AFED473A2877A90F9B5,2020-09-26 10:52:36.321000,2020-09-26 10:52:36.598000
uhf2gildpczqxcx6,failed,not_found,67,A2E6BB5C391CD46B38C55B4329C35304540771F1,0CC18E42E5ECADFE76862CE2EB7189EFA17A11FD,ABCD041C95994C8F82DE4DB464C9A778736A9BF6,412767ECB0CEF7DCBAF8748DDBA8575860DD6782,2020-09-26 10:52:36.599000,2020-09-26 10:52:41.755000
uhf2gildpczqxcx6,failed,not_found,152,A2E6BB5C391CD46B38C55B4329C35304540771F1,A1B7C1F83E5DA4376FD2E1DBA7AC28A71AB332AD,BF37445EA2A9F3D04F4B87DFAC624AEF21B559D5,410118E874D2263F1CDCD567F81875A8E38B2B3C,2020-09-26 10:52:41.755000,2020-09-26 10:52:42.343000
uhf2gildpczqxcx6,failed,not_found,170,A2E6BB5C391CD46B38C55B4329C35304540771F1,5DB9AE27A44EB7B476CC04A66C67A71C97A001E6,B0B26AEDB0D1E21EA8E06530CAAD953B464286FB,40E7D6CE5085E4CDDA31D51A29D1457EB53F12AD,2020-09-26 10:52:42.343000,2020-09-26 10:52:43.107000
b2osdgrkvezpkz42,failed,not_found,39,A2E6BB5C391CD46B38C55B4329C35304540771F1,86D924EDE1498B4E1DD08D2260F3E9FE454012E1,56927E61B51E6F363FB55498150A6DDFCF7077F2,FC077C25B8DBB3132D397D7DF03C92BFC14C9D76,2020-09-26 10:52:35.510000,2020-09-26 10:52:35.981000
b2osdgrkvezpkz42,failed,not_found,55,A2E6BB5C391CD46B38C55B4329C35304540771F1,722BA3958D6F4B9A7CE927001CE7FED8625A749E,050F3C8225623E846A2056ABBC3EF8292CAC2487,046F2D59A85FAE693676A87533717C57436261C2,2020-09-26 10:52:35.982000,2020-09-26 10:52:37.143000
b2osdgrkvezpkz42,failed,not_found,76,A2E6BB5C391CD46B38C55B4329C35304540771F1,11ABDB4D0B944F186A898560CB82C70439957DCA,0C6D3655763B1A3A60FC42135CD60765AFE953BA,FC33CA0B739EB8290180C7D22A536726B8EE90E4,2020-09-26 10:52:37.143000,2020-09-26 10:52:38.148000
b2osdgrkvezpkz42,failed,not_found,92,A2E6BB5C391CD46B38C55B4329C35304540771F1,9AB93B5422149E5DFF4BE6A3814E2F6D9648DB6A,ECD0056646689244CF2BC52FE158A24E037ED227,FC1E441E097BA36930AA2F615EFB325AF76D2595,2020-09-26 10:52:38.148000,2020-09-26 10:52:38.740000
b2osdgrkvezpkz42,failed,not_found,104,A2E6BB5C391CD46B38C55B4329C35304540771F1,4E41B00F930F3E72530F339EF4C911CE97D2AE9E,E14B30A83FF80C576B2EC0F2C8A5F29D41B8DC8E,0443D98C0C44D3E0E6238790345DB5624DB41B28,2020-09-26 10:52:38.740000,2020-09-26 10:52:40.825000
b2osdgrkvezpkz42,failed,not_found,130,A2E6BB5C391CD46B38C55B4329C35304540771F1,ED3ACBBB89C5F1597A44A65D2FA203BDB8E208F2,B872BA6804C8C6E140AE1897B44CF32B42FD2397,0451F142D2EF187FABB9A9A17725DA6C51BA3978,2020-09-26 10:52:40.825000,2020-09-26 10:52:41.362000
hla64g5xu6l6p4m2,failed,not_found,65,A2E6BB5C391CD46B38C55B4329C35304540771F1,066735D43FB476FA64578C5D829E176DF53E5A00,7260949459C2D4D4A5ABC3AC10C1AD6939E6525C,1099983E2C5C3ECDAD0B7D5AABD2AC6BF2CBBF70,2020-09-26 10:52:36.520000,2020-09-26 10:52:37.178000
hla64g5xu6l6p4m2,failed,not_found,78,A2E6BB5C391CD46B38C55B4329C35304540771F1,DA4B488C2826DFBBD04D635DA1E71A2BA5B20747,9B2BC7EFD661072AFADC533BE8DCF1C19D8C2DCC,A567FF5DC72A21A6B7120609E51E76C49517EF41,2020-09-26 10:52:37.178000,2020-09-26 10:52:37.811000
hla64g5xu6l6p4m2,failed,not_found,69,A2E6BB5C391CD46B38C55B4329C35304540771F1,A320D06B475E983DE7B2FB0A4799E04F6E5F953D,A3E7A4395E7C1F30692018E4FB0980B103E38488,A56A0120A21557832000D5C68FCD7DE08E82A3B0,2020-09-26 10:52:37.811000,2020-09-26 10:52:39.232000
hla64g5xu6l6p4m2,failed,not_found,106,A2E6BB5C391CD46B38C55B4329C35304540771F1,2F26D43258285FEB39E4320888DFAFA8A0D20E11,66C102FA5DDF48C9EEEB048C1630933B66C50ECC,A56BBAB73AC7EF6BCED53E4501B2447DC93617A0,2020-09-26 10:52:39.233000,2020-09-26 10:52:40.698000
hla64g5xu6l6p4m2,failed,not_found,126,A2E6BB5C391CD46B38C55B4329C35304540771F1,0D7C69551F9186DB589BDF00858314AC136A33DA,B76A047C20D3E4F9B5A64428298DA55A90D62472,10A5EFCCD2FB9C1A4AC20FB779A5DB11B58957A7,2020-09-26 10:52:40.698000,2020-09-26 10:52:41.299000
hla64g5xu6l6p4m2,failed,not_found,141,A2E6BB5C391CD46B38C55B4329C35304540771F1,462F4983DFBFB4E557706843093C9B497A23DF92,06B308F54B4A779D74B30536964182A09C08AB8F,10B689D11CDCB8EB74BF394880508C975058C608,2020-09-26 10:52:41.299000,2020-09-26 10:52:42.698000
3pw7fse57xx4uuve,failed,not_found,80,A2E6BB5C391CD46B38C55B4329C35304540771F1,547C1CDB516798EC66A01F04A5884DCE1A151919,3E3CBA3F2870CE76A41D3E97A8D838AA703586E3,C804BE8FB1C7C42D43C4A5E2039E77AA0FF3A8B4,2020-09-26 10:52:37.524000,2020-09-26 10:52:38.134000
3pw7fse57xx4uuve,failed,not_found,84,A2E6BB5C391CD46B38C55B4329C35304540771F1,E013D74009BC7D03CD4BAFAD011CFBB93C63563C,A0DFB31231C718829FA18EAB4D0CD51DEDBAE08C,C82A233A89DC3D94CF321E1622D9A538E126C216,2020-09-26 10:52:38.134000,2020-09-26 10:52:38.585000
3pw7fse57xx4uuve,failed,not_found,100,A2E6BB5C391CD46B38C55B4329C35304540771F1,A99B0D9E5FD5BC3C8F2D006EC91F8C7F40E09CB8,EEDF0AF1F892C82F056063827B47283CC9AEAA41,C841357CFA0F2CE96692EF21D515D6BF0B017036,2020-09-26 10:52:38.586000,2020-09-26 10:52:41.517000
3pw7fse57xx4uuve,failed,not_found,145,A2E6BB5C391CD46B38C55B4329C35304540771F1,0FE31E8B143BCA123905993356D1DE49C715E455,33D88F331408141F2A2CC563239E54E48F7A211B,B17D1E57061D7C4772E939DEC47D25D3EC4687A3,2020-09-26 10:52:41.517000,2020-09-26 10:52:42.329000
3pw7fse57xx4uuve,failed,not_found,168,A2E6BB5C391CD46B38C55B4329C35304540771F1,4E81EA3528D6FB79B10B0F11C6FC96CE1C060021,648E97719EDEC4F0E08F1CEB8D24F2C8F587344C,B187399E2708155968A8375B83042767F69F21F0,2020-09-26 10:52:42.329000,2020-09-26 10:52:42.975000
3pw7fse57xx4uuve,failed,not_found,187,A2E6BB5C391CD46B38C55B4329C35304540771F1,85041E7C5DF043B03F2C19421998F1751C002E49,EFE48A6A2A02B68D1767C13B9646FA62EA8310B2,B1A0F1143789466AADD5FAE5948C8138548EECEC,2020-09-26 10:52:42.975000,2020-09-26 10:52:44.481000
mek33xdwmyafngwf,failed,not_found,96,A2E6BB5C391CD46B38C55B4329C35304540771F1,375DCBB2DBD94E5263BC0C015F0C9E756669617E,2CD5474E33D12629156B92FBD61FAAB22D07B0F7,CCAA620D5CAB34CE95FE3C863D9E6520C07451D8,2020-09-26 10:52:38.517000,2020-09-26 10:52:40.168000
mek33xdwmyafngwf,failed,not_found,117,A2E6BB5C391CD46B38C55B4329C35304540771F1,1188DC549FDF5E8054E1FE8C789A632CD1872F7E,2507E6A97AC52DC09FA519D31340156EEC626A5B,CCA9745D141283864DA50C05A09565FAE1805EC8,2020-09-26 10:52:40.169000,2020-09-26 10:52:40.835000
mek33xdwmyafngwf,failed,not_found,132,A2E6BB5C391CD46B38C55B4329C35304540771F1,861BCFDD148973985E7FE97C7455C9E4AC4E13BE,39CF2F22E5018C01FD57DEB1AB8FDFA4592633FB,CC94399E90E965BA78BEB22FD4E7836578CB3CDB,2020-09-26 10:52:40.836000,2020-09-26 10:52:41.918000
mek33xdwmyafngwf,failed,not_found,158,A2E6BB5C391CD46B38C55B4329C35304540771F1,36BABBBC06E2BF9D2C992371324B95B812E10A40,5944BE10FF49A3CFC865D2F0700394C2877F197D,82E988DADF83051ECE69D64AFC47662788D8AA1F,2020-09-26 10:52:41.919000,2020-09-26 10:52:43.251000
mek33xdwmyafngwf,failed,not_found,196,A2E6BB5C391CD46B38C55B4329C35304540771F1,E36536404200A74930DB165858BD5BB554D2BEA2,E1A245B3A64D426870B653A62BE1D87C39910022,8310506FEB8DA98EAE0C30F65413B4E20B6BE3E0,2020-09-26 10:52:43.252000,2020-09-26 10:52:45.546000
mek33xdwmyafngwf,failed,not_found,248,A2E6BB5C391CD46B38C55B4329C35304540771F1,7355A4A20BA4C083C921464302108C121BAC7EF2,3A9443710224E5182895C342D1D36C1D460A1206,82ED9AEC94184EC6DD299A5CDB3378B04BB17489,2020-09-26 10:52:45.546000,2020-09-26 10:52:46.499000
haoxixhpvzryh2ij,failed,not_found,113,A2E6BB5C391CD46B38C55B4329C35304540771F1,230A8B2A8BA861210D9B4BA97745AEC217A94207,8B51EF7AD52443F873211BF86C7D789406D59F2F,1F509589F7F70B69A38719A201451CF4B70F89C6,2020-09-26 10:52:39.517000,2020-09-26 10:52:43.182000
haoxixhpvzryh2ij,failed,not_found,181,A2E6BB5C391CD46B38C55B4329C35304540771F1,9171E15EBF665768F8EFAE2271D47D922C4EED46,0677DF0B05ECDA2EF45F26C3332731043BB89AB8,1F41A5EFA69442AD49635074833945523A7D2145,2020-09-26 10:52:43.183000,2020-09-26 10:52:43.824000
haoxixhpvzryh2ij,failed,not_found,207,A2E6BB5C391CD46B38C55B4329C35304540771F1,8FD3BAF5E14EBE1124D6253D59882AFE1C2B9B8E,88A18960AF7735FD4489374AC411FBBFE9743A20,1F4105C688E835A56AF3D66C787677B57240FFA2,2020-09-26 10:52:43.824000,2020-09-26 10:52:44.708000
haoxixhpvzryh2ij,failed,not_found,229,A2E6BB5C391CD46B38C55B4329C35304540771F1,0A592CE8A53AECDF9130D37245C6460B238728DF,46E0487EEEFD694CE625CC6E12D032395C01DB82,2FA4B3D4608765A35AD4EF61C02DC88973BFFF47,2020-09-26 10:52:44.708000,2020-09-26 10:52:45.554000
haoxixhpvzryh2ij,failed,not_found,323,A2E6BB5C391CD46B38C55B4329C35304540771F1,BC7ACFAC04854C77167C7D66B7E471314ED8C410,2BAF092E8667C00CA3D9686C76D8EC3CC6BC7C5B,2F9AFDE43DC8E3F05803304C01BD3DBF329169AC,2020-09-26 10:52:45.555000,2020-09-26 10:52:50.636000
haoxixhpvzryh2ij,failed,not_found,384,A2E6BB5C391CD46B38C55B4329C35304540771F1,68FEC70D44E4E5B9A2E90B4B08AA2323164D72CB,DEF3365F1C012F80E56877B5EF05CE72BDEB0CCC,2F8B9500DC98C13FD28CC51E47D3416DE423ED78,2020-09-26 10:52:50.637000,2020-09-26 10:52:53.389000
xw5bvdty3dc2dnko,failed,not_found,124,A2E6BB5C391CD46B38C55B4329C35304540771F1,CF6A6080091BB210AA3892FEFE2F6A396DA08DF3,0085057C17BD2E1809E284825F06F94E72FB418C,BB5630967607D8A8B6CA854AF954FE8372D1662A,2020-09-26 10:52:40.519000,2020-09-26 10:52:41.211000
xw5bvdty3dc2dnko,failed,not_found,128,A2E6BB5C391CD46B38C55B4329C35304540771F1,C2F653A5CEE30C8D5713FA4AE7F75E992A479196,0AF90285D6B3ECC52ABFA3CB31404DF6FAF93134,BB60F5BA113A0B8B44B7B37DE3567FE561E92F78,2020-09-26 10:52:41.212000,2020-09-26 10:52:41.572000
xw5bvdty3dc2dnko,failed,not_found,149,A2E6BB5C391CD46B38C55B4329C35304540771F1,58F3E2956EABB81F673E2FB90E16E001DB4AC3AE,3CCF9573F59137E52787D9C322AC19D2BD090B70,9D29FD5DBCC6EC40709F353A8641E90333B0CE09,2020-09-26 10:52:41.573000,2020-09-26 10:52:42.374000
xw5bvdty3dc2dnko,failed,not_found,172,A2E6BB5C391CD46B38C55B4329C35304540771F1,3076FB1CCEB8341322019AD26F69BFC0AA845334,DAEF8B8B799C711A86350FDC4337B2B3A75B97C9,BB9C5D15BC3B77C8AF5CBC733F7E54553A1B7BD5,2020-09-26 10:52:42.375000,2020-09-26 10:52:43.242000
xw5bvdty3dc2dnko,failed,not_found,194,A2E6BB5C391CD46B38C55B4329C35304540771F1,D14EC16949648CEE84EA1664445029EA4B597074,7BE4752877553A96CD4035D0C526BCD09E81CC64,9D1E4B6383D9398D1592C1D8087D6817278F9DBF,2020-09-26 10:52:43.243000,2020-09-26 10:52:44.103000
xw5bvdty3dc2dnko,failed,not_found,215,A2E6BB5C391CD46B38C55B4329C35304540771F1,AE31E0FBF0D3E1B39F1DD8F55BC070D11AF524B0,438DC9B6B5C5375D332BB338D7E5C1B9EF448960,9D21F034C3BFF4E7737D08CF775DC1745706801F,2020-09-26 10:52:44.103000,2020-09-26 10:52:45.853000
fr2x3pyouhwp4275,failed,not_found,147,A2E6BB5C391CD46B38C55B4329C35304540771F1,02758CD398E3F842EF82478078AAAE0273770DB2,F244C5F5DDE2F29CA1F88E4C9F9FACCC48BCA857,143F5A3EF84BF1A8E82998CA261D9C889C247127,2020-09-26 10:52:41.527000,2020-09-26 10:52:42.214000
fr2x3pyouhwp4275,failed,not_found,154,A2E6BB5C391CD46B38C55B4329C35304540771F1,4B9DD478E355BDB7AC8D0A5E14BF5C6760122580,5AD3FB658E490BAD9515F363374AA41D65D31A02,144CCCE4EFE85215BC0866E797BEA8F85929CFED,2020-09-26 10:52:42.214000,2020-09-26 10:52:42.542000
fr2x3pyouhwp4275,failed,not_found,177,A2E6BB5C391CD46B38C55B4329C35304540771F1,D6B74699E4BD65F8FF7BE0F293E04F237ED8DD67,ECB71AE4B08EAB517B9E16D28689974342EEFABB,1443DAAF09F47875D922F718C8CC89A88C50B3F5,2020-09-26 10:52:42.542000,2020-09-26 10:52:43.900000
fr2x3pyouhwp4275,failed,not_found,212,A2E6BB5C391CD46B38C55B4329C35304540771F1,383CFCF03B225B3EDCA519197BAA310A58CEAABC,7A2A6F39F485C4FC95FB885FFF37C436FD2BB7E5,D0681DAAABC320310B8616951D6C19F69F778A6F,2020-09-26 10:52:43.900000,2020-09-26 10:52:44.356000
fr2x3pyouhwp4275,failed,not_found,220,A2E6BB5C391CD46B38C55B4329C35304540771F1,97767B43E78119A613B46CEAF81A788F45CC05D9,0F977B4D6EBEECD578AC838A5FDDC81B636060A7,D079D6818926684C5979C18171FB18862A4A5792,2020-09-26 10:52:44.357000,2020-09-26 10:52:45.082000
fr2x3pyouhwp4275,failed,not_found,237,A2E6BB5C391CD46B38C55B4329C35304540771F1,59BC32EA48ED1D06A373856434C0C5C4D2D86603,71DF8174D809D862445BFCB89F5A0980099947EC,D076561769F5C93D628777E3E05D4633D783EB8E,2020-09-26 10:52:45.083000,2020-09-26 10:52:46.064000
cqg7eeyztxhlo2gq,failed,not_found,175,A2E6BB5C391CD46B38C55B4329C35304540771F1,CC977CAC791AC03BA742D61B9A4074E1A07509AC,AC2275831607A95CD8B939C3B8DC466CCF48E2B9,F29A5D7E317934CDFFFA3DD9B26AC9AB48CB1C6C,2020-09-26 10:52:42.524000,2020-09-26 10:52:43.217000
cqg7eeyztxhlo2gq,failed,not_found,192,A2E6BB5C391CD46B38C55B4329C35304540771F1,CA6A1295456D14F8C78CE623EB779EF2C1CCC7F0,38CC95A8CE92A591D4A5779359BEFFBA13FA1B88,F2899981E3A601A7B2DDC7DDE02C248069704D9F,2020-09-26 10:52:43.217000,2020-09-26 10:52:43.876000
cqg7eeyztxhlo2gq,failed,not_found,210,A2E6BB5C391CD46B38C55B4329C35304540771F1,B0537CD220A60ECF8045439658A53254C0D63DCB,F50CF02A0E6A9D9B25F7EB220FC26F7BD1B74999,F27F9D7FC6D46E0F91533C68B572347435797CB0,2020-09-26 10:52:43.876000,2020-09-26 10:52:44.742000
cqg7eeyztxhlo2gq,failed,not_found,231,A2E6BB5C391CD46B38C55B4329C35304540771F1,C1335B1DB938644FCD54EE744D91354F94EDD1BC,B0335F7872A698A86E5E9AC3CF323B50AEF9C081,6E9642DDB353D044931029C036D1CAD832F3DFD7,2020-09-26 10:52:44.742000,2020-09-26 10:52:45.269000
cqg7eeyztxhlo2gq,failed,not_found,233,A2E6BB5C391CD46B38C55B4329C35304540771F1,4856C97DC4F2271BC896DF9CABD217EE2D869D68,1B91B86B67317A63636FE38ABE6C4E701A2B1A99,6ED3BE22B2261258017B3F0584706265985D7AE9,2020-09-26 10:52:45.269000,2020-09-26 10:52:45.919000
cqg7eeyztxhlo2gq,failed,not_found,258,A2E6BB5C391CD46B38C55B4329C35304540771F1,A3EE484BAE2E24B6D0252CCE132B0A76D9D61D35,FB691D6E3FEE35C6979EE72AF03A53DD861B4CBB,6E94866ED8CA098BACDFD36D4E8E2B459B8A734E,2020-09-26 10:52:45.919000,2020-09-26 10:52:47.341000
ykrkt2dsvpibdyew,failed,not_found,199,A2E6BB5C391CD46B38C55B4329C35304540771F1,40C773D9F2B16143CDB2ADB661DDC6BB12EF3E2C,901CBA6FF3B90618D3FFEFF040353C267F690DF8,7B7C7F31205D7AEB5DFFEDA08E00282A78CD76E0,2020-09-26 10:52:43.525000,2020-09-26 10:52:44.255000
ykrkt2dsvpibdyew,failed,not_found,205,A2E6BB5C391CD46B38C55B4329C35304540771F1,C1B79C4CD9B713BBB6B0522155B46A7BFE3BFAAE,26B09A4C9F6A9D4815DB46EBA3626A0ED8D71E8F,879370F54AA1162ED85783996CAA963E642B3056,2020-09-26 10:52:44.255000,2020-09-26 10:52:44.607000
ykrkt2dsvpibdyew,failed,not_found,226,A2E6BB5C391CD46B38C55B4329C35304540771F1,3AF69B3ECCB000879CA1BCD0B36B619DBF712291,431702B3A68A6015F9955DD4FD0129175B43EA0F,7B7BE656C316EED555CE9CF68D44CB5014767881,2020-09-26 10:52:44.608000,2020-09-26 10:52:46.306000
ykrkt2dsvpibdyew,failed,not_found,256,A2E6BB5C391CD46B38C55B4329C35304540771F1,835FFE642EFA3BB7936663D2365A15D319FB6226,E81993EA52B73285CFFD02FEC003569D21483001,879FAE7932DF44AAFB3366DE405C4680F74E9284,2020-09-26 10:52:46.306000,2020-09-26 10:52:46.756000
ykrkt2dsvpibdyew,failed,not_found,272,A2E6BB5C391CD46B38C55B4329C35304540771F1,AA5494168DABC21A9DBF641232F1324ADE4542AE,AE95BDA37A5BB4685FEBB7F06649D6CE949B5316,87AA1BE4A39529DD86194738DFB59DC698F3136B,2020-09-26 10:52:46.756000,2020-09-26 10:52:49.773000
ykrkt2dsvpibdyew,failed,not_found,321,A2E6BB5C391CD46B38C55B4329C35304540771F1,74A55E12F6A9FD17165A356C00407F4D206E8368,3E53D3979DB07EFD736661C934A1DED14127B684,7B700C0C207EBD0002E00F499BE265519AC3C25A,2020-09-26 10:52:49.774000,2020-09-26 10:52:50.374000
dflcl5ydqg5ld3dj,failed,not_found,224,A2E6BB5C391CD46B38C55B4329C35304540771F1,09A70E396DE93F54D4541BBB0EC8E2B23761F34F,4AEC612F43A0402A55F8F196F3593CA04B0003E8,5C9A66F40A63D9C8DF9700E6DF9E1FD47D8AD317,2020-09-26 10:52:44.518000,2020-09-26 10:52:45.125000
dflcl5ydqg5ld3dj,failed,not_found,239,A2E6BB5C391CD46B38C55B4329C35304540771F1,23A2D8DDF761F35CC63BDF65E604B76A7E2F6971,77A56CB237740E24AEA2D61C8C8936232AFC1BD8,D9FC98828F09EF87128FED5569AE5459FBA151A7,2020-09-26 10:52:45.125000,2020-09-26 10:52:46.008000
dflcl5ydqg5ld3dj,failed,not_found,260,A2E6BB5C391CD46B38C55B4329C35304540771F1,1804C06A266F0DA26DF58CD559E01C2F7C3FC42A,200473B7974E8D78B75B28DBD6C218DA3A0B8059,5CA5EBA48EAD04CD1A031194EC10979B611C78B6,2020-09-26 10:52:46.009000,2020-09-26 10:52:46.848000
dflcl5ydqg5ld3dj,failed,not_found,276,A2E6BB5C391CD46B38C55B4329C35304540771F1,F641F043D50CEFA07EE41EB284466458788808ED,C0F3C0EF81D84182379AA4CA5AD5A5289D011145,5C9CA36D31340CA64BE095CF50ED71A50085A470,2020-09-26 10:52:46.848000,2020-09-26 10:52:47.772000
dflcl5ydqg5ld3dj,failed,not_found,287,A2E6BB5C391CD46B38C55B4329C35304540771F1,53134D9637D9FBE565FA1E3AF82B23CC964C56D6,8A6F5A21493685B50F1B46A87A2099D6C410F237,DA13C3CD7EB23CDFD739C31855658BC5B63841EE,2020-09-26 10:52:47.772000,2020-09-26 10:52:48.523000
dflcl5ydqg5ld3dj,failed,not_found,300,A2E6BB5C391CD46B38C55B4329C35304540771F1,19D353B8AA0927DF82CB26E0396C57BE27C0ACC5,8841E775C3DE70E4414F0678DBD532C1F80FF62C,DA1B8B8D617909902572790CE8BB99DA502C6485,2020-09-26 10:52:48.523000,2020-09-26 10:52:49.720000
j36rhbf2ctjoeyzg,failed,not_found,246,A2E6BB5C391CD46B38C55B4329C35304540771F1,E00DFD54DC165D5452FBD3530D30186DAD016A0C,39157328C19734ACD46BC6CD247F5E673D9EE9C8,C8B0C7701874F0B5AFCDAB0BAE231FE303C8228D,2020-09-26 10:52:45.521000,2020-09-26 10:52:46.581000
j36rhbf2ctjoeyzg,failed,not_found,270,A2E6BB5C391CD46B38C55B4329C35304540771F1,CB92FA4D7D71F134CE1F1FFF2BFF53E88DD4A1DB,D245C3E824456945C6759599CB8A0547135A066D,FB4BC8A17AD016963AA34EB98060F475DBB2DD9D,2020-09-26 10:52:46.582000,2020-09-26 10:52:47.708000
j36rhbf2ctjoeyzg,failed,not_found,284,A2E6BB5C391CD46B38C55B4329C35304540771F1,A0B05E1D852D874EFAF3603C83246E00AD65AF20,E130296683B896A117CE5DA531A5645644178734,C8AFC02CE1B72D7E0046C10A9C4C30D29BD8BA32,2020-09-26 10:52:47.708000,2020-09-26 10:52:48.412000
j36rhbf2ctjoeyzg,failed,not_found,297,A2E6BB5C391CD46B38C55B4329C35304540771F1,BBD1B1A22695396C75DFF338A8FF7A12804A607A,B0335F7872A698A86E5E9AC3CF323B50AEF9C081,C8ADC3A9310689F8E89B024C142E3ABEF2980E9C,2020-09-26 10:52:48.413000,2020-09-26 10:52:49.846000
j36rhbf2ctjoeyzg,failed,not_found,328,A2E6BB5C391CD46B38C55B4329C35304540771F1,AEDFB1F1F69DC74A90BCF87B587252334D7D180E,BEA635C89C057DB8E879572C6A2C188239CFAD68,FB52C73C8B728ABDE014DB30DC53D160A71E5708,2020-09-26 10:52:49.846000,2020-09-26 10:52:50.522000
j36rhbf2ctjoeyzg,failed,not_found,338,A2E6BB5C391CD46B38C55B4329C35304540771F1,12D552E8AF7AA2B71B218B5BBF6A5FEFA6F26BA0,DD0C8EEC5CA402A9FA4478F10C31A440F71F6885,FB43FC51B932F6A8FD75AFBBB45FDD19955889DB,2020-09-26 10:52:50.523000,2020-09-26 10:52:51.058000
hxu5lbqiz2mt7a4z,failed,not_found,266,A2E6BB5C391CD46B38C55B4329C35304540771F1,375DCBB2DBD94E5263BC0C015F0C9E756669617E,6A99A07DEA45E142E3308AF1C9FFF792B8F4522F,7ECF294C43DB959BDC0E7EFC913C3AC231DE7442,2020-09-26 10:52:46.520000,2020-09-26 10:52:48.284000
hxu5lbqiz2mt7a4z,failed,not_found,289,A2E6BB5C391CD46B38C55B4329C35304540771F1,5D765770B4DB110D88787457978AB4008CF65CAC,DCC6C70E8F4340CBD633F506BC9E7D99818601D9,DA4B488C2826DFBBD04D635DA1E71A2BA5B20747,2020-09-26 10:52:48.284000,2020-09-26 10:52:48.584000
hxu5lbqiz2mt7a4z,failed,not_found,304,A2E6BB5C391CD46B38C55B4329C35304540771F1,3BAACE149DB31574B327BF835B594B707D12CD58,DEF35CE8FCC5B5ED35DEC379A9EDF420FF419677,7ED3D8AFAC750F8CC0BDF8C87FE3BCBA2BBE2209,2020-09-26 10:52:48.584000,2020-09-26 10:52:49.384000
hxu5lbqiz2mt7a4z,failed,not_found,308,A2E6BB5C391CD46B38C55B4329C35304540771F1,52D5FB2004C67127C73B71478238FA66122BD443,855BC2DABE24C861CD887DB9B2E950424B49FC34,7EF6E998564211FB86881FEA2627AA9119BD9842,2020-09-26 10:52:49.384000,2020-09-26 10:52:49.817000
hxu5lbqiz2mt7a4z,failed,not_found,326,A2E6BB5C391CD46B38C55B4329C35304540771F1,BDEC565B8B5E3DCCB57E4E7C4C245EDA717D2087,C6E1453B8CAF796E4CF65DB6A81283BDDD722F88,DA13C3CD7EB23CDFD739C31855658BC5B63841EE,2020-09-26 10:52:49.818000,2020-09-26 10:52:51.579000
hxu5lbqiz2mt7a4z,failed,not_found,360,A2E6BB5C391CD46B38C55B4329C35304540771F1,AE95BDA37A5BB4685FEBB7F06649D6CE949B5316,09F3067452D8D1DAFD33D0524A41DBF5295D3472,DA1B8B8D617909902572790CE8BB99DA502C6485,2020-09-26 10:52:51.579000,2020-09-26 10:52:52.807000
oggdsfpvh7je5mwz,failed,not_found,274,A2E6BB5C391CD46B38C55B4329C35304540771F1,144CCCE4EFE85215BC0866E797BEA8F85929CFED,5AD3FB658E490BAD9515F363374AA41D65D31A02,BA38C5688E103AE11F50D7188C8E5FDB4B0E5553,2020-09-26 10:52:47.514000,2020-09-26 10:52:47.799000
oggdsfpvh7je5mwz,failed,not_found,291,A2E6BB5C391CD46B38C55B4329C35304540771F1,2D78D1CBCCF8219822119BFA0346FF23316F1913,9DA672F46D0AD9BA59B2FA56A8F343D38C78BF4C,BA38FDB6FE97442388C35FE83F371BB1C6C4324B,2020-09-26 10:52:47.799000,2020-09-26 10:52:49.012000
oggdsfpvh7je5mwz,failed,not_found,310,A2E6BB5C391CD46B38C55B4329C35304540771F1,40A60D1F1E8AFBED22FCB30B3FBE2E275A14CF99,9B7BAE325EBDAD859868D2C60BF6588CA5949039,BA348901BC6A0FE4DA86C53433414A3124934FCF,2020-09-26 10:52:49.013000,2020-09-26 10:52:51.506000
oggdsfpvh7je5mwz,failed,not_found,354,A2E6BB5C391CD46B38C55B4329C35304540771F1,AEF0EADA8C92A4DF1500FAE303ECD8E1EBD56670,D5C6F62A5D1B3C711CA5E6F9D3772A432E96F6C2,DD08F4F385A97501EE532F51D8126E3BF4DCC382,2020-09-26 10:52:51.507000,2020-09-26 10:52:52.234000
oggdsfpvh7je5mwz,failed,not_found,368,A2E6BB5C391CD46B38C55B4329C35304540771F1,461D6EA15966C7F99B43D37ADC116B5B8E47D130,4E98AA295B7171996D18DD1F6A19F64AB4036B4A,DD0C8EEC5CA402A9FA4478F10C31A440F71F6885,2020-09-26 10:52:52.234000,2020-09-26 10:52:52.880000
oggdsfpvh7je5mwz,failed,not_found,385,A2E6BB5C391CD46B38C55B4329C35304540771F1,59BC32EA48ED1D06A373856434C0C5C4D2D86603,CD0F9AA1A5064430B1DE8E645CBA7A502B27ED5F,DD0AA66DD9E4E71FFAFAB658DF8300F1CEEA0364,2020-09-26 10:52:52.880000,2020-09-26 10:52:53.677000
xj6do67265y6bvv3,failed,not_found,302,A2E6BB5C391CD46B38C55B4329C35304540771F1,F37374DB9FA6EF14CED64FD294E8D8683F032EC8,9B047A91AC809AA020A1F42E3E785DBCEBF3652F,3CEF68373ADB77D70C2B17E808D5B01A4E1567A7,2020-09-26 10:52:48.538000,2020-09-26 10:52:50.161000
xj6do67265y6bvv3,failed,not_found,330,A2E6BB5C391CD46B38C55B4329C35304540771F1,88DF5D708E931C431902AAABEA981E7951E00085,CB1EC403A7331FE26F218D178DF8908014CC4F65,3CEA56B817455E13C4B063E7D3E7726C286F7C9B,2020-09-26 10:52:50.162000,2020-09-26 10:52:52.357000
xj6do67265y6bvv3,failed,not_found,372,A2E6BB5C391CD46B38C55B4329C35304540771F1,8101421BEFCCF4C271D5483C5AABCAAD245BBB9D,6111C6005AB56498BE5E35666B2522CEBE17D14E,25990FC54D7268C914170A118EE4EE75025451DA,2020-09-26 10:52:52.357000,2020-09-26 10:52:53.270000
xj6do67265y6bvv3,failed,not_found,382,A2E6BB5C391CD46B38C55B4329C35304540771F1,7CA5DD27BAA6DCDDD537CE8CB5E11E63642F48F1,8B51EF7AD52443F873211BF86C7D789406D59F2F,259078C74CB230969A6AFCD8535C0B35AECFF868,2020-09-26 10:52:53.270000,2020-09-26 10:52:54.102000
xj6do67265y6bvv3,failed,not_found,404,A2E6BB5C391CD46B38C55B4329C35304540771F1,2AE2CA4BD2B7754F29432C25E03314D52AC4CAF1,2FD0BA57A34DC2792AF470398F72F37F9E51DC2D,258837F888FF885131F8F12BC409D69F99597E6A,2020-09-26 10:52:54.102000,2020-09-26 10:52:54.372000
xj6do67265y6bvv3,failed,not_found,412,A2E6BB5C391CD46B38C55B4329C35304540771F1,2AB9FFCC6618FBBC973C457FC6BE5E8620A60FDC,6532EB51C1EA8B674F4AEFCFA31323AE4C4212E4,3CE91268F607E373482D1BCD33018CF1C77FAFA6,2020-09-26 10:52:54.372000,2020-09-26 10:52:55.420000
jdvbxkytqwcrf2ob,failed,not_found,318,A2E6BB5C391CD46B38C55B4329C35304540771F1,6B13A2C3331FB5F8B37F0AEE9341D5CF1C21F3AD,C303038FDCC72805A160FF64E994333A49ECDA71,79DEB4E02FD08AE1AEB4D8594AAB082375E9062D,2020-09-26 10:52:49.524000,2020-09-26 10:52:50.573000
jdvbxkytqwcrf2ob,failed,not_found,340,A2E6BB5C391CD46B38C55B4329C35304540771F1,F50CF02A0E6A9D9B25F7EB220FC26F7BD1B74999,B054EDB566826DFE1529C18D99F3F46E16CBE8F7,7716DE8030A56A80080446E0CBC59738605454E6,2020-09-26 10:52:50.573000,2020-09-26 10:52:51.331000
jdvbxkytqwcrf2ob,failed,not_found,344,A2E6BB5C391CD46B38C55B4329C35304540771F1,0B555940D37DC849728841C0B290074E1A1BDCA8,F5DB8E33F8D351B600932251EFE67357485405F2,79D110419709C4B3D1F92FC3CE121B5317DBE8B3,2020-09-26 10:52:51.331000,2020-09-26 10:52:51.799000
jdvbxkytqwcrf2ob,failed,not_found,422,A2E6BB5C391CD46B38C55B4329C35304540771F1,F8DE8132E599A194E20DDB738AF64A7200CD5949,B940AAC942E9929E673C3533F510C5261B50790C,79C674E6C1AC90687CCCF644D24C17AC1E535A3C,2020-09-26 10:52:51.799000,2020-09-26 10:52:55.700000
jdvbxkytqwcrf2ob,failed,not_found,445,A2E6BB5C391CD46B38C55B4329C35304540771F1,73DCA56424912F69F1478D6630DF27CFE8F41439,BF0FB582E37F738CD33C3651125F2772705BB8E8,76F6698A624DD1762A5CACC832460EC9E8A34774,2020-09-26 10:52:55.700000,2020-09-26 10:52:57.180000
jdvbxkytqwcrf2ob,failed,not_found,471,A2E6BB5C391CD46B38C55B4329C35304540771F1,1D702DA43D588FE9D308D3879A6F5E61BB2ECCFA,E46C3F0533709EE2112874B13A4FE3868B33E75E,770E5AFB0A796DA2DA88434F11427513BAA1FACC,2020-09-26 10:52:57.181000,2020-09-26 10:52:58.045000
2uuqxbyvwtwgz4jb,failed,not_found,324,A2E6BB5C391CD46B38C55B4329C35304540771F1,D2A056E6321962BD77763FE269E26400A58278F2,BA820A3CA53A4956C76C04B3BA170D7E67D2179A,EAA088440B100FF8407266B5D4853FFB16A8CB67,2020-09-26 10:52:50.513000,2020-09-26 10:52:51.537000
2uuqxbyvwtwgz4jb,failed,not_found,358,A2E6BB5C391CD46B38C55B4329C35304540771F1,DC163DDEF4B6F0C6BC226F9F6656A5A30C5C5686,8127FEAAF63A37CDB3CF0D1DA75D1B8D6DA90AD9,2151722FC89329E9FA40448FA875B9B459901E66,2020-09-26 10:52:51.538000,2020-09-26 10:52:52.584000
2uuqxbyvwtwgz4jb,failed,not_found,379,A2E6BB5C391CD46B38C55B4329C35304540771F1,92BBADCB0697F5EB1792C607EE2DC1C291A98ADC,18C585E153DFBCC414B8259FE7994BA520B5EB6F,213F2B4AB09EE6FF8CA21B804B2E1BD8835088D3,2020-09-26 10:52:52.585000,2020-09-26 10:52:53.553000
2uuqxbyvwtwgz4jb,failed,not_found,401,A2E6BB5C391CD46B38C55B4329C35304540771F1,856B7EFB7E09D02A29DD2FF024B7E1EFE21FE9EB,69BE1831EC63C751D241E5E962DA4793355A6253,21310F48066A4CAADEB2BFD324F0B38F8E1448D6,2020-09-26 10:52:53.553000,2020-09-26 10:52:54.140000
2uuqxbyvwtwgz4jb,failed,not_found,409,A2E6BB5C391CD46B38C55B4329C35304540771F1,53E73B74B930BCF51621E6F06E65A3E3BC78E83A,7992F172EDBE69B99F0190651BAC14DD0FD9E5C8,EAA823552F959DFD038E9AC8FA89345A738B6C00,2020-09-26 10:52:54.141000,2020-09-26 10:52:54.605000
2uuqxbyvwtwgz4jb,failed,not_found,418,A2E6BB5C391CD46B38C55B4329C35304540771F1,1252A53FE719AF72C0FD1E54D8DE08C0327E5A4A,6ED3BE22B2261258017B3F0584706265985D7AE9,EAB20BD4083C820EC8329ED5AEBF12019A7749F3,2020-09-26 10:52:54.605000,2020-09-26 10:52:55.142000
2mzkvymsa2s5qlcw,failed,not_found,356,A2E6BB5C391CD46B38C55B4329C35304540771F1,EBDE762412D1F0D75338053F5A5A9B6EE053D642,508773E7A34F3BE17DD0372446798FACB8BF1EAA,B280113839E36CB58237E5E950B1D1C3B9C07C29,2020-09-26 10:52:51.523000,2020-09-26 10:52:52.536000
2mzkvymsa2s5qlcw,failed,not_found,377,A2E6BB5C391CD46B38C55B4329C35304540771F1,3F065BB0B02FB2303E144383D16C47A7DED75AE7,648E97719EDEC4F0E08F1CEB8D24F2C8F587344C,E4BE02471657C3A17C667D7C079498E4B314049F,2020-09-26 10:52:52.536000,2020-09-26 10:52:53.135000
2mzkvymsa2s5qlcw,failed,not_found,390,A2E6BB5C391CD46B38C55B4329C35304540771F1,3DF6C3587C2B25D738F6913F81AFC690B854BEE2,AB73816E5D7BC52664CBB9D005FF579BAFEAFE87,E4D1F25DFBE484208866BA4A1A958B73127CB0AD,2020-09-26 10:52:53.135000,2020-09-26 10:52:54.898000
2mzkvymsa2s5qlcw,failed,not_found,424,A2E6BB5C391CD46B38C55B4329C35304540771F1,7A3E534C033E3836BD5AF223B642853C502AB33A,5C8B811887778DCF705F3D39F19E40A21889451F,B274A8018F580CA5AB19DE1E5DE6425EEE2E9C0E,2020-09-26 10:52:54.898000,2020-09-26 10:52:55.525000
2mzkvymsa2s5qlcw,failed,not_found,439,A2E6BB5C391CD46B38C55B4329C35304540771F1,D0273C8566CC9AECE4C762376C9B066FE0F1DADD,18671DE5092C67883BFB2450C3267B92618BEC66,E4CB7449182806088DCD6A707F45809F0694A50A,2020-09-26 10:52:55.526000,2020-09-26 10:52:56.101000
2mzkvymsa2s5qlcw,failed,not_found,451,A2E6BB5C391CD46B38C55B4329C35304540771F1,7B2FD4FFD565993CB4C4334AC0A0C42985EBEADB,EF430155E2ADADE42563E3B28F990B6FEE92AFCF,B2866F6401809F93B73346CB460D02202FDACA25,2020-09-26 10:52:56.101000,2020-09-26 10:52:57.641000
vih7pnjloxt424yj,failed,not_found,375,A2E6BB5C391CD46B38C55B4329C35304540771F1,A9F5135AE18C7E25C7C79117CD8C7619BFEB85ED,B576A394DFC12B7E900D643C900484765D58C30F,394629DFE5305F4207B4BB080782C13304B9F545,2020-09-26 10:52:52.523000,2020-09-26 10:52:53.363000
vih7pnjloxt424yj,failed,not_found,397,A2E6BB5C391CD46B38C55B4329C35304540771F1,A3AFBDEE30238E44899C9F8B7666D12B09C8EE32,0FE31E8B143BCA123905993356D1DE49C715E455,399B6E76080F8677D08B626CFFA7AB7ACB974D3E,2020-09-26 10:52:53.364000,2020-09-26 10:52:55.058000
vih7pnjloxt424yj,failed,not_found,428,A2E6BB5C391CD46B38C55B4329C35304540771F1,EAA823552F959DFD038E9AC8FA89345A738B6C00,96B70F86B45623B4EC71E8E953DCD61A05D5BAAC,AA616315BA97729EA47DAD8718FA59269C7229E7,2020-09-26 10:52:55.058000,2020-09-26 10:52:55.555000
vih7pnjloxt424yj,failed,not_found,441,A2E6BB5C391CD46B38C55B4329C35304540771F1,1C0736CF3744A3B87C2D2269B8BD3388C7E60552,547C1CDB516798EC66A01F04A5884DCE1A151919,AA8B7237B4D2C76ED4AF24B3B47B375812AACC83,2020-09-26 10:52:55.555000,2020-09-26 10:52:56.156000
vih7pnjloxt424yj,failed,not_found,447,A2E6BB5C391CD46B38C55B4329C35304540771F1,E5CC91BAFE7CCD68003E873D32E38027638D49D7,3A94EFBF4A220B35A92D0A5B4A80D6324C3C306A,3947C9CA680EE8897FF5CAFD4B56BE912EBE17D4,2020-09-26 10:52:56.156000,2020-09-26 10:52:57.250000
vih7pnjloxt424yj,failed,not_found,473,A2E6BB5C391CD46B38C55B4329C35304540771F1,DB8D1454CE078844DDA447C8ACBEE440B267258D,B3FDF69E31D8A3FA7D1A0C05C3C90743EAA99CA3,AA4AF27D6A573B0EEB234AEF89750CA6E6141C0E,2020-09-26 10:52:57.250000,2020-09-26 10:52:57.719000
5uacdojjyifwtpeb,failed,not_found,399,A2E6BB5C391CD46B38C55B4329C35304540771F1,1E03D81C9744DE0E3C9DE6E6FBDF1DF9DAEA5AFC,B1B7C23D771F91C582F8B099602649A363C3091D,DFA40306BEA6EAF28CEF4AFED473A2877A90F9B5,2020-09-26 10:52:53.519000,2020-09-26 10:52:55.605000
5uacdojjyifwtpeb,failed,not_found,518,A2E6BB5C391CD46B38C55B4329C35304540771F1,C1335B1DB938644FCD54EE744D91354F94EDD1BC,D1E706B9021A0BF8E9663DB207D9D9EC03A70DAC,DFAA86AD46BEA875D5018CC1CECD77C9F979FB0E,2020-09-26 10:52:55.606000,2020-09-26 10:53:00.385000
5uacdojjyifwtpeb,failed,not_found,532,A2E6BB5C391CD46B38C55B4329C35304540771F1,31D270A38505D4BFBBCABF717E9FB4BCA6DDF2FF,8A6F5A21493685B50F1B46A87A2099D6C410F237,E0023AC14180112A2FFF00A84C6049862BB3E6C3,2020-09-26 10:53:00.385000,2020-09-26 10:53:01.095000
5uacdojjyifwtpeb,failed,not_found,543,A2E6BB5C391CD46B38C55B4329C35304540771F1,754CB99117E6ED570DFCFB7D9F12674B97A4E28E,005ED97213F725867E422B8DC0443361BBB24E3C,52A022F16D8CDBF019E132F1538A1798F167973A,2020-09-26 10:53:01.095000,2020-09-26 10:53:01.492000
5uacdojjyifwtpeb,failed,not_found,556,A2E6BB5C391CD46B38C55B4329C35304540771F1,12D552E8AF7AA2B71B218B5BBF6A5FEFA6F26BA0,C43827BB94B59CE61987310F80A035C5AB9DF002,529CA3EB08AD6EC1791B5110AA3540A4CFA1197F,2020-09-26 10:53:01.492000,2020-09-26 10:53:02.310000
5uacdojjyifwtpeb,failed,not_found,575,A2E6BB5C391CD46B38C55B4329C35304540771F1,B86BE002D4D6F3E2999E8EEAC9B72CAA796944BE,A7C5B40EC0FB5175E884075DDC87531D353F679C,529D9C84E0D6A6141D409C1B02DB81B2B8E8E973,2020-09-26 10:53:02.310000,2020-09-26 10:53:03.348000
ki2f55xb2kolbbwk,failed,not_found,421,A2E6BB5C391CD46B38C55B4329C35304540771F1,F3DF2415A5ECFB57835CF7E629C3AD0E1DA6732B,930106E732385FD01810AB243E7022C42639BC06,6E66D978514FF86CDEF01FE30C23A1002925AA02,2020-09-26 10:52:54.520000,2020-09-26 10:52:55.461000
ki2f55xb2kolbbwk,failed,not_found,434,A2E6BB5C391CD46B38C55B4329C35304540771F1,883F49ECDF48809308C0E5409E5A264B94050140,4DD11C3F11F5E2891D57EF9F7DF43BEE1B514FCE,6E30461718F9838BB1785C6863024308148E5344,2020-09-26 10:52:55.461000,2020-09-26 10:52:56.499000
ki2f55xb2kolbbwk,failed,not_found,494,A2E6BB5C391CD46B38C55B4329C35304540771F1,AE95BDA37A5BB4685FEBB7F06649D6CE949B5316,2F644DDEF8BAA31BA0240E6C6D36665D90DA57C9,C91102131E6B9CECFC56C4A29ADA4E638D7872F7,2020-09-26 10:52:56.499000,2020-09-26 10:52:59.193000
ki2f55xb2kolbbwk,failed,not_found,499,A2E6BB5C391CD46B38C55B4329C35304540771F1,0CF8F3E6590F45D50B70F2F7DA6605ECA6CD408F,901C2689FDABE7165AB7AC4E8231F12A2674916E,6E4DC86BC268306583E6C5640F11F17677663EDE,2020-09-26 10:52:59.194000,2020-09-26 10:52:59.667000
ki2f55xb2kolbbwk,failed,not_found,514,A2E6BB5C391CD46B38C55B4329C35304540771F1,20462CBA5DA4C2D963567D17D0B7249718114A68,80B8F5AD79F5616EFF8166B4E2128924F90DE8F0,C92ECAF73512E2CCB15827A192B7AF3E9DBC896E,2020-09-26 10:52:59.667000,2020-09-26 10:53:00.434000
ki2f55xb2kolbbwk,failed,not_found,534,A2E6BB5C391CD46B38C55B4329C35304540771F1,2BE597D0A2255A4E8F44CBFB126B7A7A12A9737B,B63626A3CA6F0521847853DDEC6D4044C80B903E,C92F69EE5756200F160CCFAFE9C3C984D3E6D561,2020-09-26 10:53:00.435000,2020-09-26 10:53:01.882000
sbb7moa3xbap2jrk,failed,not_found,437,A2E6BB5C391CD46B38C55B4329C35304540771F1,0B25110BA3473A6DC04AB58A3A0D5E4D6922A0E0,D710B8449C8EC4E3ED55B8C7483B6445ED9A0DBB,07A8A66164B8752A9E06D44AAB6219D89D6C10F6,2020-09-26 10:52:55.517000,2020-09-26 10:52:56.923000
sbb7moa3xbap2jrk,failed,not_found,467,A2E6BB5C391CD46B38C55B4329C35304540771F1,7A2A6F39F485C4FC95FB885FFF37C436FD2BB7E5,96D656384559910834CFDB128D843F819D5D2FD5,A751D8BEE222564B7BA657F74B6658836FF1AEEA,2020-09-26 10:52:56.924000,2020-09-26 10:52:57.414000
sbb7moa3xbap2jrk,failed,not_found,477,A2E6BB5C391CD46B38C55B4329C35304540771F1,16F50F2728581FE5CA7AC31F5066DCE8653F996C,645C3F0545E0975A49F69EC272C0C3EA28586825,A7378A215483C6AD9968AD505DA1454F7E294797,2020-09-26 10:52:57.414000,2020-09-26 10:52:58.131000
sbb7moa3xbap2jrk,failed,not_found,492,A2E6BB5C391CD46B38C55B4329C35304540771F1,836460C721577873AD1FF8AB000112A9360EB3A0,FE54C9B92F5306A4520072B96085EC09909B01D1,A76AEE2C3A724CC1CD05E1B06C948AC2512F4F33,2020-09-26 10:52:58.132000,2020-09-26 10:52:59.703000
sbb7moa3xbap2jrk,failed,not_found,516,A2E6BB5C391CD46B38C55B4329C35304540771F1,A932F56F69D24A96A0CBC4F32922A62DEFD28C77,572FC2E6D89E8D773488A76F05DDEE3173A076E0,07623013C3361FE566B71C8CFCC6483D7587A827,2020-09-26 10:52:59.703000,2020-09-26 10:53:00.592000
sbb7moa3xbap2jrk,failed,not_found,541,A2E6BB5C391CD46B38C55B4329C35304540771F1,58E89A05564E6844FACC5D78A73EF593222561A2,DB2682153AC0CCAECD2BD1E9EBE99C6815807A1E,07905A0D8AD1C134D3036872140B1DB1EB761772,2020-09-26 10:53:00.593000,2020-09-26 10:53:01.343000
zagwzusdegl5df7y,failed,not_found,459,A2E6BB5C391CD46B38C55B4329C35304540771F1,E81D56AE3FE9919F3A42AB11100901E6BAEC4FCB,B840C7DE596E77A22187E638C5116DC5B3BBDDD1,B33BFA9AA0005730C1C0E8F7E6F53CF3C5716BD6,2020-09-26 10:52:56.518000,2020-09-26 10:52:57.100000
zagwzusdegl5df7y,failed,not_found,463,A2E6BB5C391CD46B38C55B4329C35304540771F1,B849824F8FCD7AEB130DF356F592BA40C686CA08,B73D1E98BE6689A1DDBFE4232C769FCD1B9E0B32,0A592CE8A53AECDF9130D37245C6460B238728DF,2020-09-26 10:52:57.100000,2020-09-26 10:52:57.539000
zagwzusdegl5df7y,failed,not_found,481,A2E6BB5C391CD46B38C55B4329C35304540771F1,10192D0D83B2439FA4B3FF35C5FA8AAE845B7BF3,7B57933E29D520471D7E67AB48B06B62832828F9,B340E3BA587E36462D8DE44DAE0F7CAB6748F064,2020-09-26 10:52:57.539000,2020-09-26 10:52:58.016000
zagwzusdegl5df7y,failed,not_found,486,A2E6BB5C391CD46B38C55B4329C35304540771F1,F8DE8132E599A194E20DDB738AF64A7200CD5949,B728832F0AB11E5450EC320230E2B7D33EC08F49,B32B93C90DCAF0012328A8D55D621D26B186E11A,2020-09-26 10:52:58.016000,2020-09-26 10:52:59.555000
zagwzusdegl5df7y,failed,not_found,512,A2E6BB5C391CD46B38C55B4329C35304540771F1,875F74A3DC14737BECA06F8B500022154D1A29D1,DEF35CE8FCC5B5ED35DEC379A9EDF420FF419677,0A4ED4C74020740A904F3A9936030B7A4C6170BB,2020-09-26 10:52:59.556000,2020-09-26 10:53:00.245000
zagwzusdegl5df7y,failed,not_found,528,A2E6BB5C391CD46B38C55B4329C35304540771F1,03910F285A33F365838EC66EF2C2EF754D046760,97B7BA747B62A9962DEDCE404FF33106D4032F91,0A58B05D403A2663EB56124F8C7AAB0CABFAA115,2020-09-26 10:53:00.246000,2020-09-26 10:53:01.143000
tfamait6a5mfy6dy,failed,not_found,479,A2E6BB5C391CD46B38C55B4329C35304540771F1,8C9E4277399C612C2032CD3C98C052F0D6EA4961,DB621E29A90544FF5AC75E5BD0FEE679A6812F44,D937890C0A73F83E42FEDE3CA8B1BA80A59A29C0,2020-09-26 10:52:57.526000,2020-09-26 10:52:58.414000
tfamait6a5mfy6dy,failed,not_found,495,A2E6BB5C391CD46B38C55B4329C35304540771F1,D87698D8E2276C7E93D531B7C2A1B27D58C71876,BCE7CD110A0CF79C327C1191E1202FDBFEB14788,D941D380E5228E7B4D372AF4D484629A96DC48B9,2020-09-26 10:52:58.414000,2020-09-26 10:53:02.277000
tfamait6a5mfy6dy,failed,not_found,565,A2E6BB5C391CD46B38C55B4329C35304540771F1,856B7EFB7E09D02A29DD2FF024B7E1EFE21FE9EB,91799AD097018FD5F83B70B978068FB83F72934F,60769652C04712912E6E21CED1F08DC797789A75,2020-09-26 10:53:02.277000,2020-09-26 10:53:02.644000
tfamait6a5mfy6dy,failed,not_found,585,A2E6BB5C391CD46B38C55B4329C35304540771F1,87BB9595CDC6C453E9EA235C69D112421A2D0E94,F5C3DA7642BB037E0D279359AE88CD7FC03A98A0,D947623B30C9D6E142E7D90FC7368B1A2A4F5045,2020-09-26 10:53:02.644000,2020-09-26 10:53:03.256000
tfamait6a5mfy6dy,failed,not_found,601,A2E6BB5C391CD46B38C55B4329C35304540771F1,0FE31E8B143BCA123905993356D1DE49C715E455,D777D31F95081D0F7223AAD5F8A74977D524145D,60685893A57D66562A0754BEE3B6A6E68082C8BE,2020-09-26 10:53:03.256000,2020-09-26 10:53:03.720000
tfamait6a5mfy6dy,failed,not_found,614,A2E6BB5C391CD46B38C55B4329C35304540771F1,C3E0E9EA1FF3FCFC27E856BFE61533020DD7F090,18B160CD5E22BFC345AEE7BA84B7EA45BF457FCA,605EE4375EE4C38215C8949F5808863749FD4F4A,2020-09-26 10:53:03.720000,2020-09-26 10:53:04.420000
pc5ggcr54stzc6gf,failed,not_found,497,A2E6BB5C391CD46B38C55B4329C35304540771F1,46736616C5A895D636C93EF9F8A289C3BC93EE53,75FB9A4469199F251581061391214ACFDC682EF4,96CAA917F65BCD62CECD236F67652BFD7C69E52E,2020-09-26 10:52:58.523000,2020-09-26 10:52:59.407000
pc5ggcr54stzc6gf,failed,not_found,506,A2E6BB5C391CD46B38C55B4329C35304540771F1,0C6CA58153400FA077EABB14773E36FD61BF0D75,E916F2ACBA67EC57AFAF450AA84E528308835418,879370F54AA1162ED85783996CAA963E642B3056,2020-09-26 10:52:59.407000,2020-09-26 10:53:00.080000
pc5ggcr54stzc6gf,failed,not_found,519,A2E6BB5C391CD46B38C55B4329C35304540771F1,F244C5F5DDE2F29CA1F88E4C9F9FACCC48BCA857,7185B69E3267E71D0E4CBE30209677205DEA5E67,96CFE178A1D12489D9D59A0CAE17FE86F5A3A79F,2020-09-26 10:53:00.080000,2020-09-26 10:53:00.435000
pc5ggcr54stzc6gf,failed,not_found,535,A2E6BB5C391CD46B38C55B4329C35304540771F1,F50CF02A0E6A9D9B25F7EB220FC26F7BD1B74999,D0273C8566CC9AECE4C762376C9B066FE0F1DADD,879FAE7932DF44AAFB3366DE405C4680F74E9284,2020-09-26 10:53:00.435000,2020-09-26 10:53:00.960000
pc5ggcr54stzc6gf,failed,not_found,547,A2E6BB5C391CD46B38C55B4329C35304540771F1,2ACEC0EB4F92729B8CA22C868545866B9529431C,52AB8767E130C3519920C77072E72F347979AAE9,96B358744E1DB0D6DBB96D32C27F91E9F695275E,2020-09-26 10:53:00.960000,2020-09-26 10:53:01.772000
pc5ggcr54stzc6gf,failed,not_found,563,A2E6BB5C391CD46B38C55B4329C35304540771F1,DC9E3C6576CC9A04AAE1C465210A972A722571A0,72FF4C64E28396446B58892C356B61A8018C5C95,87AA1BE4A39529DD86194738DFB59DC698F3136B,2020-09-26 10:53:01.773000,2020-09-26 10:53:02.547000
radz2ysur35xojq5,failed,not_found,510,A2E6BB5C391CD46B38C55B4329C35304540771F1,C5BF27560E4B007365FBA96D32F9E74614218C8E,E68CC9C2E262E01C4C71C8F66F07517B0AB5E245,90B64F9E18B59AF322EBD28B8F8CD65C53E10CE1,2020-09-26 10:52:59.520000,2020-09-26 10:53:00.538000
radz2ysur35xojq5,failed,not_found,539,A2E6BB5C391CD46B38C55B4329C35304540771F1,F6D600CF13B3BBE2A91A0653F1EC9D00E7CB3A6B,F0F13714732C347312426EC2B8D5C4940EAA45BA,908423FE8C7222B2AC950C034470D2127DE8786F,2020-09-26 10:53:00.538000,2020-09-26 10:53:01.987000
radz2ysur35xojq5,failed,not_found,569,A2E6BB5C391CD46B38C55B4329C35304540771F1,9ACD9D526D1F82D7A00225742F1BDB374D7D17D4,F0EF52BEE400B27430DCA9D144FA0C3DE0099FEC,90A5D1355C4B5840E950EB61E673863A6AE3ACA1,2020-09-26 10:53:01.987000,2020-09-26 10:53:02.746000
radz2ysur35xojq5,failed,not_found,589,A2E6BB5C391CD46B38C55B4329C35304540771F1,52A022F16D8CDBF019E132F1538A1798F167973A,AE95BDA37A5BB4685FEBB7F06649D6CE949B5316,FD7ED9F4871E2EC46035FC602960EACC32E08FF8,2020-09-26 10:53:02.746000,2020-09-26 10:53:03.415000
radz2ysur35xojq5,failed,not_found,603,A2E6BB5C391CD46B38C55B4329C35304540771F1,D87698D8E2276C7E93D531B7C2A1B27D58C71876,3FE39429CB7077BBB13D2774591A1B80EE493742,FD969C3C4C9869228D03F3D7540CCFD14889B2E8,2020-09-26 10:53:03.416000,2020-09-26 10:53:04.022000
radz2ysur35xojq5,failed,not_found,620,A2E6BB5C391CD46B38C55B4329C35304540771F1,00C22D3BC1822EB8EA380AF04245337399E796E2,27452250B484CB90E687227B3274E2BF232158E5,FD79B7F9230858B48E75F389661840C702511078,2020-09-26 10:53:04.022000,2020-09-26 10:53:04.538000
2urcx56onyp3ve7y,failed,not_found,537,A2E6BB5C391CD46B38C55B4329C35304540771F1,1CE9AB21F6A077CFD5588DC0868AC56AED5EA504,B83DC1558F0D34353BB992EF93AFEAFDB226A73E,4CD4DFFEF3971C902A22100D911CAC639BE2EF5C,2020-09-26 10:53:00.519000,2020-09-26 10:53:01.883000
2urcx56onyp3ve7y,failed,not_found,567,A2E6BB5C391CD46B38C55B4329C35304540771F1,DCAA176F75B04287131C6D78B7CFDDAC6F2691D9,7FA3FA525901A91A1310B817943668BC2C16289E,4CE6D83FFA8AD24767007E8C972F371F2468F09A,2020-09-26 10:53:01.883000,2020-09-26 10:53:02.677000
2urcx56onyp3ve7y,failed,not_found,587,A2E6BB5C391CD46B38C55B4329C35304540771F1,FF8F56B5E1A36341F84FF72927CEB3F0AC6BC6A9,7BE4752877553A96CD4035D0C526BCD09E81CC64,72749A538E9ACA13114B38D2E6DDC6AFDE1859B5,2020-09-26 10:53:02.678000,2020-09-26 10:53:03.469000
2urcx56onyp3ve7y,failed,not_found,607,A2E6BB5C391CD46B38C55B4329C35304540771F1,5FB384605F53DCBF1CB02143D318DA3E8EE38A24,58FC2AAB3792AC37897D34331F4F4E00341DEC0C,7292EF58742CC793F7AB3846D87001178328F9A2,2020-09-26 10:53:03.469000,2020-09-26 10:53:04.305000
2urcx56onyp3ve7y,failed,not_found,627,A2E6BB5C391CD46B38C55B4329C35304540771F1,00B57BF614F7ED3051073B5D4526FF0B23AF217B,672A56A583C658372E63ACEB43E7F791C2819548,729DAA09F1E225DBAAF2F42F3C82FD3BBE7AD5DE,2020-09-26 10:53:04.305000,2020-09-26 10:53:05.214000
2urcx56onyp3ve7y,failed,not_found,638,A2E6BB5C391CD46B38C55B4329C35304540771F1,D8A2D0080B0C73E1DC0EC9F33B497F64E5FB3F52,74B8B22AF950B0BE11D8A228FB09D2F5279FB757,4CDCC833FB70B9F3915522FDC90E52C531FEEC49,2020-09-26 10:53:05.214000,2020-09-26 10:53:05.498000
co7nh4zuq5tmcfq4,failed,not_found,559,A2E6BB5C391CD46B38C55B4329C35304540771F1,C0F3C0EF81D84182379AA4CA5AD5A5289D011145,A18BF818557BD6C8A3546B157B7800B5F24A79A7,6ED6758622A73F54F0EF59A9D31D71AABD7A70DA,2020-09-26 10:53:01.524000,2020-09-26 10:53:02.380000
co7nh4zuq5tmcfq4,failed,not_found,578,A2E6BB5C391CD46B38C55B4329C35304540771F1,7D928720EC0CB5C2AFE04DF0EBC37BD59B00EAB4,E1468D867FA3230EC1DACFCA87A800BAF22E79E0,6EEF8446BF9D43DA7F7D8505BDFC49BBE64BF822,2020-09-26 10:53:02.380000,2020-09-26 10:53:03.468000
co7nh4zuq5tmcfq4,failed,not_found,606,A2E6BB5C391CD46B38C55B4329C35304540771F1,A98F492F6531AE3A068DD35395CA9F5BE8F0355C,FE1AF5E909002134BFF834F4AD5E1DE723779002,EA7642C6940BF6571267F068EF289B93BE82F169,2020-09-26 10:53:03.469000,2020-09-26 10:53:04.339000
co7nh4zuq5tmcfq4,failed,not_found,629,A2E6BB5C391CD46B38C55B4329C35304540771F1,77A6151CE190059973D12E5E461F5B84AC583CB9,F29A5D7E317934CDFFFA3DD9B26AC9AB48CB1C6C,6ED3BE22B2261258017B3F0584706265985D7AE9,2020-09-26 10:53:04.340000,2020-09-26 10:53:05.947000
co7nh4zuq5tmcfq4,failed,not_found,658,A2E6BB5C391CD46B38C55B4329C35304540771F1,461453F94FA0E3CBB011685E22CDAFD2AF0DFDC3,BE40A5C8EB81704DBC1586190159AA7EDC1DA11D,EA79FFE95F5779A34E9FB14CE934A76B22FE6ACE,2020-09-26 10:53:05.947000,2020-09-26 10:53:06.588000
co7nh4zuq5tmcfq4,failed,not_found,669,A2E6BB5C391CD46B38C55B4329C35304540771F1,D4DC70B25409B8E4B0FD482B8A70CA6A3F4A123C,8EE28EAF0874AF9B03EBBD79B5EB5059E2547355,EA701E125642CEC0B29BBD389F75AF1801CE73FD,2020-09-26 10:53:06.589000,2020-09-26 10:53:07.315000
lf7keiidortkhaso,failed,not_found,583,A2E6BB5C391CD46B38C55B4329C35304540771F1,2AE2CA4BD2B7754F29432C25E03314D52AC4CAF1,B91A1EB30E66D52026EFCD1E96BFC0E966C83E6D,EFE48A6A2A02B68D1767C13B9646FA62EA8310B2,2020-09-26 10:53:02.520000,2020-09-26 10:53:03.200000
lf7keiidortkhaso,failed,not_found,591,A2E6BB5C391CD46B38C55B4329C35304540771F1,2659ACAA140B6845E38F189B4080817B9819EB9A,94890F37CE0CD5D020773CA7A0E397AA592E5AF3,03DC081E4409631006EFCD3AF13AFAAF2B553FFC,2020-09-26 10:53:03.200000,2020-09-26 10:53:03.618000
lf7keiidortkhaso,failed,not_found,612,A2E6BB5C391CD46B38C55B4329C35304540771F1,41145C3169D810DB360FF2FCA232093B02C0B262,5DE37A3371AAE7638748EB43C9F1CE66E09D4470,EFE449E0B6B7A657376B5FE62AD172B3EC5800A8,2020-09-26 10:53:03.618000,2020-09-26 10:53:04.220000
lf7keiidortkhaso,failed,not_found,616,A2E6BB5C391CD46B38C55B4329C35304540771F1,74B41DED505CFABC7A8D439362FC9B6589DE4591,1CD48F4ED0F1821FFBF1940802A13EEFD4C27502,EFEACD781604EB80FBC025EDEDEA2D523AEAAA2F,2020-09-26 10:53:04.221000,2020-09-26 10:53:04.773000
lf7keiidortkhaso,failed,not_found,636,A2E6BB5C391CD46B38C55B4329C35304540771F1,F6740DEABFD5F62612FA025A5079EA72846B1F67,1A7A2516A961F2838F7F94786A8811BE82F9CFFE,03DA20FD71CED188C8B7652E81941C506724DBA6,2020-09-26 10:53:04.774000,2020-09-26 10:53:05.998000
lf7keiidortkhaso,failed,not_found,660,A2E6BB5C391CD46B38C55B4329C35304540771F1,68FEC70D44E4E5B9A2E90B4B08AA2323164D72CB,1FA58F4E722AB35E27E2FF601122627B01103642,03E0F4EE272731601773F48E64240D3A8896A5E3,2020-09-26 10:53:05.999000,2020-09-26 10:53:07.216000
qyeziuhgkrt4cxqa,failed,not_found,609,A2E6BB5C391CD46B38C55B4329C35304540771F1,5F0A8E912C919D1964C53971F29A47CD04A34A1E,A751D8BEE222564B7BA657F74B6658836FF1AEEA,CC1BDE73D48DEF3202C688A158D0718C885360D4,2020-09-26 10:53:03.525000,2020-09-26 10:53:04.867000
qyeziuhgkrt4cxqa,failed,not_found,640,A2E6BB5C391CD46B38C55B4329C35304540771F1,B07FCCFAC6131953FE8523787B4A190D16DF6681,E36536404200A74930DB165858BD5BB554D2BEA2,83D0FC8B6791056FAED01FD2717A699D3D97CEBF,2020-09-26 10:53:04.868000,2020-09-26 10:53:05.795000
qyeziuhgkrt4cxqa,failed,not_found,654,A2E6BB5C391CD46B38C55B4329C35304540771F1,C0F3C0EF81D84182379AA4CA5AD5A5289D011145,6E4B0D429CD87AB6C25D72E298294C583FF8BA4A,CC14C97F1D23EE97766828FC8ED8582E21E11665,2020-09-26 10:53:05.795000,2020-09-26 10:53:06.682000
qyeziuhgkrt4cxqa,failed,not_found,672,A2E6BB5C391CD46B38C55B4329C35304540771F1,EE010EF80A27AC0B02CDC2B8B214A6201BB02D2B,2F644DDEF8BAA31BA0240E6C6D36665D90DA57C9,83C1B506BBBE68D1FC63F5305BE272EB9FD256D6,2020-09-26 10:53:06.682000,2020-09-26 10:53:07.350000
qyeziuhgkrt4cxqa,failed,not_found,683,A2E6BB5C391CD46B38C55B4329C35304540771F1,E5CC91BAFE7CCD68003E873D32E38027638D49D7,B0DB2F173F0DB364BABF7A465D796B3C048F1F33,83C81FF619BE11C46F0E98B27B437154779ED6CC,2020-09-26 10:53:07.351000,2020-09-26 10:53:08.011000
qyeziuhgkrt4cxqa,failed,not_found,695,A2E6BB5C391CD46B38C55B4329C35304540771F1,870D9148A25F84C138F72DC647ABC390ED34383B,3FEBFB6A491D30CACC2C2995EDB41717A6F94E95,CC100DC017A25E244C35C964BB518E4308415ACC,2020-09-26 10:53:08.012000,2020-09-26 10:53:08.838000
mzqufbn6muwpwtwp,failed,not_found,633,A2E6BB5C391CD46B38C55B4329C35304540771F1,B0B26AEDB0D1E21EA8E06530CAAD953B464286FB,7EB91FDB68EAD3A13808D9356DA82605773215F5,4BF3D299BC500C350868F078749291C766C7AA6F,2020-09-26 10:53:04.536000,2020-09-26 10:53:05.739000
mzqufbn6muwpwtwp,failed,not_found,732,A2E6BB5C391CD46B38C55B4329C35304540771F1,230A8B2A8BA861210D9B4BA97745AEC217A94207,42D47C736518BFA495CA31AEE40AE468F0BDA2A6,5EDD6628D5E13ED020A1EA03C1944DD6769B4974,2020-09-26 10:53:05.739000,2020-09-26 10:53:13.514000
mzqufbn6muwpwtwp,failed,not_found,824,A2E6BB5C391CD46B38C55B4329C35304540771F1,F83A64E0FA85BC224807919772FE14E1BA07CEF5,AF1FC704A5243CC0F08A335343D18A7D9FD871DE,5E8EAC4A7BC3B82ABF731075CB27E54F2681BC49,2020-09-26 10:53:13.514000,2020-09-26 10:53:14.223000
mzqufbn6muwpwtwp,failed,not_found,861,A2E6BB5C391CD46B38C55B4329C35304540771F1,E130296683B896A117CE5DA531A5645644178734,695D811B130673C2DE8DCFC5A9E742790BD25066,5EBA4A9F483E07FD717BA81DD6F7344AF82F7D5D,2020-09-26 10:53:14.223000,2020-09-26 10:53:15.027000
mzqufbn6muwpwtwp,failed,not_found,905,A2E6BB5C391CD46B38C55B4329C35304540771F1,FD449127D30D8F5D124653D9EF736EDF4A12B4DC,FBC2856A48705F3ED17E504F8FC89EC6433ED25D,4C07CB3365CF3E06A56FD2DC8ECA4E97A6521983,2020-09-26 10:53:15.027000,2020-09-26 10:53:16.327000
mzqufbn6muwpwtwp,failed,not_found,970,A2E6BB5C391CD46B38C55B4329C35304540771F1,25990FC54D7268C914170A118EE4EE75025451DA,A4A25EDAB880FF4200F4C21316F3B9E072C9F466,4C8B019E2B132FDD831419E13F59E7B7FA80476A,2020-09-26 10:53:16.327000,2020-09-26 10:53:17.439000
4gp4isukwaursunw,failed,not_found,647,A2E6BB5C391CD46B38C55B4329C35304540771F1,3212FA08FB2358B271606E21B1DFBD6717B94FA3,E623A5E043ED2B74CC280BD004514FDD0854DC8C,ABA31795BAD2AB8097F3AD0FE1A920E518D3D3F3,2020-09-26 10:53:05.521000,2020-09-26 10:53:06.332000
4gp4isukwaursunw,failed,not_found,656,A2E6BB5C391CD46B38C55B4329C35304540771F1,B0B26AEDB0D1E21EA8E06530CAAD953B464286FB,CDD296D8C38EAA6A94242FCF03293E0D6EC4A0D0,ABF940561A8E528559747D2237847E1BD823CDB8,2020-09-26 10:53:06.332000,2020-09-26 10:53:06.847000
4gp4isukwaursunw,failed,not_found,676,A2E6BB5C391CD46B38C55B4329C35304540771F1,4A60B05738087419BFF41A41D2059873EE16E1E9,645C3F0545E0975A49F69EC272C0C3EA28586825,AC00AEBA1AE2A80CF4184C4362157BF91487B902,2020-09-26 10:53:06.847000,2020-09-26 10:53:07.521000
4gp4isukwaursunw,failed,not_found,685,A2E6BB5C391CD46B38C55B4329C35304540771F1,EAA088440B100FF8407266B5D4853FFB16A8CB67,4B351545DD58473F36B0A20E5500AC6ED51E8CD5,3076FB1CCEB8341322019AD26F69BFC0AA845334,2020-09-26 10:53:07.521000,2020-09-26 10:53:08.102000
4gp4isukwaursunw,failed,not_found,692,A2E6BB5C391CD46B38C55B4329C35304540771F1,7B0D94D348D9F98C50B6674C5CB17AF35EA2605F,8B0D8D35EC9BE90675E1D054DD7F52F555C80085,303509AB910EF207B7438C27435C4A2FD579F1B1,2020-09-26 10:53:08.102000,2020-09-26 10:53:08.496000
4gp4isukwaursunw,failed,not_found,674,A2E6BB5C391CD46B38C55B4329C35304540771F1,230A8B2A8BA861210D9B4BA97745AEC217A94207,3F1581559522B27BD1342F2A3A0022F273FA93D6,3043C1A6DF23AFEDC8FD3C0671FADCEDFF6D3429,2020-09-26 10:53:08.497000,2020-09-26 10:53:11.009000
6xsdb4yqu6xb3khq,failed,not_found,667,A2E6BB5C391CD46B38C55B4329C35304540771F1,0122A605B7C170D6086143448273D9A9844B69E2,F5F4019509109A07E90C45A022CEED9ECA1643C8,2757DFBECFF7B5B02680F5CE084A44FDBC08B196,2020-09-26 10:53:06.522000,2020-09-26 10:53:07.712000
6xsdb4yqu6xb3khq,failed,not_found,689,A2E6BB5C391CD46B38C55B4329C35304540771F1,15BE17C99FACE24470D40AF782D6A9C692AB36D6,50B6BE677CE083151C00C4CD4726D900BAD1872B,2751A18D2966DB9A955FAE0BD7D7431B9E2FECA4,2020-09-26 10:53:07.712000,2020-09-26 10:53:09.180000
6xsdb4yqu6xb3khq,failed,not_found,716,A2E6BB5C391CD46B38C55B4329C35304540771F1,DBE82FA23B9FE3CB2462A6FCF5289DED3CBF4AEE,0D7C69551F9186DB589BDF00858314AC136A33DA,276AE7A0E974FC96B0933F1DA8FD51FD3BA59944,2020-09-26 10:53:09.180000,2020-09-26 10:53:09.449000
6xsdb4yqu6xb3khq,failed,not_found,725,A2E6BB5C391CD46B38C55B4329C35304540771F1,5AFF316FFF256D28BF1E9C1A74FB7385C2EFB2F7,C5D5E635D115C921C060929FDBEA08F214289198,DA5C9A58DBD49E83821BC56FCBC8AD9209680CA3,2020-09-26 10:53:09.449000,2020-09-26 10:53:10.603000
6xsdb4yqu6xb3khq,failed,not_found,750,A2E6BB5C391CD46B38C55B4329C35304540771F1,99AC77667D8D606251B749DFDA473B2C781F78D0,6A2676DACAFDBD00C5B94BD343690957A12BB758,DA53984DBA28420169F34F4F44CB24E3A0946747,2020-09-26 10:53:10.604000,2020-09-26 10:53:11.181000
6xsdb4yqu6xb3khq,failed,not_found,756,A2E6BB5C391CD46B38C55B4329C35304540771F1,A597AC866E40CAB5A67759ADE4942192E99DE684,1424000B86DF67D1FBFF685B204073BB9591CEFD,DA4B488C2826DFBBD04D635DA1E71A2BA5B20747,2020-09-26 10:53:11.182000,2020-09-26 10:53:11.525000
nrqzgswlml5o62ue,failed,not_found,687,A2E6BB5C391CD46B38C55B4329C35304540771F1,1CD48F4ED0F1821FFBF1940802A13EEFD4C27502,A99B0D9E5FD5BC3C8F2D006EC91F8C7F40E09CB8,03CFF90060461087D34FFB7B485C3AD30143775C,2020-09-26 10:53:07.530000,2020-09-26 10:53:08.276000
nrqzgswlml5o62ue,,,,,,,03C3069E814E296EB18776EB61B1ECB754ED89FE,2020-09-26 10:53:08.276000,
sabonthrssissm5x,failed,not_found,798,A2E6BB5C391CD46B38C55B4329C35304540771F1,163303F0583A1917326214379BD1AB2D286046EA,D80EA21626BFAE8044E4037FE765252E157E3586,A87D19DD1A89327B8DB878DC2793426752799B5C,2020-09-26 10:53:08.528000,2020-09-26 10:53:13.539000
sabonthrssissm5x,failed,not_found,830,A2E6BB5C391CD46B38C55B4329C35304540771F1,B96B5141004995295FE87DCCE1A54519BD0BB48A,AFF320BA96E4338B61A008D2CA250FFE0E23B09C,BB60F5BA113A0B8B44B7B37DE3567FE561E92F78,2020-09-26 10:53:13.539000,2020-09-26 10:53:14.189000
sabonthrssissm5x,failed,not_found,858,A2E6BB5C391CD46B38C55B4329C35304540771F1,65E40F7EDD28E2CF28684E30E0BAB7706819CFC3,6565F31D9EC0C7DFFEA1920BE3BA4C73EF35B5C4,BB5630967607D8A8B6CA854AF954FE8372D1662A,2020-09-26 10:53:14.189000,2020-09-26 10:53:15.026000
sabonthrssissm5x,failed,not_found,904,A2E6BB5C391CD46B38C55B4329C35304540771F1,B8805CBDBE91A5E68D268FC62DC617B5BD7CC9E7,6245DC873D6F613C795D48663D65BD8A2266CAF6,BB9C5D15BC3B77C8AF5CBC733F7E54553A1B7BD5,2020-09-26 10:53:15.027000,2020-09-26 10:53:15.819000
sabonthrssissm5x,failed,not_found,950,A2E6BB5C391CD46B38C55B4329C35304540771F1,18B160CD5E22BFC345AEE7BA84B7EA45BF457FCA,96CFE178A1D12489D9D59A0CAE17FE86F5A3A79F,A86EC24F5B8B964F67AC7C27CE92842025983274,2020-09-26 10:53:15.820000,2020-09-26 10:53:16.340000
sabonthrssissm5x,failed,not_found,974,A2E6BB5C391CD46B38C55B4329C35304540771F1,EA8637EA746451C0680559FDFF34ABA54DDAE831,A3AFBDEE30238E44899C9F8B7666D12B09C8EE32,A88F50AE50658FF97538003174740E7D7C79D9D8,2020-09-26 10:53:16.340000,2020-09-26 10:53:17.529000
ujzjim77plewycuh,failed,not_found,728,A2E6BB5C391CD46B38C55B4329C35304540771F1,425835370C1FBE178C21CB53C76672F12BDE091A,EA701E125642CEC0B29BBD389F75AF1801CE73FD,DCAA176F75B04287131C6D78B7CFDDAC6F2691D9,2020-09-26 10:53:09.523000,2020-09-26 10:53:10.251000
ujzjim77plewycuh,failed,not_found,734,A2E6BB5C391CD46B38C55B4329C35304540771F1,C3263F4B4E92127B7CD15E8F9746B4382233424A,CD10B52ACC8A0AD7D1B4C40B849771BD1D0DFF45,A2415E2FEF1972055EC0CBDF688717DF4C453AED,2020-09-26 10:53:10.251000,2020-09-26 10:53:10.693000
ujzjim77plewycuh,failed,not_found,753,A2E6BB5C391CD46B38C55B4329C35304540771F1,0AF90285D6B3ECC52ABFA3CB31404DF6FAF93134,E7723680EA1F78E015DF312411990D5F5E815C27,A23A7219B1EA9D583E66DFF26D62573DE64A9C29,2020-09-26 10:53:10.693000,2020-09-26 10:53:11.362000
ujzjim77plewycuh,failed,not_found,769,A2E6BB5C391CD46B38C55B4329C35304540771F1,11DF0017A43AF1F08825CD5D973297F81AB00FF3,FF21B755C60C998E25EDC5864F709C2ED5C38F9D,A231513B758330E6E6DB18F5B6EC6DAAA406C31D,2020-09-26 10:53:11.362000,2020-09-26 10:53:12.136000
ujzjim77plewycuh,failed,not_found,786,A2E6BB5C391CD46B38C55B4329C35304540771F1,D80EA21626BFAE8044E4037FE765252E157E3586,98E659B5B701076BE433B4723F20A1811739588A,DCB5A6BF7EC2D8277459E288115706286C4B9C86,2020-09-26 10:53:12.137000,2020-09-26 10:53:12.993000
ujzjim77plewycuh,failed,not_found,804,A2E6BB5C391CD46B38C55B4329C35304540771F1,708A968F3644F8A547156368FEA3DB664110E631,EE010EF80A27AC0B02CDC2B8B214A6201BB02D2B,DC9564AE8BC7BF5F722E3677C897ED1B578C8D81,2020-09-26 10:53:12.993000,2020-09-26 10:53:13.592000
nwijokvhh46vv2co,failed,not_found,791,A2E6BB5C391CD46B38C55B4329C35304540771F1,1CD48F4ED0F1821FFBF1940802A13EEFD4C27502,7E44E0D39CE8666A98EA5DEBCBB8E12B3906410F,7C56BA2175839470ACAAB72E045DD6820764B733,2020-09-26 10:53:10.528000,2020-09-26 10:53:13.095000
nwijokvhh46vv2co,failed,not_found,807,A2E6BB5C391CD46B38C55B4329C35304540771F1,169535CC4C75FF79C6D548D41720064EE4FE61D2,6199EFB9443F343D49CA795337D43A6543F24E74,B34CC9056250847D1980F08285B01CF0B718C0B6,2020-09-26 10:53:13.096000,2020-09-26 10:53:13.821000
nwijokvhh46vv2co,failed,not_found,841,A2E6BB5C391CD46B38C55B4329C35304540771F1,23A2D8DDF761F35CC63BDF65E604B76A7E2F6971,9171E15EBF665768F8EFAE2271D47D922C4EED46,B340E3BA587E36462D8DE44DAE0F7CAB6748F064,2020-09-26 10:53:13.821000,2020-09-26 10:53:14.405000
nwijokvhh46vv2co,failed,not_found,870,A2E6BB5C391CD46B38C55B4329C35304540771F1,81E18725397D620DA548ABBE24D9CD263DEF2FDC,1C7D71A2581DE79C5CFC4ED1FF75D5BE30F01BB7,7C7FFB1C48B7E0C5C9B3D11FEC2F8500F464786A,2020-09-26 10:53:14.406000,2020-09-26 10:53:15.042000
nwijokvhh46vv2co,failed,not_found,908,A2E6BB5C391CD46B38C55B4329C35304540771F1,088A6237EED87EDEB0E1E3AD0A4A419F963F0787,D56A98D38FC3C75E0347EEF3DD9C12749AF7C7C5,7C5C0E83CA290FFF6D5E30D9E0E3FFC9BAE0D0C5,2020-09-26 10:53:15.042000,2020-09-26 10:53:15.745000
nwijokvhh46vv2co,failed,not_found,943,A2E6BB5C391CD46B38C55B4329C35304540771F1,746B3C4BADCCA09003DD091AF028560A61E0A48E,F6CD4DBF5850AC4386DD9A424918AD3C6BA2716F,B33BFA9AA0005730C1C0E8F7E6F53CF3C5716BD6,2020-09-26 10:53:15.745000,2020-09-26 10:53:16.864000
umpbpiowzhd5mqvy,failed,not_found,772,A2E6BB5C391CD46B38C55B4329C35304540771F1,8358BDDA9C9A680B4E3A2809E5C24F5B3624D5C2,D8A2D0080B0C73E1DC0EC9F33B497F64E5FB3F52,58BC63142C881F88D08E071DEB63DBA09DE62141,2020-09-26 10:53:11.524000,2020-09-26 10:53:12.059000
umpbpiowzhd5mqvy,failed,not_found,792,A2E6BB5C391CD46B38C55B4329C35304540771F1,79509683AB4C8DDAF90A120C69A4179C6CD5A387,20462CBA5DA4C2D963567D17D0B7249718114A68,58BC2CFFA7894FC8F4CC5D8A77E38FDCFDB1DC0E,2020-09-26 10:53:12.060000,2020-09-26 10:53:13.259000
umpbpiowzhd5mqvy,failed,not_found,799,A2E6BB5C391CD46B38C55B4329C35304540771F1,AB803469D8B0C3F00620D98DE99CA8F646428E66,A36D13036750E477E0C5628A5BE4FECB63286D80,58C948AFA3065F84D98095CF8C18DE8B53738411,2020-09-26 10:53:13.260000,2020-09-26 10:53:13.649000
umpbpiowzhd5mqvy,failed,not_found,835,A2E6BB5C391CD46B38C55B4329C35304540771F1,21C9D9F1633246269DEB84A79495E85C07E8466D,1252A53FE719AF72C0FD1E54D8DE08C0327E5A4A,F68A76522D356F89BEC286889A3822250567BE2E,2020-09-26 10:53:13.649000,2020-09-26 10:53:14.281000
umpbpiowzhd5mqvy,failed,not_found,838,A2E6BB5C391CD46B38C55B4329C35304540771F1,A23A7219B1EA9D583E66DFF26D62573DE64A9C29,3E374F99ACA96A5179153914B722CE8449534A63,F664E5E50B4D216E5940DA7E9CF653F5F9DC561B,2020-09-26 10:53:14.281000,2020-09-26 10:53:14.854000
umpbpiowzhd5mqvy,failed,not_found,895,A2E6BB5C391CD46B38C55B4329C35304540771F1,005079A42356183CEA5A3ADD239303F44F12E7EA,58ED9C9C35E433EE58764D62892B4FFD518A3CD0,F6740DEABFD5F62612FA025A5079EA72846B1F67,2020-09-26 10:53:14.854000,2020-09-26 10:53:15.460000
weyllfswo5zyec2q,failed,not_found,793,A2E6BB5C391CD46B38C55B4329C35304540771F1,5A14FBBBAF842124A0AF3C650F4302C5B549AB17,43C83536DACCD110FF11E049A890064F6F87BEB2,6C620C35C0EA16657960882DE88B28968EBC8689,2020-09-26 10:53:12.535000,2020-09-26 10:53:13.952000
weyllfswo5zyec2q,failed,not_found,846,A2E6BB5C391CD46B38C55B4329C35304540771F1,E5A3CA10182C35F691BCF678F193D10F4B0F972F,A23A7219B1EA9D583E66DFF26D62573DE64A9C29,A478E421F83194C114F41E94F95999672AED51FE,2020-09-26 10:53:13.952000,2020-09-26 10:53:14.587000
weyllfswo5zyec2q,failed,not_found,882,A2E6BB5C391CD46B38C55B4329C35304540771F1,5AD3FB658E490BAD9515F363374AA41D65D31A02,02648F2F135C7296A27B1F59D2AE4EEC25D9A877,A466DC1C546053060940AB279F1EA967167ECACB,2020-09-26 10:53:14.588000,2020-09-26 10:53:15.556000
weyllfswo5zyec2q,failed,not_found,939,A2E6BB5C391CD46B38C55B4329C35304540771F1,AE95BDA37A5BB4685FEBB7F06649D6CE949B5316,461D6EA15966C7F99B43D37ADC116B5B8E47D130,A452410658C4F2986381839633CDB98FBFCBCAAF,2020-09-26 10:53:15.557000,2020-09-26 10:53:16.864000
weyllfswo5zyec2q,failed,not_found,1000,A2E6BB5C391CD46B38C55B4329C35304540771F1,AD7552F2CFBF472F9FFE748D3E82994EA6050A76,CE1FD7659F2DFE92B883083C0C6C974616D17F3D,6C94F282709D385C94087D5F6FB6D8F6648EE3D1,2020-09-26 10:53:16.864000,2020-09-26 10:53:17.568000
weyllfswo5zyec2q,failed,not_found,1036,A2E6BB5C391CD46B38C55B4329C35304540771F1,F01AAA640FF4EA025DB8449BD61C055273B4A328,8859E68A7C95BD5AB403F16DAD92681E184D3710,6C64AE6D7EFDA52A463FB6ADCDAE2D2DDE0677C3,2020-09-26 10:53:17.568000,2020-09-26 10:53:18.100000
ib5cmls6vbnc3vyw,failed,not_found,827,A2E6BB5C391CD46B38C55B4329C35304540771F1,58FC2AAB3792AC37897D34331F4F4E00341DEC0C,901CBA6FF3B90618D3FFEFF040353C267F690DF8,7B700C0C207EBD0002E00F499BE265519AC3C25A,2020-09-26 10:53:13.526000,2020-09-26 10:53:14.085000
ib5cmls6vbnc3vyw,failed,not_found,855,A2E6BB5C391CD46B38C55B4329C35304540771F1,2802B96E4BE4FDBFB0F5D5DFBF7E5AB541A18DF0,0D7C69551F9186DB589BDF00858314AC136A33DA,7B57933E29D520471D7E67AB48B06B62832828F9,2020-09-26 10:53:14.086000,2020-09-26 10:53:14.626000
ib5cmls6vbnc3vyw,failed,not_found,885,A2E6BB5C391CD46B38C55B4329C35304540771F1,CBD00958A3B897774E333D75C24E6A75F5220DCC,F674AF7E68B3FC870A6B9278536EE0CAC2BE541D,82D561E064237EE8DDE0FF229F3C18ECEA95225F,2020-09-26 10:53:14.626000,2020-09-26 10:53:15.111000
ib5cmls6vbnc3vyw,,,,,,,82DA9678A0BAE60087AA68A3E1D6E6A2C4246D6D,2020-09-26 10:53:15.112000,
ug6pq3j7ofnodd7v,failed,not_found,877,A2E6BB5C391CD46B38C55B4329C35304540771F1,5DB9AE27A44EB7B476CC04A66C67A71C97A001E6,B204DE75B37064EF6A4C6BAF955C5724578D0B32,24AF1603CDF4D118E1F7AEBF680C18BDA5E8F793,2020-09-26 10:53:14.524000,2020-09-26 10:53:15.160000
ug6pq3j7ofnodd7v,failed,not_found,892,A2E6BB5C391CD46B38C55B4329C35304540771F1,84F0FEBFDFA8FBC6A2EA27F87EBB31F050AFD04D,30D457317789E20449CBC12E02F5658FA23E0BEE,C9DF39AABF4E34309E04E1E56DB9FA6CF37AE140,2020-09-26 10:53:15.160000,2020-09-26 10:53:16.163000
ug6pq3j7ofnodd7v,failed,not_found,954,A2E6BB5C391CD46B38C55B4329C35304540771F1,79E3B585803DE805CCBC00C1EF36B1E74372861D,DCC6C70E8F4340CBD633F506BC9E7D99818601D9,C9DF64AF926E2E584E345D13BCE4A97C231A36BE,2020-09-26 10:53:16.163000,2020-09-26 10:53:16.537000
ug6pq3j7ofnodd7v,failed,not_found,985,A2E6BB5C391CD46B38C55B4329C35304540771F1,CEC92F3BE8A2F3A46D3C042721D6BDBF2F40F4C5,55804F9D37F7B27BD0426B3CB06C64B4D0F95546,24D0491A2ADAAB52C17625FBC926D84477AEA322,2020-09-26 10:53:16.537000,2020-09-26 10:53:17.356000
ug6pq3j7ofnodd7v,failed,not_found,1022,A2E6BB5C391CD46B38C55B4329C35304540771F1,C3ACB0492A644E27A549BC3CDF3B7A129186E3BF,24B6AFD1937525F0330BD94759A0F3BBC06F5955,24B1DF80768332990BA8F1230BA41D95D82D52BD,2020-09-26 10:53:17.357000,2020-09-26 10:53:20.134000
ug6pq3j7ofnodd7v,failed,not_found,1118,A2E6BB5C391CD46B38C55B4329C35304540771F1,CA0F5916F21477EAD36E53FD7A3D0EEA5FDA2FA6,A3AFBDEE30238E44899C9F8B7666D12B09C8EE32,C9FAA93525ACE580BDB03ABC662ED2045262BD89,2020-09-26 10:53:20.135000,2020-09-26 10:53:20.575000
f7jzryjtmwyyb5zo,failed,not_found,935,A2E6BB5C391CD46B38C55B4329C35304540771F1,F5F4019509109A07E90C45A022CEED9ECA1643C8,80C113BCE9356B4DECF94E7CF4A8C0BD315EE8E8,66F3438B93260F9AC2DFE879BD6A3F830DCE9366,2020-09-26 10:53:15.533000,2020-09-26 10:53:16.674000
f7jzryjtmwyyb5zo,failed,not_found,992,A2E6BB5C391CD46B38C55B4329C35304540771F1,B76A047C20D3E4F9B5A64428298DA55A90D62472,3BB035514F8246AC367B5370F4FE120BB11D8C6D,66DFC51E724E38DDCB3AB67DDF4C0BB0F1F49C0B,2020-09-26 10:53:16.675000,2020-09-26 10:53:17.631000
f7jzryjtmwyyb5zo,failed,not_found,1040,A2E6BB5C391CD46B38C55B4329C35304540771F1,C239952D0C8E4EABC3E6B0A8E0B623689174E3C6,91BA193FB362FB7B6679A7A83A3050F3C44A5468,66F8C32B94D73B51A5D2FA079C6A09047C9ABA71,2020-09-26 10:53:17.631000,2020-09-26 10:53:18.765000
f7jzryjtmwyyb5zo,failed,not_found,1071,A2E6BB5C391CD46B38C55B4329C35304540771F1,4E98AA295B7171996D18DD1F6A19F64AB4036B4A,36045C1900EC3FDF1DDA9BEC72DDF7DE50DAF021,8D3D6023C01D73D5A7AD645E209377BC5ACC6B82,2020-09-26 10:53:18.766000,2020-09-26 10:53:19.710000
f7jzryjtmwyyb5zo,failed,not_found,1114,A2E6BB5C391CD46B38C55B4329C35304540771F1,3F065BB0B02FB2303E144383D16C47A7DED75AE7,1F78D47D20BA3ACF9DCE50F4533A5CEA232CF398,8D457B3887EFB17A2BA8EA01559E16CEE74E2489,2020-09-26 10:53:19.710000,2020-09-26 10:53:20.557000
f7jzryjtmwyyb5zo,failed,not_found,1172,A2E6BB5C391CD46B38C55B4329C35304540771F1,085527CBD6485FD475AC983FA8683A2D9028BAA8,2F45CDBD6058E268A0084C94D492CABDFBF69E4C,8D41994D1D18E94403C3F67D0699E4C9D2248D4A,2020-09-26 10:53:20.557000,2020-09-26 10:53:22.045000
bny752diadrqzcaj,failed,not_found,978,A2E6BB5C391CD46B38C55B4329C35304540771F1,BDDF8187EA4419951CFD0A54088B634564F63AF3,1BB9F857B41ABFB3BE0570F8A86DDCFD198713A2,F91931C25343C1B073641B5C46D2BDDBFE04B9F1,2020-09-26 10:53:16.528000,2020-09-26 10:53:17.343000
bny752diadrqzcaj,failed,not_found,996,A2E6BB5C391CD46B38C55B4329C35304540771F1,58FAB58A7DC8E99B9313F6E488E2140D4BE28416,DA8D76F5F5819693B5C96F499BA19F7404014769,823AA81E277F366505545522CEDC2F529CE4DC3F,2020-09-26 10:53:17.343000,2020-09-26 10:53:18.239000
bny752diadrqzcaj,failed,not_found,1054,A2E6BB5C391CD46B38C55B4329C35304540771F1,0E2EEC125A6AC8D5EBF5DB36B776A3DA5510E7A0,F2D09EBC1F1BD97A7EEF896D015D6BB9C6874753,F919A0CB490DA12BB8C34C273FD765FA32C69E55,2020-09-26 10:53:18.240000,2020-09-26 10:53:19.001000
bny752diadrqzcaj,failed,not_found,1082,A2E6BB5C391CD46B38C55B4329C35304540771F1,9B24B2149631167704362E07356A9E9BFC1F0F05,8FD3BAF5E14EBE1124D6253D59882AFE1C2B9B8E,823183CEB754CDE8E76A3722D783CA031E7E160A,2020-09-26 10:53:19.001000,2020-09-26 10:53:19.541000
bny752diadrqzcaj,failed,not_found,1110,A2E6BB5C391CD46B38C55B4329C35304540771F1,3BAACE149DB31574B327BF835B594B707D12CD58,61004152C709672EE739F2667B56EF5550A51332,823701D5C4C5D72C3FF533113F25A1922DED6303,2020-09-26 10:53:19.541000,2020-09-26 10:53:20.404000
bny752diadrqzcaj,,,,,,,F9246DEF2B653807236DA134F2AEAB103D58ABFE,2020-09-26 10:53:20.405000,
xdk4s6ugcwwb4cjb,failed,not_found,1032,A2E6BB5C391CD46B38C55B4329C35304540771F1,15C3F39B273727B6AEF44975C5E6F8FA341C2F4B,88CF8D42D49B7C8E9D03ABE5DAE7AF25E9902008,8841E775C3DE70E4414F0678DBD532C1F80FF62C,2020-09-26 10:53:17.528000,2020-09-26 10:53:19.025000
xdk4s6ugcwwb4cjb,failed,not_found,1075,A2E6BB5C391CD46B38C55B4329C35304540771F1,1C7215BC0123DDA23BDED0F9D2849D3AD80183CB,157CED138D3DE9CBFB5AE0232A319C2980F6C409,8839E8FBE28219B85392EEA5A4DBC41D315F4B83,2020-09-26 10:53:19.025000,2020-09-26 10:53:19.332000
xdk4s6ugcwwb4cjb,failed,not_found,1099,A2E6BB5C391CD46B38C55B4329C35304540771F1,D60C2D85EAD93D23F1C00874D334BBF8A96CD529,E7EF73B4722CFAF0E8AA2151D3AA78701DE5F19B,88529E9AE681FA9FD8DAAB6C26F135D672FE03A7,2020-09-26 10:53:19.332000,2020-09-26 10:53:20.201000
xdk4s6ugcwwb4cjb,failed,not_found,1148,A2E6BB5C391CD46B38C55B4329C35304540771F1,CDA2C336AD87E22DF02983887A3F74B21070D02D,288DA2F27E30BC73FC8A84367696C9DF6B4C1B90,86D924EDE1498B4E1DD08D2260F3E9FE454012E1,2020-09-26 10:53:20.202000,2020-09-26 10:53:20.886000
xdk4s6ugcwwb4cjb,failed,not_found,1195,A2E6BB5C391CD46B38C55B4329C35304540771F1,A29FE1986470504D332B437161027C813146FF0B,58ED9C9C35E433EE58764D62892B4FFD518A3CD0,86CDD0D92AB972538416A382D99666736CDDF141,2020-09-26 10:53:20.887000,2020-09-26 10:53:21.547000
xdk4s6ugcwwb4cjb,failed,not_found,1230,A2E6BB5C391CD46B38C55B4329C35304540771F1,F39D6C623821F1BACECF281093F140586BBE3707,19D353B8AA0927DF82CB26E0396C57BE27C0ACC5,86F2828CB4B0875515607F4E2097951542B713EF,2020-09-26 10:53:21.548000,2020-09-26 10:53:22.192000
xtcrt5wfdkt4g4jp,failed,not_found,1061,A2E6BB5C391CD46B38C55B4329C35304540771F1,A59AD84F92B2E5A76EBFE3BE62D3B28AF9BFD127,DB7564CC6C0A38B40BAE93755884B9B01165BE06,25F49247646F1F9C9C4B31217AE004308B271359,2020-09-26 10:53:18.527000,2020-09-26 10:53:19.312000
xtcrt5wfdkt4g4jp,failed,not_found,1095,A2E6BB5C391CD46B38C55B4329C35304540771F1,883F49ECDF48809308C0E5409E5A264B94050140,8B64F593CAC2ED05C0FA703AEF50FF71925B569C,41D2F6D866E7638138CF9F282A280F96BD020D25,2020-09-26 10:53:19.313000,2020-09-26 10:53:20.104000
xtcrt5wfdkt4g4jp,failed,not_found,1137,A2E6BB5C391CD46B38C55B4329C35304540771F1,D0273C8566CC9AECE4C762376C9B066FE0F1DADD,97B7BA747B62A9962DEDCE404FF33106D4032F91,25E078CD1E537A7418318168F7E1990EF2A160C8,2020-09-26 10:53:20.104000,2020-09-26 10:53:20.659000
xtcrt5wfdkt4g4jp,failed,not_found,1177,A2E6BB5C391CD46B38C55B4329C35304540771F1,E46C3F0533709EE2112874B13A4FE3868B33E75E,CD39C258265B25EAA4ABA4FDCB2DF98104CAA362,41A3C16269C7B63DB6EB741DBDDB4E1F586B1592,2020-09-26 10:53:20.659000,2020-09-26 10:53:21.300000
xtcrt5wfdkt4g4jp,failed,not_found,1190,A2E6BB5C391CD46B38C55B4329C35304540771F1,54F5D800DD9783FCF2200E80EF3D1A867A3F6D6B,5D69A77423FE3D2A3CF09A015CED9F0A7B9E38D1,25C5206EE19969289F291F22B23052DA48F948A5,2020-09-26 10:53:21.301000,2020-09-26 10:53:23.941000
xtcrt5wfdkt4g4jp,failed,not_found,1332,A2E6BB5C391CD46B38C55B4329C35304540771F1,F94A7BAC5D1E3D9372437141E10695A625B8B533,9B8D08275C852A677E8C65E1DDA74431BE509B4C,41E041EC676622FFEE59F56BC75B99CD0D47F653,2020-09-26 10:53:23.942000,2020-09-26 10:53:24.594000
gxwep5eezhmlqjqz,failed,not_found,1106,A2E6BB5C391CD46B38C55B4329C35304540771F1,856DAB2FDC9EED88A27BE2265FA6BD5489EF178E,B22C4BF9747DBBC843F1BBBA272FDB7B6045EB01,45E2D7BE8D42A13A627BE13A66503F848861C5DE,2020-09-26 10:53:19.528000,2020-09-26 10:53:20.148000
gxwep5eezhmlqjqz,failed,not_found,1144,A2E6BB5C391CD46B38C55B4329C35304540771F1,425835370C1FBE178C21CB53C76672F12BDE091A,20CD933EDC7260B19040475B24FD6B01B73E94BB,45D8C1EEFF044043AA6806C4B9130F8F189EF316,2020-09-26 10:53:20.148000,2020-09-26 10:53:21.261000
gxwep5eezhmlqjqz,failed,not_found,1204,A2E6BB5C391CD46B38C55B4329C35304540771F1,D87A947A2405C41208C57D32ED1D0CA2EBE93AF6,DA53984DBA28420169F34F4F44CB24E3A0946747,937F201D2797314953F268D252F5C98D3FA9F71E,2020-09-26 10:53:21.262000,2020-09-26 10:53:22.844000
gxwep5eezhmlqjqz,failed,not_found,1279,A2E6BB5C391CD46B38C55B4329C35304540771F1,8056080EE822B5CA1A8FFF52B7242A82C5E42FBB,F83A64E0FA85BC224807919772FE14E1BA07CEF5,9370F55D4BBF72FBDF13C41D65C8B814B4300CC8,2020-09-26 10:53:22.844000,2020-09-26 10:53:23.889000
gxwep5eezhmlqjqz,failed,not_found,1327,A2E6BB5C391CD46B38C55B4329C35304540771F1,6BE5AA34A5C391724677A3FDC2AA77B3768F6E26,99339F3E68BCCC1391BF14C821D80766FE0C5956,939126EA4D25CB212A79746C133194F8A24C435B,2020-09-26 10:53:23.889000,2020-09-26 10:53:24.445000
gxwep5eezhmlqjqz,failed,not_found,1322,A2E6BB5C391CD46B38C55B4329C35304540771F1,0990E0F4F2C127BDDA9B6726400FAC077F6C83B0,AE95BDA37A5BB4685FEBB7F06649D6CE949B5316,45D81A594C458BAA2AFADADC507B6C784EB68D63,2020-09-26 10:53:24.445000,2020-09-26 10:53:25.217000
x6xma3hbg2myq6bb,failed,not_found,1385,A2E6BB5C391CD46B38C55B4329C35304540771F1,FCCCECDC44273C67FB374200138464F38DDF39AC,8BE79CE3261C027CE94F84D6CBE45F03BE9B8B59,55BEC1032A3C66AE5ABF26D11505352318736D45,2020-09-26 10:53:20.533000,2020-09-26 10:53:25.434000
x6xma3hbg2myq6bb,,,,,,,B0C68DDD4265C850DC08CDE01154025E9EBEC14F,2020-09-26 10:53:25.434000,
jwrjc5ww4s7a7t56,failed,not_found,1225,A2E6BB5C391CD46B38C55B4329C35304540771F1,AFF320BA96E4338B61A008D2CA250FFE0E23B09C,F6740DEABFD5F62612FA025A5079EA72846B1F67,484A10BA2B8D48A5F0216674C8DD50EF27BC32F3,2020-09-26 10:53:21.532000,2020-09-26 10:53:22.166000
jwrjc5ww4s7a7t56,failed,not_found,1248,A2E6BB5C391CD46B38C55B4329C35304540771F1,7C1BEFB5D6897981ECE52817A2D3B702A9EB30D9,B87D46124FCB8BD887CC774349F335ED1F8419F6,4856C97DC4F2271BC896DF9CABD217EE2D869D68,2020-09-26 10:53:22.167000,2020-09-26 10:53:22.800000
jwrjc5ww4s7a7t56,failed,not_found,1235,A2E6BB5C391CD46B38C55B4329C35304540771F1,D53AE170BF6650A2C6640484FE1B5DD1C0AB895B,E5CC91BAFE7CCD68003E873D32E38027638D49D7,484F666C491BCDE22B45E0E19D1CEA5ACC5A9611,2020-09-26 10:53:22.800000,2020-09-26 10:53:23.505000
jwrjc5ww4s7a7t56,failed,not_found,1274,A2E6BB5C391CD46B38C55B4329C35304540771F1,F35D115BDD5987D301BE0FD27DAB05F5F4B2ABAE,A0DFB31231C718829FA18EAB4D0CD51DEDBAE08C,E0A3471C24C9021CC58FBF774203046FD2BC893F,2020-09-26 10:53:23.506000,2020-09-26 10:53:23.942000
jwrjc5ww4s7a7t56,failed,not_found,1333,A2E6BB5C391CD46B38C55B4329C35304540771F1,1804C06A266F0DA26DF58CD559E01C2F7C3FC42A,CC6910CF21D17C1BD68FE224CE7685BEB42558A8,E0B3B10226F067A1B215178D19A19EF311E7FDC3,2020-09-26 10:53:23.942000,2020-09-26 10:53:24.593000
jwrjc5ww4s7a7t56,failed,not_found,1372,A2E6BB5C391CD46B38C55B4329C35304540771F1,FA1845C313B88EF49E8BE1F23B02CD0AC702B636,6565F31D9EC0C7DFFEA1920BE3BA4C73EF35B5C4,E0C3346EBDB9746185D574B92E503DC9AEB160BE,2020-09-26 10:53:24.594000,2020-09-26 10:53:25.581000
quqhhbhwsijdhgk5,failed,not_found,1257,A2E6BB5C391CD46B38C55B4329C35304540771F1,3E53D3979DB07EFD736661C934A1DED14127B684,A8BFE1E65C6DC3C7A50F8DFA0BF57F0A118144A5,D729C688382CC2A576089716BE10490D2D66FCE4,2020-09-26 10:53:22.534000,2020-09-26 10:53:23.589000
quqhhbhwsijdhgk5,failed,not_found,1313,A2E6BB5C391CD46B38C55B4329C35304540771F1,41539B8FD55F94DC6017A29CDCC623977F118A30,BBD1B1A22695396C75DFF338A8FF7A12804A607A,D7230F4F13324A28C308AF94E2385D0A7F1B05F9,2020-09-26 10:53:23.590000,2020-09-26 10:53:24.275000
quqhhbhwsijdhgk5,failed,not_found,1342,A2E6BB5C391CD46B38C55B4329C35304540771F1,D000291816C0D9EE531FA4DD185EC1AD80386A5A,02758CD398E3F842EF82478078AAAE0273770DB2,D71B1CA1C9DC7E8CA64158E106AD770A21160FEE,2020-09-26 10:53:24.275000,2020-09-26 10:53:24.907000
quqhhbhwsijdhgk5,failed,not_found,1391,A2E6BB5C391CD46B38C55B4329C35304540771F1,F0F5074A6DADD3DC22E1FAA18FD6D89CBC52771A,14D57DEDF0A4554A2D21AD53CCCC43E31158C733,CA95B3584C44DED8107AF5B3D8C25C562CC64DD4,2020-09-26 10:53:24.908000,2020-09-26 10:53:25.832000
quqhhbhwsijdhgk5,failed,not_found,1439,A2E6BB5C391CD46B38C55B4329C35304540771F1,5D69A77423FE3D2A3CF09A015CED9F0A7B9E38D1,67549C743EB7A9D06A75E37BEB82417EBB22E97F,CAB28BC71970D7F9F4419AEA1043014BF1521E65,2020-09-26 10:53:25.832000,2020-09-26 10:53:27.179000
quqhhbhwsijdhgk5,failed,not_found,1516,A2E6BB5C391CD46B38C55B4329C35304540771F1,6DFEB41C04CCE846871338E85DD5ACF5CFB6C1DD,34DE7F9028A53D5238D779B00DAF7438FDE1D7A0,CA94704217260E7483DA88719CACD7A94C564D5C,2020-09-26 10:53:27.179000,2020-09-26 10:53:27.778000
euedasb6hcxilx6m,failed,not_found,1444,A2E6BB5C391CD46B38C55B4329C35304540771F1,82B94663F141978FB2252A166A7FCFF0BA3A1701,562434D987CF49D45649B76ADCA993BEA8F78471,FB13B3060516E4C50E5E178227A036977103E4AD,2020-09-26 10:53:23.557000,2020-09-26 10:53:26.647000
euedasb6hcxilx6m,failed,not_found,1480,A2E6BB5C391CD46B38C55B4329C35304540771F1,E5CC91BAFE7CCD68003E873D32E38027638D49D7,5B1F0DAF378A1FAFCFD5FA9CDC66D1023DC0276E,FB43FC51B932F6A8FD75AFBBB45FDD19955889DB,2020-09-26 10:53:26.647000,2020-09-26 10:53:27.443000
euedasb6hcxilx6m,,,,,,,FB4BC8A17AD016963AA34EB98060F475DBB2DD9D,2020-09-26 10:53:27.443000,
cvk4qlpt5dwk5viz,failed,not_found,1367,A2E6BB5C391CD46B38C55B4329C35304540771F1,A2CD32D9D0668DB764AD68C745CE29693CA851B9,41A3C16269C7B63DB6EB741DBDDB4E1F586B1592,BBAD321D682C6ADA699CD083269CFB5FB71CDEE0,2020-09-26 10:53:24.530000,2020-09-26 10:53:25.368000
cvk4qlpt5dwk5viz,failed,not_found,1386,A2E6BB5C391CD46B38C55B4329C35304540771F1,F0F13714732C347312426EC2B8D5C4940EAA45BA,F8AA8D8CCBA0C5F2836DE6315CDFA6E4A31A0890,EA79FFE95F5779A34E9FB14CE934A76B22FE6ACE,2020-09-26 10:53:25.369000,2020-09-26 10:53:25.806000
cvk4qlpt5dwk5viz,failed,not_found,1434,A2E6BB5C391CD46B38C55B4329C35304540771F1,E5CC91BAFE7CCD68003E873D32E38027638D49D7,23A2D8DDF761F35CC63BDF65E604B76A7E2F6971,BB9C5D15BC3B77C8AF5CBC733F7E54553A1B7BD5,2020-09-26 10:53:25.807000,2020-09-26 10:53:26.576000
cvk4qlpt5dwk5viz,failed,not_found,1475,A2E6BB5C391CD46B38C55B4329C35304540771F1,0677DF0B05ECDA2EF45F26C3332731043BB89AB8,00B57BF614F7ED3051073B5D4526FF0B23AF217B,EA7642C6940BF6571267F068EF289B93BE82F169,2020-09-26 10:53:26.576000,2020-09-26 10:53:27.548000
cvk4qlpt5dwk5viz,failed,not_found,1539,A2E6BB5C391CD46B38C55B4329C35304540771F1,8111FEB45EF2950EB8F84BFD8FF070AB07AEE9DD,F703D459983875CE9CED6AF74788A597ED662674,BBBBBAD453263D786EC34AB68A06214288910345,2020-09-26 10:53:27.548000,2020-09-26 10:53:28.468000
cvk4qlpt5dwk5viz,,,,,,,EA701E125642CEC0B29BBD389F75AF1801CE73FD,2020-09-26 10:53:28.468000,
zctwy4pfz4drkawa,failed,not_found,1421,A2E6BB5C391CD46B38C55B4329C35304540771F1,9B2BC7EFD661072AFADC533BE8DCF1C19D8C2DCC,55804F9D37F7B27BD0426B3CB06C64B4D0F95546,2BD1936E0B4D5BB615CF99B0CFF74EAF19426888,2020-09-26 10:53:25.532000,2020-09-26 10:53:26.335000
zctwy4pfz4drkawa,failed,not_found,1461,A2E6BB5C391CD46B38C55B4329C35304540771F1,41145C3169D810DB360FF2FCA232093B02C0B262,23A2D8DDF761F35CC63BDF65E604B76A7E2F6971,8275CE20C53D79EC51CA87292E7FC58F238F100C,2020-09-26 10:53:26.335000,2020-09-26 10:53:26.861000
zctwy4pfz4drkawa,failed,not_found,1498,A2E6BB5C391CD46B38C55B4329C35304540771F1,FE1B74C7CEE0493613929A92F9A1D890E58DC649,7D31D5118D47BF86C550ABB79EDDE865EC31B67F,2BE597D0A2255A4E8F44CBFB126B7A7A12A9737B,2020-09-26 10:53:26.862000,2020-09-26 10:53:27.751000
zctwy4pfz4drkawa,failed,not_found,1493,A2E6BB5C391CD46B38C55B4329C35304540771F1,B4A96C0852DD0841579D33E09A98D641EACCD73E,B5558CFA70A5308582B25767C9698E6DBE6A90B2,2BB85DC5BD3C6F0D81A4F2B5882176C6BF7ECF5A,2020-09-26 10:53:27.751000,2020-09-26 10:53:28.073000
zctwy4pfz4drkawa,,,,,,,825AD5D33B2A5C41BC647047D6B63AC41C4C5021,2020-09-26 10:53:28.073000,
po3lm7bfnr34hyi3,failed,not_found,1470,A2E6BB5C391CD46B38C55B4329C35304540771F1,E17745C64255D2920D9B9FCF9EF930C426EE4A91,C5F214F7F9CCBF09324C9AA032760150243A196C,431D60010C99E10ECDE7308B6B4D3FCD2B7126C1,2020-09-26 10:53:26.531000,2020-09-26 10:53:27.066000
po3lm7bfnr34hyi3,failed,not_found,1507,A2E6BB5C391CD46B38C55B4329C35304540771F1,DC9564AE8BC7BF5F722E3677C897ED1B578C8D81,4A0E54E69343B7CF6138C118843CE860E8511F78,4317CB1BED0C6090ABEBB45440A040AD68383CAC,2020-09-26 10:53:27.066000,2020-09-26 10:53:28.182000
po3lm7bfnr34hyi3,,,,,,,4316866D578B06DC79728883C8E5C9609F8311D8,2020-09-26 10:53:28.182000,
6r3a22wzyizrf4fs,failed,not_found,1534,A2E6BB5C391CD46B38C55B4329C35304540771F1,DBE82FA23B9FE3CB2462A6FCF5289DED3CBF4AEE,05C621B44EF6833889AE7B7E2A0B476569C47E37,14949C2F29DF7BE499D75E20BB0E86FC425F7EE1,2020-09-26 10:53:27.531000,2020-09-26 10:53:28.364000
6r3a22wzyizrf4fs,,,,,,,A024E420DD146541D5D7F6CFEB554C3A64F985EE,2020-09-26 10:53:28.364000,
6joljjb4fwsiubro,,,,,,,2A5746BFF32A363CD3AAD05196C0F10E7143BBB6,2020-09-26 10:53:28.536000,
