addr,status,reason,circ,guard_fp,middle_fp,exit_fp,hsdir_fp,start,end
2ba2dends7iekbvl,failed,not_found,,,,,809440FFD575696239DF53F45D49580E4E613395,2020-10-09 06:04:26.272000,2020-10-09 06:04:29.070000
2ba2dends7iekbvl,failed,not_found,32,C0F508ADA14AE7EA9F8F6650AF149B8DFC35B598,00C22D3BC1822EB8EA380AF04245337399E796E2,1C79261551E0F938A0D3959E1F2D74A4B48263FA,80C113BCE9356B4DECF94E7CF4A8C0BD315EE8E8,2020-10-09 06:04:29.070000,2020-10-09 06:04:30.362000
2ba2dends7iekbvl,failed,not_found,61,C0F508ADA14AE7EA9F8F6650AF149B8DFC35B598,E76E2BC2FC9273BFBA38947EB5572076270D49D5,8BE79CE3261C027CE94F84D6CBE45F03BE9B8B59,EF0682CFD3724312FD550EB9646F72EFCFBA1B1D,2020-10-09 06:04:30.362000,2020-10-09 06:04:31.731000
2ba2dends7iekbvl,failed,not_found,88,C0F508ADA14AE7EA9F8F6650AF149B8DFC35B598,703E952794CD9B055391A2372870C280CF7BDA19,9456BBB3FB923DD1CDEC5C8B45D9615BC937DC42,EEFFC0D532AB63BB3E9CAEADA822971F6D3AE8D6,2020-10-09 06:04:31.731000,2020-10-09 06:04:33.067000
2ba2dends7iekbvl,failed,not_found,125,C0F508ADA14AE7EA9F8F6650AF149B8DFC35B598,59BC32EA48ED1D06A373856434C0C5C4D2D86603,44354E35E9F7F97AF27686D03B0D591686E35394,EF09163EC3F03C2F63A865BBBF1CE5642C6595A3,2020-10-09 06:04:33.068000,2020-10-09 06:04:34.751000
2ba2dends7iekbvl,failed,not_found,181,C0F508ADA14AE7EA9F8F6650AF149B8DFC35B598,63DE54637F349FD686CF1C036827B5BE826B9F7C,761A60D0364D9AA03114F72550483287ED060B2D,80AAF8D5956A43C197104CEF2550CD42D165C6FB,2020-10-09 06:04:34.751000,2020-10-09 06:04:36.895000
xrwiu4bzjpf2dfez,failed,not_found,,,,,D39328D2EAE3816F9C5D5D1BB19D1C14E2E79482,2020-10-09 06:04:26.273000,2020-10-09 06:04:28.061000
xrwiu4bzjpf2dfez,failed,not_found,17,C0F508ADA14AE7EA9F8F6650AF149B8DFC35B598,72A14F21ABD2CF78D0C55A370A8A57E604E300EE,5CFC486780CBD4446B764E51608D6574003B350D,340B09ACCF45A98711ABB067820E25A2F21452C6,2020-10-09 06:04:28.062000,2020-10-09 06:04:29.517000
xrwiu4bzjpf2dfez,failed,not_found,38,C0F508ADA14AE7EA9F8F6650AF149B8DFC35B598,A0F39D32028CEC7F35419E9570401DE15B1B4564,17CDC54BBDBDED0574C04FEE37C4030455C2F28E,33DBA330433E2915BD0EE66787A48863C818C0BB,2020-10-09 06:04:29.518000,2020-10-09 06:04:30.924000
xrwiu4bzjpf2dfez,failed,not_found,155,C0F508ADA14AE7EA9F8F6650AF149B8DFC35B598,66BD39FE805AED414ADE400CAAD862C9CC3AC34E,BCEF908195805E03E92CCFE669C48738E556B9C5,3408A01A949BE1579705112F83CF2BFB5FA8A204,2020-10-09 06:04:30.925000,2020-10-09 06:04:35.782000
xrwiu4bzjpf2dfez,failed,not_found,211,C0F508ADA14AE7EA9F8F6650AF149B8DFC35B598,2D418A89F79DB4A8E658BA549FBB974D1D22DD1A,03FC5C52D9A4577F28762E7BE642BB5A8F1E9803,D3995D5A0F86931773C19175548E44367865A8AC,2020-10-09 06:04:35.783000,2020-10-09 06:04:38.283000
xrwiu4bzjpf2dfez,failed,not_found,275,C0F508ADA14AE7EA9F8F6650AF149B8DFC35B598,4D568479B37A688769F410E9A914909E8CC2A5B8,C63110BDD8736D2C2A733FF962F58D58FDE63A2D,D380C57ADE8FF1989F67D22055CEAAD7F1689AD5,2020-10-09 06:04:38.283000,2020-10-09 06:04:41.149000
zidog4whayybtwee,failed,not_found,,,,,06432D1B5A7C132071626D186D7F1A429C5BBED9,2020-10-09 06:04:26.274000,2020-10-09 06:04:26.966000
zidog4whayybtwee,failed,not_found,11,C0F508ADA14AE7EA9F8F6650AF149B8DFC35B598,E432C6B90254DD0675F86D3E4D5F3A2CA100DE8B,8859E68A7C95BD5AB403F16DAD92681E184D3710,067ECF198238BD14B0CFE24899475A53A94E14EC,2020-10-09 06:04:26.966000,2020-10-09 06:04:28.744000
zidog4whayybtwee,failed,not_found,23,C0F508ADA14AE7EA9F8F6650AF149B8DFC35B598,174D93DF6242BD4ABE2C09E6607892C3A3905675,127887BF5B69EFEFA0DC47FC767135E0ACAAFD9F,A3C2F881C3B674D3D40FD2920BB1DE495B8EC3E9,2020-10-09 06:04:28.745000,2020-10-09 06:04:30.362000
zidog4whayybtwee,failed,not_found,60,C0F508ADA14AE7EA9F8F6650AF149B8DFC35B598,5F276A6F7AA74AFB2AF100EADA28C7A6F48BA50F,211310CD09EC290505C1F24018AE5330076412A0,A3D264895F685D16FC834D0685A094AE622F2206,2020-10-09 06:04:30.362000,2020-10-09 06:04:31.666000
zidog4whayybtwee,failed,not_found,85,C0F508ADA14AE7EA9F8F6650AF149B8DFC35B598,ECB5CA114939B51E447792259F467C7D005C0693,C001C72093A7DB3F067088BC9EA7CFADAA8AADD2,A3C0C4B34CDBCE03A85CDA06E9EE2F7E165551DB,2020-10-09 06:04:31.666000,2020-10-09 06:04:34.312000
zidog4whayybtwee,failed,not_found,165,C0F508ADA14AE7EA9F8F6650AF149B8DFC35B598,575F15A0A41B951BEE03E25B2A0A3FC3E8D7C7D1,9A48EC8AAFB2E8C9E20408596383DB74F1196747,064D3C4CC1B854839B0979FE1C2F05ABAB7F9D68,2020-10-09 06:04:34.312000,2020-10-09 06:04:36.566000
lxyjswxpqzsylfqr,failed,not_found,7,C0F508ADA14AE7EA9F8F6650AF149B8DFC35B598,4CF9BAEB0DE6D7230D6B7DA0FF420C7CFD863885,29A39144AD141242436D07901F7A8B91F7516A66,62F4994C6F3A5B3E590AEECE522591696C8DDEE2,2020-10-09 06:04:26.291000,2020-10-09 06:04:28.976000
lxyjswxpqzsylfqr,failed,not_found,31,C0F508ADA14AE7EA9F8F6650AF149B8DFC35B598,10CA859C429A17EFF704CC53D0080940148D59DA,327F5823438B8EC86EC33355C147D8455AB1C14B,62CF4982747BFDE3C0395A3894554BD8DC3C5D92,2020-10-09 06:04:28.977000,2020-10-09 06:04:30.354000
lxyjswxpqzsylfqr,failed,not_found,59,C0F508ADA14AE7EA9F8F6650AF149B8DFC35B598,5CFC486780CBD4446B764E51608D6574003B350D,58A7199712C0E52B3C5F2F8E8B27B5A62BE58BC8,62CD9D19F8DD8F058131F90EFA99C55DB6F1BDB8,2020-10-09 06:04:30.355000,2020-10-09 06:04:31.711000
lxyjswxpqzsylfqr,failed,not_found,177,C0F508ADA14AE7EA9F8F6650AF149B8DFC35B598,036A7CD36D6F7A97C7B4AF896D9F11AB719F0DF7,22E6FBDB8D77B4C0FA017D6C5F9B45BECDCBCFF8,D7DB8E82604F806766FC3F80213CF719A0481D0B,2020-10-09 06:04:31.711000,2020-10-09 06:04:37.513000
lxyjswxpqzsylfqr,failed,not_found,255,C0F508ADA14AE7EA9F8F6650AF149B8DFC35B598,E1DE607E31C2C0FB6F8FC959BF7B58CE35D95990,87B529BCF6B52BE28BBB22EC4AA702F9AE42D551,D7FE95EA78176F3F8566A7498A928E53D19DFAE5,2020-10-09 06:04:37.513000,2020-10-09 06:04:39.988000
lxyjswxpqzsylfqr,failed,not_found,320,C0F508ADA14AE7EA9F8F6650AF149B8DFC35B598,41E041EC676622FFEE59F56BC75B99CD0D47F653,33B36B7CD097F0BE1EE51E739DDA8F1B2E80B0F2,D7E1B4F504FC22027FA06BA5F1F0F59C24FA2912,2020-10-09 06:04:39.988000,2020-10-09 06:04:43.387000
pwargvfwhuheqfax,failed,not_found,8,C0F508ADA14AE7EA9F8F6650AF149B8DFC35B598,5F58E9417DF94A66529864FA1134635614958A44,FF1E4DFC8C713B2092E76401C472FDCC03B7F809,2083FBB5A67DB15F8ABF0C8319594EE9FBE65DAF,2020-10-09 06:04:26.292000,2020-10-09 06:04:29.230000
pwargvfwhuheqfax,failed,not_found,34,C0F508ADA14AE7EA9F8F6650AF149B8DFC35B598,01384A5D9C6D34352701BF86D04E5F406CB256AE,224C3DD1DFF6F11219604870D48953249EE3C26F,2076359FC3BEB6AB4D0F26C5419712A30CDE85D0,2020-10-09 06:04:29.230000,2020-10-09 06:04:30.888000
pwargvfwhuheqfax,failed,not_found,67,C0F508ADA14AE7EA9F8F6650AF149B8DFC35B598,F24F8BEA2779A79111F33F6832B062BED306B9CB,0CF8F3E6590F45D50B70F2F7DA6605ECA6CD408F,206B2B8C1AB1E20C02CFE2A913AA8DE169980FC2,2020-10-09 06:04:30.888000,2020-10-09 06:04:32.296000
pwargvfwhuheqfax,failed,not_found,98,C0F508ADA14AE7EA9F8F6650AF149B8DFC35B598,8A5E7C2D09835974B4D58252BAD51FD8AD54F9CE,370B15E4932CF76C7ACB9B240A960C20267C2430,F7ACB36752F2D27A03800E505D1599F26C981B53,2020-10-09 06:04:32.296000,2020-10-09 06:04:33.832000
pwargvfwhuheqfax,failed,not_found,148,C0F508ADA14AE7EA9F8F6650AF149B8DFC35B598,D4825DF61F9C8FC64C57CFAE943BF1D705B06ACE,CC701FCE86D6AF95FC3D5B71645D3430794910C1,F7B024DB02C601185C202E26DFFD2AD525C16A36,2020-10-09 06:04:33.833000,2020-10-09 06:04:35.751000
pwargvfwhuheqfax,failed,not_found,207,C0F508ADA14AE7EA9F8F6650AF149B8DFC35B598,14D57DEDF0A4554A2D21AD53CCCC43E31158C733,9E6BA60AFBF9A4946A52770ABCDFC95703DAD6CB,F788B67C42309E3B3A889E4CADB75D962CBF81C5,2020-10-09 06:04:35.751000,2020-10-09 06:04:37.928000
aspc64idut4ynixx,failed,not_found,9,C0F508ADA14AE7EA9F8F6650AF149B8DFC35B598,7723D99F8DC709AFC1171D5BF8DAD04ADA20F98F,77B29067C081C57F939D4A5D79D54A25B9D430F4,68773D3FF7B8CEFCEEFCA32AE72015E2D38C62C1,2020-10-09 06:04:26.300000,2020-10-09 06:04:28.203000
aspc64idut4ynixx,failed,not_found,21,C0F508ADA14AE7EA9F8F6650AF149B8DFC35B598,391D289DFAFB673B362646A51973447EB706DFC4,EF5720EDBF48E1AD04300EDE0906975E6F34926C,49CA9262801E9DC9B414A143A58A68255149367A,2020-10-09 06:04:28.203000,2020-10-09 06:04:29.579000
aspc64idut4ynixx,failed,not_found,39,C0F508ADA14AE7EA9F8F6650AF149B8DFC35B598,8EB722FA1AE9DDE1914BC21FEA22819D4DE99DB4,C6CCBFCAECDD9B23294D393DC98AB3CB48863E2F,68D2ABD936233A569E2B46D6228816149A16B4FA,2020-10-09 06:04:29.579000,2020-10-09 06:04:31.176000
aspc64idut4ynixx,failed,not_found,62,C0F508ADA14AE7EA9F8F6650AF149B8DFC35B598,2543BCADFCBA2B5ADE83FB93194B5E9D45810532,69534B8B5FCCD0BF1124945B1D0F5A35FB0A3542,49BC7301250F6D87BCD676DFC9AF22048F96F599,2020-10-09 06:04:31.177000,2020-10-09 06:04:31.912000
aspc64idut4ynixx,failed,not_found,93,C0F508ADA14AE7EA9F8F6650AF149B8DFC35B598,1C0736CF3744A3B87C2D2269B8BD3388C7E60552,44412B315567A50EF6BBF592B76F1D9B44C146E3,68EBB2CAB63B98F0BA802AD04059ED752665A138,2020-10-09 06:04:31.912000,2020-10-09 06:04:33.307000
aspc64idut4ynixx,failed,not_found,136,C0F508ADA14AE7EA9F8F6650AF149B8DFC35B598,C2E3E1A73D46982994551380919F08EC5021A908,1079E628FC6B0025656AC024F2D9975C441498CD,49D9E723224005920BE884DD4CD28DD7B7CF0419,2020-10-09 06:04:33.307000,2020-10-09 06:04:35.065000
yhm2vfqlnei2pinw,failed,not_found,10,C0F508ADA14AE7EA9F8F6650AF149B8DFC35B598,90C1E8DDD33EADEB67ADA88C0E13698FF878AE51,9A48EC8AAFB2E8C9E20408596383DB74F1196747,AAAEFD0CB5443776F98971C3E0A854C989E2DA37,2020-10-09 06:04:27.293000,2020-10-09 06:04:28.020000
yhm2vfqlnei2pinw,failed,not_found,19,C0F508ADA14AE7EA9F8F6650AF149B8DFC35B598,7C494B5BBC1558303DB1CFB840D980A0B4BCC324,3E53D3979DB07EFD736661C934A1DED14127B684,AAC6AE4A8ED164C3657D64E3EF980EEBB4BBC8A1,2020-10-09 06:04:28.020000,2020-10-09 06:04:29.494000
yhm2vfqlnei2pinw,failed,not_found,146,C0F508ADA14AE7EA9F8F6650AF149B8DFC35B598,AEF6C1FBA0FC16F4931638BF065085B974D3E90F,E3D72E974DE4C6EFA37656377BA7A4BFE9CF22B7,C74E2C7FB511861A489C60F7503A6FD74C12723E,2020-10-09 06:04:29.494000,2020-10-09 06:04:35.527000
yhm2vfqlnei2pinw,failed,not_found,197,C0F508ADA14AE7EA9F8F6650AF149B8DFC35B598,40CDE936B04B4573A47223396006443CA5EAC845,B0E6E3471C70D667E471F0BBBB8DDB184EDCE16F,C74C79346BFB34C050CD3DF4E3C73D43A1383A60,2020-10-09 06:04:35.527000,2020-10-09 06:04:37.873000
yhm2vfqlnei2pinw,failed,not_found,266,C0F508ADA14AE7EA9F8F6650AF149B8DFC35B598,F94CCEA0042765AA7EE66BEA5B39C9E03E286EA2,72A14F21ABD2CF78D0C55A370A8A57E604E300EE,AAA03044B42AD37D5C5592D6604A6D1B72F4B3BE,2020-10-09 06:04:37.874000,2020-10-09 06:04:41.081000
yhm2vfqlnei2pinw,failed,not_found,348,C0F508ADA14AE7EA9F8F6650AF149B8DFC35B598,DD7BD3E5BD0BA48A8C70B0CDF017FA5988B87E27,45582F4CCEE4BBF79B44A4853FDD82908B08D4A8,C74469EC04787CC458FB1DCDF456C5092CF08B19,2020-10-09 06:04:41.081000,2020-10-09 06:04:45.043000
kuayp6xash63rixa,failed,not_found,12,C0F508ADA14AE7EA9F8F6650AF149B8DFC35B598,22BCD0DFD148209C9860C7F89907AB4DEE974A08,8C5B316ED73018484765C3E0944E4508DCAE0944,A9DC04A5C96EE5986753A15E384BB8679EE8F319,2020-10-09 06:04:27.293000,2020-10-09 06:04:29.407000
kuayp6xash63rixa,failed,not_found,35,C0F508ADA14AE7EA9F8F6650AF149B8DFC35B598,EA032AFA2FE95A590759ED2CDD21BD4DA43EA259,FFD4B346A7DF7A00AB72C8563F269C3528FE41EE,F4C0EDAA0BF0F7EC138746F8FEF1CE26C7860265,2020-10-09 06:04:29.407000,2020-10-09 06:04:31.957000
kuayp6xash63rixa,failed,not_found,95,C0F508ADA14AE7EA9F8F6650AF149B8DFC35B598,08F4692B60862640F688B86826B66F30DEA7AB73,2EB3C230180694A1E848001E20F36F76A2287039,A9CC6C0B5B002C6D902827584A336CB15B5C9DC7,2020-10-09 06:04:31.957000,2020-10-09 06:04:33.609000
kuayp6xash63rixa,failed,not_found,141,C0F508ADA14AE7EA9F8F6650AF149B8DFC35B598,B79589355A41880DFF82F5225F2940437CEDE925,ADD3FC59BA3728DA79662C9ECDD74780CC5A3AFA,F4C836A27BF192F3364A67166E8EE2B19693AED1,2020-10-09 06:04:33.609000,2020-10-09 06:04:35.680000
kuayp6xash63rixa,failed,not_found,205,C0F508ADA14AE7EA9F8F6650AF149B8DFC35B598,84B7EB921421D2B60E1A7F9360F84F203C2C1CDE,F836446663F1EB816F13708955F105D0B2F5C8E0,A9E7B7046087E9BCE2F001AF61568480ED7A45B6,2020-10-09 06:04:35.680000,2020-10-09 06:04:37.868000
kuayp6xash63rixa,failed,not_found,265,C0F508ADA14AE7EA9F8F6650AF149B8DFC35B598,CBD00958A3B897774E333D75C24E6A75F5220DCC,87C08DDFD32C62F3C56D371F9774D27BFDBB807B,F4D3FBD1E4918978D1D13604798CECB5EE5C9188,2020-10-09 06:04:37.868000,2020-10-09 06:04:40.915000
mvvyylb5imbbwsns,failed,not_found,13,C0F508ADA14AE7EA9F8F6650AF149B8DFC35B598,FB879E9F83F885D35594F85C5E42EC9CADD8461F,44354E35E9F7F97AF27686D03B0D591686E35394,E0C3346EBDB9746185D574B92E503DC9AEB160BE,2020-10-09 06:04:27.306000,2020-10-09 06:04:29.125000
mvvyylb5imbbwsns,failed,not_found,22,C0F508ADA14AE7EA9F8F6650AF149B8DFC35B598,D54247E35545388D9C42E4716EDC59F67907789F,023FA15FC7D9B21171B678E33554E271E7B14611,E0A3471C24C9021CC58FBF774203046FD2BC893F,2020-10-09 06:04:29.125000,2020-10-09 06:04:29.915000
mvvyylb5imbbwsns,failed,not_found,43,C0F508ADA14AE7EA9F8F6650AF149B8DFC35B598,01B70C7C497FC8667DB5EB82C40D8F9214D6A484,CE694BA8D019EE60D8E7838CC177E689CEA825EA,37A8BA9E3F05417EFE93DF626641EFF271E0A3C2,2020-10-09 06:04:29.915000,2020-10-09 06:04:31.372000
mvvyylb5imbbwsns,failed,not_found,78,C0F508ADA14AE7EA9F8F6650AF149B8DFC35B598,E81993EA52B73285CFFD02FEC003569D21483001,0B25110BA3473A6DC04AB58A3A0D5E4D6922A0E0,E0B3B10226F067A1B215178D19A19EF311E7FDC3,2020-10-09 06:04:31.373000,2020-10-09 06:04:32.648000
mvvyylb5imbbwsns,failed,not_found,115,C0F508ADA14AE7EA9F8F6650AF149B8DFC35B598,599A708756048993A1029B2775EEF8C9E40BB640,74DA18F45DE195D9E920B0EC10BF6958E44B0CEB,37B97F98AA1A51FF282660D3E440DAD9687BA814,2020-10-09 06:04:32.648000,2020-10-09 06:04:34.312000
mvvyylb5imbbwsns,failed,not_found,166,C0F508ADA14AE7EA9F8F6650AF149B8DFC35B598,B2D03CDF45EB4D74A65FAC4F00EBA785C9663A5F,ACC874AD6D4D3AC308CB6C044620A159A1123196,37A831DCC0027923A474F1277F6261EE8D9D0B46,2020-10-09 06:04:34.313000,2020-10-09 06:04:36.921000
63fyibd4ew4sqs7i,failed,not_found,14,C0F508ADA14AE7EA9F8F6650AF149B8DFC35B598,29A39144AD141242436D07901F7A8B91F7516A66,554CE9DE4480AC2F11825BEE0CD543CC14FE9C43,0FF7D03AC5F31F93E3AE11ABF74313D071E11ED3,2020-10-09 06:04:27.326000,2020-10-09 06:04:28.850000
63fyibd4ew4sqs7i,failed,not_found,24,C0F508ADA14AE7EA9F8F6650AF149B8DFC35B598,AD7552F2CFBF472F9FFE748D3E82994EA6050A76,088A6237EED87EDEB0E1E3AD0A4A419F963F0787,0FF233C8D78A17B8DB7C8257D2E05CD5AA7C6B88,2020-10-09 06:04:28.850000,2020-10-09 06:04:30.162000
63fyibd4ew4sqs7i,failed,not_found,45,C0F508ADA14AE7EA9F8F6650AF149B8DFC35B598,A1B28D636A56AAFFE92ADCCA937AA4BD5333BB4C,E8BAE7393740A700D50B010DED9D9EC9A66B390D,CD97DD0842A79184A7D057ECACEF7408C239C710,2020-10-09 06:04:30.162000,2020-10-09 06:04:31.567000
63fyibd4ew4sqs7i,failed,not_found,83,C0F508ADA14AE7EA9F8F6650AF149B8DFC35B598,932A9461D9FD45C5B791B64A7930956949A5C158,F6F24800B8494ACCC2EE13B8E6D8E7AFF9B13A50,0FEEDF419BE897E746EF7A204997C495FC815E42,2020-10-09 06:04:31.568000,2020-10-09 06:04:32.826000
63fyibd4ew4sqs7i,failed,not_found,122,C0F508ADA14AE7EA9F8F6650AF149B8DFC35B598,E81993EA52B73285CFFD02FEC003569D21483001,AFF320BA96E4338B61A008D2CA250FFE0E23B09C,CD9549ED5A655BA47427A77835C55FF00EC1DA23,2020-10-09 06:04:32.826000,2020-10-09 06:04:34.748000
63fyibd4ew4sqs7i,failed,not_found,176,C0F508ADA14AE7EA9F8F6650AF149B8DFC35B598,F6740DEABFD5F62612FA025A5079EA72846B1F67,C8B23EA543FAD6F820E5841A8380DC28C83AEA0F,CD6F3B972D890E39277C448BAD2C74DFC7EEB964,2020-10-09 06:04:34.748000,2020-10-09 06:04:36.801000
ih2lm4vjxoxdbqtn,failed,not_found,15,C0F508ADA14AE7EA9F8F6650AF149B8DFC35B598,3E374F99ACA96A5179153914B722CE8449534A63,E81993EA52B73285CFFD02FEC003569D21483001,9D5A7A81BC6194555CE751F75FB196E4A3982CC5,2020-10-09 06:04:27.327000,2020-10-09 06:04:29.726000
ih2lm4vjxoxdbqtn,failed,not_found,40,C0F508ADA14AE7EA9F8F6650AF149B8DFC35B598,C5340E5A64DF5B0270F1C1EEBFE3074C985F6A93,C0789031933F7F4B51047636D9D31B7A6C39F175,F24F8BEA2779A79111F33F6832B062BED306B9CB,2020-10-09 06:04:29.727000,2020-10-09 06:04:31.019000
ih2lm4vjxoxdbqtn,failed,not_found,69,C0F508ADA14AE7EA9F8F6650AF149B8DFC35B598,A4771CB90024F1870D622960519945A3E49B40FE,F5DB8E33F8D351B600932251EFE67357485405F2,9D462FB499BA316E485ED80E0073802D2283FAAB,2020-10-09 06:04:31.019000,2020-10-09 06:04:32.395000
ih2lm4vjxoxdbqtn,failed,not_found,106,C0F508ADA14AE7EA9F8F6650AF149B8DFC35B598,108A1138931C7E947C94D1892EE8D275D0BED90C,9B2BC7EFD661072AFADC533BE8DCF1C19D8C2DCC,9D5A63EE59AE2F8F6A45A3180B9E891CF70F38FB,2020-10-09 06:04:32.396000,2020-10-09 06:04:33.702000
ih2lm4vjxoxdbqtn,failed,not_found,144,C0F508ADA14AE7EA9F8F6650AF149B8DFC35B598,C0279317438EAA2458BB43A281E91ED7F6560A36,63ABFB10EB65440DB4CC52BD0CE624DDC8704FC4,F263F4F57A20D8C19E9F9C84150C60F7A49F2DB5,2020-10-09 06:04:33.703000,2020-10-09 06:04:36.157000
ih2lm4vjxoxdbqtn,failed,not_found,216,C0F508ADA14AE7EA9F8F6650AF149B8DFC35B598,50586E25BE067FD1F739998550EDDCB1A14CA5B2,06BBEAA6F73759A1795EB461D39D2AA168F305D1,F26168CE0373C48D7E35BBEE7FEF0D2BA5B577A1,2020-10-09 06:04:36.158000,2020-10-09 06:04:38.986000
qpu5rtubtpm3y4nk,failed,not_found,16,C0F508ADA14AE7EA9F8F6650AF149B8DFC35B598,F5F9B6B40E4D7AFCECDFB1F4503D56D522C7EFAA,005079A42356183CEA5A3ADD239303F44F12E7EA,FA5647DE9745BA239C9F34E262512C99605472C9,2020-10-09 06:04:27.334000,2020-10-09 06:04:29.103000
qpu5rtubtpm3y4nk,failed,not_found,33,C0F508ADA14AE7EA9F8F6650AF149B8DFC35B598,76AD361FCE919199F4064A872B666A1FF19A1EA4,11DF0017A43AF1F08825CD5D973297F81AB00FF3,FA32998AF5628483D8E7B7BB0A4641D33A206A28,2020-10-09 06:04:29.104000,2020-10-09 06:04:30.601000
qpu5rtubtpm3y4nk,failed,not_found,65,C0F508ADA14AE7EA9F8F6650AF149B8DFC35B598,35513B1D2EA70649346C3C6D34F63D6982E3948A,A597AC866E40CAB5A67759ADE4942192E99DE684,93F4DAF4F0DE5E6867CE20A0F9C7C059834DACAE,2020-10-09 06:04:30.601000,2020-10-09 06:04:32.351000
qpu5rtubtpm3y4nk,failed,not_found,102,C0F508ADA14AE7EA9F8F6650AF149B8DFC35B598,64E257D94E739278D5954CC820C9D7EAC4E7A7B7,9B2BC7EFD661072AFADC533BE8DCF1C19D8C2DCC,FA5A0820B4D068F37A65B80C9315404553B5A053,2020-10-09 06:04:32.352000,2020-10-09 06:04:34.142000
qpu5rtubtpm3y4nk,failed,not_found,157,C0F508ADA14AE7EA9F8F6650AF149B8DFC35B598,F5F4019509109A07E90C45A022CEED9ECA1643C8,74AC10CA94E400BA4D69E397562597CA04FC5352,93FE7CA1B4E64B0E9B8E73B8C3D31F0DE67B9635,2020-10-09 06:04:34.142000,2020-10-09 06:04:36.234000
qpu5rtubtpm3y4nk,failed,not_found,203,C0F508ADA14AE7EA9F8F6650AF149B8DFC35B598,4B483F57D9660EBF33FA3CCA670FFD1BBB0F315A,25E078CD1E537A7418318168F7E1990EF2A160C8,93FFDC0C36C316208AC6291DE754D733B4D88A13,2020-10-09 06:04:36.235000,2020-10-09 06:04:37.951000
cflarejlah424meosswvaeqzb54rtdetr4xva6mq2bm2hfcx5isaglid,received,,18,C0F508ADA14AE7EA9F8F6650AF149B8DFC35B598,AE6A8C18E7499B586CD36246AC4BCAFFBBF93AB2,8358BDDA9C9A680B4E3A2809E5C24F5B3624D5C2,D37DD572BDA66FC03A33F257975A7F9C167AC8E5,2020-10-09 06:04:27.801000,2020-10-09 06:04:29.869000
zhx57duqnqu6irto,failed,not_found,25,C0F508ADA14AE7EA9F8F6650AF149B8DFC35B598,9772EFB535397C942C3AB8804FB35CFFAD012438,7021A7F260B9D2A140CB21B60D921D7BF19F514D,609A3FC47277EFD1683A0FC5A5FD07E261D0833B,2020-10-09 06:04:28.875000,2020-10-09 06:04:31.289000
zhx57duqnqu6irto,failed,not_found,72,C0F508ADA14AE7EA9F8F6650AF149B8DFC35B598,5CFC486780CBD4446B764E51608D6574003B350D,BB12ECF3DCF12B187CFD735DAC68F98A3E13DEE2,609E598FB6A00BCF7872906B602B705B64541C50,2020-10-09 06:04:31.289000,2020-10-09 06:04:32.672000
zhx57duqnqu6irto,failed,not_found,116,C0F508ADA14AE7EA9F8F6650AF149B8DFC35B598,88DF5D708E931C431902AAABEA981E7951E00085,A597AC866E40CAB5A67759ADE4942192E99DE684,B6E40167BE842F279B11B2A0F594718387AA75E5,2020-10-09 06:04:32.672000,2020-10-09 06:04:34.169000
zhx57duqnqu6irto,failed,not_found,158,C0F508ADA14AE7EA9F8F6650AF149B8DFC35B598,5FB384605F53DCBF1CB02143D318DA3E8EE38A24,E3E75603998661EA67C6767493FC606830DDC345,B6D4916A98D99027DA25D42D70D686F0B3663F35,2020-10-09 06:04:34.169000,2020-10-09 06:04:35.966000
zhx57duqnqu6irto,failed,not_found,214,C0F508ADA14AE7EA9F8F6650AF149B8DFC35B598,E130296683B896A117CE5DA531A5645644178734,E87C1F09E8402E3DA073165A145F7BC8FBF79299,B6942C63F1A596E6557D13FC0ACF8475A0A2AD3F,2020-10-09 06:04:35.967000,2020-10-09 06:04:38.679000
zhx57duqnqu6irto,failed,not_found,288,C0F508ADA14AE7EA9F8F6650AF149B8DFC35B598,CD39C258265B25EAA4ABA4FDCB2DF98104CAA362,021E2681BFF2209F222881C27F0DE8508AEEBAD7,6081104A3482B46B16BC3B8E50903C7BE6A28CEC,2020-10-09 06:04:38.679000,2020-10-09 06:04:41.441000
z7pqetjlfotapeel,failed,not_found,26,C0F508ADA14AE7EA9F8F6650AF149B8DFC35B598,DEFDB745152658D4E361D0ED19A37E87286EF8B4,1852D84B0341845F2BDC2CCBC673E9D42307A111,D405FCCF06ADEDF898DF2F29C9348DCB623031BA,2020-10-09 06:04:28.886000,2020-10-09 06:04:30.063000
z7pqetjlfotapeel,failed,not_found,36,C0F508ADA14AE7EA9F8F6650AF149B8DFC35B598,378E474A4805587228ED56900DC7D69B18259AAC,695D811B130673C2DE8DCFC5A9E742790BD25066,525EE34C1A7B89AB9DF585246DE30E32702913F5,2020-10-09 06:04:30.064000,2020-10-09 06:04:30.625000
z7pqetjlfotapeel,failed,not_found,66,C0F508ADA14AE7EA9F8F6650AF149B8DFC35B598,EDC579FF076E841057F4F34150596E1572323077,D0273C8566CC9AECE4C762376C9B066FE0F1DADD,52956490BA2E6790C5D86D9D6A4B044FE772FC21,2020-10-09 06:04:30.625000,2020-10-09 06:04:31.914000
z7pqetjlfotapeel,failed,not_found,201,C0F508ADA14AE7EA9F8F6650AF149B8DFC35B598,36414078C521BA19168260F6DF23C97995976289,573CC3D8F1C845AA33AA4593B68CA0D47156AA30,525D5386F858580E93B88D21727869555DFC654C,2020-10-09 06:04:31.915000,2020-10-09 06:04:38.633000
z7pqetjlfotapeel,failed,not_found,285,C0F508ADA14AE7EA9F8F6650AF149B8DFC35B598,FF8F56B5E1A36341F84FF72927CEB3F0AC6BC6A9,E43B42C153E2F4215D581A121B7DAD568FE3DB15,D3BE0C4FEC3AC5955992D336E7BF99DC1F26020C,2020-10-09 06:04:38.633000,2020-10-09 06:04:41.606000
z7pqetjlfotapeel,failed,not_found,374,C0F508ADA14AE7EA9F8F6650AF149B8DFC35B598,F83A64E0FA85BC224807919772FE14E1BA07CEF5,AE6A8C18E7499B586CD36246AC4BCAFFBBF93AB2,D3B72ADA2F3EEDA2BA98F645D620CA1C4060AAF4,2020-10-09 06:04:41.607000,2020-10-09 06:04:45.590000
q3gwbyrnh3lzfqbf,failed,not_found,27,C0F508ADA14AE7EA9F8F6650AF149B8DFC35B598,DB621E29A90544FF5AC75E5BD0FEE679A6812F44,928382AC862513334547CA3E5DA23ADBD59C7171,6ACAB4394A94BBFFF391497143E3B49C84798672,2020-10-09 06:04:28.895000,2020-10-09 06:04:30.111000
q3gwbyrnh3lzfqbf,failed,not_found,44,C0F508ADA14AE7EA9F8F6650AF149B8DFC35B598,8F0EF738A9B1D9D6F73196551CF7CEBF797D4BE3,82ED9AEC94184EC6DD299A5CDB3378B04BB17489,6AC9235F43975B26E57568B811F663491A9E2891,2020-10-09 06:04:30.111000,2020-10-09 06:04:31.288000
q3gwbyrnh3lzfqbf,failed,not_found,71,C0F508ADA14AE7EA9F8F6650AF149B8DFC35B598,1B9FACF25E17D26E307EA7CFA7D455B144B032E5,1CDCB48F64E21D5ACAFE2471912E2E76F600EDFA,6AC1A5C13A6875FEA157D9A7DC30EE83F632150D,2020-10-09 06:04:31.289000,2020-10-09 06:04:32.536000
q3gwbyrnh3lzfqbf,failed,not_found,112,C0F508ADA14AE7EA9F8F6650AF149B8DFC35B598,9B7BAE325EBDAD859868D2C60BF6588CA5949039,CDAEBA458F6129776643751934076A51D851C348,98867F5242505A2DD581C85B1CE256090B87F138,2020-10-09 06:04:32.537000,2020-10-09 06:04:34.026000
q3gwbyrnh3lzfqbf,failed,not_found,188,C0F508ADA14AE7EA9F8F6650AF149B8DFC35B598,55008A58196B5E9E769B53BA587E0F9E211A213D,562434D987CF49D45649B76ADCA993BEA8F78471,987D0706D42070F1E2142A9FCCB56B3887808D34,2020-10-09 06:04:34.027000,2020-10-09 06:04:37.797000
q3gwbyrnh3lzfqbf,failed,not_found,263,C0F508ADA14AE7EA9F8F6650AF149B8DFC35B598,EC80EECFCD599612C9A74678C8001146450141E8,926955277C7BDB6CD1E1561A91847CBCD5B079E5,986E29FB17C8C7A1FEAFF203F012D5930BA079DB,2020-10-09 06:04:37.798000,2020-10-09 06:04:40.270000
gymcha25cknk3ov6,failed,not_found,28,C0F508ADA14AE7EA9F8F6650AF149B8DFC35B598,557B39146EB121C8CFA22C48AD78BDBDBC8FF3A1,9803B536ED203C9AAAFC3E53CD4935BA85FF402F,73CC65219889443C06E06A0B6D427B1FE1C37379,2020-10-09 06:04:28.918000,2020-10-09 06:04:30.432000
gymcha25cknk3ov6,failed,not_found,63,C0F508ADA14AE7EA9F8F6650AF149B8DFC35B598,638D91FC9EF661348A6994D04C3499BC03F50BBE,F9A3542D5863CD665B7FF758E73DAD40832D0064,2AB6F7D59DF6153F4DB1DB6479C3422F5724C4BA,2020-10-09 06:04:30.433000,2020-10-09 06:04:31.885000
gymcha25cknk3ov6,failed,not_found,91,C0F508ADA14AE7EA9F8F6650AF149B8DFC35B598,6A35EE13D4354FF0A03374C063B10290614BB6A9,D08660B6D70B6249A57D89BB7A8F2EA2C952BD35,2A8A5DCE8D109EBB2738A4EA18889C2D7B485F53,2020-10-09 06:04:31.886000,2020-10-09 06:04:33.163000
gymcha25cknk3ov6,failed,not_found,126,C0F508ADA14AE7EA9F8F6650AF149B8DFC35B598,9A48EC8AAFB2E8C9E20408596383DB74F1196747,5A224EFAC453F7EF2D0435E336890DECDC5CEBFD,2AA5F598F9A1812F01CD99E3B59BB87362ED7438,2020-10-09 06:04:33.163000,2020-10-09 06:04:34.597000
gymcha25cknk3ov6,failed,not_found,172,C0F508ADA14AE7EA9F8F6650AF149B8DFC35B598,C5340E5A64DF5B0270F1C1EEBFE3074C985F6A93,99D5C9A5A7238986D1EA1D7771CF81B4A192C4D0,73A5A81688BD536BFBABE18630F5BD6306C9AC8E,2020-10-09 06:04:34.597000,2020-10-09 06:04:36.847000
gymcha25cknk3ov6,failed,not_found,235,C0F508ADA14AE7EA9F8F6650AF149B8DFC35B598,3F1581559522B27BD1342F2A3A0022F273FA93D6,62ABC3D1B0D5DE48DE4B8AF5E76D5AA8F535CCDF,73C4C4AE90A8F83D3A091B395C7D5B913D50604D,2020-10-09 06:04:36.848000,2020-10-09 06:04:40.128000
oilgqanuacisboht,failed,not_found,29,C0F508ADA14AE7EA9F8F6650AF149B8DFC35B598,CE83524360DE9A55FBDE87DEACBE9F2ABF208E1A,B1E34EA2AC156AAAA0A1BE2E4F2A38A728891062,B0B26AEDB0D1E21EA8E06530CAAD953B464286FB,2020-10-09 06:04:28.918000,2020-10-09 06:04:30.162000
oilgqanuacisboht,failed,not_found,46,C0F508ADA14AE7EA9F8F6650AF149B8DFC35B598,33AA6CFE161A698169B548C9D973DAE6DED6BF0E,3FEBFB6A491D30CACC2C2995EDB41717A6F94E95,E9CA6548917DE6961B09B257D2AA803C8A5BC657,2020-10-09 06:04:30.163000,2020-10-09 06:04:32.740000
oilgqanuacisboht,failed,not_found,107,C0F508ADA14AE7EA9F8F6650AF149B8DFC35B598,31D270A38505D4BFBBCABF717E9FB4BCA6DDF2FF,509EAB4C5D10C9A9A24B4EA0CE402C047A2D64E6,E9A90B9FF0574410695BA5F5C8354368221A7114,2020-10-09 06:04:32.740000,2020-10-09 06:04:34.081000
oilgqanuacisboht,failed,not_found,154,C0F508ADA14AE7EA9F8F6650AF149B8DFC35B598,A1BBCBEC113DAAC7F17E7A7E698AAA7B147D691A,77177B29BF57C8E3256298F9243E2CB317A9D5B5,B0B0D34D0C207589B54D514E8F3AD1D1C6C014CB,2020-10-09 06:04:34.081000,2020-10-09 06:04:36.522000
oilgqanuacisboht,failed,not_found,228,C0F508ADA14AE7EA9F8F6650AF149B8DFC35B598,59E3A1CDBC34EA1D41AF1F92EF27F42541CCB0EC,2F69F8C4DC02DD15A39BFDB4078A791D89ECEAA2,B0B85C0C0E7B621D0B7BF17FDA0427F3640691FA,2020-10-09 06:04:36.523000,2020-10-09 06:04:38.795000
oilgqanuacisboht,failed,not_found,290,C0F508ADA14AE7EA9F8F6650AF149B8DFC35B598,0B25110BA3473A6DC04AB58A3A0D5E4D6922A0E0,C2F653A5CEE30C8D5713FA4AE7F75E992A479196,E9A6E1549300C3551071B71AC547E2568D9F7CEE,2020-10-09 06:04:38.796000,2020-10-09 06:04:41.562000
kn53x7ek2srrejpq,failed,not_found,30,C0F508ADA14AE7EA9F8F6650AF149B8DFC35B598,770F6F160A05369FF79FA0E8A8F3B2AF335EFFD2,7FA3196223EF6DFE7B53EA85E3629239A0EE1CE9,D74F619C74C2E601A39EBE58C8E34DFEB3BADE99,2020-10-09 06:04:28.919000,2020-10-09 06:04:30.600000
kn53x7ek2srrejpq,failed,not_found,64,C0F508ADA14AE7EA9F8F6650AF149B8DFC35B598,6206ABDDC29EC1D9388223580EB4B0BC81576609,67F5AC35DBA20D22A0178BFB6F4AC076C3B16829,EFC719BCF07379B31DFD4F04FD0E642658F0AAE6,2020-10-09 06:04:30.601000,2020-10-09 06:04:32.080000
kn53x7ek2srrejpq,failed,not_found,79,C0F508ADA14AE7EA9F8F6650AF149B8DFC35B598,2784EB941DEBB8061039B1766A2623B026BACD1A,6C333B5BDBA3DFE7A782E40CB970C271ABFED119,D76110E770FB5F6D09CB801D6379C33A1A6C0CC3,2020-10-09 06:04:32.080000,2020-10-09 06:04:32.777000
kn53x7ek2srrejpq,failed,not_found,121,C0F508ADA14AE7EA9F8F6650AF149B8DFC35B598,10A5EFCCD2FB9C1A4AC20FB779A5DB11B58957A7,8C5B316ED73018484765C3E0944E4508DCAE0944,EFC2A2A0C6EF7E594E26ABCE47D9D17E75C5AFE2,2020-10-09 06:04:32.777000,2020-10-09 06:04:34.489000
kn53x7ek2srrejpq,failed,not_found,170,C0F508ADA14AE7EA9F8F6650AF149B8DFC35B598,A23A7219B1EA9D583E66DFF26D62573DE64A9C29,C239952D0C8E4EABC3E6B0A8E0B623689174E3C6,D74C47EA991FAE041C2CBB233493C6780B197A14,2020-10-09 06:04:34.490000,2020-10-09 06:04:36.805000
kn53x7ek2srrejpq,failed,not_found,325,C0F508ADA14AE7EA9F8F6650AF149B8DFC35B598,A6E0F950CAC74AF867CA21976069529D6D4D3E30,6B5A63BFEEA8EF58DA812F4F05BE98C869809DFB,EFCCA5852D18207A7A93C13EF3460458CAAEA9D9,2020-10-09 06:04:36.805000,2020-10-09 06:04:43.268000
5swyjmn7gjgtsakr,failed,not_found,47,C0F508ADA14AE7EA9F8F6650AF149B8DFC35B598,F08A525ACA965CF6A55F0587BF4B7373D98B954E,56781CCC9F6D29FEA148799AB588429C893A473C,8E38B11E849336D62AB6264FBAE9B03C70F07863,2020-10-09 06:04:30.204000,2020-10-09 06:04:31.533000
5swyjmn7gjgtsakr,failed,not_found,82,C0F508ADA14AE7EA9F8F6650AF149B8DFC35B598,B3EC41B1008225F2BD1D38BFF39A5E3872634FFD,64E257D94E739278D5954CC820C9D7EAC4E7A7B7,8E3D3C5B64A8DAD9152687C93CDCE1D98CC5E325,2020-10-09 06:04:31.533000,2020-10-09 06:04:32.740000
5swyjmn7gjgtsakr,failed,not_found,120,C0F508ADA14AE7EA9F8F6650AF149B8DFC35B598,E9CE81CC21B63FD316F642E6AF867D6FE0C3A847,A1B7C1F83E5DA4376FD2E1DBA7AC28A71AB332AD,8E39881472946D5BBE41765470D9E3099A0EB4C7,2020-10-09 06:04:32.740000,2020-10-09 06:04:34.490000
5swyjmn7gjgtsakr,failed,not_found,156,C0F508ADA14AE7EA9F8F6650AF149B8DFC35B598,288DA2F27E30BC73FC8A84367696C9DF6B4C1B90,D87698D8E2276C7E93D531B7C2A1B27D58C71876,AB6690AAF45F53F7F3BC842E23779F24C9346DF9,2020-10-09 06:04:34.490000,2020-10-09 06:04:36.272000
5swyjmn7gjgtsakr,failed,not_found,217,C0F508ADA14AE7EA9F8F6650AF149B8DFC35B598,5856DB884578915E7C7A0B7B11E4145B1D2A4E2B,221546DAE86B003139B13BD6F6AE1B4B42B59DF8,AB4761E23AF511E8306E95E78F7E82F77B2E487F,2020-10-09 06:04:36.273000,2020-10-09 06:04:38.462000
5swyjmn7gjgtsakr,failed,not_found,283,C0F508ADA14AE7EA9F8F6650AF149B8DFC35B598,5CE3AD8AD04ADE66C0037A3CF5F7F7A40D48A20B,562434D987CF49D45649B76ADCA993BEA8F78471,AB3227DB470B17883D24D830EA84EBFBDC7D5815,2020-10-09 06:04:38.462000,2020-10-09 06:04:41.557000
vmab7pqib2qjsrpm,failed,not_found,48,C0F508ADA14AE7EA9F8F6650AF149B8DFC35B598,D0EDC58A0E7D7FE28A1A5E366260A80AEF9BD448,E3D61BAEA0B7CB12CACEDC8821C520557BDFCEA3,C239952D0C8E4EABC3E6B0A8E0B623689174E3C6,2020-10-09 06:04:30.212000,2020-10-09 06:04:32.553000
vmab7pqib2qjsrpm,failed,not_found,114,C0F508ADA14AE7EA9F8F6650AF149B8DFC35B598,104DC15ACFA69CF94F89E8ED0F6CDB2D298234D2,708A968F3644F8A547156368FEA3DB664110E631,C24F22D429D16767E8923DF877BA68810A983937,2020-10-09 06:04:32.554000,2020-10-09 06:04:34.851000
vmab7pqib2qjsrpm,failed,not_found,182,C0F508ADA14AE7EA9F8F6650AF149B8DFC35B598,BC206665803DB7C730C25A1316889A4D7E7BFF03,36E009C40158C54FB0AF959CBD19CC348B7C9AC3,9A48EC8AAFB2E8C9E20408596383DB74F1196747,2020-10-09 06:04:34.851000,2020-10-09 06:04:36.883000
vmab7pqib2qjsrpm,failed,not_found,238,C0F508ADA14AE7EA9F8F6650AF149B8DFC35B598,55804F9D37F7B27BD0426B3CB06C64B4D0F95546,0CC18E42E5ECADFE76862CE2EB7189EFA17A11FD,9A5754CD0C987355EB3D8AD4BEF4A2A841740520,2020-10-09 06:04:36.883000,2020-10-09 06:04:39.616000
vmab7pqib2qjsrpm,failed,not_found,313,C0F508ADA14AE7EA9F8F6650AF149B8DFC35B598,F815D2A720C97F6E1BCA4C9A36C64CAD4DC2FAEA,73713518E8BD7110D0C6D84F0682C1E0B7541F79,C2481FAAA5508F6C2A64873972281220E9778476,2020-10-09 06:04:39.617000,2020-10-09 06:04:43.728000
vmab7pqib2qjsrpm,failed,not_found,419,C0F508ADA14AE7EA9F8F6650AF149B8DFC35B598,8C5B316ED73018484765C3E0944E4508DCAE0944,34DE7F9028A53D5238D779B00DAF7438FDE1D7A0,9A42FEECB06FBE179B2C9FF72B8628DE075B5650,2020-10-09 06:04:43.728000,2020-10-09 06:04:48.175000
ycbtlkkgaj4xmqyn,failed,not_found,49,C0F508ADA14AE7EA9F8F6650AF149B8DFC35B598,304B631B1BC51705DAE7BAF566487AFE25807380,4011E1BB0E5B9A22AF665B553BFFDDE22A517B16,8A2D71CBCA33F13A3EA9614DE28AE3F669D84987,2020-10-09 06:04:30.235000,2020-10-09 06:04:31.502000
ycbtlkkgaj4xmqyn,failed,not_found,123,C0F508ADA14AE7EA9F8F6650AF149B8DFC35B598,ED9A731373456FA071C12A3E63E2C8BEF0A6E721,B04322CA1A173C40602D87597412FB40A3BE2953,465D17C6FC297E3857B5C6F152006A1E212944EA,2020-10-09 06:04:31.503000,2020-10-09 06:04:35.566000
ycbtlkkgaj4xmqyn,failed,not_found,198,C0F508ADA14AE7EA9F8F6650AF149B8DFC35B598,DA96AC308288FBFD4641F25F1FA44DDD62FFE42B,11DF0017A43AF1F08825CD5D973297F81AB00FF3,466B7476CC93AC056B83F69D84BF4467B7462D7B,2020-10-09 06:04:35.566000,2020-10-09 06:04:38.788000
ycbtlkkgaj4xmqyn,failed,not_found,289,C0F508ADA14AE7EA9F8F6650AF149B8DFC35B598,38F21DEE29E40DCDF9460A80662B7723562CA008,9B047A91AC809AA020A1F42E3E785DBCEBF3652F,4661DE96D3F8E923994B05218F23760C8D7935A4,2020-10-09 06:04:38.788000,2020-10-09 06:04:41.595000
ycbtlkkgaj4xmqyn,failed,not_found,371,C0F508ADA14AE7EA9F8F6650AF149B8DFC35B598,21AC6EF15C86641CE623B8A08D64144BCAC14AEC,327F5823438B8EC86EC33355C147D8455AB1C14B,8A4C65C62D82C8783A6B51379A0E033464A4DF3C,2020-10-09 06:04:41.595000,2020-10-09 06:04:46.333000
ycbtlkkgaj4xmqyn,failed,not_found,478,C0F508ADA14AE7EA9F8F6650AF149B8DFC35B598,0FE31E8B143BCA123905993356D1DE49C715E455,F2D09EBC1F1BD97A7EEF896D015D6BB9C6874753,8A4DD3B74E4064623F46CC7A1CADC2770ECBB246,2020-10-09 06:04:46.334000,2020-10-09 06:04:51.340000
2n7vqrj35ycagsjb,failed,not_found,50,C0F508ADA14AE7EA9F8F6650AF149B8DFC35B598,A2924E7E60D364BF706D71A9CDC62465371476A0,A1B28D636A56AAFFE92ADCCA937AA4BD5333BB4C,9EFF16EA25FF27BC438A3FBF23C5315E576467AF,2020-10-09 06:04:30.235000,2020-10-09 06:04:31.873000
2n7vqrj35ycagsjb,failed,not_found,108,C0F508ADA14AE7EA9F8F6650AF149B8DFC35B598,1CD48F4ED0F1821FFBF1940802A13EEFD4C27502,B5212DB685A2A0FCFBAE425738E478D12361710D,9F19251CEE17B1E05084898D164F0544CCB095DD,2020-10-09 06:04:31.873000,2020-10-09 06:04:35.897000
2n7vqrj35ycagsjb,failed,not_found,213,C0F508ADA14AE7EA9F8F6650AF149B8DFC35B598,CC100DC017A25E244C35C964BB518E4308415ACC,8E7ACAD878BBD61097C0E0D557160F5D59BCE5CA,7088D485934E8A403B81531F8C90BDC75FA43C98,2020-10-09 06:04:35.898000,2020-10-09 06:04:38.276000
2n7vqrj35ycagsjb,failed,not_found,273,C0F508ADA14AE7EA9F8F6650AF149B8DFC35B598,1A10F6E2BA45CA4A5EBAA6EF759FCBF4E8AFEEA8,D7230F4F13324A28C308AF94E2385D0A7F1B05F9,9F2856F6D2B89AD4EF6D5723FAB167DB5A53519A,2020-10-09 06:04:38.277000,2020-10-09 06:04:42.115000
2n7vqrj35ycagsjb,failed,not_found,376,C0F508ADA14AE7EA9F8F6650AF149B8DFC35B598,B872BA6804C8C6E140AE1897B44CF32B42FD2397,0935BA9178F9E3B50C99DD53F723865FC224CFA8,708A968F3644F8A547156368FEA3DB664110E631,2020-10-09 06:04:42.115000,2020-10-09 06:04:45.718000
2n7vqrj35ycagsjb,failed,not_found,472,C0F508ADA14AE7EA9F8F6650AF149B8DFC35B598,DC9564AE8BC7BF5F722E3677C897ED1B578C8D81,81A9D2FABD2BA01C44824432976FAF8FF0BE2909,70ACA07D9276277B82E909C1439E19CCA2FB16CC,2020-10-09 06:04:45.718000,2020-10-09 06:04:51.119000
heqcgvj3ivefumso,failed,not_found,51,C0F508ADA14AE7EA9F8F6650AF149B8DFC35B598,B143D439B72D239A419F8DCE07B8A8EB1B486FA7,AB011ACDDE6D79F81A88CD9EB63E707D48AE8454,A24908D1E26872E1715F9901E80FB5FA6EEBEE91,2020-10-09 06:04:30.236000,2020-10-09 06:04:31.450000
heqcgvj3ivefumso,failed,not_found,80,C0F508ADA14AE7EA9F8F6650AF149B8DFC35B598,99339F3E68BCCC1391BF14C821D80766FE0C5956,872108C52C52CC10217A351C883E991AEDF7C470,A2415E2FEF1972055EC0CBDF688717DF4C453AED,2020-10-09 06:04:31.450000,2020-10-09 06:04:32.733000
heqcgvj3ivefumso,failed,not_found,119,C0F508ADA14AE7EA9F8F6650AF149B8DFC35B598,BB5630967607D8A8B6CA854AF954FE8372D1662A,79E3B585803DE805CCBC00C1EF36B1E74372861D,A23A7219B1EA9D583E66DFF26D62573DE64A9C29,2020-10-09 06:04:32.734000,2020-10-09 06:04:34.747000
heqcgvj3ivefumso,failed,not_found,175,C0F508ADA14AE7EA9F8F6650AF149B8DFC35B598,9B2BC7EFD661072AFADC533BE8DCF1C19D8C2DCC,41CEB66108B70108F148BF7778260A87723AACA1,BAFF362A8319E1F89FE4C9F3B8A1734E2E2E32AB,2020-10-09 06:04:34.748000,2020-10-09 06:04:36.771000
heqcgvj3ivefumso,failed,not_found,232,C0F508ADA14AE7EA9F8F6650AF149B8DFC35B598,84B7EB921421D2B60E1A7F9360F84F203C2C1CDE,1911E022DBFED9B04EE917187D46ABFBA5C8BACB,BB004C7F4C5C9FAE5E001864537F89388444F572,2020-10-09 06:04:36.771000,2020-10-09 06:04:38.895000
heqcgvj3ivefumso,failed,not_found,271,C0F508ADA14AE7EA9F8F6650AF149B8DFC35B598,9E4CC64C4F94C359D43C5BA09094323FDBEFD975,03F26766F14B0B7B5D22461083807D313429A34F,BAF223E9DF62D3261F1675C6CFC4E5D50F15FA57,2020-10-09 06:04:38.896000,2020-10-09 06:04:41.129000
bko577fmrdd252ey,failed,not_found,52,C0F508ADA14AE7EA9F8F6650AF149B8DFC35B598,5CF342DBBD6170BEE00CD52ACB4076D551085E7F,35DBE43445BB44D817084200BA05E8A0573EDFD4,5C4B505FCFCE0E340A86D0E7960B24A13ED5677C,2020-10-09 06:04:30.244000,2020-10-09 06:04:31.710000
bko577fmrdd252ey,failed,not_found,86,C0F508ADA14AE7EA9F8F6650AF149B8DFC35B598,EAA823552F959DFD038E9AC8FA89345A738B6C00,58FC2AAB3792AC37897D34331F4F4E00341DEC0C,5C42C5D7824DB75EBC5CBE2DE1DB985EA4970D7F,2020-10-09 06:04:31.711000,2020-10-09 06:04:33.538000
bko577fmrdd252ey,failed,not_found,139,C0F508ADA14AE7EA9F8F6650AF149B8DFC35B598,4CE6D83FFA8AD24767007E8C972F371F2468F09A,A541C211909264081DC3A4F8E105F06139DDCD8B,F80FDE27EFCB3F6A7B4E2CC517133DBFFA78BA2D,2020-10-09 06:04:33.538000,2020-10-09 06:04:35.271000
bko577fmrdd252ey,failed,not_found,189,C0F508ADA14AE7EA9F8F6650AF149B8DFC35B598,B76A047C20D3E4F9B5A64428298DA55A90D62472,6BE5AA34A5C391724677A3FDC2AA77B3768F6E26,5C4A1682FADF221DF46FFA32FE65826DCF79185F,2020-10-09 06:04:35.272000,2020-10-09 06:04:37.599000
bko577fmrdd252ey,failed,not_found,257,C0F508ADA14AE7EA9F8F6650AF149B8DFC35B598,43FF3346A3F8E4ED27F631DC956C4CD8D6173D7A,A977FA8FE8E1B00C05F86D114BD2336C3A9F1D8F,F81F63FDF6B566D63D3A1112FC9D3EA1D3A285D1,2020-10-09 06:04:37.600000,2020-10-09 06:04:40.158000
bko577fmrdd252ey,failed,not_found,327,C0F508ADA14AE7EA9F8F6650AF149B8DFC35B598,427E5C8ADC43B09582DDDA80EA8EDFBD05DF5003,AE95BDA37A5BB4685FEBB7F06649D6CE949B5316,F836446663F1EB816F13708955F105D0B2F5C8E0,2020-10-09 06:04:40.158000,2020-10-09 06:04:43.564000
fvgpo64byjw4dxph,failed,not_found,53,C0F508ADA14AE7EA9F8F6650AF149B8DFC35B598,50A39337EC55FC25E863868E80771220E468FC4C,21E54A1CB86144A4CAF60C636227ABB3D23C30D0,84A7397D10D5531FB14C2A5D604384D6D22E6A4D,2020-10-09 06:04:30.297000,2020-10-09 06:04:31.873000
fvgpo64byjw4dxph,failed,not_found,178,C0F508ADA14AE7EA9F8F6650AF149B8DFC35B598,6940247E04C839D268543E7F62566A91E40567E3,881F09279F94E9AAD3DE30727DF3AD7C2CE900DF,D245C3E824456945C6759599CB8A0547135A066D,2020-10-09 06:04:31.874000,2020-10-09 06:04:36.849000
fvgpo64byjw4dxph,failed,not_found,236,C0F508ADA14AE7EA9F8F6650AF149B8DFC35B598,F8DE8132E599A194E20DDB738AF64A7200CD5949,1804C06A266F0DA26DF58CD559E01C2F7C3FC42A,D228AE265C966CA4E9A8C4B746A30A9737060A32,2020-10-09 06:04:36.849000,2020-10-09 06:04:39.247000
fvgpo64byjw4dxph,failed,not_found,250,C0F508ADA14AE7EA9F8F6650AF149B8DFC35B598,88DF5D708E931C431902AAABEA981E7951E00085,E3D72E974DE4C6EFA37656377BA7A4BFE9CF22B7,84ABF6381FD0F96B882764F176B85980EBC31FE1,2020-10-09 06:04:39.248000,2020-10-09 06:04:42.552000
fvgpo64byjw4dxph,failed,not_found,354,C0F508ADA14AE7EA9F8F6650AF149B8DFC35B598,303509AB910EF207B7438C27435C4A2FD579F1B1,68FEC70D44E4E5B9A2E90B4B08AA2323164D72CB,84A8E41D03865822272F647D378AFF4AC73187F2,2020-10-09 06:04:42.552000,2020-10-09 06:04:46.679000
fvgpo64byjw4dxph,failed,not_found,595,C0F508ADA14AE7EA9F8F6650AF149B8DFC35B598,181DC60C824EB562761FADADFFB7F1E18C19E96A,B70BD334FFEE23E653B75219AE12CF0236BCFCBB,D23F48B37526F904EECB3C8ED0747EF254C11BB4,2020-10-09 06:04:46.679000,2020-10-09 06:04:58.927000
eaapq47kwj3s23yp,failed,not_found,54,C0F508ADA14AE7EA9F8F6650AF149B8DFC35B598,33B36B7CD097F0BE1EE51E739DDA8F1B2E80B0F2,58ED9C9C35E433EE58764D62892B4FFD518A3CD0,0861F4966E199C0BA9DB1D904DB4BC843508F12C,2020-10-09 06:04:30.318000,2020-10-09 06:04:32.935000
eaapq47kwj3s23yp,failed,not_found,143,C0F508ADA14AE7EA9F8F6650AF149B8DFC35B598,669BE4BBFA06BB7C77B95246F57DDF5BAFC48712,FB016E16B8CD7A0E53DEEF31ED8754E4F6B8E837,08602BACB604139F07C9530DFC243454C48B9749,2020-10-09 06:04:32.935000,2020-10-09 06:04:35.526000
eaapq47kwj3s23yp,failed,not_found,196,C0F508ADA14AE7EA9F8F6650AF149B8DFC35B598,A1B7C1F83E5DA4376FD2E1DBA7AC28A71AB332AD,BFB14B9ADF1F19E59258CAE7FCDBAAC9937B7B10,085527CBD6485FD475AC983FA8683A2D9028BAA8,2020-10-09 06:04:35.527000,2020-10-09 06:04:37.857000
eaapq47kwj3s23yp,failed,not_found,264,C0F508ADA14AE7EA9F8F6650AF149B8DFC35B598,380E69EDD02DECD323B5686BC58A616C092FE3CC,C3636ECA4B40900056590AA7DBFC6ED09379852F,578E007E5E4535FBFEF7758D8587B07B4C8C5D06,2020-10-09 06:04:37.858000,2020-10-09 06:04:41.316000
eaapq47kwj3s23yp,failed,not_found,448,C0F508ADA14AE7EA9F8F6650AF149B8DFC35B598,3532FA1CEDA2AAA07C1F23A9C08905D248085593,59EA74708A9C1A24D2EB1A2F150C27119A5FC2A6,57B6873C2DC362E5A42A809FB5624CDA3A025430,2020-10-09 06:04:41.317000,2020-10-09 06:04:50.207000
eaapq47kwj3s23yp,failed,not_found,592,C0F508ADA14AE7EA9F8F6650AF149B8DFC35B598,438F3EA4C9FB0DB63F5377A3271AB5435FAD7E04,853246C4EBF7FD27C2EBE31E2DF37B2B5F13A39C,5790B62AD6C79A1092B30993A8F0F7F23A969FD6,2020-10-09 06:04:50.207000,2020-10-09 06:04:58.728000
otgxnekuvd5hlg35,failed,not_found,55,C0F508ADA14AE7EA9F8F6650AF149B8DFC35B598,8B1CC76D6D1370A67263628D4CBC01B62903D0BF,69BE1831EC63C751D241E5E962DA4793355A6253,12C2BA0404C86BB995BC9E72D7830343AAB9617C,2020-10-09 06:04:30.318000,2020-10-09 06:04:32.224000
otgxnekuvd5hlg35,failed,not_found,97,C0F508ADA14AE7EA9F8F6650AF149B8DFC35B598,81E18725397D620DA548ABBE24D9CD263DEF2FDC,B9EAEADEDD4937363CD25FCD7022E55764B8DBBA,12B1A5769D38FF47CF68C2235E1BDA315DF400F2,2020-10-09 06:04:32.224000,2020-10-09 06:04:33.491000
otgxnekuvd5hlg35,failed,not_found,138,C0F508ADA14AE7EA9F8F6650AF149B8DFC35B598,438DC9B6B5C5375D332BB338D7E5C1B9EF448960,72B2B12A3F60408BDBC98C6DF53988D3A0B3F0EE,12AD30E5D25AA67F519780E2111E611A455FDC89,2020-10-09 06:04:33.491000,2020-10-09 06:04:34.856000
otgxnekuvd5hlg35,failed,not_found,359,C0F508ADA14AE7EA9F8F6650AF149B8DFC35B598,6A0A912F7A536B2FC3ACF42356C57EB47678E7FB,20462CBA5DA4C2D963567D17D0B7249718114A68,706A7674A217BA905FE677E82236B7B968A23DB7,2020-10-09 06:04:34.856000,2020-10-09 06:04:47.988000
otgxnekuvd5hlg35,failed,not_found,532,C0F508ADA14AE7EA9F8F6650AF149B8DFC35B598,FC1E441E097BA36930AA2F615EFB325AF76D2595,08F4692B60862640F688B86826B66F30DEA7AB73,706B1ED9AF5CCAC90AD488AE2691B358FA598CBB,2020-10-09 06:04:47.988000,2020-10-09 06:04:54.966000
otgxnekuvd5hlg35,failed,not_found,714,C0F508ADA14AE7EA9F8F6650AF149B8DFC35B598,6EDBE20897BD02A2D8D654D0440FDB2A3B0643E1,5AC46D393C7E1FB0DF7F3424737239A27F9586C9,7070199EF60B5B1AE4EA2EFB4881F9F90B6FA9EF,2020-10-09 06:04:54.967000,2020-10-09 06:05:14.363000
pv6ty76uxnrxrn7j,failed,not_found,56,C0F508ADA14AE7EA9F8F6650AF149B8DFC35B598,7D4261853A5CC5E96C8886391919FF2DA02A5801,0CC18E42E5ECADFE76862CE2EB7189EFA17A11FD,7761DDC7EB1BE26D4155F74A15F12C32A36FE0F2,2020-10-09 06:04:30.346000,2020-10-09 06:04:31.887000
pv6ty76uxnrxrn7j,failed,not_found,92,C0F508ADA14AE7EA9F8F6650AF149B8DFC35B598,5F9141428BF5EAE485F0E2F7912DEDED4F4D17A7,6A116A29566EA54B4113705BCAE5DC376039DF99,F4873B3EC3325B81DC36C7E38AD3A5ED12B2F339,2020-10-09 06:04:31.887000,2020-10-09 06:04:33.260000
pv6ty76uxnrxrn7j,failed,not_found,127,C0F508ADA14AE7EA9F8F6650AF149B8DFC35B598,B8805CBDBE91A5E68D268FC62DC617B5BD7CC9E7,2AE2CA4BD2B7754F29432C25E03314D52AC4CAF1,776FCB8F73F8D84407F5AF2460A75F9EEC982EB3,2020-10-09 06:04:33.261000,2020-10-09 06:04:34.701000
pv6ty76uxnrxrn7j,failed,not_found,174,C0F508ADA14AE7EA9F8F6650AF149B8DFC35B598,F3DF2415A5ECFB57835CF7E629C3AD0E1DA6732B,AE95BDA37A5BB4685FEBB7F06649D6CE949B5316,775B0FAFDE71AADC23FFC8782B7BEB1D5A92733E,2020-10-09 06:04:34.702000,2020-10-09 06:04:36.724000
pv6ty76uxnrxrn7j,failed,not_found,231,C0F508ADA14AE7EA9F8F6650AF149B8DFC35B598,741BD468A18B922A75639FDA6ABE369C080B8B87,853246C4EBF7FD27C2EBE31E2DF37B2B5F13A39C,F47B13BFCE4EF48CDEF6C4D7C7A99208EBB972B5,2020-10-09 06:04:36.725000,2020-10-09 06:04:39.049000
pv6ty76uxnrxrn7j,failed,not_found,297,C0F508ADA14AE7EA9F8F6650AF149B8DFC35B598,D8EA105E79803FB0040A8C2A676D93DAEA2CFFF0,1804C06A266F0DA26DF58CD559E01C2F7C3FC42A,F475E5987E44A2B7B143A2BEE3F8128EEFD7E5A3,2020-10-09 06:04:39.049000,2020-10-09 06:04:42.679000
xmzfliqm7gbeivo4,failed,not_found,57,C0F508ADA14AE7EA9F8F6650AF149B8DFC35B598,BE40A5C8EB81704DBC1586190159AA7EDC1DA11D,B143D439B72D239A419F8DCE07B8A8EB1B486FA7,5BF170F5773748C783BE4B67DABF5338C03B1AE7,2020-10-09 06:04:30.346000,2020-10-09 06:04:31.599000
xmzfliqm7gbeivo4,failed,not_found,84,C0F508ADA14AE7EA9F8F6650AF149B8DFC35B598,114FB145113A8D53818F0BA9363DFBC81DC8447F,71B9A25F48E53A5C2C85DDCB5C193B4F4D5D19C6,29AA1984FEEFA60093F72160B5EF44CA50B4EBBD,2020-10-09 06:04:31.599000,2020-10-09 06:04:33.455000
xmzfliqm7gbeivo4,failed,not_found,137,C0F508ADA14AE7EA9F8F6650AF149B8DFC35B598,BA0A023DF7D0A03E2CB5A180E1DD54B0950AA5C1,C4D8691CD1D6413799777B319FA1EE06802D4054,5B9BB7A543C2C035A423A6B411780E50645782C0,2020-10-09 06:04:33.456000,2020-10-09 06:04:34.860000
xmzfliqm7gbeivo4,failed,not_found,317,C0F508ADA14AE7EA9F8F6650AF149B8DFC35B598,E130296683B896A117CE5DA531A5645644178734,4EBE3B18F7D38D0A2FDD67B47A55CB9069368723,29A39144AD141242436D07901F7A8B91F7516A66,2020-10-09 06:04:34.860000,2020-10-09 06:04:42.671000
xmzfliqm7gbeivo4,failed,not_found,398,C0F508ADA14AE7EA9F8F6650AF149B8DFC35B598,79B39F8D53DACC9A63975FBC346301D8D0D36034,0F6E5CA4BF5565D9AA9FDDCA165AFC6A5305763D,2998955C80A5C5575A960202AFCE0D7DF633F6EF,2020-10-09 06:04:42.671000,2020-10-09 06:04:47.146000
xmzfliqm7gbeivo4,failed,not_found,484,C0F508ADA14AE7EA9F8F6650AF149B8DFC35B598,494E8307AE921E46CCD20BD91C4FACEA8E3CCC5F,0BF606DE836D4C794CAFF7CA78720F8C87660998,5BA19B5D5AB0CB9EF8EA33DA77585B75449400B0,2020-10-09 06:04:47.147000,2020-10-09 06:04:52.253000
gh4xkr6pgvuceamf,failed,not_found,58,C0F508ADA14AE7EA9F8F6650AF149B8DFC35B598,1CDCB48F64E21D5ACAFE2471912E2E76F600EDFA,C10641474515F0ADA5D0395EB2E8000C2959B1BD,C6BA2CDA402B668FB146F7BAEBC09D06EBEFB873,2020-10-09 06:04:30.347000,2020-10-09 06:04:32.098000
gh4xkr6pgvuceamf,failed,not_found,96,C0F508ADA14AE7EA9F8F6650AF149B8DFC35B598,217B9BE70DC602F6D929132EA2A9DF60BAED8CE0,B53CCA073616E30BA3376EC40577FBBBFB812C2C,CA0E72B38D97D7CC687F88DAE136A60509CFB6DE,2020-10-09 06:04:32.098000,2020-10-09 06:04:33.767000
gh4xkr6pgvuceamf,failed,not_found,147,C0F508ADA14AE7EA9F8F6650AF149B8DFC35B598,ACA0B8702A6A0B890217A3D26B7220EB6E1CFFD1,8FA200E9EA2E4E07DA67F2FFD8789104F6A06512,C6B656BA6BC16E31115A1B2D56396A53165F3408,2020-10-09 06:04:33.767000,2020-10-09 06:04:35.709000
gh4xkr6pgvuceamf,failed,not_found,206,C0F508ADA14AE7EA9F8F6650AF149B8DFC35B598,114FB145113A8D53818F0BA9363DFBC81DC8447F,09A70E396DE93F54D4541BBB0EC8E2B23761F34F,CA29603FE2143C9BF06AFE76AB5D7940194271C1,2020-10-09 06:04:35.710000,2020-10-09 06:04:38.834000
gh4xkr6pgvuceamf,failed,not_found,291,C0F508ADA14AE7EA9F8F6650AF149B8DFC35B598,F263F4F57A20D8C19E9F9C84150C60F7A49F2DB5,E432C6B90254DD0675F86D3E4D5F3A2CA100DE8B,C9FAA93525ACE580BDB03ABC662ED2045262BD89,2020-10-09 06:04:38.835000,2020-10-09 06:04:42.434000
gh4xkr6pgvuceamf,failed,not_found,384,C0F508ADA14AE7EA9F8F6650AF149B8DFC35B598,32A43B0C153C2298FDBD24A3B298DA9368DC73B8,4623A9EC53BFD83155929E56D6F7B55B5E718C24,C6E1453B8CAF796E4CF65DB6A81283BDDD722F88,2020-10-09 06:04:42.434000,2020-10-09 06:04:46.989000
jvzbekg62ha7mzuw,failed,not_found,70,C0F508ADA14AE7EA9F8F6650AF149B8DFC35B598,072E4EC47D640118D5438BFFDFF1AF7BB4E2AD2B,D6BC16A4ACACA87B81AE00BC28F8AF2DB95E74F7,383882E740FC9214A21A60E8D4B10A220272113B,2020-10-09 06:04:31.287000,2020-10-09 06:04:32.689000
jvzbekg62ha7mzuw,failed,not_found,117,C0F508ADA14AE7EA9F8F6650AF149B8DFC35B598,01FF9C8571D1C09FA8D2ACCE727D5530FEC10038,05B451C0562FDE23307AFA84FD6A37652E615233,71AB4726D830FAE776D74AEF790CF04D8E0151B4,2020-10-09 06:04:32.689000,2020-10-09 06:04:34.475000
jvzbekg62ha7mzuw,failed,not_found,169,C0F508ADA14AE7EA9F8F6650AF149B8DFC35B598,D72B15450AF8715AAACD612C1151C48A988D9318,16EC5B79F147C6A05649E84E4AC90802446E8158,383CFCF03B225B3EDCA519197BAA310A58CEAABC,2020-10-09 06:04:34.475000,2020-10-09 06:04:37.282000
jvzbekg62ha7mzuw,failed,not_found,254,C0F508ADA14AE7EA9F8F6650AF149B8DFC35B598,6962377722C4AA5E56540F4F9693DFA525449974,E130296683B896A117CE5DA531A5645644178734,381EC209A77FC5365B94CE219420BA01A6F0DA2E,2020-10-09 06:04:37.283000,2020-10-09 06:04:40.168000
jvzbekg62ha7mzuw,failed,not_found,329,C0F508ADA14AE7EA9F8F6650AF149B8DFC35B598,955D5C5040EBBA9D3293B11B159DF52DD97ECB73,E6D4332BF40FDEE7814F2DBC926650EF8032B643,719FD0FA327F3CCBCDA0D4EA74C15EA110338942,2020-10-09 06:04:40.168000,2020-10-09 06:04:43.444000
jvzbekg62ha7mzuw,failed,not_found,414,C0F508ADA14AE7EA9F8F6650AF149B8DFC35B598,F836446663F1EB816F13708955F105D0B2F5C8E0,E5A3CA10182C35F691BCF678F193D10F4B0F972F,719E0BA572DE9CA95C6663BFF44297305C5293EC,2020-10-09 06:04:43.445000,2020-10-09 06:04:47.796000
o4eqjlxbr7qbou5k,failed,not_found,73,C0F508ADA14AE7EA9F8F6650AF149B8DFC35B598,F29A5D7E317934CDFFFA3DD9B26AC9AB48CB1C6C,F5746F6257DFE87E3A90753C2A0439926C55552F,B83DC1558F0D34353BB992EF93AFEAFDB226A73E,2020-10-09 06:04:31.317000,2020-10-09 06:04:32.689000
o4eqjlxbr7qbou5k,failed,not_found,118,C0F508ADA14AE7EA9F8F6650AF149B8DFC35B598,B2D03CDF45EB4D74A65FAC4F00EBA785C9663A5F,B3C6B4D26A20151F568D39ACFA63E15DBC01CD5D,B8240A4C715A2595CE54C82AB175C80214768B4A,2020-10-09 06:04:32.690000,2020-10-09 06:04:34.374000
o4eqjlxbr7qbou5k,failed,not_found,167,C0F508ADA14AE7EA9F8F6650AF149B8DFC35B598,B1289B91C190A6803C1ADA6E381C0843CE039D70,B0DB2F173F0DB364BABF7A465D796B3C048F1F33,B840C7DE596E77A22187E638C5116DC5B3BBDDD1,2020-10-09 06:04:34.374000,2020-10-09 06:04:36.417000
o4eqjlxbr7qbou5k,failed,not_found,225,C0F508ADA14AE7EA9F8F6650AF149B8DFC35B598,8F22AFDD06AA4238ADD93A8EA6FBC2BB9C652711,BF7168623AD4FF542A9E940C4CCF575D9BE16323,3D6C776E8BE9E8AE5D0591594117999E3C5498C8,2020-10-09 06:04:36.417000,2020-10-09 06:04:39.530000
o4eqjlxbr7qbou5k,failed,not_found,312,C0F508ADA14AE7EA9F8F6650AF149B8DFC35B598,1AAD015F4D885413A2BCE0E58159116901236C49,C0279317438EAA2458BB43A281E91ED7F6560A36,3D636FB9D24EA781C3C2766C051064C6CA1C0D96,2020-10-09 06:04:39.531000,2020-10-09 06:04:42.998000
o4eqjlxbr7qbou5k,failed,not_found,402,C0F508ADA14AE7EA9F8F6650AF149B8DFC35B598,B8805CBDBE91A5E68D268FC62DC617B5BD7CC9E7,2096BCFEBB95A1134F39FCF8CEB076FF41A2B48B,3D5D6178C44537E3692853B344385F6572A55767,2020-10-09 06:04:42.999000,2020-10-09 06:04:47.051000
2obsmju6m6olrznx,failed,not_found,74,C0F508ADA14AE7EA9F8F6650AF149B8DFC35B598,F37374DB9FA6EF14CED64FD294E8D8683F032EC8,EDC579FF076E841057F4F34150596E1572323077,BB7B02C3ED7D575A9EEA44A10A65B4AA289C104A,2020-10-09 06:04:31.344000,2020-10-09 06:04:32.508000
2obsmju6m6olrznx,failed,not_found,111,C0F508ADA14AE7EA9F8F6650AF149B8DFC35B598,BD6FFF1AD5A88A8D43870D43EC4450081B4B2BBA,061E0496931D23A81A2B685C9339D36857DD0FA1,BB60F5BA113A0B8B44B7B37DE3567FE561E92F78,2020-10-09 06:04:32.508000,2020-10-09 06:04:33.703000
2obsmju6m6olrznx,failed,not_found,145,C0F508ADA14AE7EA9F8F6650AF149B8DFC35B598,AB0120A92CC6C2BC3A01CC9347720D743AF0BD21,614094CAF0701EB568106E60EC12A785E704AE0F,9E198CC6DA30481F42E4A22E29E4A922C12F9F94,2020-10-09 06:04:33.703000,2020-10-09 06:04:35.608000
2obsmju6m6olrznx,failed,not_found,199,C0F508ADA14AE7EA9F8F6650AF149B8DFC35B598,E43B42C153E2F4215D581A121B7DAD568FE3DB15,8DCB526722FBE2B3F4C0CE9D020B0589170F8BDA,BBBBBAD453263D786EC34AB68A06214288910345,2020-10-09 06:04:35.608000,2020-10-09 06:04:37.674000
2obsmju6m6olrznx,failed,not_found,260,C0F508ADA14AE7EA9F8F6650AF149B8DFC35B598,BB7B02C3ED7D575A9EEA44A10A65B4AA289C104A,A2E6BB5C391CD46B38C55B4329C35304540771F1,9E41448CE0DDE186CE05D2DED5F34428C99A8D70,2020-10-09 06:04:37.674000,2020-10-09 06:04:40.475000
2obsmju6m6olrznx,failed,not_found,344,C0F508ADA14AE7EA9F8F6650AF149B8DFC35B598,6C333B5BDBA3DFE7A782E40CB970C271ABFED119,AC00AEBA1AE2A80CF4184C4362157BF91487B902,9E2D7C6981269404AA1970B53891701A20424EF8,2020-10-09 06:04:40.476000,2020-10-09 06:04:44.378000
ysiei4kkg6at37co,failed,not_found,75,C0F508ADA14AE7EA9F8F6650AF149B8DFC35B598,1D04FF920CE804CE357FE62C665901C578BC26D6,D5620540816EA48C32CBCDE17F030068A6D4CB0C,9BC9DEC371D17190F0185D7CDA42F30A617B6A7F,2020-10-09 06:04:31.345000,2020-10-09 06:04:32.498000
ysiei4kkg6at37co,failed,not_found,110,C0F508ADA14AE7EA9F8F6650AF149B8DFC35B598,DD0AA66DD9E4E71FFAFAB658DF8300F1CEEA0364,3A8557B067FBE53F168BBEAA7D14D1298AE52A52,9BF4A13730774865EF6DD7102D98AF1A33E54E0C,2020-10-09 06:04:32.499000,2020-10-09 06:04:33.946000
ysiei4kkg6at37co,failed,not_found,151,C0F508ADA14AE7EA9F8F6650AF149B8DFC35B598,81A9D2FABD2BA01C44824432976FAF8FF0BE2909,F38FB55A8CCA6A00CDD024A5EA2CFECB38A48E15,D3BE0C4FEC3AC5955992D336E7BF99DC1F26020C,2020-10-09 06:04:33.946000,2020-10-09 06:04:35.778000
ysiei4kkg6at37co,failed,not_found,210,C0F508ADA14AE7EA9F8F6650AF149B8DFC35B598,5CF6E6E56DA5B04B8307D8AAB5C33863E84536B5,EE7CD2A763435C7006095BD167C790ABE5BC4DEA,9BC648B182B92B1F3DFD022A00AB3AA1F1780750,2020-10-09 06:04:35.778000,2020-10-09 06:04:38.072000
ysiei4kkg6at37co,failed,not_found,267,C0F508ADA14AE7EA9F8F6650AF149B8DFC35B598,A3407CC403CF39DFA40ED9E1D14A8B54431F6104,2CE9BE1FC88B9D0FA03F387C9E4F000B5D4B2AE9,D405FCCF06ADEDF898DF2F29C9348DCB623031BA,2020-10-09 06:04:38.072000,2020-10-09 06:04:41.595000
ysiei4kkg6at37co,failed,not_found,372,C0F508ADA14AE7EA9F8F6650AF149B8DFC35B598,09DEA9A672FDEF38CE01E3F453E7D7CD0707E7C6,DD7BD3E5BD0BA48A8C70B0CDF017FA5988B87E27,D408EA531AA2FA90F25BD14283D38FDBB2094BA3,2020-10-09 06:04:41.596000,2020-10-09 06:04:46.313000
dtdan4hwkjve3udq,failed,not_found,76,C0F508ADA14AE7EA9F8F6650AF149B8DFC35B598,7992F172EDBE69B99F0190651BAC14DD0FD9E5C8,104DC15ACFA69CF94F89E8ED0F6CDB2D298234D2,882D5F210B798BA3133B1B69ACD9591DD5FB5B60,2020-10-09 06:04:31.355000,2020-10-09 06:04:32.539000
dtdan4hwkjve3udq,failed,not_found,113,C0F508ADA14AE7EA9F8F6650AF149B8DFC35B598,42D47C736518BFA495CA31AEE40AE468F0BDA2A6,00C22D3BC1822EB8EA380AF04245337399E796E2,510F14B2EFFA8CA4131F09081CD6982C614EA508,2020-10-09 06:04:32.540000,2020-10-09 06:04:33.863000
dtdan4hwkjve3udq,failed,not_found,129,C0F508ADA14AE7EA9F8F6650AF149B8DFC35B598,938ACAB816A334BF467E41EE3A6F1E4F916155F0,37BB3233098BF9B9095C27834E65A2E17FF807F8,50F6216AD70E26B9FE70808380A1754BDF3DD0E5,2020-10-09 06:04:33.863000,2020-10-09 06:04:34.949000
dtdan4hwkjve3udq,failed,not_found,187,C0F508ADA14AE7EA9F8F6650AF149B8DFC35B598,DD0C8EEC5CA402A9FA4478F10C31A440F71F6885,F43C497039F836FE32DE416F4CBD97892C3F6E9E,883F49ECDF48809308C0E5409E5A264B94050140,2020-10-09 06:04:34.949000,2020-10-09 06:04:37.135000
dtdan4hwkjve3udq,failed,not_found,240,C0F508ADA14AE7EA9F8F6650AF149B8DFC35B598,049E575553B9BF8409C9EB18A3782EEF871C6127,98E659B5B701076BE433B4723F20A1811739588A,510176C07005D47B23E6796F02C93241A29AA0E9,2020-10-09 06:04:37.135000,2020-10-09 06:04:40.673000
dtdan4hwkjve3udq,failed,not_found,345,C0F508ADA14AE7EA9F8F6650AF149B8DFC35B598,361D33C96D0F161275EE67E2C91EE10B276E778B,3E3005A4B43FAFCE070FFE19D53076EC22EE0944,8839E8FBE28219B85392EEA5A4DBC41D315F4B83,2020-10-09 06:04:40.673000,2020-10-09 06:04:45.591000
gmjr6b4j6aa74vfz,failed,not_found,77,C0F508ADA14AE7EA9F8F6650AF149B8DFC35B598,47A83EC4D144FB8094A57DC5AEB39E9F6F174036,74AEC0978787393E563C587A3055545DA5035C26,035396269F6D00503D1765DF36ED1B203A028D74,2020-10-09 06:04:31.357000,2020-10-09 06:04:32.488000
gmjr6b4j6aa74vfz,failed,not_found,202,C0F508ADA14AE7EA9F8F6650AF149B8DFC35B598,88748052843CC93A02BE1D9E9B5B358AB3A104AA,1CD48F4ED0F1821FFBF1940802A13EEFD4C27502,AFF499AF071A2DE2EADC22B67B48ACC91EEEF394,2020-10-09 06:04:32.488000,2020-10-09 06:04:37.790000
gmjr6b4j6aa74vfz,failed,not_found,262,C0F508ADA14AE7EA9F8F6650AF149B8DFC35B598,774908E4A3018A9696BD02FE4F3F8A8724396D22,425E358E94FB53E7F11AF2D9AB60DE25F534BA1A,0338F9F55111FE8E3570E7DE117EF3AF999CC1D7,2020-10-09 06:04:37.790000,2020-10-09 06:04:40.325000
gmjr6b4j6aa74vfz,failed,not_found,336,C0F508ADA14AE7EA9F8F6650AF149B8DFC35B598,52026565263963A4DA7C0A737E43850951405CDB,FD449127D30D8F5D124653D9EF736EDF4A12B4DC,AFF8F4D58E2A5FEAD28D1ED4A38FB8D60E406A33,2020-10-09 06:04:40.325000,2020-10-09 06:04:43.884000
gmjr6b4j6aa74vfz,failed,not_found,499,C0F508ADA14AE7EA9F8F6650AF149B8DFC35B598,D777D31F95081D0F7223AAD5F8A74977D524145D,02ED4F8DB11F1303BA21B16AA1CF2A0A48547ACA,0367E1FFAB716AC3F418CFB7CBB3BDB9403CD9CB,2020-10-09 06:04:43.885000,2020-10-09 06:04:52.956000
gmjr6b4j6aa74vfz,failed,not_found,659,C0F508ADA14AE7EA9F8F6650AF149B8DFC35B598,7ED3D8AFAC750F8CC0BDF8C87FE3BCBA2BBE2209,31419A64188BC8070EE89F3CEE6AA98EAAC7E8E8,AFF2FC5C6F793B6E147EB93C1897D6DDA49E54FD,2020-10-09 06:04:52.956000,2020-10-09 06:05:07.352000
7y4ffmyc6t2wliui,failed,not_found,99,C0F508ADA14AE7EA9F8F6650AF149B8DFC35B598,7D51EED86BF0E28264803613A0F09EC1EEA4714C,81E18725397D620DA548ABBE24D9CD263DEF2FDC,45DFAB9E1BD65DEF326CE0CB300E6C6F410A67F8,2020-10-09 06:04:32.308000,2020-10-09 06:04:33.539000
7y4ffmyc6t2wliui,failed,not_found,140,C0F508ADA14AE7EA9F8F6650AF149B8DFC35B598,A3AFBDEE30238E44899C9F8B7666D12B09C8EE32,36E009C40158C54FB0AF959CBD19CC348B7C9AC3,45D8C1EEFF044043AA6806C4B9130F8F189EF316,2020-10-09 06:04:33.539000,2020-10-09 06:04:35.321000
7y4ffmyc6t2wliui,failed,not_found,195,C0F508ADA14AE7EA9F8F6650AF149B8DFC35B598,D7230F4F13324A28C308AF94E2385D0A7F1B05F9,AF1FC704A5243CC0F08A335343D18A7D9FD871DE,45D67EDBFE0A61F9784F34A88DA6D5E13C397786,2020-10-09 06:04:35.322000,2020-10-09 06:04:37.662000
7y4ffmyc6t2wliui,failed,not_found,258,C0F508ADA14AE7EA9F8F6650AF149B8DFC35B598,B545577D2991381AD08037641AB2E36E307E38BC,B96B5141004995295FE87DCCE1A54519BD0BB48A,20462CBA5DA4C2D963567D17D0B7249718114A68,2020-10-09 06:04:37.662000,2020-10-09 06:04:40.126000
7y4ffmyc6t2wliui,failed,not_found,326,C0F508ADA14AE7EA9F8F6650AF149B8DFC35B598,42B4F52C5B11E4D39855F654955425B0D5A0598B,365F393040AA2979DC01D102F5052CAD048F42F7,20465F3DFD77F7AC95F31A4D35726FB6D82F0E67,2020-10-09 06:04:40.126000,2020-10-09 06:04:43.796000
7y4ffmyc6t2wliui,failed,not_found,455,C0F508ADA14AE7EA9F8F6650AF149B8DFC35B598,EE010EF80A27AC0B02CDC2B8B214A6201BB02D2B,A7E6640FEC85C9B04FB778A51CB999E35A29531E,2047683DDDA5642AB4FC93414CA4407FE1003813,2020-10-09 06:04:43.797000,2020-10-09 06:04:49.864000
wjblareizi2qtxxl,failed,not_found,100,C0F508ADA14AE7EA9F8F6650AF149B8DFC35B598,CD39C258265B25EAA4ABA4FDCB2DF98104CAA362,B545577D2991381AD08037641AB2E36E307E38BC,A3EE484BAE2E24B6D0252CCE132B0A76D9D61D35,2020-10-09 06:04:32.340000,2020-10-09 06:04:33.923000
wjblareizi2qtxxl,failed,not_found,248,C0F508ADA14AE7EA9F8F6650AF149B8DFC35B598,0B555940D37DC849728841C0B290074E1A1BDCA8,AD7552F2CFBF472F9FFE748D3E82994EA6050A76,A3E7A4395E7C1F30692018E4FB0980B103E38488,2020-10-09 06:04:33.923000,2020-10-09 06:04:40.056000
wjblareizi2qtxxl,failed,not_found,324,C0F508ADA14AE7EA9F8F6650AF149B8DFC35B598,2FFE5FAF70D20E76B0474AE9E40C2A0B53F8D9F0,41CEB66108B70108F148BF7778260A87723AACA1,A40426552AAFB2692671EEFB1C93D6F749B161C3,2020-10-09 06:04:40.057000,2020-10-09 06:04:46.277000
wjblareizi2qtxxl,failed,not_found,551,C0F508ADA14AE7EA9F8F6650AF149B8DFC35B598,8358BDDA9C9A680B4E3A2809E5C24F5B3624D5C2,100195E079A761751587E31A091D2E2206F35C3A,51142A1DF64451C7750ECB85788364A68A07CEC2,2020-10-09 06:04:46.277000,2020-10-09 06:04:57.145000
wjblareizi2qtxxl,,,,,,,510F14B2EFFA8CA4131F09081CD6982C614EA508,2020-10-09 06:04:57.146000,
gzddtbal5cfkgijv,failed,not_found,101,C0F508ADA14AE7EA9F8F6650AF149B8DFC35B598,276AE7A0E974FC96B0933F1DA8FD51FD3BA59944,8C5B316ED73018484765C3E0944E4508DCAE0944,D941D380E5228E7B4D372AF4D484629A96DC48B9,2020-10-09 06:04:32.341000,2020-10-09 06:04:33.977000
gzddtbal5cfkgijv,failed,not_found,152,C0F508ADA14AE7EA9F8F6650AF149B8DFC35B598,FB016E16B8CD7A0E53DEEF31ED8754E4F6B8E837,7EB86B057A761B085273049642863EF9DACAE6E8,D91F295BFAF865BF76DA0820485B6650DD832DC5,2020-10-09 06:04:33.977000,2020-10-09 06:04:35.755000
gzddtbal5cfkgijv,failed,not_found,208,C0F508ADA14AE7EA9F8F6650AF149B8DFC35B598,21310F48066A4CAADEB2BFD324F0B38F8E1448D6,2F69F8C4DC02DD15A39BFDB4078A791D89ECEAA2,D937890C0A73F83E42FEDE3CA8B1BA80A59A29C0,2020-10-09 06:04:35.755000,2020-10-09 06:04:38.632000
gzddtbal5cfkgijv,failed,not_found,284,C0F508ADA14AE7EA9F8F6650AF149B8DFC35B598,06BBEAA6F73759A1795EB461D39D2AA168F305D1,E3E7491900ECA759D7FA64E6B1CCBD6AC69474D7,EDB9C65B939940EC5E9DA800EE1574F1D68042B4,2020-10-09 06:04:38.633000,2020-10-09 06:04:41.574000
gzddtbal5cfkgijv,failed,not_found,369,C0F508ADA14AE7EA9F8F6650AF149B8DFC35B598,1B3E48D75E7F7E61D1B9BBE24BA15A38B454380D,888E9C8ABDE13F7177939D40810F5EA0BEDA9346,EDC4243F57F9B856B400398D5F6C354F8408EEA9,2020-10-09 06:04:41.574000,2020-10-09 06:04:46.393000
gzddtbal5cfkgijv,failed,not_found,487,C0F508ADA14AE7EA9F8F6650AF149B8DFC35B598,C2E3E1A73D46982994551380919F08EC5021A908,0A843245862A05E6FFB1F416A6E96F6F12EE46AB,EDAF30C58D6CCF359EA062C668C7180A17076440,2020-10-09 06:04:46.393000,2020-10-09 06:04:51.869000
ggemrqbjiavsvpai,failed,not_found,103,C0F508ADA14AE7EA9F8F6650AF149B8DFC35B598,6062A0D4F5BD1C1FF2D7BD5998663E0FA7E21450,C8A95933320878FCAAACB331915E926BAF78A259,901592FBE2A2335F5DC3A5434600B9A4F9D9C68E,2020-10-09 06:04:32.352000,2020-10-09 06:04:34.470000
ggemrqbjiavsvpai,failed,not_found,168,C0F508ADA14AE7EA9F8F6650AF149B8DFC35B598,D0273C8566CC9AECE4C762376C9B066FE0F1DADD,021DDCD687FD505B7EA7E75DA6CEF0D778AA07FB,900777F6E1307328D5C39826356925FDECB0790B,2020-10-09 06:04:34.470000,2020-10-09 06:04:36.437000
ggemrqbjiavsvpai,failed,not_found,226,C0F508ADA14AE7EA9F8F6650AF149B8DFC35B598,66BBCD0D58FDB891AD86CE22A2613A9BEE3CA274,5856DB884578915E7C7A0B7B11E4145B1D2A4E2B,901B90EC8B96C6451854C325229E8B37EB5819BB,2020-10-09 06:04:36.437000,2020-10-09 06:04:38.841000
ggemrqbjiavsvpai,failed,not_found,293,C0F508ADA14AE7EA9F8F6650AF149B8DFC35B598,6B7ABD237CF25E5F787F365AF5FC4C86F0213A9F,B7BF02E856F203B28E0D71088D71F1806D0B6AD2,C3D92B0696196558E784EF7252A5370192720BE5,2020-10-09 06:04:38.842000,2020-10-09 06:04:41.388000
ggemrqbjiavsvpai,failed,not_found,367,C0F508ADA14AE7EA9F8F6650AF149B8DFC35B598,722BA3958D6F4B9A7CE927001CE7FED8625A749E,2CE9BE1FC88B9D0FA03F387C9E4F000B5D4B2AE9,C3ACB0492A644E27A549BC3CDF3B7A129186E3BF,2020-10-09 06:04:41.388000,2020-10-09 06:04:45.145000
ggemrqbjiavsvpai,failed,not_found,456,C0F508ADA14AE7EA9F8F6650AF149B8DFC35B598,0C8A49FE62B7C7DED64B7C6A941EF5240E4F3F74,77B29067C081C57F939D4A5D79D54A25B9D430F4,C3B5C9391E36631ABEA89A19C24750DBDFF7CEC8,2020-10-09 06:04:45.145000,2020-10-09 06:04:50.993000
bcf3q4kh55bnbxuq,failed,not_found,104,C0F508ADA14AE7EA9F8F6650AF149B8DFC35B598,1CDCB48F64E21D5ACAFE2471912E2E76F600EDFA,6532EB51C1EA8B674F4AEFCFA31323AE4C4212E4,D007C5B3FC015AD4F708CA2DBB443F9FB5915987,2020-10-09 06:04:32.376000,2020-10-09 06:04:33.671000
bcf3q4kh55bnbxuq,failed,not_found,247,C0F508ADA14AE7EA9F8F6650AF149B8DFC35B598,76D2EBA82BBCCA3DF9F254A9A8372A10A26F3D14,C5F713E503B9F251642C49A998B0498DDD802B72,D000291816C0D9EE531FA4DD185EC1AD80386A5A,2020-10-09 06:04:33.671000,2020-10-09 06:04:39.948000
bcf3q4kh55bnbxuq,failed,not_found,316,C0F508ADA14AE7EA9F8F6650AF149B8DFC35B598,3E53D3979DB07EFD736661C934A1DED14127B684,8111FEB45EF2950EB8F84BFD8FF070AB07AEE9DD,D002C061F56CB6FE6FF7A27747EC2A7369ABBA9A,2020-10-09 06:04:39.949000,2020-10-09 06:04:42.612000
bcf3q4kh55bnbxuq,failed,not_found,396,C0F508ADA14AE7EA9F8F6650AF149B8DFC35B598,25E078CD1E537A7418318168F7E1990EF2A160C8,CBBA40F7D9F284F47A243EE2C081E96682741D22,F47B13BFCE4EF48CDEF6C4D7C7A99208EBB972B5,2020-10-09 06:04:42.613000,2020-10-09 06:04:46.990000
bcf3q4kh55bnbxuq,failed,not_found,505,C0F508ADA14AE7EA9F8F6650AF149B8DFC35B598,9B7BAE325EBDAD859868D2C60BF6588CA5949039,44354E35E9F7F97AF27686D03B0D591686E35394,F4873B3EC3325B81DC36C7E38AD3A5ED12B2F339,2020-10-09 06:04:46.990000,2020-10-09 06:04:53.118000
bcf3q4kh55bnbxuq,failed,not_found,643,C0F508ADA14AE7EA9F8F6650AF149B8DFC35B598,91E7CA6B8D0AAD77C7CFB8FEA25BF4F46DA1042A,85A3AC041E3FCD796AF5D653953D5E27A56E3719,F475E5987E44A2B7B143A2BEE3F8128EEFD7E5A3,2020-10-09 06:04:53.119000,2020-10-09 06:05:06.234000
bdk6dkklt3lclij3,failed,not_found,105,C0F508ADA14AE7EA9F8F6650AF149B8DFC35B598,08F06A0DDAFABF9A26FCB2E392A1435F9E048216,22775B953E662151549C114CB8EE5FBDBCBDAD02,D7E1B4F504FC22027FA06BA5F1F0F59C24FA2912,2020-10-09 06:04:32.377000,2020-10-09 06:04:33.868000
bdk6dkklt3lclij3,failed,not_found,149,C0F508ADA14AE7EA9F8F6650AF149B8DFC35B598,D50EF9DF87048AC3C5929F625169145C21745247,A2C6C931D8627C6605288970889DDB88C7BA2142,24AF1603CDF4D118E1F7AEBF680C18BDA5E8F793,2020-10-09 06:04:33.869000,2020-10-09 06:04:35.608000
bdk6dkklt3lclij3,failed,not_found,200,C0F508ADA14AE7EA9F8F6650AF149B8DFC35B598,991230C64E0137356F5EF72909DC42782C6B15CC,37BB3233098BF9B9095C27834E65A2E17FF807F8,24D0491A2ADAAB52C17625FBC926D84477AEA322,2020-10-09 06:04:35.608000,2020-10-09 06:04:37.720000
bdk6dkklt3lclij3,failed,not_found,261,C0F508ADA14AE7EA9F8F6650AF149B8DFC35B598,9C1E47FF205F349D69D569AE7ED15366A5554A46,84F0FEBFDFA8FBC6A2EA27F87EBB31F050AFD04D,24B1DF80768332990BA8F1230BA41D95D82D52BD,2020-10-09 06:04:37.720000,2020-10-09 06:04:40.246000
bdk6dkklt3lclij3,failed,not_found,331,C0F508ADA14AE7EA9F8F6650AF149B8DFC35B598,52A022F16D8CDBF019E132F1538A1798F167973A,9026A9CD3E0685A4D4627DA319EC8BB4FB7F6A7B,D7DB8E82604F806766FC3F80213CF719A0481D0B,2020-10-09 06:04:40.246000,2020-10-09 06:04:43.946000
bdk6dkklt3lclij3,failed,not_found,424,C0F508ADA14AE7EA9F8F6650AF149B8DFC35B598,C7D48FA375F1DE6EA39FD95333A7475BBD83931D,F70B7C5CD72D74C7F9F2DC84FA9D20D51BA13610,D7FE95EA78176F3F8566A7498A928E53D19DFAE5,2020-10-09 06:04:43.946000,2020-10-09 06:04:48.216000
um5gni7fz3thjd54,failed,not_found,130,C0F508ADA14AE7EA9F8F6650AF149B8DFC35B598,BF37445EA2A9F3D04F4B87DFAC624AEF21B559D5,47C362713928A711FC105AF54993576E41CB1B7F,40C773D9F2B16143CDB2ADB661DDC6BB12EF3E2C,2020-10-09 06:04:33.280000,2020-10-09 06:04:34.698000
um5gni7fz3thjd54,failed,not_found,173,C0F508ADA14AE7EA9F8F6650AF149B8DFC35B598,9E1E4F5B5F94812D02C4D18CB4086CE71CA5C614,E46C3F0533709EE2112874B13A4FE3868B33E75E,669E5034B6DE2E2C7CFBCF9EAC8D9F5A47757996,2020-10-09 06:04:34.698000,2020-10-09 06:04:36.566000
um5gni7fz3thjd54,failed,not_found,229,C0F508ADA14AE7EA9F8F6650AF149B8DFC35B598,42B4F52C5B11E4D39855F654955425B0D5A0598B,9B047A91AC809AA020A1F42E3E785DBCEBF3652F,4099DEA68268A5ED261078DE1734891334A146F9,2020-10-09 06:04:36.567000,2020-10-09 06:04:38.929000
um5gni7fz3thjd54,failed,not_found,296,C0F508ADA14AE7EA9F8F6650AF149B8DFC35B598,86CDD0D92AB972538416A382D99666736CDDF141,C3799054BC7F0D201FB7C0F9DE31BF1F3D868A37,40CDE936B04B4573A47223396006443CA5EAC845,2020-10-09 06:04:38.929000,2020-10-09 06:04:42.175000
um5gni7fz3thjd54,failed,not_found,500,C0F508ADA14AE7EA9F8F6650AF149B8DFC35B598,61004152C709672EE739F2667B56EF5550A51332,992ACD73EF2F92EA5F19730E8EE54512CCB479D6,66905A83A4858A4DD075AEA0514377A9F59E110D,2020-10-09 06:04:42.175000,2020-10-09 06:04:46.576000
um5gni7fz3thjd54,failed,not_found,492,C0F508ADA14AE7EA9F8F6650AF149B8DFC35B598,FDCCAF8E5F3F8D33B633238CFCB7113FB9B7AA78,BB5630967607D8A8B6CA854AF954FE8372D1662A,66983A6D2B17AF134C28FC1A950A22AC88546593,2020-10-09 06:04:46.576000,2020-10-09 06:04:52.385000
6wd2dstzlqxvvemj,failed,not_found,180,C0F508ADA14AE7EA9F8F6650AF149B8DFC35B598,724E86E7F5DA715529DC0ECAA013AE4BDC680E4C,CCAB59054FAEB091CF49B86FF2CED346BB623291,844AE9CAD04325E955E2BE1521563B79FE7094B7,2020-10-09 06:04:33.282000,2020-10-09 06:04:36.771000
6wd2dstzlqxvvemj,failed,not_found,268,C0F508ADA14AE7EA9F8F6650AF149B8DFC35B598,B5D11485CE7613F8734D040BF9166F6AAFB30F46,8A4DD3B74E4064623F46CC7A1CADC2770ECBB246,845C551529FDF63E6FB8C6802F1DF35998DB0FEC,2020-10-09 06:04:36.772000,2020-10-09 06:04:41.375000
6wd2dstzlqxvvemj,failed,not_found,366,C0F508ADA14AE7EA9F8F6650AF149B8DFC35B598,03910F285A33F365838EC66EF2C2EF754D046760,3FE39429CB7077BBB13D2774591A1B80EE493742,845821CD8E3DE023C03483B8EB42A0F5A5582DDA,2020-10-09 06:04:41.375000,2020-10-09 06:04:45.089000
6wd2dstzlqxvvemj,failed,not_found,452,C0F508ADA14AE7EA9F8F6650AF149B8DFC35B598,C005F0CB30CD54CB45FF08ED151511A286B1B7CE,A6C983C2F7EEADD55CE9169E540EBD95423FC260,F6710675B0A2F15700FB6638B156F3191920810F,2020-10-09 06:04:45.089000,2020-10-09 06:04:49.792000
6wd2dstzlqxvvemj,,,,,,,F68A76522D356F89BEC286889A3822250567BE2E,2020-10-09 06:04:49.792000,
jrad2bctwoeqhvgn,failed,not_found,171,C0F508ADA14AE7EA9F8F6650AF149B8DFC35B598,867F1AAD62C3E5D58B13163106D02E0E9357012C,BDD94BBC7D41447144816E2DD3150C3BF9D6D941,C1B79C4CD9B713BBB6B0522155B46A7BFE3BFAAE,2020-10-09 06:04:33.284000,2020-10-09 06:04:37.414000
jrad2bctwoeqhvgn,failed,not_found,252,C0F508ADA14AE7EA9F8F6650AF149B8DFC35B598,CDAEBA458F6129776643751934076A51D851C348,8A5E7C2D09835974B4D58252BAD51FD8AD54F9CE,C1939D36649DE98A202429631D8EFC70128D5F5F,2020-10-09 06:04:37.415000,2020-10-09 06:04:40.040000
jrad2bctwoeqhvgn,failed,not_found,322,C0F508ADA14AE7EA9F8F6650AF149B8DFC35B598,CE83524360DE9A55FBDE87DEACBE9F2ABF208E1A,1850585BE9BCA1F80D0A051909C94E49D1C49ED3,C1BB67D3FBED68D4BAD400D1A49C5B79ECE3965E,2020-10-09 06:04:40.040000,2020-10-09 06:04:43.261000
jrad2bctwoeqhvgn,failed,not_found,404,C0F508ADA14AE7EA9F8F6650AF149B8DFC35B598,6C333B5BDBA3DFE7A782E40CB970C271ABFED119,F83A64E0FA85BC224807919772FE14E1BA07CEF5,4D52E15C5637FB70736DD3B03F2AAE7C253BF4B4,2020-10-09 06:04:43.261000,2020-10-09 06:04:47.709000
jrad2bctwoeqhvgn,failed,not_found,554,C0F508ADA14AE7EA9F8F6650AF149B8DFC35B598,1C24A2669C7E0D62B2157B95F56ED00EE307C85C,E6C04728E9339DF22F331B7017D4A7AA3F252F0B,4D70F05DD308A2EA5B671E440879BFADAC92860F,2020-10-09 06:04:47.710000,2020-10-09 06:04:56.243000
jrad2bctwoeqhvgn,failed,not_found,766,C0F508ADA14AE7EA9F8F6650AF149B8DFC35B598,B939A8A614869CDFB240F5EFB78BA3753B50E973,8B51EF7AD52443F873211BF86C7D789406D59F2F,4D52A12D9AD22A7E1BE5B564953A7CA9C31DA675,2020-10-09 06:04:56.244000,2020-10-09 06:05:20.414000
qivzr6pyy2enjo2c,failed,not_found,133,C0F508ADA14AE7EA9F8F6650AF149B8DFC35B598,B04EA2B400D9679E72284E12FB81E68756670A3A,BA0A023DF7D0A03E2CB5A180E1DD54B0950AA5C1,5C01B2D72D75F109550963F810C2010BDA208549,2020-10-09 06:04:33.285000,2020-10-09 06:04:34.860000
qivzr6pyy2enjo2c,failed,not_found,185,C0F508ADA14AE7EA9F8F6650AF149B8DFC35B598,2B672822F131357C0CCD8C6037F9651EF976F941,63B32F7E5389E8DBC5E1BCEFE48312DA7CCEF5D6,E37322752F135A344FA33E17F4AFA74C27A687E6,2020-10-09 06:04:34.860000,2020-10-09 06:04:36.972000
qivzr6pyy2enjo2c,failed,not_found,239,C0F508ADA14AE7EA9F8F6650AF149B8DFC35B598,C2EE40EE8451F27C2357E8B1EA1E8E6F642273EB,C05CE5DB16F4921BAFFAF58585BE90D0A3980FEB,E36536404200A74930DB165858BD5BB554D2BEA2,2020-10-09 06:04:36.973000,2020-10-09 06:04:39.847000
qivzr6pyy2enjo2c,failed,not_found,314,C0F508ADA14AE7EA9F8F6650AF149B8DFC35B598,DB621E29A90544FF5AC75E5BD0FEE679A6812F44,819C8AFEDAC733315A8F3DB80F043F13090C49F6,5BF170F5773748C783BE4B67DABF5338C03B1AE7,2020-10-09 06:04:39.847000,2020-10-09 06:04:42.492000
qivzr6pyy2enjo2c,failed,not_found,391,C0F508ADA14AE7EA9F8F6650AF149B8DFC35B598,722754D58E551C43D1F6EF0CA23AE7FCFCF4441E,11DADACC370978A1FA1D23A4F14F823548C55BD2,E379A6CACEFAFE1B8EA68503BFCFF1215BF1EE7F,2020-10-09 06:04:42.492000,2020-10-09 06:04:46.335000
qivzr6pyy2enjo2c,failed,not_found,482,C0F508ADA14AE7EA9F8F6650AF149B8DFC35B598,73DCA56424912F69F1478D6630DF27CFE8F41439,963879BB424D9A637A63105D5C26A2453C2C2272,5BF17163CBE73D8CD9FDBE030C944EA05707DA93,2020-10-09 06:04:46.335000,2020-10-09 06:04:52.374000
w6qcx33qjeloupma,failed,not_found,134,C0F508ADA14AE7EA9F8F6650AF149B8DFC35B598,43E187B8C7361F47EA968ED5389435865D7F4FE7,CE68E04E721157C4FEB99FFAA9037F3B0B7E1CCD,D628F6BB2330B3F78DBB4BED466B0A586D74782E,2020-10-09 06:04:33.288000,2020-10-09 06:04:35.619000
w6qcx33qjeloupma,failed,not_found,204,C0F508ADA14AE7EA9F8F6650AF149B8DFC35B598,F38FB55A8CCA6A00CDD024A5EA2CFECB38A48E15,74AEC0978787393E563C587A3055545DA5035C26,D6670FB54B21818CE7C13524AA003258B8E35D38,2020-10-09 06:04:35.619000,2020-10-09 06:04:37.673000
w6qcx33qjeloupma,failed,not_found,259,C0F508ADA14AE7EA9F8F6650AF149B8DFC35B598,1A020A414D8AB25F54415C8C1E75A5562A9DD9A6,891FB8477529A6B2894B7A3129402E0FD5DD281F,D65DB84BF1EB4DD225B9A1CD9CEFD87B595A30F5,2020-10-09 06:04:37.674000,2020-10-09 06:04:40.037000
w6qcx33qjeloupma,failed,not_found,321,C0F508ADA14AE7EA9F8F6650AF149B8DFC35B598,E546C96AEB2258BD0733949027E8F96156F6B290,77F8B357301C68DEA96BBAA60C07676E3E161F54,026DD786689D26A4C1B96ABDE3797CF01941D276,2020-10-09 06:04:40.038000,2020-10-09 06:04:43.430000
w6qcx33qjeloupma,failed,not_found,413,C0F508ADA14AE7EA9F8F6650AF149B8DFC35B598,20CD933EDC7260B19040475B24FD6B01B73E94BB,5C8B811887778DCF705F3D39F19E40A21889451F,0258C142CA27DAE7FE9CC8ECFC899F3358635989,2020-10-09 06:04:43.431000,2020-10-09 06:04:48.656000
w6qcx33qjeloupma,failed,not_found,546,C0F508ADA14AE7EA9F8F6650AF149B8DFC35B598,9B3E7A0AD9A054984CC87E7CA9D5C117202D45D4,72A33E374DE5AD1E617394896F0FD8B092D3E7C4,025B66CEBC070FCB0519D206CF0CF4965C20C96E,2020-10-09 06:04:48.657000,2020-10-09 06:04:55.893000
t6zmvyhlmsnkxt4j,failed,not_found,135,C0F508ADA14AE7EA9F8F6650AF149B8DFC35B598,F0F13714732C347312426EC2B8D5C4940EAA45BA,FC1E441E097BA36930AA2F615EFB325AF76D2595,E330A88754840629644527394FD43001D5B89C7A,2020-10-09 06:04:33.290000,2020-10-09 06:04:34.856000
t6zmvyhlmsnkxt4j,failed,not_found,184,C0F508ADA14AE7EA9F8F6650AF149B8DFC35B598,425835370C1FBE178C21CB53C76672F12BDE091A,FC3422292F0BDAF47068C750C1793710F5019B07,00786179DB0E6514142F44DB4166638712F34DAE,2020-10-09 06:04:34.856000,2020-10-09 06:04:37.157000
t6zmvyhlmsnkxt4j,failed,not_found,241,C0F508ADA14AE7EA9F8F6650AF149B8DFC35B598,0512FE6BE9CCA0ED133152E64010B2FBA141EB10,2BA2C8E96B2590E1072AECE2BDB5C48921BF8510,E312A938D71045BE3A5C1FF3AB87CF7464194861,2020-10-09 06:04:37.157000,2020-10-09 06:04:39.440000
t6zmvyhlmsnkxt4j,failed,not_found,310,C0F508ADA14AE7EA9F8F6650AF149B8DFC35B598,6D40A3DB3CA5946DF366B63C9EB02FAC03B87BC9,27357053F65BAE3274DBE78E1353E15FCB9E002E,0085057C17BD2E1809E284825F06F94E72FB418C,2020-10-09 06:04:39.440000,2020-10-09 06:04:43.247000
t6zmvyhlmsnkxt4j,failed,not_found,383,C0F508ADA14AE7EA9F8F6650AF149B8DFC35B598,A0DFB31231C718829FA18EAB4D0CD51DEDBAE08C,9E4CC64C4F94C359D43C5BA09094323FDBEFD975,0077BCBA7244DB3E6A5ED2746E86170066684887,2020-10-09 06:04:43.248000,2020-10-09 06:04:46.776000
t6zmvyhlmsnkxt4j,failed,not_found,498,C0F508ADA14AE7EA9F8F6650AF149B8DFC35B598,AC633C90E126E0BCA96F14ECE5D222B586FA0D56,A3C0C4B34CDBCE03A85CDA06E9EE2F7E165551DB,E321D0118DAD44BBC74A5C26FE7CFDBAAF3DA077,2020-10-09 06:04:46.777000,2020-10-09 06:04:53.391000
bgm6jjohk5vfdpeo,failed,not_found,159,C0F508ADA14AE7EA9F8F6650AF149B8DFC35B598,F0A3054C76604DC75D3F57F55C27F1BFB643F107,8F0269C31A202EE74F45948008B9B6AC1F511F09,678FDB3BA0EEAA2572329A0BB0FF50E449D714ED,2020-10-09 06:04:34.290000,2020-10-09 06:04:36.120000
bgm6jjohk5vfdpeo,failed,not_found,318,C0F508ADA14AE7EA9F8F6650AF149B8DFC35B598,1B9FACF25E17D26E307EA7CFA7D455B144B032E5,0AA39F432B2E778CAC06F80DA44975385347CDD9,6781471814DF164C2A6F17CD1F2584923FDE2101,2020-10-09 06:04:36.120000,2020-10-09 06:04:43.061000
bgm6jjohk5vfdpeo,failed,not_found,403,C0F508ADA14AE7EA9F8F6650AF149B8DFC35B598,E76E2BC2FC9273BFBA38947EB5572076270D49D5,64B43A6198B6C1F97D9ED8929F5A8913C3815935,FB8796036069BB4787D639F92681ECC2FD7AEB22,2020-10-09 06:04:43.062000,2020-10-09 06:04:47.284000
bgm6jjohk5vfdpeo,failed,not_found,513,C0F508ADA14AE7EA9F8F6650AF149B8DFC35B598,44BD70C13DAA7513D6F47773804178B009F21ED5,8EE28EAF0874AF9B03EBBD79B5EB5059E2547355,FBBC3BD58B471F6227DC0F05265C6A37C770905F,2020-10-09 06:04:47.284000,2020-10-09 06:04:53.865000
bgm6jjohk5vfdpeo,failed,not_found,663,C0F508ADA14AE7EA9F8F6650AF149B8DFC35B598,E03E581AA42A211F69DC63608B1980F10AE52C26,B189FF8E8E137FC70AA2AC028DC7AD192370F62E,67549C743EB7A9D06A75E37BEB82417EBB22E97F,2020-10-09 06:04:53.866000,2020-10-09 06:05:07.491000
bgm6jjohk5vfdpeo,,,,,,,FB855A4E362D9DA8661A42D324AB5A06D02E3935,2020-10-09 06:05:07.491000,
lzdl2c3k2hzbnyih,failed,not_found,160,C0F508ADA14AE7EA9F8F6650AF149B8DFC35B598,08F4692B60862640F688B86826B66F30DEA7AB73,43A8F247F9FA636BE30D4DFE66B55233A2D8A738,D565D581498D9DBA9AF66DC93919157835B8759C,2020-10-09 06:04:34.292000,2020-10-09 06:04:35.878000
lzdl2c3k2hzbnyih,failed,not_found,212,C0F508ADA14AE7EA9F8F6650AF149B8DFC35B598,06C0E28FB10CF9AA22CECAB8D144FC9CD33F494B,B0335F7872A698A86E5E9AC3CF323B50AEF9C081,A35536EFF3C71E47D28E2CB826B419665E65A31F,2020-10-09 06:04:35.878000,2020-10-09 06:04:39.847000
lzdl2c3k2hzbnyih,failed,not_found,315,C0F508ADA14AE7EA9F8F6650AF149B8DFC35B598,50C7B836942F14BDF1541B017CF21FD03F354E13,20CD933EDC7260B19040475B24FD6B01B73E94BB,A389C523BE3B29EA59C75AC557BF5CFB69586DCB,2020-10-09 06:04:39.847000,2020-10-09 06:04:42.821000
lzdl2c3k2hzbnyih,failed,not_found,399,C0F508ADA14AE7EA9F8F6650AF149B8DFC35B598,AD19490C7DBB26D3A68EFC824F67E69B0A96E601,EE3DDF00C1ADC567F333B9BA819C8F252A32933C,A372C1CAA41C091A98EE35E51E36DCBB981000AB,2020-10-09 06:04:42.821000,2020-10-09 06:04:47.083000
lzdl2c3k2hzbnyih,failed,not_found,509,C0F508ADA14AE7EA9F8F6650AF149B8DFC35B598,B0DB2F173F0DB364BABF7A465D796B3C048F1F33,A1DEB529DE86E7CABC3212778374933D68FB7F2F,D5607ADD1FDDB657482E23F09AB173310C802590,2020-10-09 06:04:47.083000,2020-10-09 06:04:53.116000
lzdl2c3k2hzbnyih,failed,not_found,661,C0F508ADA14AE7EA9F8F6650AF149B8DFC35B598,F935633F907506C3327C9CEE2B7F39A54B88C375,74AC10CA94E400BA4D69E397562597CA04FC5352,D568EAA2A7017AFCD3FBAD64111C92CB8FD3A418,2020-10-09 06:04:53.117000,2020-10-09 06:05:07.165000
pouepgjcvitd2267,failed,not_found,161,C0F508ADA14AE7EA9F8F6650AF149B8DFC35B598,A18CD278493BB18BEFD8AB54A669BFF6BB73B9CB,648B07AA3FCD630970DB869798C9B580C8313081,722BA3958D6F4B9A7CE927001CE7FED8625A749E,2020-10-09 06:04:34.309000,2020-10-09 06:04:36.718000
pouepgjcvitd2267,failed,not_found,230,C0F508ADA14AE7EA9F8F6650AF149B8DFC35B598,41F07731207742860D43AC426FBAE2F3947BD1CA,36E009C40158C54FB0AF959CBD19CC348B7C9AC3,D565D581498D9DBA9AF66DC93919157835B8759C,2020-10-09 06:04:36.719000,2020-10-09 06:04:38.928000
pouepgjcvitd2267,failed,not_found,294,C0F508ADA14AE7EA9F8F6650AF149B8DFC35B598,881F09279F94E9AAD3DE30727DF3AD7C2CE900DF,32E6CC6C6B428B2043F0B3E78F7332F1016D73E1,72270EB58EDEBE727AA29E67417628DBCE889FAE,2020-10-09 06:04:38.929000,2020-10-09 06:04:41.878000
pouepgjcvitd2267,failed,not_found,375,C0F508ADA14AE7EA9F8F6650AF149B8DFC35B598,FC30F566E7B50D9C6ED6BB86DA4BF4B07AD52DE5,2269C9905B04530E251186FAD6F56033654E5C99,D5607ADD1FDDB657482E23F09AB173310C802590,2020-10-09 06:04:41.878000,2020-10-09 06:04:45.683000
pouepgjcvitd2267,failed,not_found,470,C0F508ADA14AE7EA9F8F6650AF149B8DFC35B598,17CF5B659F2FB7433573F6FD61E3E2228CB3448D,D60C2D85EAD93D23F1C00874D334BBF8A96CD529,7226BE09B7A81000BBF7D959E360B2FE41CCC639,2020-10-09 06:04:45.683000,2020-10-09 06:04:50.367000
pouepgjcvitd2267,failed,not_found,601,C0F508ADA14AE7EA9F8F6650AF149B8DFC35B598,B22C4BF9747DBBC843F1BBBA272FDB7B6045EB01,7EC4C310D1FB2A7C0943B810946EA354D64A2165,D52A160303C638D9FB03463F8A6B7934D5787F4C,2020-10-09 06:04:50.367000,2020-10-09 06:04:59.154000
hmvlkpuj2c3qmmts,failed,not_found,209,C0F508ADA14AE7EA9F8F6650AF149B8DFC35B598,CB1EC403A7331FE26F218D178DF8908014CC4F65,D6BC16A4ACACA87B81AE00BC28F8AF2DB95E74F7,C545ED3BE029B226D74B3F798235951D2FEEE3E1,2020-10-09 06:04:34.309000,2020-10-09 06:04:38.277000
hmvlkpuj2c3qmmts,failed,not_found,274,C0F508ADA14AE7EA9F8F6650AF149B8DFC35B598,74AEC0978787393E563C587A3055545DA5035C26,4E98AA295B7171996D18DD1F6A19F64AB4036B4A,8F22AFDD06AA4238ADD93A8EA6FBC2BB9C652711,2020-10-09 06:04:38.277000,2020-10-09 06:04:40.966000
hmvlkpuj2c3qmmts,failed,not_found,347,C0F508ADA14AE7EA9F8F6650AF149B8DFC35B598,06C0E28FB10CF9AA22CECAB8D144FC9CD33F494B,A13281DBD8F8E484E95DD273B3EE7FC14C1B0A7A,C542D452D42DBD01A071D2DA1CE6EE15AF40F5C2,2020-10-09 06:04:40.967000,2020-10-09 06:04:46.241000
hmvlkpuj2c3qmmts,failed,not_found,476,C0F508ADA14AE7EA9F8F6650AF149B8DFC35B598,1C0736CF3744A3B87C2D2269B8BD3388C7E60552,32EE911D968BE3E016ECA572BB1ED0A9EE43FC2F,C554F4F1EF719D33AA612457960C889F1FB64A4B,2020-10-09 06:04:46.241000,2020-10-09 06:04:51.404000
hmvlkpuj2c3qmmts,failed,not_found,631,C0F508ADA14AE7EA9F8F6650AF149B8DFC35B598,EA032AFA2FE95A590759ED2CDD21BD4DA43EA259,01AE2DE314276C82FCCC3603A1C2F3238E6544C9,8F1D70DE42C72120CE8E49287414DFCF94FFF1F2,2020-10-09 06:04:51.404000,2020-10-09 06:05:04.033000
hmvlkpuj2c3qmmts,,,,,,,8F16229D5425774DCA566D7737596178153DB838,2020-10-09 06:05:04.033000,
kdltk4tcbhr35dhr,failed,not_found,163,C0F508ADA14AE7EA9F8F6650AF149B8DFC35B598,3E53D3979DB07EFD736661C934A1DED14127B684,BF7168623AD4FF542A9E940C4CCF575D9BE16323,A4A6FFACED78B8ED756A9CE14B67B743068FA6F2,2020-10-09 06:04:34.310000,2020-10-09 06:04:38.387000
kdltk4tcbhr35dhr,failed,not_found,282,C0F508ADA14AE7EA9F8F6650AF149B8DFC35B598,D5620540816EA48C32CBCDE17F030068A6D4CB0C,09A70E396DE93F54D4541BBB0EC8E2B23761F34F,837D5EA513DF7FDDA36BE569C646151CDA4B9935,2020-10-09 06:04:38.387000,2020-10-09 06:04:41.337000
kdltk4tcbhr35dhr,failed,not_found,365,C0F508ADA14AE7EA9F8F6650AF149B8DFC35B598,2E72EEABE4EE19183BEFAA10D88B3C16829C9F99,4518DDDAEA13C80C619A1393CDA730176664BF09,A4A25EDAB880FF4200F4C21316F3B9E072C9F466,2020-10-09 06:04:41.337000,2020-10-09 06:04:45.358000
kdltk4tcbhr35dhr,failed,not_found,457,C0F508ADA14AE7EA9F8F6650AF149B8DFC35B598,7E317CFA44E7B6013DE4BC5F837C376A77179C72,62CF4982747BFDE3C0395A3894554BD8DC3C5D92,835FFE642EFA3BB7936663D2365A15D319FB6226,2020-10-09 06:04:45.358000,2020-10-09 06:04:49.955000
kdltk4tcbhr35dhr,failed,not_found,617,C0F508ADA14AE7EA9F8F6650AF149B8DFC35B598,73CC65219889443C06E06A0B6D427B1FE1C37379,D8EA105E79803FB0040A8C2A676D93DAEA2CFFF0,8370FC4C190D0020FA594D8232DFE34B5B30AF05,2020-10-09 06:04:49.956000,2020-10-09 06:05:00.208000
kdltk4tcbhr35dhr,,,,,,,A4A2FE36988069304CFF837064277FAB6348AF03,2020-10-09 06:05:00.209000,
ujks6obe6uzckmat,failed,not_found,164,C0F508ADA14AE7EA9F8F6650AF149B8DFC35B598,968CB7DA0C56E66F22B78CBA0562FE132939D8BF,54DE63F4587058B79152A75A0238D7F7A0279215,DFE448D8C5D81AE687289A225B64F704A7FAC877,2020-10-09 06:04:34.310000,2020-10-09 06:04:36.323000
ujks6obe6uzckmat,failed,not_found,224,C0F508ADA14AE7EA9F8F6650AF149B8DFC35B598,AC5CECEF6AF649F2A7F047D102FE9B461DA9234E,A835BE6AAFF5A71D8699737588530FDE141B209E,E0023AC14180112A2FFF00A84C6049862BB3E6C3,2020-10-09 06:04:36.323000,2020-10-09 06:04:39.120000
ujks6obe6uzckmat,failed,not_found,299,C0F508ADA14AE7EA9F8F6650AF149B8DFC35B598,37BB3233098BF9B9095C27834E65A2E17FF807F8,A4F11D693FAB6E949B2B7C18153C3F7989896007,76AB50C3EC0472A63AFB9A833A535FA6BD691478,2020-10-09 06:04:39.120000,2020-10-09 06:04:42.911000
ujks6obe6uzckmat,failed,not_found,401,C0F508ADA14AE7EA9F8F6650AF149B8DFC35B598,BF0FB582E37F738CD33C3651125F2772705BB8E8,4E98AA295B7171996D18DD1F6A19F64AB4036B4A,E00764EDD2D5DA338CEA2EED8691E1FCAAF4A6E9,2020-10-09 06:04:42.912000,2020-10-09 06:04:47.046000
ujks6obe6uzckmat,failed,not_found,508,C0F508ADA14AE7EA9F8F6650AF149B8DFC35B598,99339F3E68BCCC1391BF14C821D80766FE0C5956,C643C72A103C7BF93B1DF9F4F8286512B9C4438C,76B4FEDD0696D924A407CFAB50B6E574B28CCDCA,2020-10-09 06:04:47.046000,2020-10-09 06:04:53.687000
ujks6obe6uzckmat,failed,not_found,676,C0F508ADA14AE7EA9F8F6650AF149B8DFC35B598,049C1168996B33B2240DF6D83C35B85452CF70A6,50ABA69AF252B16DE00093B478EC88E1A8C903BA,76D2EBA82BBCCA3DF9F254A9A8372A10A26F3D14,2020-10-09 06:04:53.687000,2020-10-09 06:05:10.488000
rhgejbos72uqkwa5,failed,not_found,190,C0F508ADA14AE7EA9F8F6650AF149B8DFC35B598,1CD48F4ED0F1821FFBF1940802A13EEFD4C27502,6A35EE13D4354FF0A03374C063B10290614BB6A9,32E6CC6C6B428B2043F0B3E78F7332F1016D73E1,2020-10-09 06:04:35.282000,2020-10-09 06:04:37.394000
rhgejbos72uqkwa5,failed,not_found,251,C0F508ADA14AE7EA9F8F6650AF149B8DFC35B598,BD3FBEC1D67C48A2583DB378B92A59C5E9AB4DA2,C76113D5AB3FC731D678A408EB75BC06F4465F4E,8A167971BAE692DB1CCABB92635169AE79C99753,2020-10-09 06:04:37.395000,2020-10-09 06:04:40.176000
rhgejbos72uqkwa5,failed,not_found,330,C0F508ADA14AE7EA9F8F6650AF149B8DFC35B598,0F6E5CA4BF5565D9AA9FDDCA165AFC6A5305763D,2DEF1C5F4529665BB08A593C65BAF6917E9D2081,32EB288C0EFB52964CCF8EF28BE6BC7FF592BB58,2020-10-09 06:04:40.176000,2020-10-09 06:04:44.360000
rhgejbos72uqkwa5,failed,not_found,431,C0F508ADA14AE7EA9F8F6650AF149B8DFC35B598,B7B5FC9C533A3D08A2888E5226D11C7D0506B572,27B90919AADA44C9B6C74E2A437F37730129E0C3,32C1100B5EF19A5BFBB431E8D42781C2D09D31C3,2020-10-09 06:04:44.361000,2020-10-09 06:04:48.926000
rhgejbos72uqkwa5,failed,not_found,536,C0F508ADA14AE7EA9F8F6650AF149B8DFC35B598,88748052843CC93A02BE1D9E9B5B358AB3A104AA,9738F8F5C386CDAF5707D0DCED428F2813CA285F,89FD4FB2A5FD73B50F2E5D85C4707883F8CD5130,2020-10-09 06:04:48.926000,2020-10-09 06:04:55.114000
rhgejbos72uqkwa5,failed,not_found,716,C0F508ADA14AE7EA9F8F6650AF149B8DFC35B598,7A3E534C033E3836BD5AF223B642853C502AB33A,173EBA1FACA59718499AE8023187E5F95E8BF1C7,89FF4A0818D8BE9F8B71338D96A6B854F77F9FEC,2020-10-09 06:04:55.114000,2020-10-09 06:05:13.843000
7h4xymxrobhesfw2,failed,not_found,191,C0F508ADA14AE7EA9F8F6650AF149B8DFC35B598,9902C4F33F4E6E43FA240586004EF336A648AC1C,1356CD3452B80393A5E07A4B441529BEE23E91BA,AB3227DB470B17883D24D830EA84EBFBDC7D5815,2020-10-09 06:04:35.287000,2020-10-09 06:04:37.991000
7h4xymxrobhesfw2,failed,not_found,249,C0F508ADA14AE7EA9F8F6650AF149B8DFC35B598,0849FFD2946597D8A31084489C0EEE36842BAE7A,50C7B836942F14BDF1541B017CF21FD03F354E13,1DA8D6E01092B20968F99D6861C5D51B8025B511,2020-10-09 06:04:37.991000,2020-10-09 06:04:40.431000
7h4xymxrobhesfw2,failed,not_found,342,C0F508ADA14AE7EA9F8F6650AF149B8DFC35B598,8111FEB45EF2950EB8F84BFD8FF070AB07AEE9DD,9E1E4F5B5F94812D02C4D18CB4086CE71CA5C614,AB4761E23AF511E8306E95E78F7E82F77B2E487F,2020-10-09 06:04:40.431000,2020-10-09 06:04:44.056000
7h4xymxrobhesfw2,failed,not_found,465,C0F508ADA14AE7EA9F8F6650AF149B8DFC35B598,714425418EEEDFACC86D87544B265892E98FA32B,4E81EA3528D6FB79B10B0F11C6FC96CE1C060021,1DBACC31486FC670FBD403FAE877342EC696D598,2020-10-09 06:04:44.056000,2020-10-09 06:04:50.261000
7h4xymxrobhesfw2,failed,not_found,700,C0F508ADA14AE7EA9F8F6650AF149B8DFC35B598,638D91FC9EF661348A6994D04C3499BC03F50BBE,47C362713928A711FC105AF54993576E41CB1B7F,AB6690AAF45F53F7F3BC842E23779F24C9346DF9,2020-10-09 06:04:50.261000,2020-10-09 06:04:59.222000
7h4xymxrobhesfw2,,,,,,,1DB25DF59DAA01B5BE3D3CEB8AFED115940EBE8B,2020-10-09 06:04:59.222000,
v24xvxemqvnxsqex,failed,not_found,179,C0F508ADA14AE7EA9F8F6650AF149B8DFC35B598,4CE6D83FFA8AD24767007E8C972F371F2468F09A,63540827C4832D214984EA47B7A68C593F9F862F,BDBE5D7A54DF3151E25F44B01817D3DEE12218D9,2020-10-09 06:04:35.292000,2020-10-09 06:04:36.883000
v24xvxemqvnxsqex,failed,not_found,237,C0F508ADA14AE7EA9F8F6650AF149B8DFC35B598,D079D6818926684C5979C18171FB18862A4A5792,25DE8C9AE0706FB20C0AFEE4D0B75E72C97F72AE,BDD1B4801294D81C1F89C9AB488BA993DDF1B520,2020-10-09 06:04:36.883000,2020-10-09 06:04:39.216000
v24xvxemqvnxsqex,failed,not_found,302,C0F508ADA14AE7EA9F8F6650AF149B8DFC35B598,24D0491A2ADAAB52C17625FBC926D84477AEA322,99774357E7FD1F113F242C469D1D399D444AA51A,7335A5A83067AE1BDB073F2E00A3E3982FFFE23D,2020-10-09 06:04:39.216000,2020-10-09 06:04:42.524000
v24xvxemqvnxsqex,failed,not_found,393,C0F508ADA14AE7EA9F8F6650AF149B8DFC35B598,36FA576EE55BE5F1297370FBECBBBEB6125BBE4A,C3D92B0696196558E784EF7252A5370192720BE5,7332A06B00D6AF54AA804F03C624DFBBC9E66172,2020-10-09 06:04:42.525000,2020-10-09 06:04:46.601000
v24xvxemqvnxsqex,failed,not_found,496,C0F508ADA14AE7EA9F8F6650AF149B8DFC35B598,F5F4019509109A07E90C45A022CEED9ECA1643C8,36FA576EE55BE5F1297370FBECBBBEB6125BBE4A,BD9E37F7FD8773AD0C07B22394F179288DC5E2CC,2020-10-09 06:04:46.601000,2020-10-09 06:04:53.183000
v24xvxemqvnxsqex,failed,not_found,664,C0F508ADA14AE7EA9F8F6650AF149B8DFC35B598,10A5EFCCD2FB9C1A4AC20FB779A5DB11B58957A7,3532FA1CEDA2AAA07C1F23A9C08905D248085593,7327876AE79C997DFE311A7B15B4FA875736BBD1,2020-10-09 06:04:53.183000,2020-10-09 06:05:07.555000
dtp552ncnpjjftsw,failed,not_found,192,C0F508ADA14AE7EA9F8F6650AF149B8DFC35B598,53E73B74B930BCF51621E6F06E65A3E3BC78E83A,C9625642A04FA0F3598F5505A936AECA910B94A1,EB556E9126600C24E0186280EF92D4F2B54EAF27,2020-10-09 06:04:35.296000,2020-10-09 06:04:37.502000
dtp552ncnpjjftsw,failed,not_found,253,C0F508ADA14AE7EA9F8F6650AF149B8DFC35B598,B3DA9D673321B92253DCCD38A9740F2C562C91EA,CC27183EF95AAA7E8BACF8326615D701C500C42C,EB5D14C266F491B4C5C93B7BC101C450A059D438,2020-10-09 06:04:37.503000,2020-10-09 06:04:40.390000
dtp552ncnpjjftsw,failed,not_found,341,C0F508ADA14AE7EA9F8F6650AF149B8DFC35B598,F6740DEABFD5F62612FA025A5079EA72846B1F67,310723122778237508274A36E9557B060A531BDD,EB5BCFB15ADA99B2C085E169DCC3C0B155C976A0,2020-10-09 06:04:40.390000,2020-10-09 06:04:44.361000
dtp552ncnpjjftsw,failed,not_found,550,C0F508ADA14AE7EA9F8F6650AF149B8DFC35B598,6FF440DFB1D0697B942357D747900CC308DD57CC,1EBA56C764B1C56BE25B405C84C82C58F126B1B6,E8130F7A29B624A70A0EC506671D66BAA32F1A5F,2020-10-09 06:04:44.361000,2020-10-09 06:04:52.924000
dtp552ncnpjjftsw,failed,not_found,761,C0F508ADA14AE7EA9F8F6650AF149B8DFC35B598,E81993EA52B73285CFFD02FEC003569D21483001,2CF227C88CD37461CC2233E10083ED8A21D49CDC,E81978D79F5FBC67DD0E80F6EADCE88A97A79554,2020-10-09 06:04:52.924000,2020-10-09 06:05:18.390000
dtp552ncnpjjftsw,,,,,,,E7EF73B4722CFAF0E8AA2151D3AA78701DE5F19B,2020-10-09 06:05:18.390000,
xzsix4cexz7muiri,failed,not_found,193,C0F508ADA14AE7EA9F8F6650AF149B8DFC35B598,1DC17C4A52A458B5C8B1E79157F8665696210E10,550F8C238D36F6117F319817CC3BF16D23FC8555,4CA64E677ECFF23B138CFE70A6A02E94BDF3A805,2020-10-09 06:04:35.296000,2020-10-09 06:04:38.209000
xzsix4cexz7muiri,failed,not_found,272,C0F508ADA14AE7EA9F8F6650AF149B8DFC35B598,F741E5124CB12700DA946B78C9B2DD175D6CD2A1,A35944904C0C18955AFB76539CF5EBF805C0A31D,4CA8D07878F86ED5B64B4B89030FF4616067210F,2020-10-09 06:04:38.209000,2020-10-09 06:04:41.140000
xzsix4cexz7muiri,failed,not_found,350,C0F508ADA14AE7EA9F8F6650AF149B8DFC35B598,4561FC085C3F3A7271FE960317F02DCD1E9C1188,BDD1B4801294D81C1F89C9AB488BA993DDF1B520,4CA782CE00ADBCDDB93DE3FCACF84445353D7772,2020-10-09 06:04:41.140000,2020-10-09 06:04:46.532000
xzsix4cexz7muiri,failed,not_found,491,C0F508ADA14AE7EA9F8F6650AF149B8DFC35B598,F24F8BEA2779A79111F33F6832B062BED306B9CB,AC00AEBA1AE2A80CF4184C4362157BF91487B902,D9D6C35E932FEF7100A00C99C199356E82DAB7E6,2020-10-09 06:04:46.532000,2020-10-09 06:04:52.880000
xzsix4cexz7muiri,failed,not_found,656,C0F508ADA14AE7EA9F8F6650AF149B8DFC35B598,32EE911D968BE3E016ECA572BB1ED0A9EE43FC2F,968CB7DA0C56E66F22B78CBA0562FE132939D8BF,DA13C3CD7EB23CDFD739C31855658BC5B63841EE,2020-10-09 06:04:52.880000,2020-10-09 06:05:07.096000
xzsix4cexz7muiri,,,,,,,D9FC98828F09EF87128FED5569AE5459FBA151A7,2020-10-09 06:05:07.096000,
ni22wru5vkm6s2rj,failed,not_found,194,C0F508ADA14AE7EA9F8F6650AF149B8DFC35B598,6118DDB580EEDD6FE5F8D3CC0DF1EE17D8A2A4C6,E00DFD54DC165D5452FBD3530D30186DAD016A0C,1283EBDEEC2B9D745F1E7FBE83407655B984FD66,2020-10-09 06:04:35.297000,2020-10-09 06:04:37.530000
ni22wru5vkm6s2rj,failed,not_found,339,C0F508ADA14AE7EA9F8F6650AF149B8DFC35B598,9781B0EE81E95941073AFA37542B36ED71018D49,B00B6BA943600447CF72D58DB7A35B16754E43C8,B7CC64C566EA6486537BA4187870E2F744763CA5,2020-10-09 06:04:37.530000,2020-10-09 06:04:44.871000
ni22wru5vkm6s2rj,failed,not_found,543,C0F508ADA14AE7EA9F8F6650AF149B8DFC35B598,39BAEFE3A22CD8D57B191D86506F7A6A0F4EC2EB,4B483F57D9660EBF33FA3CCA670FFD1BBB0F315A,127887BF5B69EFEFA0DC47FC767135E0ACAAFD9F,2020-10-09 06:04:44.871000,2020-10-09 06:04:55.808000
ni22wru5vkm6s2rj,failed,not_found,706,C0F508ADA14AE7EA9F8F6650AF149B8DFC35B598,1D361A2F1CAE4FDD5A85E13C168BE7075A100524,B86137AE9681701901C6720E55C16805B46BD8E3,B7E2EBFBE4462FC908E48007517C53ED0FF752B2,2020-10-09 06:04:55.808000,2020-10-09 06:05:13.882000
ni22wru5vkm6s2rj,,,,,,,B7D773E2196DB5B4129D3C050C063DB0F8DF91A5,2020-10-09 06:05:13.883000,
dw3xybppgpkj5leh,failed,not_found,218,C0F508ADA14AE7EA9F8F6650AF149B8DFC35B598,71DF8174D809D862445BFCB89F5A0980099947EC,3D6C776E8BE9E8AE5D0591594117999E3C5498C8,01FE2137C42E4802507A1FD97B0158116FD78A8C,2020-10-09 06:04:36.283000,2020-10-09 06:04:39.188000
dw3xybppgpkj5leh,failed,not_found,300,C0F508ADA14AE7EA9F8F6650AF149B8DFC35B598,5DB9AE27A44EB7B476CC04A66C67A71C97A001E6,F3DF2415A5ECFB57835CF7E629C3AD0E1DA6732B,39A551CD188151147DC4D19523D06A09B5287C29,2020-10-09 06:04:39.189000,2020-10-09 06:04:42.493000
dw3xybppgpkj5leh,failed,not_found,392,C0F508ADA14AE7EA9F8F6650AF149B8DFC35B598,6206ABDDC29EC1D9388223580EB4B0BC81576609,0849FFD2946597D8A31084489C0EEE36842BAE7A,01FDC8E92D3280847D856DA1F9BFC2B4CD2C2EE8,2020-10-09 06:04:42.493000,2020-10-09 06:04:46.600000
dw3xybppgpkj5leh,failed,not_found,523,C0F508ADA14AE7EA9F8F6650AF149B8DFC35B598,6DFEB41C04CCE846871338E85DD5ACF5CFB6C1DD,6A35EE13D4354FF0A03374C063B10290614BB6A9,39AB354F12B497FCD443B85BEAB5BAF4B391CFAC,2020-10-09 06:04:46.600000,2020-10-09 06:04:54.130000
dw3xybppgpkj5leh,failed,not_found,688,C0F508ADA14AE7EA9F8F6650AF149B8DFC35B598,97B7BA747B62A9962DEDCE404FF33106D4032F91,070229A4CC2CFFB24EB667298A7DB5E8D11EB701,01F73DBD9B56C31E3D3AAEB95F8CF1DEB7D9A72F,2020-10-09 06:04:54.130000,2020-10-09 06:05:14.583000
dw3xybppgpkj5leh,,,,,,,399B6E76080F8677D08B626CFFA7AB7ACB974D3E,2020-10-09 06:05:14.584000,
yikctavkjix5egdk,failed,not_found,219,C0F508ADA14AE7EA9F8F6650AF149B8DFC35B598,3D0B8DD2936F168C9486BEE638F5D72BE7BE2446,5CCC3569C67B7F1BB733664D43DF4645F2A4B04D,C2481FAAA5508F6C2A64873972281220E9778476,2020-10-09 06:04:36.288000,2020-10-09 06:04:38.673000
yikctavkjix5egdk,failed,not_found,287,C0F508ADA14AE7EA9F8F6650AF149B8DFC35B598,5CFC486780CBD4446B764E51608D6574003B350D,74AC10CA94E400BA4D69E397562597CA04FC5352,835D88AE990CA3A33A49F800F64ACE580F4C21FE,2020-10-09 06:04:38.674000,2020-10-09 06:04:41.452000
yikctavkjix5egdk,failed,not_found,368,C0F508ADA14AE7EA9F8F6650AF149B8DFC35B598,B13C2C569F3FD0C530B7D96E5FF7933DF7A0E834,E787CB1DDAC5583A82B448E12FC4468DFCF93388,C239952D0C8E4EABC3E6B0A8E0B623689174E3C6,2020-10-09 06:04:41.453000,2020-10-09 06:04:45.251000
yikctavkjix5egdk,failed,not_found,460,C0F508ADA14AE7EA9F8F6650AF149B8DFC35B598,2F69F8C4DC02DD15A39BFDB4078A791D89ECEAA2,AF77AA5BD924319510F99B30CD0932D32B01B5C5,835FFE642EFA3BB7936663D2365A15D319FB6226,2020-10-09 06:04:45.252000,2020-10-09 06:04:49.870000
yikctavkjix5egdk,failed,not_found,760,C0F508ADA14AE7EA9F8F6650AF149B8DFC35B598,F7B024DB02C601185C202E26DFFD2AD525C16A36,0C6D3655763B1A3A60FC42135CD60765AFE953BA,C215211F88FFCF8C6E70CC34C76DA0948E3DD24A,2020-10-09 06:04:49.870000,2020-10-09 06:05:18.389000
yikctavkjix5egdk,,,,,,,8358BDDA9C9A680B4E3A2809E5C24F5B3624D5C2,2020-10-09 06:05:18.389000,
avvtnt5dhcuovw5z,failed,not_found,220,C0F508ADA14AE7EA9F8F6650AF149B8DFC35B598,D87A947A2405C41208C57D32ED1D0CA2EBE93AF6,5665A3904C89E22E971305EE8C1997BCA4123C69,E58A48A62336A08CC3C6B40802923754E65A2609,2020-10-09 06:04:36.294000,2020-10-09 06:04:40.167000
avvtnt5dhcuovw5z,failed,not_found,328,C0F508ADA14AE7EA9F8F6650AF149B8DFC35B598,41145C3169D810DB360FF2FCA232093B02C0B262,FF8F56B5E1A36341F84FF72927CEB3F0AC6BC6A9,54FF87E18CF4B351BB078A640A4DC5265969485E,2020-10-09 06:04:40.168000,2020-10-09 06:04:43.457000
avvtnt5dhcuovw5z,failed,not_found,446,C0F508ADA14AE7EA9F8F6650AF149B8DFC35B598,E8D550E6ACFAAAF75A7A3672C55D5114882953C7,6FF440DFB1D0697B942357D747900CC308DD57CC,54F5D800DD9783FCF2200E80EF3D1A867A3F6D6B,2020-10-09 06:04:43.458000,2020-10-09 06:04:49.278000
avvtnt5dhcuovw5z,failed,not_found,566,C0F508ADA14AE7EA9F8F6650AF149B8DFC35B598,2CF227C88CD37461CC2233E10083ED8A21D49CDC,F94A7BAC5D1E3D9372437141E10695A625B8B533,550F8C238D36F6117F319817CC3BF16D23FC8555,2020-10-09 06:04:49.279000,2020-10-09 06:04:57.381000
avvtnt5dhcuovw5z,,,,,,,E5A3CA10182C35F691BCF678F193D10F4B0F972F,2020-10-09 06:04:57.381000,
tzypkkfd2hw2awmp,failed,not_found,221,C0F508ADA14AE7EA9F8F6650AF149B8DFC35B598,881F09279F94E9AAD3DE30727DF3AD7C2CE900DF,EEDF0AF1F892C82F056063827B47283CC9AEAA41,8054F105829438B029E7265BB1070F9258705112,2020-10-09 06:04:36.300000,2020-10-09 06:04:38.639000
tzypkkfd2hw2awmp,failed,not_found,286,C0F508ADA14AE7EA9F8F6650AF149B8DFC35B598,B2D03CDF45EB4D74A65FAC4F00EBA785C9663A5F,310723122778237508274A36E9557B060A531BDD,8049F8C058587A66246E8A93A56957CE29165F72,2020-10-09 06:04:38.640000,2020-10-09 06:04:41.585000
tzypkkfd2hw2awmp,failed,not_found,370,C0F508ADA14AE7EA9F8F6650AF149B8DFC35B598,59BC32EA48ED1D06A373856434C0C5C4D2D86603,22BCD0DFD148209C9860C7F89907AB4DEE974A08,802D2B1B87E3561D971AFD9619CB8F0C257DDDD3,2020-10-09 06:04:41.585000,2020-10-09 06:04:45.620000
tzypkkfd2hw2awmp,failed,not_found,469,C0F508ADA14AE7EA9F8F6650AF149B8DFC35B598,57FC927F1CDADEC93380E247EE949A3787A0DB7E,32EE911D968BE3E016ECA572BB1ED0A9EE43FC2F,DCE5AA5B2287663BE7DBE9C87635FA846138D9A6,2020-10-09 06:04:45.620000,2020-10-09 06:04:50.423000
tzypkkfd2hw2awmp,failed,not_found,603,C0F508ADA14AE7EA9F8F6650AF149B8DFC35B598,ADBED8B751D7D63397FF3300BB3DE76141AA168F,645C3F0545E0975A49F69EC272C0C3EA28586825,DD08F4F385A97501EE532F51D8126E3BF4DCC382,2020-10-09 06:04:50.423000,2020-10-09 06:04:59.313000
tzypkkfd2hw2awmp,,,,,,,DCEA2A6D8034E164A4FFDD8AFF997E2F6FB2ECF8,2020-10-09 06:04:59.314000,
bagblntaazu34yka,failed,not_found,222,C0F508ADA14AE7EA9F8F6650AF149B8DFC35B598,C8C46E3E4F00A92C344B367E45F9D63EBB831DE1,928382AC862513334547CA3E5DA23ADBD59C7171,EC3EC2E26C9C57B46686E9EFE7EEABD4B570D6D3,2020-10-09 06:04:36.300000,2020-10-09 06:04:39.215000
bagblntaazu34yka,failed,not_found,301,C0F508ADA14AE7EA9F8F6650AF149B8DFC35B598,D14011FE605253565D934C69109DAE4316AD69A3,A6C983C2F7EEADD55CE9169E540EBD95423FC260,8C94FAB733C8F1E6C1828946DB77699DD9AC63D7,2020-10-09 06:04:39.216000,2020-10-09 06:04:43.607000
bagblntaazu34yka,failed,not_found,418,C0F508ADA14AE7EA9F8F6650AF149B8DFC35B598,43E187B8C7361F47EA968ED5389435865D7F4FE7,E2C3E5825E5BBDAFD5A8EF516B3CC600D5ACE12B,8C858D558310D4D5EAB3DEAF33CEE356ACA01810,2020-10-09 06:04:43.607000,2020-10-09 06:04:48.773000
bagblntaazu34yka,failed,not_found,549,C0F508ADA14AE7EA9F8F6650AF149B8DFC35B598,1684B30AE2ADD371E5D3A8B3F28ACA4CE9CA2E00,E947C029087FA1C3499BEF5D4372947C51223D8F,8C9704A8068E46CD91287DE3C332EFE2E21C685A,2020-10-09 06:04:48.774000,2020-10-09 06:04:56.162000
bagblntaazu34yka,failed,not_found,751,C0F508ADA14AE7EA9F8F6650AF149B8DFC35B598,249B8CF5AD6977923574DFEBD318A36E5884A114,A6C983C2F7EEADD55CE9169E540EBD95423FC260,EC4B6AF202EFE752C4D9E2FBD092C4EAE779ADA1,2020-10-09 06:04:56.163000,2020-10-09 06:05:15.956000
bagblntaazu34yka,,,,,,,EC469289B6E8B0AAD8A60785551028EC4BB36237,2020-10-09 06:05:15.957000,
mvdtoyfeoesaihgj,failed,not_found,223,C0F508ADA14AE7EA9F8F6650AF149B8DFC35B598,331452F317390D3C78BCD759170699E55C5570C9,6B805718A97BF653CB5546080BE756505F9BD65F,F7447E99EB5CBD4D5EB913EE0E35AC642B5C1EF3,2020-10-09 06:04:36.315000,2020-10-09 06:04:39.120000
mvdtoyfeoesaihgj,failed,not_found,298,C0F508ADA14AE7EA9F8F6650AF149B8DFC35B598,E81993EA52B73285CFFD02FEC003569D21483001,B9233588917C5F6B7DA771118707090591BC4C87,F7424B4C7EEDC1784A5505688EEFAD5BEEA7B9F5,2020-10-09 06:04:39.120000,2020-10-09 06:04:43.797000
mvdtoyfeoesaihgj,failed,not_found,422,C0F508ADA14AE7EA9F8F6650AF149B8DFC35B598,722754D58E551C43D1F6EF0CA23AE7FCFCF4441E,E75F2ACA1A18291AFE52E6BE0BAC1F805ABC1439,119E566B3D747658908EA00F336F4E158AE97AAD,2020-10-09 06:04:43.798000,2020-10-09 06:04:48.562000
mvdtoyfeoesaihgj,failed,not_found,553,C0F508ADA14AE7EA9F8F6650AF149B8DFC35B598,2B24C281AD12EA96F72C2808E1AF041CEBE345D0,BF0FB582E37F738CD33C3651125F2772705BB8E8,11ABDB4D0B944F186A898560CB82C70439957DCA,2020-10-09 06:04:48.562000,2020-10-09 06:04:56.128000
mvdtoyfeoesaihgj,failed,not_found,749,C0F508ADA14AE7EA9F8F6650AF149B8DFC35B598,13B2354C74CCE29815B4E1F692F2F0E86C7F13DD,FA5F1AB3468F808B2FB05F2155C0481A3532C787,11C3D14A1166AEDED6D247A32DE6451F6C95223A,2020-10-09 06:04:56.128000,2020-10-09 06:05:17.729000
mvdtoyfeoesaihgj,,,,,,,F788B67C42309E3B3A889E4CADB75D962CBF81C5,2020-10-09 06:05:17.729000,
7qzxel2bndix7qdp,failed,not_found,227,C0F508ADA14AE7EA9F8F6650AF149B8DFC35B598,EBE718E1A49EE229071702964F8DB1F318075FF8,20CD933EDC7260B19040475B24FD6B01B73E94BB,EBDE762412D1F0D75338053F5A5A9B6EE053D642,2020-10-09 06:04:37.290000,2020-10-09 06:04:39.530000
7qzxel2bndix7qdp,failed,not_found,311,C0F508ADA14AE7EA9F8F6650AF149B8DFC35B598,81E18725397D620DA548ABBE24D9CD263DEF2FDC,B96B5141004995295FE87DCCE1A54519BD0BB48A,EBDD9A8BC45D0543D0FDC93940EE06E56E749A99,2020-10-09 06:04:39.530000,2020-10-09 06:04:42.539000
7qzxel2bndix7qdp,failed,not_found,394,C0F508ADA14AE7EA9F8F6650AF149B8DFC35B598,69BE1831EC63C751D241E5E962DA4793355A6253,3098CC656BB3F519FEBF93AF6E0CBBDE4D84002A,EBE718E1A49EE229071702964F8DB1F318075FF8,2020-10-09 06:04:42.539000,2020-10-09 06:04:46.829000
7qzxel2bndix7qdp,failed,not_found,503,C0F508ADA14AE7EA9F8F6650AF149B8DFC35B598,ABC426893B642BDA2F78D7CAE99B251126F89F74,980B28A19B0A66948035A3FE143E5CF613C84122,E1382D287705E5197461F25039AD08A9B97D001F,2020-10-09 06:04:46.830000,2020-10-09 06:04:53.263000
7qzxel2bndix7qdp,failed,not_found,666,C0F508ADA14AE7EA9F8F6650AF149B8DFC35B598,770F6F160A05369FF79FA0E8A8F3B2AF335EFFD2,D7230F4F13324A28C308AF94E2385D0A7F1B05F9,E11FC7C83F417808A4CDD84A5ABFC112844C477A,2020-10-09 06:04:53.264000,2020-10-09 06:05:08.251000
7qzxel2bndix7qdp,,,,,,,E130296683B896A117CE5DA531A5645644178734,2020-10-09 06:05:08.252000,
6cigmqfl47hkx5v4,failed,not_found,243,C0F508ADA14AE7EA9F8F6650AF149B8DFC35B598,BF735F669481EE1CCC348F0731551C933D1E2278,3EA4E3EA9699C2231BD9286B7145D2BB9E0EB071,8D457B3887EFB17A2BA8EA01559E16CEE74E2489,2020-10-09 06:04:37.316000,2020-10-09 06:04:40.357000
6cigmqfl47hkx5v4,failed,not_found,338,C0F508ADA14AE7EA9F8F6650AF149B8DFC35B598,104DC15ACFA69CF94F89E8ED0F6CDB2D298234D2,B5212DB685A2A0FCFBAE425738E478D12361710D,6E25BF4AD7C146E2439A968DD4C29CE0F569AAB5,2020-10-09 06:04:40.357000,2020-10-09 06:04:43.902000
6cigmqfl47hkx5v4,failed,not_found,407,C0F508ADA14AE7EA9F8F6650AF149B8DFC35B598,461453F94FA0E3CBB011685E22CDAFD2AF0DFDC3,7272FA27A7F99E88D59BE2018E3F14FB88BF9786,6DFEB41C04CCE846871338E85DD5ACF5CFB6C1DD,2020-10-09 06:04:43.902000,2020-10-09 06:04:47.364000
6cigmqfl47hkx5v4,failed,not_found,514,C0F508ADA14AE7EA9F8F6650AF149B8DFC35B598,B96B5141004995295FE87DCCE1A54519BD0BB48A,91799AD097018FD5F83B70B978068FB83F72934F,8D599159A555665F199DD0F9E81277417C8D3973,2020-10-09 06:04:47.365000,2020-10-09 06:04:54.068000
6cigmqfl47hkx5v4,failed,not_found,686,C0F508ADA14AE7EA9F8F6650AF149B8DFC35B598,53134D9637D9FBE565FA1E3AF82B23CC964C56D6,F4A4D78F16E9A0353AD5BBEF4632C7022E20FB20,6DFB4AC8B5E7B1AD0B3F5F465F774A421C66CBBA,2020-10-09 06:04:54.068000,2020-10-09 06:05:11.441000
6cigmqfl47hkx5v4,,,,,,,8D4AA79E47B1C99116DC8E8F301BD574021B88AE,2020-10-09 06:05:11.442000,
ideq6r3nkcg6vrzw,failed,not_found,244,C0F508ADA14AE7EA9F8F6650AF149B8DFC35B598,74AEC0978787393E563C587A3055545DA5035C26,D87A947A2405C41208C57D32ED1D0CA2EBE93AF6,46BC57CFDC91DE75CBDA7D264A1FD4684A048B5C,2020-10-09 06:04:37.316000,2020-10-09 06:04:40.915000
ideq6r3nkcg6vrzw,failed,not_found,346,C0F508ADA14AE7EA9F8F6650AF149B8DFC35B598,231C2B9C8C31C295C472D031E06964834B745996,74AC10CA94E400BA4D69E397562597CA04FC5352,46A4E56C9CA59A3B07FD1DFE9891194E0C8FD6F0,2020-10-09 06:04:40.915000,2020-10-09 06:04:45.323000
ideq6r3nkcg6vrzw,failed,not_found,458,C0F508ADA14AE7EA9F8F6650AF149B8DFC35B598,7C1BEFB5D6897981ECE52817A2D3B702A9EB30D9,80C113BCE9356B4DECF94E7CF4A8C0BD315EE8E8,469305AE56D9F446468E8BE8780219EED54EEF25,2020-10-09 06:04:45.323000,2020-10-09 06:04:49.931000
ideq6r3nkcg6vrzw,failed,not_found,614,C0F508ADA14AE7EA9F8F6650AF149B8DFC35B598,968CB7DA0C56E66F22B78CBA0562FE132939D8BF,D56A98D38FC3C75E0347EEF3DD9C12749AF7C7C5,838749E0065B79086D12B5C1D7869B99EEFE1DB0,2020-10-09 06:04:49.932000,2020-10-09 06:04:59.801000
ideq6r3nkcg6vrzw,,,,,,,8370FC4C190D0020FA594D8232DFE34B5B30AF05,2020-10-09 06:04:59.801000,
ozzt6vqseowixiwz,failed,not_found,245,C0F508ADA14AE7EA9F8F6650AF149B8DFC35B598,6532EB51C1EA8B674F4AEFCFA31323AE4C4212E4,856DAB2FDC9EED88A27BE2265FA6BD5489EF178E,37535409102DFFE92F3DAC809E470E62BC27F1DF,2020-10-09 06:04:37.324000,2020-10-09 06:04:39.987000
ozzt6vqseowixiwz,failed,not_found,295,C0F508ADA14AE7EA9F8F6650AF149B8DFC35B598,07F34659F837E1EFCB129B41104D3F4F65F39CFA,837D5EA513DF7FDDA36BE569C646151CDA4B9935,372A38794527887333B52ED1D707609D808C0659,2020-10-09 06:04:39.988000,2020-10-09 06:04:42.175000
ozzt6vqseowixiwz,failed,not_found,377,C0F508ADA14AE7EA9F8F6650AF149B8DFC35B598,4F1BE400BF76433F2B1AC4A6132FE7332FDBB835,41145C3169D810DB360FF2FCA232093B02C0B262,375AAFD4E280B95136969E191AF4D9A1FA7C4FD9,2020-10-09 06:04:42.175000,2020-10-09 06:04:46.031000
ozzt6vqseowixiwz,failed,not_found,475,C0F508ADA14AE7EA9F8F6650AF149B8DFC35B598,27357053F65BAE3274DBE78E1353E15FCB9E002E,014E24C0CD21D2B9829E841D5EC1D3C415F866BF,8BE58BA7A28DC6B4F211CE8EE86783B85133488D,2020-10-09 06:04:46.031000,2020-10-09 06:04:51.196000
ozzt6vqseowixiwz,failed,not_found,629,C0F508ADA14AE7EA9F8F6650AF149B8DFC35B598,87B529BCF6B52BE28BBB22EC4AA702F9AE42D551,BF37445EA2A9F3D04F4B87DFAC624AEF21B559D5,8C00FA7369A7A308F6A137600F0FA07990D9D451,2020-10-09 06:04:51.196000,2020-10-09 06:05:01.927000
ozzt6vqseowixiwz,,,,,,,8BE79CE3261C027CE94F84D6CBE45F03BE9B8B59,2020-10-09 06:05:01.928000,
gyt5bzrqbw4pc5jy,failed,not_found,246,C0F508ADA14AE7EA9F8F6650AF149B8DFC35B598,0042B9F5B608D06DBFF5C075C84F2BBB9B294A5B,11D3EB91761414F94F3C6BDF8E4875D5E6B783AF,5786D04C5A2885D19E606F13C4203F60AEE38110,2020-10-09 06:04:37.325000,2020-10-09 06:04:40.460000
gyt5bzrqbw4pc5jy,failed,not_found,343,C0F508ADA14AE7EA9F8F6650AF149B8DFC35B598,64798E5F481852097A5C1EE7BC90ECC79789EC5E,41145C3169D810DB360FF2FCA232093B02C0B262,576F242DC99996D31FFEF6DD5E083FD439ECF4C7,2020-10-09 06:04:40.461000,2020-10-09 06:04:44.576000
gyt5bzrqbw4pc5jy,failed,not_found,471,C0F508ADA14AE7EA9F8F6650AF149B8DFC35B598,E81993EA52B73285CFFD02FEC003569D21483001,91BA193FB362FB7B6679A7A83A3050F3C44A5468,5788CEC0A7C5EE251FC72C55730A6B1FCAEA1D93,2020-10-09 06:04:44.576000,2020-10-09 06:04:51.171000
gyt5bzrqbw4pc5jy,failed,not_found,628,C0F508ADA14AE7EA9F8F6650AF149B8DFC35B598,64CB2B32C10ADD4B93D725B7DED238CCCD6D6DBA,00EAAFDC05DCD6EBD1E06E0B4F1F35D16DF0BA80,A7378A215483C6AD9968AD505DA1454F7E294797,2020-10-09 06:04:51.171000,2020-10-09 06:05:03.444000
gyt5bzrqbw4pc5jy,,,,,,,A76AEE2C3A724CC1CD05E1B06C948AC2512F4F33,2020-10-09 06:05:03.444000,
ntzto6a2rnfgkxod,failed,not_found,303,C0F508ADA14AE7EA9F8F6650AF149B8DFC35B598,019A6F13B9380974FE332A7E79F0DB74EA05DC9D,86D924EDE1498B4E1DD08D2260F3E9FE454012E1,84ABF6381FD0F96B882764F176B85980EBC31FE1,2020-10-09 06:04:37.331000,2020-10-09 06:04:40.056000
ntzto6a2rnfgkxod,failed,not_found,323,C0F508ADA14AE7EA9F8F6650AF149B8DFC35B598,67F70E92EF05EA3CBB3C311B6411AFBBE89BD1B8,912B7597346A74A44AD4B6068C645772B758DCB7,83C85E142DBAA2B02770EFE79E5AD676F699C589,2020-10-09 06:04:40.056000,2020-10-09 06:04:43.386000
ntzto6a2rnfgkxod,failed,not_found,437,C0F508ADA14AE7EA9F8F6650AF149B8DFC35B598,B1E34EA2AC156AAAA0A1BE2E4F2A38A728891062,00F1F247B391B84CB6C221720BCBFC0DFDB91117,8404E8B8AAB98208FAEFB1727B637133AD9C6FAF,2020-10-09 06:04:43.386000,2020-10-09 06:04:48.891000
ntzto6a2rnfgkxod,failed,not_found,395,C0F508ADA14AE7EA9F8F6650AF149B8DFC35B598,FCD8B7FD7F044F0F32DC928FD77ED121D036F236,CE83524360DE9A55FBDE87DEACBE9F2ABF208E1A,84A8E41D03865822272F647D378AFF4AC73187F2,2020-10-09 06:04:48.891000,2020-10-09 06:04:56.991000
ntzto6a2rnfgkxod,,,,,,,84A7397D10D5531FB14C2A5D604384D6D22E6A4D,2020-10-09 06:04:56.991000,
qdhju7dc2efdywv4,failed,not_found,335,C0F508ADA14AE7EA9F8F6650AF149B8DFC35B598,6C333B5BDBA3DFE7A782E40CB970C271ABFED119,438E8C214576AF13480A550D45C116F43333C319,258837F888FF885131F8F12BC409D69F99597E6A,2020-10-09 06:04:38.294000,2020-10-09 06:04:41.106000
qdhju7dc2efdywv4,failed,not_found,349,C0F508ADA14AE7EA9F8F6650AF149B8DFC35B598,6B5A63BFEEA8EF58DA812F4F05BE98C869809DFB,7A3E534C033E3836BD5AF223B642853C502AB33A,DD0C8EEC5CA402A9FA4478F10C31A440F71F6885,2020-10-09 06:04:41.107000,2020-10-09 06:04:44.495000
qdhju7dc2efdywv4,failed,not_found,441,C0F508ADA14AE7EA9F8F6650AF149B8DFC35B598,DD0C8EEC5CA402A9FA4478F10C31A440F71F6885,F4B855BCDC8E29075B0A0D7324488BA7D7A04629,DD0AA66DD9E4E71FFAFAB658DF8300F1CEEA0364,2020-10-09 06:04:44.495000,2020-10-09 06:04:49.224000
qdhju7dc2efdywv4,failed,not_found,740,C0F508ADA14AE7EA9F8F6650AF149B8DFC35B598,2F69F8C4DC02DD15A39BFDB4078A791D89ECEAA2,C2E3E1A73D46982994551380919F08EC5021A908,259078C74CB230969A6AFCD8535C0B35AECFF868,2020-10-09 06:04:49.225000,2020-10-09 06:04:57.259000
qdhju7dc2efdywv4,,,,,,,257342F27502A108EECA766F3B125441B3DD4F4E,2020-10-09 06:04:57.261000,
g6l2zsbdmqvkmyje,failed,not_found,277,C0F508ADA14AE7EA9F8F6650AF149B8DFC35B598,0F89912E6A4C4A8ACE43C58FF8B83CA299BFF74F,6ACAB4394A94BBFFF391497143E3B49C84798672,FA8138622F8EBE01091BEE60810AB2F0DD6E4D21,2020-10-09 06:04:38.311000,2020-10-09 06:04:41.140000
g6l2zsbdmqvkmyje,failed,not_found,351,C0F508ADA14AE7EA9F8F6650AF149B8DFC35B598,9E4CC64C4F94C359D43C5BA09094323FDBEFD975,F5F4019509109A07E90C45A022CEED9ECA1643C8,3D75D023397AAC54D3D481C2902AC79456B77AC6,2020-10-09 06:04:41.141000,2020-10-09 06:04:44.559000
g6l2zsbdmqvkmyje,failed,not_found,442,C0F508ADA14AE7EA9F8F6650AF149B8DFC35B598,46E0487EEEFD694CE625CC6E12D032395C01DB82,B143D439B72D239A419F8DCE07B8A8EB1B486FA7,FA85FE81093FE5D53DDCEA2DBA286E8CCC9C6DDD,2020-10-09 06:04:44.560000,2020-10-09 06:04:48.994000
g6l2zsbdmqvkmyje,failed,not_found,563,C0F508ADA14AE7EA9F8F6650AF149B8DFC35B598,AE95BDA37A5BB4685FEBB7F06649D6CE949B5316,ED3ACBBB89C5F1597A44A65D2FA203BDB8E208F2,3D7B08458C7BC081358BC9FAA4FFB2593FFE0576,2020-10-09 06:04:48.994000,2020-10-09 06:04:57.029000
g6l2zsbdmqvkmyje,,,,,,,FA69F7C51067D9A84168962C46ACA480A90CD354,2020-10-09 06:04:57.029000,
q7zukv4lwhfur23j,failed,not_found,278,C0F508ADA14AE7EA9F8F6650AF149B8DFC35B598,40CDE936B04B4573A47223396006443CA5EAC845,853246C4EBF7FD27C2EBE31E2DF37B2B5F13A39C,8A7742ADFF91823A1A35FA11D18C4E3A50FA12A7,2020-10-09 06:04:38.311000,2020-10-09 06:04:41.217000
q7zukv4lwhfur23j,failed,not_found,364,C0F508ADA14AE7EA9F8F6650AF149B8DFC35B598,361D33C96D0F161275EE67E2C91EE10B276E778B,67738D287FBB686B0F6BF1221505BE17781D50DC,8A6F5A21493685B50F1B46A87A2099D6C410F237,2020-10-09 06:04:41.217000,2020-10-09 06:04:45.586000
q7zukv4lwhfur23j,failed,not_found,468,C0F508ADA14AE7EA9F8F6650AF149B8DFC35B598,CC701FCE86D6AF95FC3D5B71645D3430794910C1,5D41BBE918C4DFEEFD620CAD949DF862A21C5653,968CF9A51740B682ABE4DB11829488281B66DBD8,2020-10-09 06:04:45.587000,2020-10-09 06:04:51.918000
q7zukv4lwhfur23j,failed,not_found,642,C0F508ADA14AE7EA9F8F6650AF149B8DFC35B598,2CF227C88CD37461CC2233E10083ED8A21D49CDC,343EC037D633150AFFCC8471E805AABAE1B1D871,8A63E4CC86E4AFF54E07AF9D2340DFDFB8674312,2020-10-09 06:04:51.918000,2020-10-09 06:05:04.405000
q7zukv4lwhfur23j,,,,,,,96A5167371D784ECE979A1E4504D25ABFE853E8C,2020-10-09 06:05:04.406000,
7zftz4f4nrkseluy,failed,not_found,360,C0F508ADA14AE7EA9F8F6650AF149B8DFC35B598,97767B43E78119A613B46CEAF81A788F45CC05D9,CDAF0B74C45FD5B1955198A8D92C8A518A53D07B,ACDD9E85A05B127BA010466C13C8C47212E8A38F,2020-10-09 06:04:38.334000,2020-10-09 06:04:45.129000
7zftz4f4nrkseluy,failed,not_found,454,C0F508ADA14AE7EA9F8F6650AF149B8DFC35B598,FA32998AF5628483D8E7B7BB0A4641D33A206A28,890480E14E634C8B4467C475E355A6FBF3D99CD5,ACF38D2A79A4AE47A6CCD8011EBB729BF66482AB,2020-10-09 06:04:45.129000,2020-10-09 06:04:49.700000
7zftz4f4nrkseluy,failed,not_found,616,C0F508ADA14AE7EA9F8F6650AF149B8DFC35B598,8C993A76F7F647E44256958CBCF1FB712139B3AF,C1335B1DB938644FCD54EE744D91354F94EDD1BC,DC40A59D4D744F2C3C7A655EC6BF3A59AFA1C66C,2020-10-09 06:04:49.700000,2020-10-09 06:05:01.211000
7zftz4f4nrkseluy,,,,,,,DC4645C2288E58799F4B8F6AC04B58F47DB8A43D,2020-10-09 06:05:01.212000,
bqlo3x4r72uth4px,failed,not_found,361,C0F508ADA14AE7EA9F8F6650AF149B8DFC35B598,881F09279F94E9AAD3DE30727DF3AD7C2CE900DF,A597AC866E40CAB5A67759ADE4942192E99DE684,E2D9035061E3D133B2CA4DA3383AEAACCC0733E1,2020-10-09 06:04:38.334000,2020-10-09 06:04:45.129000
bqlo3x4r72uth4px,failed,not_found,453,C0F508ADA14AE7EA9F8F6650AF149B8DFC35B598,2F69F8C4DC02DD15A39BFDB4078A791D89ECEAA2,E4A7CF32D1EC81521E234C8BF46384E75838A8D7,E300CEE2255A22B3DF52E798A3237D53AFAEC2F3,2020-10-09 06:04:45.129000,2020-10-09 06:04:50.876000
bqlo3x4r72uth4px,failed,not_found,623,C0F508ADA14AE7EA9F8F6650AF149B8DFC35B598,A6C983C2F7EEADD55CE9169E540EBD95423FC260,60E4C5E306D2DB22890EE24A09F9B6C30AF396A8,7C95058AA6E78461B8A6BD38E2A9EED3BA4D4D8A,2020-10-09 06:04:50.877000,2020-10-09 06:05:04.406000
bqlo3x4r72uth4px,,,,,,,7C7FFB1C48B7E0C5C9B3D11FEC2F8500F464786A,2020-10-09 06:05:04.406000,
p5v4suj5k72mneof,failed,not_found,281,C0F508ADA14AE7EA9F8F6650AF149B8DFC35B598,63B32F7E5389E8DBC5E1BCEFE48312DA7CCEF5D6,87B529BCF6B52BE28BBB22EC4AA702F9AE42D551,815E359B9C9CC44B9CE2D7233D40E96AF9000206,2020-10-09 06:04:38.358000,2020-10-09 06:04:41.222000
p5v4suj5k72mneof,failed,not_found,353,C0F508ADA14AE7EA9F8F6650AF149B8DFC35B598,F50CF02A0E6A9D9B25F7EB220FC26F7BD1B74999,5790B62AD6C79A1092B30993A8F0F7F23A969FD6,814B549F6397288BDF6A1FA3DB6299066714AFF6,2020-10-09 06:04:41.222000,2020-10-09 06:04:44.747000
p5v4suj5k72mneof,failed,not_found,445,C0F508ADA14AE7EA9F8F6650AF149B8DFC35B598,0F3B1BCB42C0E688D4A45887EFDD762B8D2F08F9,8A57DA2FFB5BA49C041EDE1A095E33E86EA756CC,8168C5DED2879DCAF91F686683EA00612F422FDC,2020-10-09 06:04:44.747000,2020-10-09 06:04:52.003000
p5v4suj5k72mneof,failed,not_found,645,C0F508ADA14AE7EA9F8F6650AF149B8DFC35B598,B04EA2B400D9679E72284E12FB81E68756670A3A,B0335F7872A698A86E5E9AC3CF323B50AEF9C081,CE863C22AD5ABBEAF606AE35A22781C409D895E5,2020-10-09 06:04:52.004000,2020-10-09 06:05:05.068000
p5v4suj5k72mneof,,,,,,,CEA0C3B7FF573C4CB96B27F3D4F5F3426397057A,2020-10-09 06:05:05.068000,
mjrmtcinni4lbr4f,failed,not_found,304,C0F508ADA14AE7EA9F8F6650AF149B8DFC35B598,C2E3E1A73D46982994551380919F08EC5021A908,43C83536DACCD110FF11E049A890064F6F87BEB2,7A8089D801EC09B20B1091CB031C79B7E0371818,2020-10-09 06:04:39.277000,2020-10-09 06:04:42.350000
mjrmtcinni4lbr4f,failed,not_found,362,C0F508ADA14AE7EA9F8F6650AF149B8DFC35B598,50C7B836942F14BDF1541B017CF21FD03F354E13,088A6237EED87EDEB0E1E3AD0A4A419F963F0787,022A5535F42B1A9F9AA755C4EAB5F36FEF9781D8,2020-10-09 06:04:42.351000,2020-10-09 06:04:44.915000
mjrmtcinni4lbr4f,failed,not_found,450,C0F508ADA14AE7EA9F8F6650AF149B8DFC35B598,DD0C8EEC5CA402A9FA4478F10C31A440F71F6885,1E5618C079D74CF9AE0C5370DE4C6E1AFD5C0B39,7A6EC43FD4CD5990230FCE48EC37AFC578E36CE6,2020-10-09 06:04:44.915000,2020-10-09 06:04:49.188000
mjrmtcinni4lbr4f,failed,not_found,607,C0F508ADA14AE7EA9F8F6650AF149B8DFC35B598,B22C4BF9747DBBC843F1BBBA272FDB7B6045EB01,44BD70C13DAA7513D6F47773804178B009F21ED5,7A6873B86D82BC8B4F0E790828626107820F7B9E,2020-10-09 06:04:49.189000,2020-10-09 06:04:59.263000
mjrmtcinni4lbr4f,,,,,,,023455597DAB689EE84FB3A7BC7FC5F9A3E27FD6,2020-10-09 06:04:59.263000,
kkuz5y6r6se7w6s3,failed,not_found,382,C0F508ADA14AE7EA9F8F6650AF149B8DFC35B598,72A33E374DE5AD1E617394896F0FD8B092D3E7C4,9BA9334DA769A7C96D464F9EA38A970088B6FECB,FD00BDB335960AFDCA6CD565B81DEF2BA7F27E7D,2020-10-09 06:04:39.294000,2020-10-09 06:04:46.576000
kkuz5y6r6se7w6s3,failed,not_found,493,C0F508ADA14AE7EA9F8F6650AF149B8DFC35B598,A4771CB90024F1870D622960519945A3E49B40FE,8859E68A7C95BD5AB403F16DAD92681E184D3710,FD127D1014ED3D36AFE50558A88BD5E8DB34A645,2020-10-09 06:04:46.577000,2020-10-09 06:04:51.950000
kkuz5y6r6se7w6s3,failed,not_found,621,C0F508ADA14AE7EA9F8F6650AF149B8DFC35B598,B939A8A614869CDFB240F5EFB78BA3753B50E973,C8A95933320878FCAAACB331915E926BAF78A259,4932D9330B60AD77BF08A322CF913D4736E221E3,2020-10-09 06:04:51.950000,2020-10-09 06:05:02.365000
kkuz5y6r6se7w6s3,,,,,,,4945C1D8A3F51F1E5D353191AC318F47C4AF5D6F,2020-10-09 06:05:02.366000,
pf2ju6g7ryok7jb6,failed,not_found,306,C0F508ADA14AE7EA9F8F6650AF149B8DFC35B598,DB5A100152FB7937F02F00B5DDFFFD012789C242,42B4F52C5B11E4D39855F654955425B0D5A0598B,303509AB910EF207B7438C27435C4A2FD579F1B1,2020-10-09 06:04:39.294000,2020-10-09 06:04:42.434000
pf2ju6g7ryok7jb6,failed,not_found,385,C0F508ADA14AE7EA9F8F6650AF149B8DFC35B598,708A968F3644F8A547156368FEA3DB664110E631,AE17FAAF8F302A506AF2167666EC62882804403F,AAEB6A603C1058B9D041884E42941944B915F500,2020-10-09 06:04:42.434000,2020-10-09 06:04:46.314000
pf2ju6g7ryok7jb6,failed,not_found,466,C0F508ADA14AE7EA9F8F6650AF149B8DFC35B598,17C9E8B4EFC6034E2910308D8FF8CD4ABAE6427F,AB10D5040BCBBA912FA448B8CF2A653DC8ACDC2C,304B631B1BC51705DAE7BAF566487AFE25807380,2020-10-09 06:04:46.314000,2020-10-09 06:04:50.147000
pf2ju6g7ryok7jb6,failed,not_found,591,C0F508ADA14AE7EA9F8F6650AF149B8DFC35B598,40697C345CB4128963A7BC66B63B17C7120959F1,38F21DEE29E40DCDF9460A80662B7723562CA008,AAE168C9016C395EA5C47D94AEA9606E59A9EA8F,2020-10-09 06:04:50.147000,2020-10-09 06:04:59.452000
pf2ju6g7ryok7jb6,,,,,,,3033FD18BBD658C5ECE926FB17D2269BFE337358,2020-10-09 06:04:59.452000,
mq7fyjp66npa66tv,failed,not_found,307,C0F508ADA14AE7EA9F8F6650AF149B8DFC35B598,11D3EB91761414F94F3C6BDF8E4875D5E6B783AF,6C333B5BDBA3DFE7A782E40CB970C271ABFED119,F0F13714732C347312426EC2B8D5C4940EAA45BA,2020-10-09 06:04:39.311000,2020-10-09 06:04:43.511000
mq7fyjp66npa66tv,failed,not_found,417,C0F508ADA14AE7EA9F8F6650AF149B8DFC35B598,9B047A91AC809AA020A1F42E3E785DBCEBF3652F,3212FA08FB2358B271606E21B1DFBD6717B94FA3,7777F9186C01E44F4A55B7300B19D05B9150588C,2020-10-09 06:04:43.511000,2020-10-09 06:04:47.909000
mq7fyjp66npa66tv,failed,not_found,530,C0F508ADA14AE7EA9F8F6650AF149B8DFC35B598,0085057C17BD2E1809E284825F06F94E72FB418C,575F15A0A41B951BEE03E25B2A0A3FC3E8D7C7D1,F0EF52BEE400B27430DCA9D144FA0C3DE0099FEC,2020-10-09 06:04:47.909000,2020-10-09 06:04:54.679000
mq7fyjp66npa66tv,failed,not_found,673,C0F508ADA14AE7EA9F8F6650AF149B8DFC35B598,8ABC4D5F6182C7E79B087D1ED9E5CF652C83E52C,74AC10CA94E400BA4D69E397562597CA04FC5352,776FCB8F73F8D84407F5AF2460A75F9EEC982EB3,2020-10-09 06:04:54.680000,2020-10-09 06:05:09.098000
mq7fyjp66npa66tv,,,,,,,777B2DECD67C607D8857AD60E976EE3E1E8A52BF,2020-10-09 06:05:09.099000,
bmz5vrl3tsv2vpvw,failed,not_found,388,C0F508ADA14AE7EA9F8F6650AF149B8DFC35B598,EE7CD2A763435C7006095BD167C790ABE5BC4DEA,2269C9905B04530E251186FAD6F56033654E5C99,FFB605C86D606991ADED7842269FA25A03B4A4D0,2020-10-09 06:04:39.312000,2020-10-09 06:04:46.335000
bmz5vrl3tsv2vpvw,failed,not_found,552,C0F508ADA14AE7EA9F8F6650AF149B8DFC35B598,55A92BE2A76C64A5A0DB0D4F61D5DCA37B55EE52,50C7B836942F14BDF1541B017CF21FD03F354E13,334523D7723EDC633C136CA9CFE9C2012CCC2FE8,2020-10-09 06:04:46.335000,2020-10-09 06:04:55.928000
bmz5vrl3tsv2vpvw,,,,,,,3351BC69807F3C9BACF7C317263D917252160462,2020-10-09 06:04:55.928000,
rvjkvudt4sqrgzs2,failed,not_found,309,C0F508ADA14AE7EA9F8F6650AF149B8DFC35B598,75EE3430CEF7744EA1E35607881B27581EB15880,8F22AFDD06AA4238ADD93A8EA6FBC2BB9C652711,F6710675B0A2F15700FB6638B156F3191920810F,2020-10-09 06:04:39.320000,2020-10-09 06:04:42.625000
rvjkvudt4sqrgzs2,failed,not_found,397,C0F508ADA14AE7EA9F8F6650AF149B8DFC35B598,A200D847B1C818F93AF3243B3D5DDA6FE0F6D871,A98ADD972045D3CCAEE65C788C3F175BAEA3E324,231C2B9C8C31C295C472D031E06964834B745996,2020-10-09 06:04:42.626000,2020-10-09 06:04:47.827000
rvjkvudt4sqrgzs2,failed,not_found,555,C0F508ADA14AE7EA9F8F6650AF149B8DFC35B598,17CF5B659F2FB7433573F6FD61E3E2228CB3448D,D1C60F9BCF2DBA07A775978F66C9927D3A9490BB,F664E5E50B4D216E5940DA7E9CF653F5F9DC561B,2020-10-09 06:04:47.828000,2020-10-09 06:04:56.382000
rvjkvudt4sqrgzs2,failed,not_found,772,C0F508ADA14AE7EA9F8F6650AF149B8DFC35B598,4837A6DFFC8E3681D70AD9E8D057C029093DA2F7,AFF320BA96E4338B61A008D2CA250FFE0E23B09C,231C00CD373C5DA8E5BA89883300506BC95881D9,2020-10-09 06:04:56.382000,2020-10-09 06:05:19.476000
rvjkvudt4sqrgzs2,,,,,,,230A8B2A8BA861210D9B4BA97745AEC217A94207,2020-10-09 06:05:19.477000,
oof7ciaoqio42e6i,failed,not_found,332,C0F508ADA14AE7EA9F8F6650AF149B8DFC35B598,6F1F74A4038660B39189EFFF0A1261D54339BBB5,FB016E16B8CD7A0E53DEEF31ED8754E4F6B8E837,6B61EFE3AEDEB3351FD3C910443D95556316E01C,2020-10-09 06:04:40.283000,2020-10-09 06:04:43.754000
oof7ciaoqio42e6i,failed,not_found,420,C0F508ADA14AE7EA9F8F6650AF149B8DFC35B598,D87698D8E2276C7E93D531B7C2A1B27D58C71876,9063C7EC4A3273446DC05E9310A5C5B2F4235696,6B263B45B33B8E2C73AB80F9B0D73538B44BD75D,2020-10-09 06:04:43.755000,2020-10-09 06:04:47.948000
oof7ciaoqio42e6i,failed,not_found,559,C0F508ADA14AE7EA9F8F6650AF149B8DFC35B598,221546DAE86B003139B13BD6F6AE1B4B42B59DF8,C2481FAAA5508F6C2A64873972281220E9778476,6B5A63BFEEA8EF58DA812F4F05BE98C869809DFB,2020-10-09 06:04:47.948000,2020-10-09 06:04:56.338000
oof7ciaoqio42e6i,failed,not_found,768,C0F508ADA14AE7EA9F8F6650AF149B8DFC35B598,8A6F5A21493685B50F1B46A87A2099D6C410F237,D1B1A550FEE3A05E71CA9080D14CCA3B746C0C17,F5B72145DD46D16E8BF8002AA1EC97DAB6942B9B,2020-10-09 06:04:56.339000,2020-10-09 06:05:19.475000
oof7ciaoqio42e6i,,,,,,,F5B58FEE44573C3BFD7D176D918BA5B4057519D7,2020-10-09 06:05:19.475000,
2cqzif4iaym6rr33,failed,not_found,333,C0F508ADA14AE7EA9F8F6650AF149B8DFC35B598,39F096961ED2576975C866D450373A9913AFDC92,7DAC367AF33DBEFEDC684789490E213FD348BE36,AD86CD1A49573D52A7B6F4A35750F161AAD89C88,2020-10-09 06:04:40.303000,2020-10-09 06:04:44.290000
2cqzif4iaym6rr33,failed,not_found,430,C0F508ADA14AE7EA9F8F6650AF149B8DFC35B598,D6C75D06698F08DBE77B56ECBD5216805B82068F,81A59766272894D27FE8375C4F83A6BA453671EF,1FD39D081A3AA8E3D6F0962F8281A448D536C879,2020-10-09 06:04:44.291000,2020-10-09 06:04:48.715000
2cqzif4iaym6rr33,failed,not_found,548,C0F508ADA14AE7EA9F8F6650AF149B8DFC35B598,0C93559D6D7E95B41561424345B0B176FBE66F00,DD7BD3E5BD0BA48A8C70B0CDF017FA5988B87E27,1FDF4D0660A7497222C3BA24FEEA316244093CD7,2020-10-09 06:04:48.715000,2020-10-09 06:04:55.863000
2cqzif4iaym6rr33,failed,not_found,646,C0F508ADA14AE7EA9F8F6650AF149B8DFC35B598,016093EE4BAE9AF473FC0C811A9D10FDAA9CA34B,0C6D3655763B1A3A60FC42135CD60765AFE953BA,AD7552F2CFBF472F9FFE748D3E82994EA6050A76,2020-10-09 06:04:55.863000,2020-10-09 06:05:15.484000
2cqzif4iaym6rr33,,,,,,,AD7C011CE0280249FA05053C1AC8E770E242ADF8,2020-10-09 06:05:15.485000,
53xc5m42q2tzx3wc,failed,not_found,373,C0F508ADA14AE7EA9F8F6650AF149B8DFC35B598,F6740DEABFD5F62612FA025A5079EA72846B1F67,EAA088440B100FF8407266B5D4853FFB16A8CB67,B15C0071EAF508AAEE29DB9D07607C84AA2DDEB3,2020-10-09 06:04:40.304000,2020-10-09 06:04:45.719000
53xc5m42q2tzx3wc,failed,not_found,473,C0F508ADA14AE7EA9F8F6650AF149B8DFC35B598,74AC10CA94E400BA4D69E397562597CA04FC5352,6E33D4101DDC6366BE477125068E3D5D2F22C747,E00DFD54DC165D5452FBD3530D30186DAD016A0C,2020-10-09 06:04:45.719000,2020-10-09 06:04:51.113000
53xc5m42q2tzx3wc,failed,not_found,490,C0F508ADA14AE7EA9F8F6650AF149B8DFC35B598,CC605FEC74F20D49995D8FAAFF7365954233B85D,D1F2C5C820B3F96BE6144CBFB84FDDF9D0EC0810,B161E036AD43D7F8D22BA18FB612200E6A6138A0,2020-10-09 06:04:51.114000,2020-10-09 06:05:02.313000
53xc5m42q2tzx3wc,,,,,,,E00764EDD2D5DA338CEA2EED8691E1FCAAF4A6E9,2020-10-09 06:05:02.313000,
tjdna4elx2ykileq,failed,not_found,276,C0F508ADA14AE7EA9F8F6650AF149B8DFC35B598,EAA823552F959DFD038E9AC8FA89345A738B6C00,118496882F58E787DC24F5C219B93F22BA5820D8,258837F888FF885131F8F12BC409D69F99597E6A,2020-10-09 06:04:40.325000,2020-10-09 06:04:44.159000
tjdna4elx2ykileq,failed,not_found,429,C0F508ADA14AE7EA9F8F6650AF149B8DFC35B598,CCD879EE5FBC5FE758C8EC098D40372C7C82C5C0,CB1CE5D58F07BCACBD06FBA82ED2359D5E8CE911,B428E8A48C62E35536E5F30BA348A05ACE5FDF14,2020-10-09 06:04:44.159000,2020-10-09 06:04:48.464000
tjdna4elx2ykileq,failed,not_found,542,C0F508ADA14AE7EA9F8F6650AF149B8DFC35B598,8C5B316ED73018484765C3E0944E4508DCAE0944,36BABBBC06E2BF9D2C992371324B95B812E10A40,25990FC54D7268C914170A118EE4EE75025451DA,2020-10-09 06:04:48.465000,2020-10-09 06:04:55.864000
tjdna4elx2ykileq,failed,not_found,565,C0F508ADA14AE7EA9F8F6650AF149B8DFC35B598,DEF8C760A79FEF2358E03AE5A1950086ABEB953E,5665A3904C89E22E971305EE8C1997BCA4123C69,259078C74CB230969A6AFCD8535C0B35AECFF868,2020-10-09 06:04:55.864000,2020-10-09 06:05:15.214000
tjdna4elx2ykileq,,,,,,,B43409C6A047E50FC7B7A23321102957BAFC3D6B,2020-10-09 06:05:15.214000,
fc7ecch34n6rs5ky,failed,not_found,337,C0F508ADA14AE7EA9F8F6650AF149B8DFC35B598,853246C4EBF7FD27C2EBE31E2DF37B2B5F13A39C,0745857B06337B7F343635608975972A9EC14901,B55B11A739C43396B10CC621D9C9F9D7F3A8CDE4,2020-10-09 06:04:40.326000,2020-10-09 06:04:43.981000
fc7ecch34n6rs5ky,failed,not_found,426,C0F508ADA14AE7EA9F8F6650AF149B8DFC35B598,5CFC486780CBD4446B764E51608D6574003B350D,F3DF2415A5ECFB57835CF7E629C3AD0E1DA6732B,B5489D6C57192833B13B9634524552CEE38124AF,2020-10-09 06:04:43.981000,2020-10-09 06:04:49.735000
fc7ecch34n6rs5ky,failed,not_found,758,C0F508ADA14AE7EA9F8F6650AF149B8DFC35B598,E5CC91BAFE7CCD68003E873D32E38027638D49D7,E05EAB588285C01E8807F00A07CDBBC4662A58D9,B5558CFA70A5308582B25767C9698E6DBE6A90B2,2020-10-09 06:04:49.735000,2020-10-09 06:05:18.562000
fc7ecch34n6rs5ky,,,,,,,C3636ECA4B40900056590AA7DBFC6ED09379852F,2020-10-09 06:05:18.563000,
h4xrgicfjmadgahk,failed,not_found,319,C0F508ADA14AE7EA9F8F6650AF149B8DFC35B598,73DCA56424912F69F1478D6630DF27CFE8F41439,F836446663F1EB816F13708955F105D0B2F5C8E0,D8DF9660261B158A9DF6C3D7D63DD92B0FD5B9F7,2020-10-09 06:04:40.334000,2020-10-09 06:04:43.511000
h4xrgicfjmadgahk,failed,not_found,416,C0F508ADA14AE7EA9F8F6650AF149B8DFC35B598,52A022F16D8CDBF019E132F1538A1798F167973A,461D6EA15966C7F99B43D37ADC116B5B8E47D130,D8EA105E79803FB0040A8C2A676D93DAEA2CFFF0,2020-10-09 06:04:43.511000,2020-10-09 06:04:47.886000
h4xrgicfjmadgahk,failed,not_found,558,C0F508ADA14AE7EA9F8F6650AF149B8DFC35B598,AAFFA68AB61238F9044B6ECBA62E25264113EB88,8E7ACAD878BBD61097C0E0D557160F5D59BCE5CA,D8E832DD333476940DD083E80230E17BC2C16F5F,2020-10-09 06:04:47.887000,2020-10-09 06:04:56.208000
h4xrgicfjmadgahk,failed,not_found,753,C0F508ADA14AE7EA9F8F6650AF149B8DFC35B598,F0F5074A6DADD3DC22E1FAA18FD6D89CBC52771A,F8DE8132E599A194E20DDB738AF64A7200CD5949,D59A0355562CCA21F292384F47C3DAE37DF81006,2020-10-09 06:04:56.208000,2020-10-09 06:05:16.527000
h4xrgicfjmadgahk,,,,,,,D5A2B3AE1E8047017A0BBC7209FD624DB84D47CE,2020-10-09 06:05:16.527000,
gqrki2x7yfs7xnlz,failed,not_found,561,C0F508ADA14AE7EA9F8F6650AF149B8DFC35B598,171C8ED92AD61ABDADE7244B03D5CB271B06E8E0,213F2B4AB09EE6FF8CA21B804B2E1BD8835088D3,84A8E41D03865822272F647D378AFF4AC73187F2,2020-10-09 06:04:41.282000,2020-10-09 06:04:44.595000
gqrki2x7yfs7xnlz,failed,not_found,516,C0F508ADA14AE7EA9F8F6650AF149B8DFC35B598,5FB384605F53DCBF1CB02143D318DA3E8EE38A24,FCD52578ED1DA778B918D3E6B95068542203D20F,846B3EAAF0C07FF72FC79AEBB11FA3ADC58F240F,2020-10-09 06:04:44.596000,2020-10-09 06:04:53.905000
gqrki2x7yfs7xnlz,failed,not_found,679,C0F508ADA14AE7EA9F8F6650AF149B8DFC35B598,1911E022DBFED9B04EE917187D46ABFBA5C8BACB,40CDE936B04B4573A47223396006443CA5EAC845,84A7397D10D5531FB14C2A5D604384D6D22E6A4D,2020-10-09 06:04:53.905000,2020-10-09 06:05:11.442000
gqrki2x7yfs7xnlz,,,,,,,24592DB1CDA066CDCA41F6403CED661839CDE223,2020-10-09 06:05:11.443000,
y4gphbfv4wrc7tit,failed,not_found,340,C0F508ADA14AE7EA9F8F6650AF149B8DFC35B598,BE40A5C8EB81704DBC1586190159AA7EDC1DA11D,4CE6D83FFA8AD24767007E8C972F371F2468F09A,D87698D8E2276C7E93D531B7C2A1B27D58C71876,2020-10-09 06:04:41.294000,2020-10-09 06:04:44.033000
y4gphbfv4wrc7tit,failed,not_found,427,C0F508ADA14AE7EA9F8F6650AF149B8DFC35B598,75784DD2BCB70CE13CEC93CFE24CD69C66E2C67B,B85E6AB2B5F115536B2DA847A3FB99B8A985D437,E81993EA52B73285CFFD02FEC003569D21483001,2020-10-09 06:04:44.033000,2020-10-09 06:04:48.864000
y4gphbfv4wrc7tit,failed,not_found,474,C0F508ADA14AE7EA9F8F6650AF149B8DFC35B598,9E9C2223EA179F52BA73A24BFDE2E44DCA468EEF,7F3D20E72A24ED2EBD92AA9C430B805BA389D02B,E8130F7A29B624A70A0EC506671D66BAA32F1A5F,2020-10-09 06:04:48.864000,2020-10-09 06:04:57.466000
y4gphbfv4wrc7tit,,,,,,,E81978D79F5FBC67DD0E80F6EADCE88A97A79554,2020-10-09 06:04:57.466000,
seei3tysukkaopzn,failed,not_found,355,C0F508ADA14AE7EA9F8F6650AF149B8DFC35B598,D1F2C5C820B3F96BE6144CBFB84FDDF9D0EC0810,E46C3F0533709EE2112874B13A4FE3868B33E75E,24B1DF80768332990BA8F1230BA41D95D82D52BD,2020-10-09 06:04:41.314000,2020-10-09 06:04:44.896000
seei3tysukkaopzn,failed,not_found,425,C0F508ADA14AE7EA9F8F6650AF149B8DFC35B598,47E0EEB4E75C2C3633A7E294885F146B1E786DA9,980B28A19B0A66948035A3FE143E5CF613C84122,24AF1603CDF4D118E1F7AEBF680C18BDA5E8F793,2020-10-09 06:04:44.896000,2020-10-09 06:04:48.464000
seei3tysukkaopzn,failed,not_found,606,C0F508ADA14AE7EA9F8F6650AF149B8DFC35B598,60CA295745930AFA59DB73F877834B4100C7B712,8127FEAAF63A37CDB3CF0D1DA75D1B8D6DA90AD9,24D0491A2ADAAB52C17625FBC926D84477AEA322,2020-10-09 06:04:48.464000,2020-10-09 06:04:59.892000
seei3tysukkaopzn,,,,,,,D1D8C8B822C952F00714FA0DA8F1B66E30CC9297,2020-10-09 06:04:59.893000,
qf5ouioewbcuieiu,failed,not_found,356,C0F508ADA14AE7EA9F8F6650AF149B8DFC35B598,63540827C4832D214984EA47B7A68C593F9F862F,9AED373BD9415E83BDCFC735FCA288178829459A,B3CF08E9DF70D46BBEB5165A42D087DB352275DD,2020-10-09 06:04:41.314000,2020-10-09 06:04:46.335000
qf5ouioewbcuieiu,failed,not_found,507,C0F508ADA14AE7EA9F8F6650AF149B8DFC35B598,410118E874D2263F1CDCD567F81875A8E38B2B3C,1F97BE0788A261FF978C082E0AB44ADD96AF1F7A,B3D56C1E0AD84BA93AF6DC533A8569C3D0E8A58B,2020-10-09 06:04:46.335000,2020-10-09 06:04:53.117000
qf5ouioewbcuieiu,failed,not_found,662,C0F508ADA14AE7EA9F8F6650AF149B8DFC35B598,883F49ECDF48809308C0E5409E5A264B94050140,8EA58F28DCA60F56C6F2131BDFE9BF5FAF2233CE,B2D42C51C415C1AB3A4DA3F1A8FC3615B55380D7,2020-10-09 06:04:53.117000,2020-10-09 06:05:07.223000
qf5ouioewbcuieiu,,,,,,,B2CB9E5C80367C9026A806EC4801E22425AA7E8A,2020-10-09 06:05:07.224000,
76ie3tilth6hy5wf,failed,not_found,357,C0F508ADA14AE7EA9F8F6650AF149B8DFC35B598,E432C6B90254DD0675F86D3E4D5F3A2CA100DE8B,1F78D47D20BA3ACF9DCE50F4533A5CEA232CF398,96CAA917F65BCD62CECD236F67652BFD7C69E52E,2020-10-09 06:04:41.314000,2020-10-09 06:04:45.325000
76ie3tilth6hy5wf,failed,not_found,459,C0F508ADA14AE7EA9F8F6650AF149B8DFC35B598,3076FB1CCEB8341322019AD26F69BFC0AA845334,C5F214F7F9CCBF09324C9AA032760150243A196C,69398E3D1337AC6816E757516D3600A75C1EB3AE,2020-10-09 06:04:45.326000,2020-10-09 06:04:51.054000
76ie3tilth6hy5wf,failed,not_found,625,C0F508ADA14AE7EA9F8F6650AF149B8DFC35B598,40697C345CB4128963A7BC66B63B17C7120959F1,509EAB4C5D10C9A9A24B4EA0CE402C047A2D64E6,96A5167371D784ECE979A1E4504D25ABFE853E8C,2020-10-09 06:04:51.054000,2020-10-09 06:05:01.345000
76ie3tilth6hy5wf,,,,,,,6940247E04C839D268543E7F62566A91E40567E3,2020-10-09 06:05:01.345000,
smvktxaztywn5r3r,failed,not_found,358,C0F508ADA14AE7EA9F8F6650AF149B8DFC35B598,272AC842521666E3D1B0E5EAFAC79EF73EC88972,86CDD0D92AB972538416A382D99666736CDDF141,34DE7F9028A53D5238D779B00DAF7438FDE1D7A0,2020-10-09 06:04:41.314000,2020-10-09 06:04:45.040000
smvktxaztywn5r3r,failed,not_found,451,C0F508ADA14AE7EA9F8F6650AF149B8DFC35B598,8F0EF738A9B1D9D6F73196551CF7CEBF797D4BE3,A3C2F881C3B674D3D40FD2920BB1DE495B8EC3E9,4E5C4ED5CC70E5A32B48392FF72CC4BE24937EDA,2020-10-09 06:04:45.041000,2020-10-09 06:04:50.099000
smvktxaztywn5r3r,failed,not_found,589,C0F508ADA14AE7EA9F8F6650AF149B8DFC35B598,2AA5F598F9A1812F01CD99E3B59BB87362ED7438,37DDF1906EE3DB96130A717EA54667C64DAC78DF,34C00EA46ACD2A3BD9321FA23A0E7926C2EF4CC9,2020-10-09 06:04:50.100000,2020-10-09 06:04:58.596000
smvktxaztywn5r3r,,,,,,,34BA457C5120D5E7DA9513C7B98733C57503E3E6,2020-10-09 06:04:58.597000,
65tlwa5wl57zhiha,failed,not_found,390,C0F508ADA14AE7EA9F8F6650AF149B8DFC35B598,3E4932477308B5C209296D3647A41C4D3F325039,2F26D43258285FEB39E4320888DFAFA8A0D20E11,F9E32D4058F7F35E9BC4F1D8C3B2DAA0C4466660,2020-10-09 06:04:42.394000,2020-10-09 06:04:47.246000
65tlwa5wl57zhiha,failed,not_found,512,C0F508ADA14AE7EA9F8F6650AF149B8DFC35B598,0D99F89BBB92BF5557F8D3F895DB218A72871089,B74DABBE248B935CDC1038CD5C9280878C8C94E7,F9D942D6A320777940A051C8A4B3EF3C0F28AD38,2020-10-09 06:04:47.246000,2020-10-09 06:04:53.772000
65tlwa5wl57zhiha,failed,not_found,678,C0F508ADA14AE7EA9F8F6650AF149B8DFC35B598,61991104B5D0F460BFA5E1C0E5E8769B11C0F8A4,ADB98B27D7A3FB5732068FD23602A1BCB3BE9F38,8E52CC35132AC6DF3781F539148781274D150919,2020-10-09 06:04:53.772000,2020-10-09 06:05:11.362000
65tlwa5wl57zhiha,,,,,,,F9E97AAC7ACB6B48CA17FA55554FD6CB1651ED33,2020-10-09 06:05:11.362000,
ek7r2i44j5wbers2,failed,not_found,400,C0F508ADA14AE7EA9F8F6650AF149B8DFC35B598,8DCB526722FBE2B3F4C0CE9D020B0589170F8BDA,61FA7E7C766577D76EBABF19330993DEFA8AF3C3,CB4EBE9C475A60A5F2CDA92C83CE093BD945D940,2020-10-09 06:04:42.433000,2020-10-09 06:04:47.026000
ek7r2i44j5wbers2,failed,not_found,506,C0F508ADA14AE7EA9F8F6650AF149B8DFC35B598,47A83EC4D144FB8094A57DC5AEB39E9F6F174036,98AEF7B834D688773CE2BCC5A32761A4943CF623,A613E402885F5D248889CD6EA85DE61D022D760E,2020-10-09 06:04:47.027000,2020-10-09 06:04:53.011000
ek7r2i44j5wbers2,failed,not_found,660,C0F508ADA14AE7EA9F8F6650AF149B8DFC35B598,FACC9EB242F4FDA0BD6508CCB86DABCE9E84677F,2BF341398A55E8C0C4B6BD193A7F50CCE44BF883,A604086EAE838774F809811925A223DCFDBB1D17,2020-10-09 06:04:53.012000,2020-10-09 06:05:08.565000
ek7r2i44j5wbers2,,,,,,,A60697FF383EEEE2E88505DD4E305C07BF326B11,2020-10-09 06:05:08.565000,
gwssfntzgvktgcix,failed,not_found,436,C0F508ADA14AE7EA9F8F6650AF149B8DFC35B598,E9257AA00E5E75DF12D16247986B47B3D8FC84B2,F674AF7E68B3FC870A6B9278536EE0CAC2BE541D,C282248597D1C8522A2A7525E61C8B77BBC37614,2020-10-09 06:04:42.434000,2020-10-09 06:04:48.886000
gwssfntzgvktgcix,failed,not_found,560,C0F508ADA14AE7EA9F8F6650AF149B8DFC35B598,53E73B74B930BCF51621E6F06E65A3E3BC78E83A,79B207AD51842FA215D956B9307B3D01CD347368,C291114640EA333A6AC5801B5E0EC95C012DFE6B,2020-10-09 06:04:48.887000,2020-10-09 06:04:56.586000
gwssfntzgvktgcix,failed,not_found,776,C0F508ADA14AE7EA9F8F6650AF149B8DFC35B598,3F065BB0B02FB2303E144383D16C47A7DED75AE7,3E13E2EB87CCF5690564EE33E9F9F9F80B229FBB,94B710C41B9E8FB592D0916E71B5A89FF4995996,2020-10-09 06:04:56.586000,2020-10-09 06:05:20.282000
gwssfntzgvktgcix,,,,,,,C2A3F4315DEC7F4E31D18818E1002B0C6A2E5535,2020-10-09 06:05:20.282000,
l5er7fbrl54sgzxv,failed,not_found,386,C0F508ADA14AE7EA9F8F6650AF149B8DFC35B598,99EFED3DE32D6FDC822F140CB42A0D8A9F7EFF87,8E0526EEB84057C88897A5B5FEB8199425C0C2EF,2CE96A8A1DA032664C90F574AFFBECE18A6E8DFC,2020-10-09 06:04:42.480000,2020-10-09 06:04:46.391000
l5er7fbrl54sgzxv,failed,not_found,485,C0F508ADA14AE7EA9F8F6650AF149B8DFC35B598,92BBADCB0697F5EB1792C607EE2DC1C291A98ADC,8111FEB45EF2950EB8F84BFD8FF070AB07AEE9DD,2CFDBB78544AF1062C1F70C76D6A900F0F82C3F8,2020-10-09 06:04:46.392000,2020-10-09 06:04:52.879000
l5er7fbrl54sgzxv,failed,not_found,653,C0F508ADA14AE7EA9F8F6650AF149B8DFC35B598,4FCF975D71A8663E8066BD1431D8E9459DBE2EAB,B8F6E68B36BEE2BF548750BDCCC3C2A7DB56A623,0FF7D03AC5F31F93E3AE11ABF74313D071E11ED3,2020-10-09 06:04:52.880000,2020-10-09 06:05:06.954000
l5er7fbrl54sgzxv,,,,,,,2CE9BE1FC88B9D0FA03F387C9E4F000B5D4B2AE9,2020-10-09 06:05:06.954000,
mhix5txkvqafhdtu,failed,not_found,387,C0F508ADA14AE7EA9F8F6650AF149B8DFC35B598,6B9EA8927AB6E94E216067E65372182343A5AFA2,81E18725397D620DA548ABBE24D9CD263DEF2FDC,AD2A2BCC14044DA38F17FF37E6416C30BA1DF80B,2020-10-09 06:04:42.481000,2020-10-09 06:04:46.577000
mhix5txkvqafhdtu,failed,not_found,494,C0F508ADA14AE7EA9F8F6650AF149B8DFC35B598,2F69F8C4DC02DD15A39BFDB4078A791D89ECEAA2,3033FD18BBD658C5ECE926FB17D2269BFE337358,AD7C011CE0280249FA05053C1AC8E770E242ADF8,2020-10-09 06:04:46.577000,2020-10-09 06:04:52.499000
mhix5txkvqafhdtu,failed,not_found,738,C0F508ADA14AE7EA9F8F6650AF149B8DFC35B598,28DF1CE408D2E0BA556188E81EC7499DF90B583A,47A83EC4D144FB8094A57DC5AEB39E9F6F174036,AD7552F2CFBF472F9FFE748D3E82994EA6050A76,2020-10-09 06:04:52.500000,2020-10-09 06:05:05.206000
mhix5txkvqafhdtu,,,,,,,AB8A96AA4E0303D7D93AECCC1F5C7EE06515D611,2020-10-09 06:05:05.207000,
3uqqnvjbifdlueer,failed,not_found,389,C0F508ADA14AE7EA9F8F6650AF149B8DFC35B598,50E43E33EBAB7EB9EAB6B352F3685229DAB25A84,7F3D20E72A24ED2EBD92AA9C430B805BA389D02B,0C291A34FA75ABAF39B64E75985D74297945BCBA,2020-10-09 06:04:42.492000,2020-10-09 06:04:46.987000
3uqqnvjbifdlueer,failed,not_found,504,C0F508ADA14AE7EA9F8F6650AF149B8DFC35B598,1B90395827F7499A37C73F09BC5AA0225808F6FC,108A1138931C7E947C94D1892EE8D275D0BED90C,D5C33F3E203728EDF8361EA868B2939CCC43FAFB,2020-10-09 06:04:46.988000,2020-10-09 06:04:53.987000
3uqqnvjbifdlueer,failed,not_found,680,C0F508ADA14AE7EA9F8F6650AF149B8DFC35B598,6C333B5BDBA3DFE7A782E40CB970C271ABFED119,FEDE31337E4E19E06B97D282F08B0A0E8B9C5526,0C3599079EF21C4994AD6DDE91F72A48F16E8A98,2020-10-09 06:04:53.988000,2020-10-09 06:05:11.363000
3uqqnvjbifdlueer,,,,,,,0C3D5E19E3C75B505C8ACD26F89DCA2DF970553E,2020-10-09 06:05:11.363000,
raog2crk6d24a5fv,failed,not_found,405,C0F508ADA14AE7EA9F8F6650AF149B8DFC35B598,37BB3233098BF9B9095C27834E65A2E17FF807F8,B143D439B72D239A419F8DCE07B8A8EB1B486FA7,47A3D00525F041F382B398BF95BC58E0EC23276B,2020-10-09 06:04:43.284000,2020-10-09 06:04:47.149000
raog2crk6d24a5fv,failed,not_found,537,C0F508ADA14AE7EA9F8F6650AF149B8DFC35B598,3EE6BA5394B18AEF14E0D3B959D733B7A1EC3AD5,7B0D94D348D9F98C50B6674C5CB17AF35EA2605F,99B2CBF6EFD80ACD303E8089656668EF236015CD,2020-10-09 06:04:47.149000,2020-10-09 06:04:55.115000
raog2crk6d24a5fv,,,,,,,47B22D6B46447B533E962966B9559E249B6F915C,2020-10-09 06:04:55.115000,
bss2eoiwpxsnv5bh,failed,not_found,406,C0F508ADA14AE7EA9F8F6650AF149B8DFC35B598,73713518E8BD7110D0C6D84F0682C1E0B7541F79,2B24C281AD12EA96F72C2808E1AF041CEBE345D0,976063DB869FF0B4B71D31270BE996A9B069B432,2020-10-09 06:04:43.309000,2020-10-09 06:04:47.186000
bss2eoiwpxsnv5bh,failed,not_found,511,C0F508ADA14AE7EA9F8F6650AF149B8DFC35B598,395D293263E9DEEC1874503D45B8543DABACC694,72614C16C578D6732A9D9079A0905E8159BC44E4,77E01A5D31748474C4F5F086C2461E04A26B34F1,2020-10-09 06:04:47.186000,2020-10-09 06:04:53.770000
bss2eoiwpxsnv5bh,failed,not_found,762,C0F508ADA14AE7EA9F8F6650AF149B8DFC35B598,BC238DA10F427C21685F766317F7E0946954B88F,61B8BDC91AA7BC9A05EB5A3D652FFF88C98E6911,9772EFB535397C942C3AB8804FB35CFFAD012438,2020-10-09 06:04:53.770000,2020-10-09 06:05:18.652000
bss2eoiwpxsnv5bh,,,,,,,97755455E7DC4E95F0F2EE660FCF11726B6BF69A,2020-10-09 06:05:18.652000,
4mnvdbvnhqkvuaxv,failed,not_found,408,C0F508ADA14AE7EA9F8F6650AF149B8DFC35B598,47C362713928A711FC105AF54993576E41CB1B7F,425835370C1FBE178C21CB53C76672F12BDE091A,4AD0B40B0FC679CC300F398BCEBE9D000833F62C,2020-10-09 06:04:43.346000,2020-10-09 06:04:47.713000
4mnvdbvnhqkvuaxv,failed,not_found,525,C0F508ADA14AE7EA9F8F6650AF149B8DFC35B598,EA3616A0B9BBBDC74121D8D6F01EABDDCF6BE35D,18F34AE6567F5FB081C4353D5EDA5CEE155810C4,0B841CB70F9ED1FD0322C2BA2EB0D80420D87CFA,2020-10-09 06:04:47.713000,2020-10-09 06:04:54.626000
4mnvdbvnhqkvuaxv,failed,not_found,704,C0F508ADA14AE7EA9F8F6650AF149B8DFC35B598,D267AAA0034D14A961FA3DBB93BDF8C56ED29E68,A6C983C2F7EEADD55CE9169E540EBD95423FC260,4AC424FBB4DAC4B028366C0C2EE9C9DD11A7BE2D,2020-10-09 06:04:54.627000,2020-10-09 06:05:13.995000
4mnvdbvnhqkvuaxv,,,,,,,4AC4F120C119C72356BC9C33BF14E26D2BF052D4,2020-10-09 06:05:13.995000,
tniluind3exwph2t,failed,not_found,409,C0F508ADA14AE7EA9F8F6650AF149B8DFC35B598,4E98AA295B7171996D18DD1F6A19F64AB4036B4A,746B3C4BADCCA09003DD091AF028560A61E0A48E,C577C56EAD654C829D1FF2F86133F89A1A59AA89,2020-10-09 06:04:43.346000,2020-10-09 06:04:47.766000
tniluind3exwph2t,failed,not_found,557,C0F508ADA14AE7EA9F8F6650AF149B8DFC35B598,05499507DA8B381370E0858A784C3AFE13DC927F,F935633F907506C3327C9CEE2B7F39A54B88C375,3CE91268F607E373482D1BCD33018CF1C77FAFA6,2020-10-09 06:04:47.766000,2020-10-09 06:04:57.030000
tniluind3exwph2t,,,,,,,3CCF9573F59137E52787D9C322AC19D2BD090B70,2020-10-09 06:04:57.030000,
tmbiz26rpasx2m2c,failed,not_found,410,C0F508ADA14AE7EA9F8F6650AF149B8DFC35B598,4561FC085C3F3A7271FE960317F02DCD1E9C1188,1B90395827F7499A37C73F09BC5AA0225808F6FC,580534A3F0676CA97BD48A3630106A10B904900E,2020-10-09 06:04:43.346000,2020-10-09 06:04:48.378000
tmbiz26rpasx2m2c,failed,not_found,535,C0F508ADA14AE7EA9F8F6650AF149B8DFC35B598,81EF64BD967EB7D8BB3E868BEB077698D644FE81,0C93559D6D7E95B41561424345B0B176FBE66F00,57F1B5F9ADF8E0B089246E27626A52F30DC310F8,2020-10-09 06:04:48.379000,2020-10-09 06:04:55.199000
tmbiz26rpasx2m2c,failed,not_found,681,C0F508ADA14AE7EA9F8F6650AF149B8DFC35B598,F3CEC87ED91E0B0B1D86BE4D7DE90F00B607ECAF,863D7DD65F64F06934A8CFB228653E38A061FDCD,580D385842804C8AE068AB028898BBB6F74B1544,2020-10-09 06:04:55.200000,2020-10-09 06:05:11.441000
tmbiz26rpasx2m2c,,,,,,,8FAB1ADF9BE2D0E821AF92B8215F692CD715FD73,2020-10-09 06:05:11.441000,
d7ep7yn3nonjhohs,failed,not_found,411,C0F508ADA14AE7EA9F8F6650AF149B8DFC35B598,EFCCA5852D18207A7A93C13EF3460458CAAEA9D9,05FEA2DB1FD29DE229B589DFEF5E80A5C6C7EE9E,9ECFD67230D09E5E8F3431BDC4FD8E52428AFC09,2020-10-09 06:04:43.369000,2020-10-09 06:04:47.828000
d7ep7yn3nonjhohs,failed,not_found,556,C0F508ADA14AE7EA9F8F6650AF149B8DFC35B598,5856DB884578915E7C7A0B7B11E4145B1D2A4E2B,B204DE75B37064EF6A4C6BAF955C5724578D0B32,9EEAA02E338CDF5919F983F3245AA95A790B9B6C,2020-10-09 06:04:47.828000,2020-10-09 06:04:56.343000
d7ep7yn3nonjhohs,failed,not_found,770,C0F508ADA14AE7EA9F8F6650AF149B8DFC35B598,58A9921DD0A1389356634625C5B14ACC1194A95C,1F768F39EDFA445C14E18E915B0CED7E14E450CF,1BBD716B4973D96E570D334A5776978BFF7E0E5D,2020-10-09 06:04:56.343000,2020-10-09 06:05:18.861000
d7ep7yn3nonjhohs,,,,,,,9ECEC047BA0596C51EDD098616C8A86697A12824,2020-10-09 06:05:18.861000,
rgcfcmdzjrzn5xig,failed,not_found,433,C0F508ADA14AE7EA9F8F6650AF149B8DFC35B598,BC206665803DB7C730C25A1316889A4D7E7BFF03,0AD3B16ADF3EED3E5962FA944CD501352E790814,54F5D800DD9783FCF2200E80EF3D1A867A3F6D6B,2020-10-09 06:04:44.362000,2020-10-09 06:04:48.709000
rgcfcmdzjrzn5xig,failed,not_found,608,C0F508ADA14AE7EA9F8F6650AF149B8DFC35B598,506763994792208999529D03C016774C814386A8,41A3C16269C7B63DB6EB741DBDDB4E1F586B1592,550F8C238D36F6117F319817CC3BF16D23FC8555,2020-10-09 06:04:48.710000,2020-10-09 06:05:00.154000
rgcfcmdzjrzn5xig,,,,,,,54FF87E18CF4B351BB078A640A4DC5265969485E,2020-10-09 06:05:00.154000,
bkylmvcas3hmmxiz,failed,not_found,378,C0F508ADA14AE7EA9F8F6650AF149B8DFC35B598,A3C0C4B34CDBCE03A85CDA06E9EE2F7E165551DB,395D293263E9DEEC1874503D45B8543DABACC694,66905A83A4858A4DD075AEA0514377A9F59E110D,2020-10-09 06:04:44.378000,2020-10-09 06:04:53.228000
bkylmvcas3hmmxiz,failed,not_found,665,C0F508ADA14AE7EA9F8F6650AF149B8DFC35B598,63DE422C88DF677F50C2E20EF709E2465BF743A7,FF8F56B5E1A36341F84FF72927CEB3F0AC6BC6A9,20462CBA5DA4C2D963567D17D0B7249718114A68,2020-10-09 06:04:53.228000,2020-10-09 06:05:11.060000
bkylmvcas3hmmxiz,,,,,,,2047683DDDA5642AB4FC93414CA4407FE1003813,2020-10-09 06:05:11.060000,
xhi4d6wdqykx6n24,failed,not_found,435,C0F508ADA14AE7EA9F8F6650AF149B8DFC35B598,1E1A7C9134637383BE653C41973995A229D81595,D6C75D06698F08DBE77B56ECBD5216805B82068F,A597AC866E40CAB5A67759ADE4942192E99DE684,2020-10-09 06:04:44.406000,2020-10-09 06:04:48.632000
xhi4d6wdqykx6n24,failed,not_found,545,C0F508ADA14AE7EA9F8F6650AF149B8DFC35B598,225A8EA367DF3073433E0A845DDDA26D2357E4C6,04E3B5925EB5F66C6EC810A3D7702E0CA3F9D5E7,E75166CEDB8397B86DE512B9B79B8CA7225ECB52,2020-10-09 06:04:48.632000,2020-10-09 06:04:56.091000
xhi4d6wdqykx6n24,failed,not_found,747,C0F508ADA14AE7EA9F8F6650AF149B8DFC35B598,065E6B20BF87AE6F0E27063BB8AE002ECC3736E9,A2F7674E837C4131D70A840262AFC269801F14BA,E747773C61CF671A222EB913DE17DA33074A6D76,2020-10-09 06:04:56.092000,2020-10-09 06:05:15.565000
xhi4d6wdqykx6n24,,,,,,,E6FAC9A7F33EE66F03C55C119770B2D45D3C576B,2020-10-09 06:05:15.565000,
e6go5v3nkjdcfhwl,failed,not_found,438,C0F508ADA14AE7EA9F8F6650AF149B8DFC35B598,928382AC862513334547CA3E5DA23ADBD59C7171,FB691D6E3FEE35C6979EE72AF03A53DD861B4CBB,6287129CB9EC475E816A0D283FE4E45D632A4A4B,2020-10-09 06:04:44.407000,2020-10-09 06:04:49.630000
e6go5v3nkjdcfhwl,failed,not_found,615,C0F508ADA14AE7EA9F8F6650AF149B8DFC35B598,F815D2A720C97F6E1BCA4C9A36C64CAD4DC2FAEA,2269C9905B04530E251186FAD6F56033654E5C99,8BE79CE3261C027CE94F84D6CBE45F03BE9B8B59,2020-10-09 06:04:49.630000,2020-10-09 06:05:01.076000
e6go5v3nkjdcfhwl,,,,,,,6290A2D08E5EB89C809223C5C7BF52597690751D,2020-10-09 06:05:01.076000,
rsqqedn45bkc434h,failed,not_found,439,C0F508ADA14AE7EA9F8F6650AF149B8DFC35B598,3BAACE149DB31574B327BF835B594B707D12CD58,FD449127D30D8F5D124653D9EF736EDF4A12B4DC,993845A39881E6A1C4DD6C9A73F45541DB1092AE,2020-10-09 06:04:44.408000,2020-10-09 06:04:49.310000
rsqqedn45bkc434h,failed,not_found,567,C0F508ADA14AE7EA9F8F6650AF149B8DFC35B598,D9B91878B46BB80E6D752E876BF9D481EFEAC5BF,3A27CC4147062E4EFDF46F848FEA7FF032A04E5F,99339F3E68BCCC1391BF14C821D80766FE0C5956,2020-10-09 06:04:49.310000,2020-10-09 06:04:57.198000
rsqqedn45bkc434h,,,,,,,4A46D7A400F7F3C94685F5D3A69068CC1C25847A,2020-10-09 06:04:57.198000,
mdqmh34kivpde4aj,failed,not_found,440,C0F508ADA14AE7EA9F8F6650AF149B8DFC35B598,DEA84F08432800346BADB35F1EAC1B2A4D5B165D,9A030322563FCF3B019FEFEE83F48AED1571B2A2,3AFDAAD91A15B4C6A7686A53AA8627CA871FF491,2020-10-09 06:04:44.420000,2020-10-09 06:04:50.210000
mdqmh34kivpde4aj,failed,not_found,593,C0F508ADA14AE7EA9F8F6650AF149B8DFC35B598,2D9471C48568C849B26CE9D05D1D182BAEEA1944,391D289DFAFB673B362646A51973447EB706DFC4,3AF69B3ECCB000879CA1BCD0B36B619DBF712291,2020-10-09 06:04:50.210000,2020-10-09 06:04:59.507000
mdqmh34kivpde4aj,,,,,,,3AE9B85D5945000C2A65F4E054171928D5BDE91E,2020-10-09 06:04:59.508000,
rqy3ixz4w6r65uic,failed,not_found,461,C0F508ADA14AE7EA9F8F6650AF149B8DFC35B598,425835370C1FBE178C21CB53C76672F12BDE091A,EE010EF80A27AC0B02CDC2B8B214A6201BB02D2B,D426B3F7FF144AAE24AECD72ED96820DDB338055,2020-10-09 06:04:45.359000,2020-10-09 06:04:50.701000
rqy3ixz4w6r65uic,failed,not_found,622,C0F508ADA14AE7EA9F8F6650AF149B8DFC35B598,4D568479B37A688769F410E9A914909E8CC2A5B8,1ABD48412F145A93C70DF664A2A31A18401ED66B,D439FC3B5F0A81796F4622320197A90032CAE4DB,2020-10-09 06:04:50.701000,2020-10-09 06:05:03.313000
rqy3ixz4w6r65uic,,,,,,,D43EF31799FDCE5A235D1E76F4324C00F6804B05,2020-10-09 06:05:03.313000,
x3sfgpl6ybcyyvhv,failed,not_found,462,C0F508ADA14AE7EA9F8F6650AF149B8DFC35B598,50C7B836942F14BDF1541B017CF21FD03F354E13,79B207AD51842FA215D956B9307B3D01CD347368,47B22D6B46447B533E962966B9559E249B6F915C,2020-10-09 06:04:45.389000,2020-10-09 06:04:50.123000
x3sfgpl6ybcyyvhv,failed,not_found,618,C0F508ADA14AE7EA9F8F6650AF149B8DFC35B598,7D51EED86BF0E28264803613A0F09EC1EEA4714C,672A56A583C658372E63ACEB43E7F791C2819548,41CEB66108B70108F148BF7778260A87723AACA1,2020-10-09 06:04:50.124000,2020-10-09 06:05:02.366000
x3sfgpl6ybcyyvhv,,,,,,,41D2F6D866E7638138CF9F282A280F96BD020D25,2020-10-09 06:05:02.366000,
a5jyuhso2hi5ec7c,failed,not_found,463,C0F508ADA14AE7EA9F8F6650AF149B8DFC35B598,D5C33F3E203728EDF8361EA868B2939CCC43FAFB,6DFEB41C04CCE846871338E85DD5ACF5CFB6C1DD,158581827034DEF1BAB1FC248D180165452E53D3,2020-10-09 06:04:45.390000,2020-10-09 06:04:51.374000
a5jyuhso2hi5ec7c,failed,not_found,658,C0F508ADA14AE7EA9F8F6650AF149B8DFC35B598,F8DE8132E599A194E20DDB738AF64A7200CD5949,E81993EA52B73285CFFD02FEC003569D21483001,605EE4375EE4C38215C8949F5808863749FD4F4A,2020-10-09 06:04:51.374000,2020-10-09 06:05:02.494000
a5jyuhso2hi5ec7c,,,,,,,157CED138D3DE9CBFB5AE0232A319C2980F6C409,2020-10-09 06:05:02.494000,
zw5eouv2zwpcuwcr,failed,not_found,464,C0F508ADA14AE7EA9F8F6650AF149B8DFC35B598,FF9FC6D130FA26AE3AE8B23688691DC419F0F22E,16DB78459B845F4E728405EB694E32929E2B318A,7C2B1A1FB525D32EEE5093C8E90AE916E7EECAB0,2020-10-09 06:04:45.420000,2020-10-09 06:04:50.939000
zw5eouv2zwpcuwcr,failed,not_found,624,C0F508ADA14AE7EA9F8F6650AF149B8DFC35B598,890480E14E634C8B4467C475E355A6FBF3D99CD5,42B4F52C5B11E4D39855F654955425B0D5A0598B,8EB53B7C8D8E2FF830DA324A05BE8CE954BABC55,2020-10-09 06:04:50.940000,2020-10-09 06:05:01.796000
zw5eouv2zwpcuwcr,,,,,,,8EA58F28DCA60F56C6F2131BDFE9BF5FAF2233CE,2020-10-09 06:05:01.796000,
7abgq4fv52pxe27c,failed,not_found,449,C0F508ADA14AE7EA9F8F6650AF149B8DFC35B598,D8DF9660261B158A9DF6C3D7D63DD92B0FD5B9F7,BE9B12FAAB7429842D643E2308390ECD8961E0A1,7F04E089C6BED83E04FB2AE196BDE34B808094F5,2020-10-09 06:04:45.421000,2020-10-09 06:04:49.734000
7abgq4fv52pxe27c,failed,not_found,612,C0F508ADA14AE7EA9F8F6650AF149B8DFC35B598,E459E02374D0385D2E2515CBBE707EA208966BCF,20E0DD3AD266195F4620E8334B4CF7F51A3F210D,55D490E9E440DD4458F16ABCDD79F48396D55EA9,2020-10-09 06:04:49.734000,2020-10-09 06:05:00.206000
7abgq4fv52pxe27c,,,,,,,562434D987CF49D45649B76ADCA993BEA8F78471,2020-10-09 06:05:00.207000,
cbyketmhd6xrlitc,failed,not_found,467,C0F508ADA14AE7EA9F8F6650AF149B8DFC35B598,C013F6A7A2297FA4CD00D05EF4A1C5222B844B25,386161B667D9EA6D86EEDDD397405F448F8D530E,B0DA07C71D8E5066C2C391EA963260B4F584D84C,2020-10-09 06:04:45.436000,2020-10-09 06:04:51.142000
cbyketmhd6xrlitc,failed,not_found,627,C0F508ADA14AE7EA9F8F6650AF149B8DFC35B598,09A70E396DE93F54D4541BBB0EC8E2B23761F34F,B3D56C1E0AD84BA93AF6DC533A8569C3D0E8A58B,B1041423779CDBE805CACBD8E72EFA37AA47BBAD,2020-10-09 06:04:51.143000,2020-10-09 06:05:02.989000
cbyketmhd6xrlitc,,,,,,,B0DD527BE01842D46030265FBD9928217A709F28,2020-10-09 06:05:02.990000,
uk6exf6e5t5qmwuw,failed,not_found,479,C0F508ADA14AE7EA9F8F6650AF149B8DFC35B598,F83A64E0FA85BC224807919772FE14E1BA07CEF5,BA856D21B1A22CAE677A712DA4C9F0852D799DF8,80F89CB42A1257A6145C1B1D6463C795CB99A6A4,2020-10-09 06:04:46.334000,2020-10-09 06:04:51.466000
uk6exf6e5t5qmwuw,failed,not_found,636,C0F508ADA14AE7EA9F8F6650AF149B8DFC35B598,7E0839E88526BB0511C84FEA7015B43F4476C845,33B36B7CD097F0BE1EE51E739DDA8F1B2E80B0F2,6AC9235F43975B26E57568B811F663491A9E2891,2020-10-09 06:04:51.466000,2020-10-09 06:05:03.041000
uk6exf6e5t5qmwuw,,,,,,,80DF1465F2F27AA933DDB3A8F8A2AE06D3D859DA,2020-10-09 06:05:03.041000,
k4wx44o2d7ryrngj,failed,not_found,483,C0F508ADA14AE7EA9F8F6650AF149B8DFC35B598,6315278A91710062D90B288199EFA06E4AAA9E8F,7737A40305131AD8B5E60CFB9126E4BBE1ED7F76,75A931404453030821C547A4FAA9094A06C48C7A,2020-10-09 06:04:46.391000,2020-10-09 06:04:51.531000
k4wx44o2d7ryrngj,failed,not_found,640,C0F508ADA14AE7EA9F8F6650AF149B8DFC35B598,4856C97DC4F2271BC896DF9CABD217EE2D869D68,856B7EFB7E09D02A29DD2FF024B7E1EFE21FE9EB,75CF0F66FE18C3116AAB7B678899151DB762B795,2020-10-09 06:04:51.531000,2020-10-09 06:05:03.976000
k4wx44o2d7ryrngj,,,,,,,49CA9262801E9DC9B414A143A58A68255149367A,2020-10-09 06:05:03.976000,
rynluvx6lkbs2nqu,failed,not_found,502,C0F508ADA14AE7EA9F8F6650AF149B8DFC35B598,E3D72E974DE4C6EFA37656377BA7A4BFE9CF22B7,510176C07005D47B23E6796F02C93241A29AA0E9,166985A84230B5F9A78C970736AE944B413930D7,2020-10-09 06:04:46.393000,2020-10-09 06:04:53.656000
rynluvx6lkbs2nqu,failed,not_found,674,C0F508ADA14AE7EA9F8F6650AF149B8DFC35B598,391D289DFAFB673B362646A51973447EB706DFC4,761A60D0364D9AA03114F72550483287ED060B2D,348439F4A3D959E6D1481070DA81A135343419CB,2020-10-09 06:04:53.656000,2020-10-09 06:05:09.697000
rynluvx6lkbs2nqu,,,,,,,345E03CEFB7BF04613FCA14532F38D1BB9EDBD47,2020-10-09 06:05:09.698000,
vmfv27kwfuo4gq3u,failed,not_found,488,C0F508ADA14AE7EA9F8F6650AF149B8DFC35B598,5368AB8D9033A357729D3578617A6493AB5DA3A8,7961C9991F022C8A363FD440CA395D47DB5D44D5,B6320E44A230302C7BF9319E67597A9B87882241,2020-10-09 06:04:46.447000,2020-10-09 06:04:52.880000
vmfv27kwfuo4gq3u,failed,not_found,654,C0F508ADA14AE7EA9F8F6650AF149B8DFC35B598,0F6E5CA4BF5565D9AA9FDDCA165AFC6A5305763D,E7EF73B4722CFAF0E8AA2151D3AA78701DE5F19B,FF21B755C60C998E25EDC5864F709C2ED5C38F9D,2020-10-09 06:04:52.880000,2020-10-09 06:05:08.947000
vmfv27kwfuo4gq3u,,,,,,,FF3059E77E5D22F1C3B20CCBE125691AD27588DD,2020-10-09 06:05:08.948000,
q2cb44t5wahff5r2,failed,not_found,489,C0F508ADA14AE7EA9F8F6650AF149B8DFC35B598,6D6EC2A2E2ED8BFF2D4834F8D669D82FC2A9FA8D,E3D72E974DE4C6EFA37656377BA7A4BFE9CF22B7,2AB6F7D59DF6153F4DB1DB6479C3422F5724C4BA,2020-10-09 06:04:46.449000,2020-10-09 06:04:51.860000
q2cb44t5wahff5r2,failed,not_found,641,C0F508ADA14AE7EA9F8F6650AF149B8DFC35B598,59CF9A030CC61A4432564738F46E30DB06893494,CA95B3584C44DED8107AF5B3D8C25C562CC64DD4,2AA5F598F9A1812F01CD99E3B59BB87362ED7438,2020-10-09 06:04:51.860000,2020-10-09 06:05:03.921000
q2cb44t5wahff5r2,,,,,,,B890CB3C5A05ED29625F872A1EE462788C7DFACB,2020-10-09 06:05:03.922000,
3uuccgy3ub3cycin,failed,not_found,626,C0F508ADA14AE7EA9F8F6650AF149B8DFC35B598,B2D03CDF45EB4D74A65FAC4F00EBA785C9663A5F,B1080EA61CAF5763139E7B596F37FE9830311C8F,B161E036AD43D7F8D22BA18FB612200E6A6138A0,2020-10-09 06:04:46.485000,2020-10-09 06:04:51.976000
3uuccgy3ub3cycin,failed,not_found,655,C0F508ADA14AE7EA9F8F6650AF149B8DFC35B598,37BB3233098BF9B9095C27834E65A2E17FF807F8,D6BC16A4ACACA87B81AE00BC28F8AF2DB95E74F7,B15C0071EAF508AAEE29DB9D07607C84AA2DDEB3,2020-10-09 06:04:51.976000,2020-10-09 06:05:06.433000
3uuccgy3ub3cycin,,,,,,,DA4B488C2826DFBBD04D635DA1E71A2BA5B20747,2020-10-09 06:05:06.433000,
wpzoegdaqq3rxfyb,failed,not_found,515,C0F508ADA14AE7EA9F8F6650AF149B8DFC35B598,E5CC91BAFE7CCD68003E873D32E38027638D49D7,68ED229545B43091366714D65F475A4238402964,B340E3BA587E36462D8DE44DAE0F7CAB6748F064,2020-10-09 06:04:47.457000,2020-10-09 06:04:54.063000
wpzoegdaqq3rxfyb,failed,not_found,684,C0F508ADA14AE7EA9F8F6650AF149B8DFC35B598,1EDE608C5E190C8682A2F827664E758416104670,584C0B77BDB81DE767DA5BE396DA09C162F32223,B1AE47B97B6952B3B8B2CD19B57183CF5C801348,2020-10-09 06:04:54.064000,2020-10-09 06:05:13.238000
wpzoegdaqq3rxfyb,,,,,,,B33BFA9AA0005730C1C0E8F7E6F53CF3C5716BD6,2020-10-09 06:05:13.238000,
jao3ouq7nqn2kxpp,failed,not_found,519,C0F508ADA14AE7EA9F8F6650AF149B8DFC35B598,2CF227C88CD37461CC2233E10083ED8A21D49CDC,C6B32B0DFA81344973265E08D3C352B5C16AAEAA,C85B7E5F3D06AB55AB0465E5CF66E777B1375DE5,2020-10-09 06:04:47.457000,2020-10-09 06:04:54.757000
jao3ouq7nqn2kxpp,failed,not_found,743,C0F508ADA14AE7EA9F8F6650AF149B8DFC35B598,00B57BF614F7ED3051073B5D4526FF0B23AF217B,395D293263E9DEEC1874503D45B8543DABACC694,C841357CFA0F2CE96692EF21D515D6BF0B017036,2020-10-09 06:04:54.757000,2020-10-09 06:05:15.828000
jao3ouq7nqn2kxpp,,,,,,,EA4584960E5C815A383B91BD9C03FB489FE686EF,2020-10-09 06:05:15.828000,
qw3le5wcgibzsvim,failed,not_found,520,C0F508ADA14AE7EA9F8F6650AF149B8DFC35B598,991230C64E0137356F5EF72909DC42782C6B15CC,8EB722FA1AE9DDE1914BC21FEA22819D4DE99DB4,4F0B38202E72575DB4D653B2C6493C92597A1A1B,2020-10-09 06:04:47.510000,2020-10-09 06:04:54.843000
qw3le5wcgibzsvim,failed,not_found,778,C0F508ADA14AE7EA9F8F6650AF149B8DFC35B598,A3AFBDEE30238E44899C9F8B7666D12B09C8EE32,DC40A59D4D744F2C3C7A655EC6BF3A59AFA1C66C,8049F8C058587A66246E8A93A56957CE29165F72,2020-10-09 06:04:54.844000,2020-10-09 06:05:20.097000
qw3le5wcgibzsvim,,,,,,,802D2B1B87E3561D971AFD9619CB8F0C257DDDD3,2020-10-09 06:05:20.097000,
nvipiuuts4i2qraj,failed,not_found,501,C0F508ADA14AE7EA9F8F6650AF149B8DFC35B598,4CD4DFFEF3971C902A22100D911CAC639BE2EF5C,158581827034DEF1BAB1FC248D180165452E53D3,60685893A57D66562A0754BEE3B6A6E68082C8BE,2020-10-09 06:04:47.510000,2020-10-09 06:04:52.955000
nvipiuuts4i2qraj,failed,not_found,630,C0F508ADA14AE7EA9F8F6650AF149B8DFC35B598,96F72FEAA66AE98AD993829E7F3C970F395BE622,103336165A0D2EFCAD3605339843A0A7710B8B92,605EE4375EE4C38215C8949F5808863749FD4F4A,2020-10-09 06:04:52.955000,2020-10-09 06:05:06.955000
nvipiuuts4i2qraj,,,,,,,60769652C04712912E6E21CED1F08DC797789A75,2020-10-09 06:05:06.955000,
nksfvwatmkkyinqa,failed,not_found,521,C0F508ADA14AE7EA9F8F6650AF149B8DFC35B598,E5CC91BAFE7CCD68003E873D32E38027638D49D7,4CE6D83FFA8AD24767007E8C972F371F2468F09A,6D0D610D63D33584308CA672484DA699FF26A2A3,2020-10-09 06:04:47.561000,2020-10-09 06:04:53.989000
nksfvwatmkkyinqa,,,,,,,6CFC47B46E42A9D76D47B911FB719E65308014EE,2020-10-09 06:04:53.989000,
hzutprdndvgj4t23,failed,not_found,522,C0F508ADA14AE7EA9F8F6650AF149B8DFC35B598,69B53A5AE5025DA8947F7C32F69CA90375ED2A4E,955D5C5040EBBA9D3293B11B159DF52DD97ECB73,814B549F6397288BDF6A1FA3DB6299066714AFF6,2020-10-09 06:04:47.562000,2020-10-09 06:04:54.135000
hzutprdndvgj4t23,failed,not_found,690,C0F508ADA14AE7EA9F8F6650AF149B8DFC35B598,E6C04728E9339DF22F331B7017D4A7AA3F252F0B,27D668BFB3839D8C6E36193FFC3DF4DD6D79B513,8168C5DED2879DCAF91F686683EA00612F422FDC,2020-10-09 06:04:54.135000,2020-10-09 06:05:12.175000
hzutprdndvgj4t23,,,,,,,973607526BE9C8FDA03EBBAF527D67AE6FFD65DD,2020-10-09 06:05:12.175000,
rhmrzz5pflkhrnv5,failed,not_found,533,C0F508ADA14AE7EA9F8F6650AF149B8DFC35B598,2B672822F131357C0CCD8C6037F9651EF976F941,022A5535F42B1A9F9AA755C4EAB5F36FEF9781D8,9A7417BA401B8C7EFDE24945E18145A1EDA730E7,2020-10-09 06:04:48.299000,2020-10-09 06:04:54.757000
rhmrzz5pflkhrnv5,failed,not_found,710,C0F508ADA14AE7EA9F8F6650AF149B8DFC35B598,6B9EA8927AB6E94E216067E65372182343A5AFA2,14D57DEDF0A4554A2D21AD53CCCC43E31158C733,E2BAAFECE5C3D3B4FFE6173B3097948E0F730623,2020-10-09 06:04:54.757000,2020-10-09 06:05:13.440000
rhmrzz5pflkhrnv5,,,,,,,E2B9BA96723C59E65AE07E82B74C7A31AF874225,2020-10-09 06:05:13.443000,
omgg5hj7wpoakuga,failed,not_found,518,C0F508ADA14AE7EA9F8F6650AF149B8DFC35B598,D05F41CB78A00311D8EC4ABB4E951582E8298D0C,71D15B4A7DD9FB70B0E1439F7D350B8FACCFC306,D17446B2498844368284A0C30DFAC515DDEBAB8C,2020-10-09 06:04:48.351000,2020-10-09 06:04:53.988000
omgg5hj7wpoakuga,failed,not_found,763,C0F508ADA14AE7EA9F8F6650AF149B8DFC35B598,79E3B585803DE805CCBC00C1EF36B1E74372861D,40A60D1F1E8AFBED22FCB30B3FBE2E275A14CF99,D195E5CE8AE77BAC91673E6CFB7BD0AF57281646,2020-10-09 06:04:53.988000,2020-10-09 06:05:19.773000
omgg5hj7wpoakuga,,,,,,,D1AE7E838DF635EB1367F202B84946D73142CDAD,2020-10-09 06:05:19.774000,
7smxgntqt4tx7m2d,failed,not_found,562,C0F508ADA14AE7EA9F8F6650AF149B8DFC35B598,AC6EB3329568ACBC9BD1CACE8668416AFAA6E8C3,50E43E33EBAB7EB9EAB6B352F3685229DAB25A84,2AB9FFCC6618FBBC973C457FC6BE5E8620A60FDC,2020-10-09 06:04:48.353000,2020-10-09 06:04:57.078000
7smxgntqt4tx7m2d,,,,,,,2ABA1345FC9975152372F42D06A1A7DCC870C2F5,2020-10-09 06:04:57.078000,
mzhynlq6ypyuthqj,failed,not_found,538,C0F508ADA14AE7EA9F8F6650AF149B8DFC35B598,3D6C776E8BE9E8AE5D0591594117999E3C5498C8,6B13A4EC169E4FB0F3141E1AE4307966569FA47C,58B44B5591A96EC08114B041CC6B1BB1521DF2BE,2020-10-09 06:04:48.379000,2020-10-09 06:04:55.694000
mzhynlq6ypyuthqj,failed,not_found,779,C0F508ADA14AE7EA9F8F6650AF149B8DFC35B598,FD449127D30D8F5D124653D9EF736EDF4A12B4DC,38E48C9509E18F405749859EEF299EBC1B829602,58A7199712C0E52B3C5F2F8E8B27B5A62BE58BC8,2020-10-09 06:04:55.694000,2020-10-09 06:05:19.373000
mzhynlq6ypyuthqj,,,,,,,7B7BE656C316EED555CE9CF68D44CB5014767881,2020-10-09 06:05:19.373000,
7y45jyxjb2gejdlb,failed,not_found,604,C0F508ADA14AE7EA9F8F6650AF149B8DFC35B598,3A4F8A201036D3F57A0453CA440E20793775EDB9,856DAB2FDC9EED88A27BE2265FA6BD5489EF178E,1B8188170F0AD7998A7D04BD5CE9F6128B032C8E,2020-10-09 06:04:48.438000,2020-10-09 06:05:00.346000
7y45jyxjb2gejdlb,,,,,,,F3F3F4900B87CF4A6B4A7F9402502FC457B7B1FC,2020-10-09 06:05:00.346000,
hvt5yynt5os5tu77,failed,not_found,757,C0F508ADA14AE7EA9F8F6650AF149B8DFC35B598,46EC7BB31BFEC251B89E0C0715DEC4AA8208A1BA,ACBBB426CE1D0641A590BF1FC1CF05416FC0FF6F,E5A3F4D29B0E3AC5DD93D9921FE203702F558BD0,2020-10-09 06:04:48.438000,2020-10-09 06:05:20.411000
hvt5yynt5os5tu77,,,,,,,E5A3CA10182C35F691BCF678F193D10F4B0F972F,2020-10-09 06:05:20.412000,
6suukuhelefz3fbc,failed,not_found,568,C0F508ADA14AE7EA9F8F6650AF149B8DFC35B598,CBDB4CD72EA808119D3723F7CDA44AEAD683FCDA,8E0526EEB84057C88897A5B5FEB8199425C0C2EF,2B5ED281A399E1FC1C7C0964F349B12A175DDE07,2020-10-09 06:04:49.420000,2020-10-09 06:04:57.263000
6suukuhelefz3fbc,failed,not_found,816,C0F508ADA14AE7EA9F8F6650AF149B8DFC35B598,CF6A6080091BB210AA3892FEFE2F6A396DA08DF3,9B2BC7EFD661072AFADC533BE8DCF1C19D8C2DCC,2B6919B02B37EA5EA567606709D27B5212F24D09,2020-10-09 06:04:57.264000,2020-10-09 06:05:24.472000
6suukuhelefz3fbc,,,,,,,565844893E1D9A4945400BA0E122CAA7181BC9B3,2020-10-09 06:05:24.472000,
v7a5dnhrbr4idkte,failed,not_found,597,C0F508ADA14AE7EA9F8F6650AF149B8DFC35B598,77A56CB237740E24AEA2D61C8C8936232AFC1BD8,CFD34B1E1C4FE1363C39169D65389CF3856810B1,AF57275D067ACF1EADE51E32860C8E569190BB24,2020-10-09 06:04:49.523000,2020-10-09 06:04:59.801000
v7a5dnhrbr4idkte,,,,,,,790FABD5184E98F89908404233364C940A4881EC,2020-10-09 06:04:59.801000,
5cj2a5w7dovvw67r,failed,not_found,598,C0F508ADA14AE7EA9F8F6650AF149B8DFC35B598,8E7ACAD878BBD61097C0E0D557160F5D59BCE5CA,1C8B3C3D8BC705883B7799C915B2FE1E0FEB006F,285B3195256DEA66C7F58C0596B17D923788056C,2020-10-09 06:04:49.524000,2020-10-09 06:04:58.821000
5cj2a5w7dovvw67r,,,,,,,287E1041DFC3A03E1650A61ADF580EA1C6BF3649,2020-10-09 06:04:58.821000,
hihkddvznycd2hxm,failed,not_found,609,C0F508ADA14AE7EA9F8F6650AF149B8DFC35B598,B04322CA1A173C40602D87597412FB40A3BE2953,0C6D3655763B1A3A60FC42135CD60765AFE953BA,B5CCA5A4521F60DDB596C1A6404D8DEECDD85BFB,2020-10-09 06:04:49.559000,2020-10-09 06:04:59.262000
hihkddvznycd2hxm,,,,,,,B5C6F712D656C9390056AA9BA7020C87EEE9FA30,2020-10-09 06:04:59.263000,
3smdd4xmdfg5cekl,failed,not_found,610,C0F508ADA14AE7EA9F8F6650AF149B8DFC35B598,A6504F1A9FAF6B614407E479E46227FA0D1224EF,B73D1E98BE6689A1DDBFE4232C769FCD1B9E0B32,D7E1B4F504FC22027FA06BA5F1F0F59C24FA2912,2020-10-09 06:04:49.559000,2020-10-09 06:05:03.577000
3smdd4xmdfg5cekl,,,,,,,B143D439B72D239A419F8DCE07B8A8EB1B486FA7,2020-10-09 06:05:03.577000,
g54n5ayh3gzwotf4,failed,not_found,611,C0F508ADA14AE7EA9F8F6650AF149B8DFC35B598,00EAAFDC05DCD6EBD1E06E0B4F1F35D16DF0BA80,0122A605B7C170D6086143448273D9A9844B69E2,2C0F24636290688AE7C95D50E31FDFDB3CA6EB99,2020-10-09 06:04:49.559000,2020-10-09 06:04:59.948000
g54n5ayh3gzwotf4,,,,,,,7992F172EDBE69B99F0190651BAC14DD0FD9E5C8,2020-10-09 06:04:59.948000,
3de4q2ulq2fqro33,failed,not_found,599,C0F508ADA14AE7EA9F8F6650AF149B8DFC35B598,4FE1CAC1563D79D92D4107FAC0C6DB96435CCA9E,7ED3D8AFAC750F8CC0BDF8C87FE3BCBA2BBE2209,CA94704217260E7483DA88719CACD7A94C564D5C,2020-10-09 06:04:50.304000,2020-10-09 06:04:59.030000
3de4q2ulq2fqro33,,,,,,,97B7BA747B62A9962DEDCE404FF33106D4032F91,2020-10-09 06:04:59.030000,
brehiwqcbagqjxdr,failed,not_found,600,C0F508ADA14AE7EA9F8F6650AF149B8DFC35B598,D87698D8E2276C7E93D531B7C2A1B27D58C71876,67CDF7A4D06E98E55AAE595BBEBF38E64C4CCBF3,42EECE234646FB6CA84552BE7C915867E2ACDAC1,2020-10-09 06:04:50.331000,2020-10-09 06:04:59.138000
brehiwqcbagqjxdr,,,,,,,42EFF3531952A7AF86F67B6749F0D8C7E5EB2B70,2020-10-09 06:04:59.138000,
pt35yhw7tav7r24j,failed,not_found,602,C0F508ADA14AE7EA9F8F6650AF149B8DFC35B598,BF7BFCB3096FC81FBD0B7ADA66164431EC7FD117,13501C166ED9DD60C15B323C785263CB3074E684,195712E96FD1C1B18D14D09E9E4E7A6416E23B2C,2020-10-09 06:04:50.423000,2020-10-09 06:05:00.302000
pt35yhw7tav7r24j,,,,,,,198F12E2DEFBE6BEEBC38B2FEDD615AECB38DA7A,2020-10-09 06:05:00.302000,
wgw73xwsptxwqrhh,failed,not_found,605,C0F508ADA14AE7EA9F8F6650AF149B8DFC35B598,FDB1A2D8730E8FB9467EDBE3461ECCC00BB1910E,35DBE43445BB44D817084200BA05E8A0573EDFD4,0A4ED4C74020740A904F3A9936030B7A4C6170BB,2020-10-09 06:04:50.508000,2020-10-09 06:05:00.964000
wgw73xwsptxwqrhh,,,,,,,0A58B05D403A2663EB56124F8C7AAB0CABFAA115,2020-10-09 06:05:00.964000,
zv2d4zuti2rtia7y,failed,not_found,619,C0F508ADA14AE7EA9F8F6650AF149B8DFC35B598,A4F11D693FAB6E949B2B7C18153C3F7989896007,40CDE936B04B4573A47223396006443CA5EAC845,35DA04A92634AF2392CBA6AF158E00B5589A1CFA,2020-10-09 06:04:50.508000,2020-10-09 06:05:01.344000
zv2d4zuti2rtia7y,,,,,,,937F201D2797314953F268D252F5C98D3FA9F71E,2020-10-09 06:05:01.345000,
hpwysguufomexwq6,failed,not_found,620,C0F508ADA14AE7EA9F8F6650AF149B8DFC35B598,B524F94EFF164D47904BCCBDD06D65FEC843F96B,9F29D0DD4AEB62E742BDAEEF2DFD3BDD76953403,60A5547B2203DD2E148EF9BDD6FF3891081C5DF4,2020-10-09 06:04:50.615000,2020-10-09 06:05:01.624000
hpwysguufomexwq6,,,,,,,E3A491D490DC1C3832D7F68615EEB4508C857D8B,2020-10-09 06:05:01.625000,
tfvpqhhg5jovj4jh,failed,not_found,632,C0F508ADA14AE7EA9F8F6650AF149B8DFC35B598,8685144AB7D8587718973AD1C3C33F957081B70B,AE95BDA37A5BB4685FEBB7F06649D6CE949B5316,50F6216AD70E26B9FE70808380A1754BDF3DD0E5,2020-10-09 06:04:51.429000,2020-10-09 06:05:04.624000
tfvpqhhg5jovj4jh,,,,,,,AD7C011CE0280249FA05053C1AC8E770E242ADF8,2020-10-09 06:05:04.624000,
bq7ttdy3fdaytavl,failed,not_found,633,C0F508ADA14AE7EA9F8F6650AF149B8DFC35B598,2B672822F131357C0CCD8C6037F9651EF976F941,391D289DFAFB673B362646A51973447EB706DFC4,F7D3EF888541DDE246D36F4E7C8E90F24618910E,2020-10-09 06:04:51.430000,2020-10-09 06:05:02.245000
bq7ttdy3fdaytavl,,,,,,,DE1F613AEF875E5FCD1E471866A8DE4BEC2F1160,2020-10-09 06:05:02.246000,
scxruhv3qqngcouc,failed,not_found,634,C0F508ADA14AE7EA9F8F6650AF149B8DFC35B598,7D9C03F812241DB08ADA96635E727A2EF7879384,6245DC873D6F613C795D48663D65BD8A2266CAF6,BCA35F70CB0E7A583FC6ECB83F755B083E9E2DFB,2020-10-09 06:04:51.430000,2020-10-09 06:05:04.346000
scxruhv3qqngcouc,,,,,,,BC90F64C4A05AE519F12D3D019130D52413CA792,2020-10-09 06:05:04.346000,
f232newfu7gks2ka,failed,not_found,637,C0F508ADA14AE7EA9F8F6650AF149B8DFC35B598,20524B5FE774360FA325CECB2109C42BD00BD8D2,B04322CA1A173C40602D87597412FB40A3BE2953,B6F03C344830AD50DF28EA7848C216801CF9AD8D,2020-10-09 06:04:51.529000,2020-10-09 06:05:04.748000
f232newfu7gks2ka,,,,,,,B7047FBDE9C53C39011CA84E5CB2A8E3543066D0,2020-10-09 06:05:04.748000,
4jqrf3hrrkylgjfl,failed,not_found,638,C0F508ADA14AE7EA9F8F6650AF149B8DFC35B598,66BD39FE805AED414ADE400CAAD862C9CC3AC34E,235D3444236ABC28F412E93814F6B783200D4630,8D1085E818D0473EC693E3B0911FF18741F1F2DF,2020-10-09 06:04:51.530000,2020-10-09 06:05:03.199000
4jqrf3hrrkylgjfl,,,,,,,8D190826302B7785253D652DEB8C8355C6B247AD,2020-10-09 06:05:03.199000,
c7yerqkf623jt3h2,failed,not_found,639,C0F508ADA14AE7EA9F8F6650AF149B8DFC35B598,60AB497573021910A2DE9BAB69573CA57D01395A,AB10D5040BCBBA912FA448B8CF2A653DC8ACDC2C,A9E7B7046087E9BCE2F001AF61568480ED7A45B6,2020-10-09 06:04:51.530000,2020-10-09 06:05:04.748000
c7yerqkf623jt3h2,,,,,,,5E8B49B661BE6BA62C7E38FB6ABDE91519FD61C8,2020-10-09 06:05:04.748000,
y2gypvypwsqkmzpc,failed,not_found,647,C0F508ADA14AE7EA9F8F6650AF149B8DFC35B598,6742B34E735C0DDD67B90920EF28819738B63EC0,04A28A62F27D9C4A60F9ED0C4264E98B988C65A3,9C2232ADECCEC6AE0C457D2ED3AE63425540C596,2020-10-09 06:04:52.564000,2020-10-09 06:05:05.724000
y2gypvypwsqkmzpc,,,,,,,9C1E47FF205F349D69D569AE7ED15366A5554A46,2020-10-09 06:05:05.724000,
xtdydcrff6bi6xb5,failed,not_found,648,C0F508ADA14AE7EA9F8F6650AF149B8DFC35B598,39BAEFE3A22CD8D57B191D86506F7A6A0F4EC2EB,AE1337069C16BD843B6767328919C3349770459D,644DECC5A1879C0FE23DE927DD7049F58BBDF349,2020-10-09 06:04:52.695000,2020-10-09 06:05:05.975000
xtdydcrff6bi6xb5,,,,,,,1DC17C4A52A458B5C8B1E79157F8665696210E10,2020-10-09 06:05:05.976000,
s7sl5qlyyekomnkl,failed,not_found,649,C0F508ADA14AE7EA9F8F6650AF149B8DFC35B598,C7273E54DC970FD18543F521DA883C823BE4AF01,188BE26E437D0B0BDD90E0717558CA686D288BAA,FC82FEA3E8A86785B202F4C1451F89C5E12A8A00,2020-10-09 06:04:52.696000,2020-10-09 06:05:06.369000
s7sl5qlyyekomnkl,,,,,,,FC773D88785CF34CF0028BA13C5CBD32CAB27AE2,2020-10-09 06:05:06.370000,
b5uzjm34hn6ldv4x,failed,not_found,635,C0F508ADA14AE7EA9F8F6650AF149B8DFC35B598,EDC579FF076E841057F4F34150596E1572323077,3A27CC4147062E4EFDF46F848FEA7FF032A04E5F,B6D4916A98D99027DA25D42D70D686F0B3663F35,2020-10-09 06:04:52.697000,2020-10-09 06:05:03.104000
b5uzjm34hn6ldv4x,,,,,,,1BBD716B4973D96E570D334A5776978BFF7E0E5D,2020-10-09 06:05:03.105000,
xbz733qza7xmandl,failed,not_found,667,C0F508ADA14AE7EA9F8F6650AF149B8DFC35B598,AFF320BA96E4338B61A008D2CA250FFE0E23B09C,80C113BCE9356B4DECF94E7CF4A8C0BD315EE8E8,88D5F0BD87F9BC1A96FCBFDCEDB1C0E6BAB1D14E,2020-10-09 06:04:52.801000,2020-10-09 06:05:08.098000
xbz733qza7xmandl,,,,,,,1850585BE9BCA1F80D0A051909C94E49D1C49ED3,2020-10-09 06:05:08.098000,
vi5ay32dwexbksza,failed,not_found,651,C0F508ADA14AE7EA9F8F6650AF149B8DFC35B598,61B40C64A1DD11A856518D30F1847F0A678E50C6,36FA576EE55BE5F1297370FBECBBBEB6125BBE4A,482A687F14182974926CE0B3ACFFC8D6247ED7DF,2020-10-09 06:04:52.802000,2020-10-09 06:05:07.020000
vi5ay32dwexbksza,,,,,,,48325E9146758F8636473D6D25FD4D7734E189CB,2020-10-09 06:05:07.021000,
gdw5drdkapcob2hf,failed,not_found,668,C0F508ADA14AE7EA9F8F6650AF149B8DFC35B598,769A297017BB5E92A9A5A3D76725CA12D694AA30,FB016E16B8CD7A0E53DEEF31ED8754E4F6B8E837,A4F11D693FAB6E949B2B7C18153C3F7989896007,2020-10-09 06:04:53.554000,2020-10-09 06:05:07.959000
gdw5drdkapcob2hf,,,,,,,327F5823438B8EC86EC33355C147D8455AB1C14B,2020-10-09 06:05:07.959000,
wdtbe3ugcjgmo2r7,failed,not_found,670,C0F508ADA14AE7EA9F8F6650AF149B8DFC35B598,30C0B4DE58CFBB350485B326A0D67352E0138CCF,C2C2B839F4CFFA5F7B7A40CB0BE84F7D948CB510,BACB47406A231AB60EC33D1ED5081C603B209655,2020-10-09 06:04:53.554000,2020-10-09 06:05:08.488000
wdtbe3ugcjgmo2r7,,,,,,,DBD67767640197FF96EC6A87684464FC48F611B6,2020-10-09 06:05:08.489000,
kfbetlxdd4obo7a5,failed,not_found,671,C0F508ADA14AE7EA9F8F6650AF149B8DFC35B598,E05CAC929E391787077066C29461A9D22ECF0809,0F6E5CA4BF5565D9AA9FDDCA165AFC6A5305763D,D5EE4A7A6E174880DD41217E037755DD3752877C,2020-10-09 06:04:53.654000,2020-10-09 06:05:08.945000
kfbetlxdd4obo7a5,,,,,,,D5FE1280106DB4213E8097458EA536F610D21AC5,2020-10-09 06:05:08.945000,
tbfdyqmhqrucfjjq,failed,not_found,672,C0F508ADA14AE7EA9F8F6650AF149B8DFC35B598,44354E35E9F7F97AF27686D03B0D591686E35394,A4C83C2BEB4F1B31D40E80D5524C66A117D77C50,E0C3346EBDB9746185D574B92E503DC9AEB160BE,2020-10-09 06:04:53.655000,2020-10-09 06:05:09.241000
tbfdyqmhqrucfjjq,,,,,,,58FAB58A7DC8E99B9313F6E488E2140D4BE28416,2020-10-09 06:05:09.242000,
wa636vgefb7djpy6,failed,not_found,652,C0F508ADA14AE7EA9F8F6650AF149B8DFC35B598,361D33C96D0F161275EE67E2C91EE10B276E778B,E9A90B9FF0574410695BA5F5C8354368221A7114,DD823AFB415380A802DCAEB9461AE637604107FB,2020-10-09 06:04:53.656000,2020-10-09 06:05:06.953000
wa636vgefb7djpy6,,,,,,,DDBB2A38252ADDA53E4492DDF982CA6CC6E10EC0,2020-10-09 06:05:06.954000,
oon4okk4dsja4l3c,failed,not_found,675,C0F508ADA14AE7EA9F8F6650AF149B8DFC35B598,C63F4EC7437193BD6070D5CBD0EABBB610DD02AA,AA8B7237B4D2C76ED4AF24B3B47B375812AACC83,74CD4EA6ABA75B1A6D7C222D8567AAB60A6E994C,2020-10-09 06:04:53.686000,2020-10-09 06:05:13.238000
oon4okk4dsja4l3c,,,,,,,098D9CF7568D27A8288FA4BB3819A99913315D6E,2020-10-09 06:05:13.238000,
muwuktwegp4jfda4,failed,not_found,669,C0F508ADA14AE7EA9F8F6650AF149B8DFC35B598,44DC23661E05DEFD94398936D9334987ABCB6E5E,21AC6EF15C86641CE623B8A08D64144BCAC14AEC,96560F12D1FD54131C59A2352829C2750E5EB796,2020-10-09 06:04:54.325000,2020-10-09 06:05:08.635000
muwuktwegp4jfda4,,,,,,,1271D45E76F8E9922C53AEE46CFBA294001E96C1,2020-10-09 06:05:08.635000,
fhyeatul3dtkjdxy,failed,not_found,693,C0F508ADA14AE7EA9F8F6650AF149B8DFC35B598,410118E874D2263F1CDCD567F81875A8E38B2B3C,0A843245862A05E6FFB1F416A6E96F6F12EE46AB,98E659B5B701076BE433B4723F20A1811739588A,2020-10-09 06:04:54.386000,2020-10-09 06:05:12.175000
fhyeatul3dtkjdxy,,,,,,,98EF3981F766F9F87D7C399E6DD0FFC3867711AF,2020-10-09 06:05:12.175000,
t7ttd7ur7oger5dx,failed,not_found,695,C0F508ADA14AE7EA9F8F6650AF149B8DFC35B598,C5B622E52654B570ADFD656AC61B74CC84BBEE95,C5340E5A64DF5B0270F1C1EEBFE3074C985F6A93,624B7391B9790E7CD2AF6A7238239BA3D6928A57,2020-10-09 06:04:54.386000,2020-10-09 06:05:11.584000
t7ttd7ur7oger5dx,,,,,,,C841357CFA0F2CE96692EF21D515D6BF0B017036,2020-10-09 06:05:11.584000,
ulbycwenucaq6z33,failed,not_found,784,C0F508ADA14AE7EA9F8F6650AF149B8DFC35B598,5C83A9F985E2ACFBC3D3E5DB7F5C7C91FF7FE7AA,25DE8C9AE0706FB20C0AFEE4D0B75E72C97F72AE,DCAA176F75B04287131C6D78B7CFDDAC6F2691D9,2020-10-09 06:04:54.418000,2020-10-09 06:05:21.016000
ulbycwenucaq6z33,,,,,,,82DA9678A0BAE60087AA68A3E1D6E6A2C4246D6D,2020-10-09 06:05:21.017000,
hi2kkdkn53sjz4hf,failed,not_found,594,C0F508ADA14AE7EA9F8F6650AF149B8DFC35B598,FE9CB0E0629636EBD8D0C71F46E387B944C01BCF,43FF3346A3F8E4ED27F631DC956C4CD8D6173D7A,AB6690AAF45F53F7F3BC842E23779F24C9346DF9,2020-10-09 06:04:54.418000,2020-10-09 06:05:13.356000
hi2kkdkn53sjz4hf,,,,,,,22775B953E662151549C114CB8EE5FBDBCBDAD02,2020-10-09 06:05:13.356000,
6ox7sea5css3vo7u,failed,not_found,702,C0F508ADA14AE7EA9F8F6650AF149B8DFC35B598,11F096DE2199E8812FFC6B9FA2E5B1C474399EFD,1684B30AE2ADD371E5D3A8B3F28ACA4CE9CA2E00,BE3B9024A0EBBE72FF212979FB695FC6117E1EF5,2020-10-09 06:04:54.419000,2020-10-09 06:05:13.996000
6ox7sea5css3vo7u,,,,,,,9C7FD5461AE339DAD8A39316ECCD0178C6541D26,2020-10-09 06:05:13.996000,
euqmr3ls7mclmjy7,failed,not_found,765,C0F508ADA14AE7EA9F8F6650AF149B8DFC35B598,AFFD147DBCC065A5CEF7258BC1367CC35855A431,D237E2F1FE64CA47F40544CB53403ABF8F51C3D8,B56B9FE93F83B4FA69234B17A060E8A8E7446D19,2020-10-09 06:04:55.577000,2020-10-09 06:05:18.651000
euqmr3ls7mclmjy7,,,,,,,57B6873C2DC362E5A42A809FB5624CDA3A025430,2020-10-09 06:05:18.651000,
xg5ldldiglc5cmmj,failed,not_found,696,C0F508ADA14AE7EA9F8F6650AF149B8DFC35B598,D0DB858DC3CCE98F9F28FA8689C4FFA7B9882AF1,3532FA1CEDA2AAA07C1F23A9C08905D248085593,77FE98445048C5776661BB54AECAA7A11AE85D78,2020-10-09 06:04:55.578000,2020-10-09 06:05:12.086000
xg5ldldiglc5cmmj,,,,,,,780D50DCCD7F3C831E5E750F41866497C1263F76,2020-10-09 06:05:12.087000,
qvs7orqgamh2qfxz,,,,,,,87D28EE0C993B250EF93DBE4D2CB0E30244D757C,2020-10-09 06:04:55.693000,
i7l5dqv6scdruy2y,failed,not_found,782,C0F508ADA14AE7EA9F8F6650AF149B8DFC35B598,7469CEB05CFE95C55ECFC42494244FDB6AD33D6B,E9257AA00E5E75DF12D16247986B47B3D8FC84B2,973607526BE9C8FDA03EBBAF527D67AE6FFD65DD,2020-10-09 06:04:55.694000,2020-10-09 06:05:21.114000
i7l5dqv6scdruy2y,,,,,,,2FC9C98197456811E1B81C88848C722AF250582C,2020-10-09 06:05:21.115000,
z6d66o25sl2o7kea,failed,not_found,780,C0F508ADA14AE7EA9F8F6650AF149B8DFC35B598,901B90EC8B96C6451854C325229E8B37EB5819BB,6D72E970EB5218702C854BE250EC0663CC14D9BD,883F49ECDF48809308C0E5409E5A264B94050140,2020-10-09 06:04:55.807000,2020-10-09 06:05:19.665000
z6d66o25sl2o7kea,,,,,,,9B46F7BDA3950CB0227487E1282476425E876BC4,2020-10-09 06:05:19.666000,
lxbxolnvx7rjwb6y,,,,,,,9DA5284A51021A711ECAA677C81E5408222B9F2A,2020-10-09 06:04:55.808000,
4dqu64z7r2grbhwc,,,,,,,3655BA69BDB86299057FDE2FF1A788003BE1043D,2020-10-09 06:04:56.493000,
ywjfbly2jj2qfyl4,failed,not_found,754,C0F508ADA14AE7EA9F8F6650AF149B8DFC35B598,DCE8DBF94576272AD10D996C9AA0794A4567F304,936221243C48CEC2A1203261D30CD81A2171DC52,C780D918C83A63C8AE5D378E32C94BFCE0DE9550,2020-10-09 06:04:56.761000,2020-10-09 06:05:17.525000
ywjfbly2jj2qfyl4,,,,,,,C78D4AB34C920D156160C811C39B1BB92A6BED7D,2020-10-09 06:05:17.526000,
b35pwsbx7lsqselz,,,,,,,DD823AFB415380A802DCAEB9461AE637604107FB,2020-10-09 06:04:56.761000,
pyjn2itoiwb6zi3y,,,,,,,4B170476D09459328438F3E68ED19516C9F75A80,2020-10-09 06:04:56.762000,
eklgefk54zs32zvs,,,,,,,902E21BC05A7B1EC8CE85D78C47C3D8EAD5EFE6F,2020-10-09 06:04:56.860000,
idtrmagfy5gm2mli,,,,,,,28EA24439668FBE905C801F8170C192E119C9FBD,2020-10-09 06:04:56.923000,
57zpsa635lbuyn6i,,,,,,,7C499ACD60FB651DD486B6D802290A3EBBECCD84,2020-10-09 06:04:57.423000,
opp5sxjnhgwiq6so,,,,,,,FC4B0432A0E4724042CEF347FC62B33FB9A5D97F,2020-10-09 06:04:57.423000,
m3aklvizzihkb2bq,,,,,,,84D164A906CD165C77F6A49C97E2F4CA17C3AB3F,2020-10-09 06:04:57.423000,
zipd2kfs2nepa3fi,,,,,,,22A3E5C3A74CC41D21E90F14862D3FAA9F41506C,2020-10-09 06:04:57.465000,
w6ckclagackg4k2s,,,,,,,9BC9DEC371D17190F0185D7CDA42F30A617B6A7F,2020-10-09 06:04:57.465000,
ssbkq2ryhnwvymmj,,,,,,,B028707969D8ED84E6DEA597A884F78AAD471971,2020-10-09 06:04:57.507000,
tvfvizn44xyjusv3,,,,,,,CCA9745D141283864DA50C05A09565FAE1805EC8,2020-10-09 06:04:58.728000,
7j2dpywpb4w3vy7p,,,,,,,98CE1DE87C9C55249392AEE296C79F8A2313068A,2020-10-09 06:04:58.728000,
a3ljoojoc4qp76er,,,,,,,E46979A3053D43ADF187463A6E4856C875BC8C89,2020-10-09 06:04:58.729000,
uawsuw6qqcvhhpmx,,,,,,,DE0421FBD771E6189205D353366874B1790185C7,2020-10-09 06:04:58.819000,
lopez7rttzipby77,,,,,,,65A90AB81C44DD7D9B73B5529B1151798534AF74,2020-10-09 06:04:58.820000,
wq52azyanpgjg66m,,,,,,,8C5B316ED73018484765C3E0944E4508DCAE0944,2020-10-09 06:04:58.927000,
lvwba3po7alfc7zc,,,,,,,A2F7674E837C4131D70A840262AFC269801F14BA,2020-10-09 06:04:59.645000,
633ylhmbxxxt6vqb,,,,,,,7BE3CB407039AA39EB88EF3B00053D3F92EC32AB,2020-10-09 06:04:59.645000,
5dzoioowxocpylhb,,,,,,,546E52A979FB0FBBDF1DDF360FB20AA03D22AACE,2020-10-09 06:04:59.646000,
33hpyhpln7iuvc77,,,,,,,7FBD43D699ADD7B39D607FC24821C7F954433042,2020-10-09 06:04:59.736000,
jlx6as2n3ymr2zyv,,,,,,,478B0E18930CA4117369679AF329FC49D9110966,2020-10-09 06:04:59.737000,
xkih5eejcg7ul3kc,,,,,,,B0DA07C71D8E5066C2C391EA963260B4F584D84C,2020-10-09 06:04:59.801000,
sttho66264j3rzpa,,,,,,,1C70C2AA7F3772CE07C4EF6B18A6E330150372EE,2020-10-09 06:05:00.502000,
4l3h244cogl5atqk,,,,,,,6D4D5193A0E290C027FE6B66731133F70946A155,2020-10-09 06:05:00.502000,
4mtm6zpgw4mpk5h7,,,,,,,C31A5F636926B69C72F992F005D0BDF48040B283,2020-10-09 06:05:00.651000,
2snqxovbvoxntxtz,,,,,,,BC170D6C79EB09EF17193466097D1C7788031A3D,2020-10-09 06:05:00.652000,
rnapysgkxobrf3yt,,,,,,,7260949459C2D4D4A5ABC3AC10C1AD6939E6525C,2020-10-09 06:05:00.702000,
uuldauhg3h5votit,,,,,,,CCD879EE5FBC5FE758C8EC098D40372C7C82C5C0,2020-10-09 06:05:00.703000,
56hovrwqze2t4mij,,,,,,,1EBE3083FCDC9658188A2C7F67B83C531E641039,2020-10-09 06:05:01.571000,
jwiniqvybuyljumt,,,,,,,1AC81B2F05A3EE1DFEA330D3FD981E2E7F450C79,2020-10-09 06:05:01.571000,
pit2rih57xggekhe,,,,,,,F12F8DFDDE1969D4E5940781E3DAB326D28C1220,2020-10-09 06:05:01.626000,
f33b7fsq7wevzzxp,,,,,,,1912F4D307F8E8E7BEBED577CBA9149D42BBEDE4,2020-10-09 06:05:01.795000,
lptuq3zbz2pkpgab,,,,,,,D439FC3B5F0A81796F4622320197A90032CAE4DB,2020-10-09 06:05:01.795000,
uipllraymukxo6yx,,,,,,,CE001E45872376CB49EEF2A78519DA1E141172B4,2020-10-09 06:05:01.796000,
cky6jaf7d2immyn3,,,,,,,AD7C011CE0280249FA05053C1AC8E770E242ADF8,2020-10-09 06:05:02.543000,
fmpglrhbftqj3mfx,,,,,,,3DE14798CDD62F6FA29DF21F418B4DFCEB0D59F4,2020-10-09 06:05:02.716000,
y62i2wdgviyzrwed,,,,,,,1FA44BC51BF2416D3E44C9AAD732F7B14C0D1C05,2020-10-09 06:05:02.716000,
vapjsv6ot4xenwyl,,,,,,,0C3599079EF21C4994AD6DDE91F72A48F16E8A98,2020-10-09 06:05:02.817000,
5g3nrcj2yoj6wfsi,,,,,,,9772EFB535397C942C3AB8804FB35CFFAD012438,2020-10-09 06:05:02.818000,
o3anpcnhr72ddmsu,,,,,,,58B44B5591A96EC08114B041CC6B1BB1521DF2BE,2020-10-09 06:05:02.881000,
khs7me2z4abfwvfy,,,,,,,4EA381A1CAF4422C14201B4BF799039942A97FFD,2020-10-09 06:05:03.577000,
oq57ne7ie4jg4vfu,,,,,,,856B7EFB7E09D02A29DD2FF024B7E1EFE21FE9EB,2020-10-09 06:05:03.746000,
325zf7ipk5zyhuic,,,,,,,0A2366980A2842D770EF8E136A7DA14876360447,2020-10-09 06:05:03.747000,
ids52kcpnrqouabf,,,,,,,EDB9C65B939940EC5E9DA800EE1574F1D68042B4,2020-10-09 06:05:03.864000,
rlblyjww3l2vwdhg,,,,,,,2802B96E4BE4FDBFB0F5D5DFBF7E5AB541A18DF0,2020-10-09 06:05:03.864000,
sk5sqxodvzdz7deo,,,,,,,CAF57EB30FD17389954C9F2B43026734F80E39C0,2020-10-09 06:05:03.865000,
6lrd2mbpiyayhpux,,,,,,,A3C0C4B34CDBCE03A85CDA06E9EE2F7E165551DB,2020-10-09 06:05:04.625000,
46loex2ckdghcjt2,,,,,,,0CD62346D1B5CB1648DDA907F818B0DFEA752E88,2020-10-09 06:05:04.625000,
x7jxjgk65p2s7iv3,,,,,,,D2CCA8FA2B5EE7953A778584B0F9548BDF350770,2020-10-09 06:05:04.625000,
ycchloljepbw245a,,,,,,,2E6EE0D63EEAA9FF044AA92F951E5767106FF738,2020-10-09 06:05:04.747000,
ypm7dbabvcp7ponn,,,,,,,3DD93E6A1959804D0E36D26E83CA86E3AD3F4DE4,2020-10-09 06:05:04.748000,
5ntgmtoi3ukikqky,,,,,,,61C03827FD9914CDCB2EA809A824A435AEA0189A,2020-10-09 06:05:04.803000,
kidthljx76yzrqv2,,,,,,,C12B69DD87847DE8765B1C4335EFB4066FBFD880,2020-10-09 06:05:05.607000,
ucgpadsuqm5xizyq,,,,,,,F4FB9A80308AE71CA8057F4158DD6B3C8EE375F9,2020-10-09 06:05:05.723000,
mmcqecd6o6bzegzw,,,,,,,F8E9C0C3A4B61E7599AA7A23D7ADE77E5BAB2663,2020-10-09 06:05:05.723000,
lijj36yewupsoloo,,,,,,,0CDCFB0B6E1500E57BDD7F240543EBAEF81C11CA,2020-10-09 06:05:05.974000,
gy6gu6dbrqchthgp,,,,,,,787768FEF9FBFE2D9B8E0214019A7F9960D39206,2020-10-09 06:05:05.975000,
pswkh4phyeuxivu5,,,,,,,ECF1B53C3096AD1E75C1995F575F490B0F61AA97,2020-10-09 06:05:06.031000,
cwx3erncpdrucgyo,,,,,,,54FF87E18CF4B351BB078A640A4DC5265969485E,2020-10-09 06:05:06.434000,
asz6lanehwotsak2,,,,,,,FC3422292F0BDAF47068C750C1793710F5019B07,2020-10-09 06:05:06.548000,
rosxpnz4kaxempob,,,,,,,4518DDDAEA13C80C619A1393CDA730176664BF09,2020-10-09 06:05:06.733000,
3ey7ehqmth3es6cc,,,,,,,BCE0FDE68117375BF37408E761CB9BDE2613800B,2020-10-09 06:05:06.734000,
v3kb4zfalwnbheb5,,,,,,,4E559E30279092315BF907DABDF00720473F8320,2020-10-09 06:05:06.734000,
ykod52zqqcrz6vch,,,,,,,7574975BA76DE0726231FC916DD70B09B3824CE5,2020-10-09 06:05:06.801000,
j63jwaxz6jjfu7c6,,,,,,,AF77AA5BD924319510F99B30CD0932D32B01B5C5,2020-10-09 06:05:07.555000,
pdckmqmff3figi3h,,,,,,,64AE86C40EF69D3777E16792C8294C5F125187F5,2020-10-09 06:05:07.555000,
oa4upz2bvooyu4c4,,,,,,,AAEB6A603C1058B9D041884E42941944B915F500,2020-10-09 06:05:07.765000,
vm4uqtllalwgbcb3,,,,,,,103336165A0D2EFCAD3605339843A0A7710B8B92,2020-10-09 06:05:07.765000,
7e4jyddhnvhgvtzq,,,,,,,63B32F7E5389E8DBC5E1BCEFE48312DA7CCEF5D6,2020-10-09 06:05:07.894000,
ufjdy23ioetstj7k,,,,,,,5F96241CAFF60EEB5D4F9B6C04D629EFEF155821,2020-10-09 06:05:07.894000,
a7xig25h324o7bd7,,,,,,,C46E672994B5319273714C2BAE07411CB4EF5A1F,2020-10-09 06:05:08.775000,
a7btl6d5z5jraei4,,,,,,,9CA4AB2B042C173AC56479C69F5F436E9F1E0F94,2020-10-09 06:05:08.775000,
censba46i2dmvard,,,,,,,B0F9BA27944FA59E3B1A182208FF7C0CFF5497B2,2020-10-09 06:05:08.775000,
ofqd76eononaispt,,,,,,,954B221CFDC3F56A15FE3C29F85D5FE34BB144B2,2020-10-09 06:05:08.776000,
6s7kqd7b7gi6l2sw,,,,,,,20CE7E9C49A748661E66C747C6E2109CEEAA5705,2020-10-09 06:05:08.945000,
26zc4o5v3joqdnnj,,,,,,,2CC941573AE68528BE731B758BCABBE0CE62F231,2020-10-09 06:05:08.945000,
u37lav2gtqufzeiz,,,,,,,F5B58FEE44573C3BFD7D176D918BA5B4057519D7,2020-10-09 06:05:09.698000,
wwi2djawagzrozym,,,,,,,D78D1B4489CF4FFB0FD74014BDF2D600D8EE5B05,2020-10-09 06:05:10.104000,
fdo63jgw5mgozsi4,,,,,,,BA38C5688E103AE11F50D7188C8E5FDB4B0E5553,2020-10-09 06:05:10.104000,
ryefeequj4ox2yt5,,,,,,,1D81272219B679D511930499AD8286BCD8F6C445,2020-10-09 06:05:10.105000,
5wdtdgjdnj3zohxl,,,,,,,00CCE6A84E6D63A1A42E105839BC8ED5D4B16669,2020-10-09 06:05:10.244000,
kba5uo7zwvjzjhoo,,,,,,,5D41BBE918C4DFEEFD620CAD949DF862A21C5653,2020-10-09 06:05:10.245000,
rgrlbedmtcdjizou,,,,,,,488C94BA00DC38397BE3EA051AB3BF8FE660A062,2020-10-09 06:05:10.974000,
2b2bmlvwohsypv5y,,,,,,,AF7B4AA147DD4A42903B8078EB4C34A704D54114,2020-10-09 06:05:11.061000,
kqmu6gpvnqdf44d6,,,,,,,DC26790B303AFF12256AF7D016BAA70C8A883450,2020-10-09 06:05:11.061000,
2i4fpcbbxhihploy,,,,,,,798A57B4E129699A521A03E7F72BC0FDEC31F4D6,2020-10-09 06:05:11.362000,
zodrtbcrbx2s2dnj,,,,,,,58A9921DD0A1389356634625C5B14ACC1194A95C,2020-10-09 06:05:11.363000,
3fidq2jdbo43biax,,,,,,,0FADA801B150261109DD1F492BB10CE39C83A782,2020-10-09 06:05:11.363000,
juge3ucz3gch6jzn,,,,,,,DC26790B303AFF12256AF7D016BAA70C8A883450,2020-10-09 06:05:11.658000,
hrzypjvemgh7q6md,,,,,,,B2002D5C75A0FAD8F33962614718F35CB672CC57,2020-10-09 06:05:11.723000,
fchmbxihm2ueo6ff,,,,,,,A690C6AA8102C027D297AF3401BFE16918CCF7A6,2020-10-09 06:05:11.723000,
ptbujdwlwvyimaut,,,,,,,5F746B9C4DCF6F50486A1CB27BFD4D7E01689EEE,2020-10-09 06:05:11.793000,
vbozfodobyawk36z,,,,,,,C643C72A103C7BF93B1DF9F4F8286512B9C4438C,2020-10-09 06:05:11.793000,
vbcemtbo7aamffry,,,,,,,DE0421FBD771E6189205D353366874B1790185C7,2020-10-09 06:05:11.794000,
sjuixsg7y2rq6tht,,,,,,,5D41BBE918C4DFEEFD620CAD949DF862A21C5653,2020-10-09 06:05:12.353000,
64ov3lr72sdoenql,,,,,,,6D2D7E8FD6B730850960A3AC1B3640098E97F3AF,2020-10-09 06:05:12.426000,
baaey3oxkqzh44hh,,,,,,,FA69F7C51067D9A84168962C46ACA480A90CD354,2020-10-09 06:05:12.426000,
qwupuqlrz45nzzbn,,,,,,,0B25110BA3473A6DC04AB58A3A0D5E4D6922A0E0,2020-10-09 06:05:12.502000,
5d6az3bnnkgqzx2j,,,,,,,AB73816E5D7BC52664CBB9D005FF579BAFEAFE87,2020-10-09 06:05:12.503000,
hvc5xzolpexr5lf7,,,,,,,0882440874034AFBE2FBF16463A290F3278E24F7,2020-10-09 06:05:12.503000,
zcqq4otd4iuvd664,,,,,,,B2002D5C75A0FAD8F33962614718F35CB672CC57,2020-10-09 06:05:13.518000,
jjey3f3gz7bros4m,,,,,,,4758509FBE6473202AB0CC161238372BF636612D,2020-10-09 06:05:13.691000,
35siv3hg55popksy,,,,,,,C59E079437340E3AD14E6785C0A91A5B6F328566,2020-10-09 06:05:13.693000,
ywdtkndx7pqpp57d,,,,,,,8FD3BAF5E14EBE1124D6253D59882AFE1C2B9B8E,2020-10-09 06:05:13.843000,
vcxx7ncjscawgpze,,,,,,,C33B36DBD576D4DE141443D28122575DA159D1B3,2020-10-09 06:05:13.844000,
xwp6ehuhnltr3egp,,,,,,,EABB390323F80D4457BAA5CEEE511455700E929D,2020-10-09 06:05:13.844000,
kf56h74ppcny2y2o,,,,,,,36A5C502C31729F26BDC923E4B5F9501B0A20B79,2020-10-09 06:05:14.585000,
hctp2bnljefvx476,,,,,,,5A8DE0AF6D319C1F1D4E541A3176AC9D70AC35A0,2020-10-09 06:05:14.944000,
trussksdiay3iqip,,,,,,,D87698D8E2276C7E93D531B7C2A1B27D58C71876,2020-10-09 06:05:14.945000,
zwuocqr2mjsarnbs,,,,,,,AC2275831607A95CD8B939C3B8DC466CCF48E2B9,2020-10-09 06:05:14.946000,
yse7c5j3fxqc2lpc,,,,,,,72CF54492CA2F57F12B8493946C9BF9132EB0ABA,2020-10-09 06:05:15.133000,
yg3iohlsftdyjp7c,,,,,,,C3ACB0492A644E27A549BC3CDF3B7A129186E3BF,2020-10-09 06:05:15.134000,
opcueow6cocwsbsy,,,,,,,DB53975D02957099E84F319194B8F5C7C6D15712,2020-10-09 06:05:15.657000,
5rtemxtffbz4lqj4,,,,,,,B3CF08E9DF70D46BBEB5165A42D087DB352275DD,2020-10-09 06:05:15.658000,
gy6lezamjicg3rxo,,,,,,,BA99774FEF716556E37EF340820FC358F2A84B04,2020-10-09 06:05:15.658000,
dlczkar6zuy7cbtm,,,,,,,C9625642A04FA0F3598F5505A936AECA910B94A1,2020-10-09 06:05:15.827000,
dqpghyqpsjvflwxk,,,,,,,67CDF7A4D06E98E55AAE595BBEBF38E64C4CCBF3,2020-10-09 06:05:15.827000,
c6iuvnd57kapow44,,,,,,,8FA37B93397015B2BC5A525C908485260BE9F422,2020-10-09 06:05:15.912000,
sn4h7fjjpuyqyf5h,,,,,,,067ECF198238BD14B0CFE24899475A53A94E14EC,2020-10-09 06:05:17.214000,
6icqdhuhkqu4kjyr,,,,,,,54A35E582F9E178542ECCFA48DBE14F401729969,2020-10-09 06:05:17.429000,
n43hxvv64hwzv5zd,,,,,,,FA1845C313B88EF49E8BE1F23B02CD0AC702B636,2020-10-09 06:05:17.430000,
ngknbiauwxk4djqv,,,,,,,01384A5D9C6D34352701BF86D04E5F406CB256AE,2020-10-09 06:05:17.526000,
7elb22cqidvmls32,,,,,,,93FE7CA1B4E64B0E9B8E73B8C3D31F0DE67B9635,2020-10-09 06:05:17.526000,
eqddcvdqrf3qldhu,,,,,,,AD7C011CE0280249FA05053C1AC8E770E242ADF8,2020-10-09 06:05:17.527000,
t4ven3otrf42djhb,,,,,,,583F17298E905D1D1BCF8EB49DAEE5939B51FD70,2020-10-09 06:05:17.942000,
badvfkx5vbna7wtk,,,,,,,754CB99117E6ED570DFCFB7D9F12674B97A4E28E,2020-10-09 06:05:18.036000,
5lugr4todex7yfff,,,,,,,B81B38902BF026BF2591CA2D73B99CEEB03F0869,2020-10-09 06:05:18.037000,
h6kw5qbhyi2ccd5h,,,,,,,F34E681AF8226DEBC9135A48F61DEF9F68966BA5,2020-10-09 06:05:18.204000,
usktjycwcnxbahof,,,,,,,8B496F3EF3BF5CC32A4C20ECDBEC2A06E7EA4357,2020-10-09 06:05:18.205000,
dvrdzhibfj6nc2kn,,,,,,,D71B1CA1C9DC7E8CA64158E106AD770A21160FEE,2020-10-09 06:05:18.302000,
pawayngtgfo6c4jz,,,,,,,525D5386F858580E93B88D21727869555DFC654C,2020-10-09 06:05:18.652000,
zduibvp27lrsct5w,,,,,,,369FD7461D2FF60A860816EB8A0CB289CEF3AE93,2020-10-09 06:05:18.861000,
pqdmy22nu2wowgut,,,,,,,84ABF6381FD0F96B882764F176B85980EBC31FE1,2020-10-09 06:05:18.861000,
gra6e37lr5c4nsng,,,,,,,D2F16CBF1BD891968D65D44CD21507E3371279F3,2020-10-09 06:05:18.863000,
vwhag3m4xq37cvjn,,,,,,,AE70B5E3AFA1D1A1F3B7327D17D931BE310ACC10,2020-10-09 06:05:19.051000,
tg4qxkxcgncrj2tf,,,,,,,DEF8C760A79FEF2358E03AE5A1950086ABEB953E,2020-10-09 06:05:19.055000,
4qzsbgbfduzue34w,,,,,,,26C28F29B611DF4DE23ACF5D9DC1EB4895EF5E8B,2020-10-09 06:05:19.666000,
upviqn57z5zylkof,,,,,,,EBDE762412D1F0D75338053F5A5A9B6EE053D642,2020-10-09 06:05:19.774000,
h4j3levbrqbntfts,,,,,,,7D31D5118D47BF86C550ABB79EDDE865EC31B67F,2020-10-09 06:05:19.775000,
dij6i635qswjciqd,,,,,,,7DB8443AE29FBC450D34E55FA914F42BF929EE49,2020-10-09 06:05:20.096000,
s7pajjp6rgfzhvbi,,,,,,,B840C7DE596E77A22187E638C5116DC5B3BBDDD1,2020-10-09 06:05:20.098000,
lc3zmbd46fxx6kya,,,,,,,61C03827FD9914CDCB2EA809A824A435AEA0189A,2020-10-09 06:05:20.187000,
yb66uuut6uth4yi3,,,,,,,61F3A840F61EEFFF682C6243534ECEB09ADFE3B3,2020-10-09 06:05:20.551000,
qe5rwz7qkgbu24rr,,,,,,,DFE448D8C5D81AE687289A225B64F704A7FAC877,2020-10-09 06:05:20.644000,
hyydciukawxuqz35,,,,,,,89C7E852CC2FA537ED78775ADC3BEA24672B4154,2020-10-09 06:05:20.644000,
zie4634kw2i7riww,,,,,,,1A002B6E163D502F23381391718E11A568976403,2020-10-09 06:05:20.829000,
edoyqjis4zg7mdpb,,,,,,,2E74F4A6EB5ED3C0182A54900E3A671C5C8DB2D8,2020-10-09 06:05:20.830000,
iwelfhtrfk7wjbye,,,,,,,5944BE10FF49A3CFC865D2F0700394C2877F197D,2020-10-09 06:05:20.830000,
f5dwglqvsqnl5rwe,,,,,,,FC3422292F0BDAF47068C750C1793710F5019B07,2020-10-09 06:05:21.400000,
7lystemaaxt76wjn,,,,,,,7335A5A83067AE1BDB073F2E00A3E3982FFFE23D,2020-10-09 06:05:21.400000,
vmwalrvuoy2ek4fa,,,,,,,5BF170F5773748C783BE4B67DABF5338C03B1AE7,2020-10-09 06:05:21.500000,
4v3a7oj2qieut3sw,,,,,,,12CF6DB4DAE106206D6C6B09988E865C0509843B,2020-10-09 06:05:21.600000,
yj3tx2bs5rngpmry,,,,,,,768B488AE2C61B6FA837E3AB8DB7601E1A0B8492,2020-10-09 06:05:21.601000,
oe5fxeijttd6ofbk,,,,,,,DD5DA21CC5036533AE2010DE2C7E72BE2CDF9C5E,2020-10-09 06:05:21.601000,
bkwu34dpvkqdpgrv,,,,,,,F5213AADA95A17C077451C09110058407F0A85F3,2020-10-09 06:05:23.135000,
q4dkvtk5k2mhpigb,,,,,,,70090E9F85FBE004EEBF58461FD6EDD5BF8A523E,2020-10-09 06:05:23.939000,
7oggw6ilfha3waza,,,,,,,809440FFD575696239DF53F45D49580E4E613395,2020-10-09 06:05:23.943000,
saqiesilridopap5,,,,,,,F703D459983875CE9CED6AF74788A597ED662674,2020-10-09 06:05:23.943000,
qns6bainmsbcbx3y,,,,,,,BA61B1ED4101F341622484C17A9BBE0EC5B70BF5,2020-10-09 06:05:24.251000,
fddzyxe4wta7zytm,,,,,,,B528636D364776B2D94B1E140609A3B88531C0BB,2020-10-09 06:05:24.252000,
mk43ygyfq3gdyxni,,,,,,,2F09BD6D9A2D5A7D6D26C17651CE8ECF0B7BA257,2020-10-09 06:05:24.788000,
d3s72xnviuce5lre,,,,,,,E9A90B9FF0574410695BA5F5C8354368221A7114,2020-10-09 06:05:25.211000,
nonrymonqsumjzku,,,,,,,DF86098968BBCD963E38E03FC3FC1837EF667C13,2020-10-09 06:05:25.212000,
