addr,status,reason,circ,guard_fp,middle_fp,exit_fp,hsdir_fp,start,end
6iikpi6nhgbgslv4,failed,not_found,,,,,4BED68DF9EAF6C111D8778E19CC9AC7AFEC4FC02,2020-10-08 13:53:26.390000,2020-10-08 13:53:27.114000
6iikpi6nhgbgslv4,failed,not_found,132,B340E3BA587E36462D8DE44DAE0F7CAB6748F064,D25FF36F1B1DB43A4F74462CCFD465FE45F609A0,97E6A009185FCF2A58D884545E4E18FF612B7B06,3F62F05E859D7F98B086F702A31F7714D566E49A,2020-10-08 13:53:27.115000,2020-10-08 13:53:38.951000
6iikpi6nhgbgslv4,failed,not_found,225,B340E3BA587E36462D8DE44DAE0F7CAB6748F064,2AE2CA4BD2B7754F29432C25E03314D52AC4CAF1,462DFAD3B4C7256DC5C90BD5819A12DC448B3C03,3F4EC1D4ED5BD331E9695F49DC482150CF5DE8E3,2020-10-08 13:53:38.951000,2020-10-08 13:53:44.114000
6iikpi6nhgbgslv4,failed,not_found,256,B340E3BA587E36462D8DE44DAE0F7CAB6748F064,FB1FD9615AD351D773AF13B16E530DD41C81B8F2,340B09ACCF45A98711ABB067820E25A2F21452C6,4BFC9C631A93FF4BA3AA84BC6931B4310C38A263,2020-10-08 13:53:44.114000,2020-10-08 13:53:46.068000
6iikpi6nhgbgslv4,failed,not_found,510,B340E3BA587E36462D8DE44DAE0F7CAB6748F064,F6FA13D4B4087BA25D1E01EB46176A79E39425E5,645C3F0545E0975A49F69EC272C0C3EA28586825,4BF3D299BC500C350868F078749291C766C7AA6F,2020-10-08 13:53:46.069000,2020-10-08 13:53:51.852000
6iikpi6nhgbgslv4,failed,not_found,412,B340E3BA587E36462D8DE44DAE0F7CAB6748F064,FB1FD9615AD351D773AF13B16E530DD41C81B8F2,98EF3981F766F9F87D7C399E6DD0FFC3867711AF,3F43D0584A2613C9DB631382FF486DC6B95EA1C8,2020-10-08 13:53:51.853000,2020-10-08 13:53:53.685000
ay7tpezkwmiofrse,failed,not_found,,,,,7E7461F8B4C41AE617240463E5CC839055E98107,2020-10-08 13:53:26.391000,2020-10-08 13:53:27.079000
ay7tpezkwmiofrse,failed,not_found,9,B340E3BA587E36462D8DE44DAE0F7CAB6748F064,B55B11A739C43396B10CC621D9C9F9D7F3A8CDE4,A597AC866E40CAB5A67759ADE4942192E99DE684,67CDF7A4D06E98E55AAE595BBEBF38E64C4CCBF3,2020-10-08 13:53:27.079000,2020-10-08 13:53:28.580000
ay7tpezkwmiofrse,failed,not_found,13,B340E3BA587E36462D8DE44DAE0F7CAB6748F064,103336165A0D2EFCAD3605339843A0A7710B8B92,CC605FEC74F20D49995D8FAAFF7365954233B85D,67F70E92EF05EA3CBB3C311B6411AFBBE89BD1B8,2020-10-08 13:53:28.580000,2020-10-08 13:53:29.484000
ay7tpezkwmiofrse,failed,not_found,21,B340E3BA587E36462D8DE44DAE0F7CAB6748F064,B0A63BC3FDA67A7ADD1BE08BAA8309C4B204D29B,9A030322563FCF3B019FEFEE83F48AED1571B2A2,7E77CC94D94C08609D70B517FF938CC61C9F8232,2020-10-08 13:53:29.485000,2020-10-08 13:53:31.383000
ay7tpezkwmiofrse,failed,not_found,39,B340E3BA587E36462D8DE44DAE0F7CAB6748F064,39BAEFE3A22CD8D57B191D86506F7A6A0F4EC2EB,BFA905EA10DFD54A38A0C119FAE00182DE4C173B,67FBB854B6DBD2DCBA5747FD761BF36096EFC0C0,2020-10-08 13:53:31.383000,2020-10-08 13:53:33.216000
ay7tpezkwmiofrse,failed,not_found,57,B340E3BA587E36462D8DE44DAE0F7CAB6748F064,DE74E8C4F3CF0FBBCB7E761BB3072050D1D4DD88,79D9E66BB2FDBF25E846B635D8248FE1194CFD26,7E6E9A6FDDB8DC7C92F0CFCC3CBE76C29F061799,2020-10-08 13:53:33.217000,2020-10-08 13:53:35.424000
42sl3dovo6lntuei,failed,not_found,,,,,4352D58B2641E8C1787750EFD3A07A88224967AC,2020-10-08 13:53:26.392000,2020-10-08 13:53:27.079000
42sl3dovo6lntuei,failed,not_found,8,B340E3BA587E36462D8DE44DAE0F7CAB6748F064,A2924E7E60D364BF706D71A9CDC62465371476A0,88DF5D708E931C431902AAABEA981E7951E00085,8C00FA7369A7A308F6A137600F0FA07990D9D451,2020-10-08 13:53:27.079000,2020-10-08 13:53:28.369000
42sl3dovo6lntuei,failed,not_found,16,B340E3BA587E36462D8DE44DAE0F7CAB6748F064,E9257AA00E5E75DF12D16247986B47B3D8FC84B2,C7FF606D59C7F6BECA8A341D3CF11B423F382D5D,8C35B15C1F138BDE4D50A975129E4773B44A503D,2020-10-08 13:53:28.369000,2020-10-08 13:53:30.044000
42sl3dovo6lntuei,failed,not_found,29,B340E3BA587E36462D8DE44DAE0F7CAB6748F064,5C83A9F985E2ACFBC3D3E5DB7F5C7C91FF7FE7AA,B524F94EFF164D47904BCCBDD06D65FEC843F96B,8C3AD2C2AAF7F7B7E92B81F13C1A9267B39416DA,2020-10-08 13:53:30.044000,2020-10-08 13:53:32.290000
42sl3dovo6lntuei,failed,not_found,49,B340E3BA587E36462D8DE44DAE0F7CAB6748F064,2298B7EB4E895D770364B961EAC26347E30D4248,D8A2D0080B0C73E1DC0EC9F33B497F64E5FB3F52,4340B1D4E9118619F97DB0E54D38ED919E11C7B9,2020-10-08 13:53:32.292000,2020-10-08 13:53:34.369000
42sl3dovo6lntuei,failed,not_found,74,B340E3BA587E36462D8DE44DAE0F7CAB6748F064,334DF2164322B98FCC567BC444947B74AC92DAEA,D0E1962B2460BA54D81E1426300D09720E6D43EB,43209F6D50C657A56FE79AF01CA69F9EF19BD338,2020-10-08 13:53:34.370000,2020-10-08 13:53:36.282000
axybrvrwamgreog3,failed,not_found,7,B340E3BA587E36462D8DE44DAE0F7CAB6748F064,B86137AE9681701901C6720E55C16805B46BD8E3,B143D439B72D239A419F8DCE07B8A8EB1B486FA7,D89267FB10BF625D31FF7687AF7D12B03BBF757C,2020-10-08 13:53:27.392000,2020-10-08 13:53:28.254000
axybrvrwamgreog3,failed,not_found,15,B340E3BA587E36462D8DE44DAE0F7CAB6748F064,E5CC91BAFE7CCD68003E873D32E38027638D49D7,E2CF09F998248C71139B24B2C92740AEDB1C6D2A,D8A2D0080B0C73E1DC0EC9F33B497F64E5FB3F52,2020-10-08 13:53:28.255000,2020-10-08 13:53:30.308000
axybrvrwamgreog3,failed,not_found,32,B340E3BA587E36462D8DE44DAE0F7CAB6748F064,879B036468D30AB1A2195F96D2C91F3CAA8D1DC2,82653E431ADFFE8211B316927A149627796AB347,B11F6ACD446EF6ADAA241F07BC6545E33EB15C3D,2020-10-08 13:53:30.308000,2020-10-08 13:53:31.961000
axybrvrwamgreog3,failed,not_found,47,B340E3BA587E36462D8DE44DAE0F7CAB6748F064,A4CC39184AD287D72C2247738835811C7A7ECB8E,221546DAE86B003139B13BD6F6AE1B4B42B59DF8,B1192B1BAD3AD0A15AFC89FEBB23ACC05930B4E3,2020-10-08 13:53:31.961000,2020-10-08 13:53:33.915000
axybrvrwamgreog3,failed,not_found,69,B340E3BA587E36462D8DE44DAE0F7CAB6748F064,64B05F9A2122B5DB4ADCB0E6F083193F3170A902,CE58CF666F209857502FCEAF1CB52F638AFFBD63,B1289B91C190A6803C1ADA6E381C0843CE039D70,2020-10-08 13:53:33.915000,2020-10-08 13:53:36.109000
axybrvrwamgreog3,failed,not_found,100,B340E3BA587E36462D8DE44DAE0F7CAB6748F064,A1DEB529DE86E7CABC3212778374933D68FB7F2F,6962377722C4AA5E56540F4F9693DFA525449974,D87698D8E2276C7E93D531B7C2A1B27D58C71876,2020-10-08 13:53:36.110000,2020-10-08 13:53:37.533000
ib325y266ipmypmo,failed,not_found,11,B340E3BA587E36462D8DE44DAE0F7CAB6748F064,EE94030D02AF5A788C62EA56D483540C38460E10,DEF35CE8FCC5B5ED35DEC379A9EDF420FF419677,FBD72FA684608C1663CB04F30F55643AB47B0AB1,2020-10-08 13:53:27.403000,2020-10-08 13:53:29.941000
ib325y266ipmypmo,failed,not_found,28,B340E3BA587E36462D8DE44DAE0F7CAB6748F064,28AA7AFE8B1EDD7D4278D2A02027E09A75B528D0,18CA9EA099BB9861E354D2A6FF49337A7E81C2F3,0258C142CA27DAE7FE9CC8ECFC899F3358635989,2020-10-08 13:53:29.942000,2020-10-08 13:53:31.835000
ib325y266ipmypmo,failed,not_found,34,B340E3BA587E36462D8DE44DAE0F7CAB6748F064,06B308F54B4A779D74B30536964182A09C08AB8F,2AA5F598F9A1812F01CD99E3B59BB87362ED7438,023455597DAB689EE84FB3A7BC7FC5F9A3E27FD6,2020-10-08 13:53:31.835000,2020-10-08 13:53:33.069000
ib325y266ipmypmo,failed,not_found,56,B340E3BA587E36462D8DE44DAE0F7CAB6748F064,4DCB46379527DD9E958879C18628FDA7C2A4AF84,83B4EEC06A237A43F6E64D4457B930E1B02D48DB,023EBBC57BEB7F45473B3DC2AA811FB3AABA4466,2020-10-08 13:53:33.070000,2020-10-08 13:53:35.385000
ib325y266ipmypmo,failed,not_found,86,B340E3BA587E36462D8DE44DAE0F7CAB6748F064,44DC23661E05DEFD94398936D9334987ABCB6E5E,163303F0583A1917326214379BD1AB2D286046EA,FBE04186F49DB2B1EDEF3CE06DB16F29690AFD69,2020-10-08 13:53:35.385000,2020-10-08 13:53:36.735000
ib325y266ipmypmo,failed,not_found,114,B340E3BA587E36462D8DE44DAE0F7CAB6748F064,79B207AD51842FA215D956B9307B3D01CD347368,E5CC91BAFE7CCD68003E873D32E38027638D49D7,FBD20387F64D67ED53AC5BD2E0302D44B2DA360C,2020-10-08 13:53:36.735000,2020-10-08 13:53:38.709000
cgdvvdodvsdlja7p,failed,not_found,12,B340E3BA587E36462D8DE44DAE0F7CAB6748F064,40CDE936B04B4573A47223396006443CA5EAC845,7B57933E29D520471D7E67AB48B06B62832828F9,CB81BCFD44FC142616BB5983648BD8AF01930789,2020-10-08 13:53:27.412000,2020-10-08 13:53:29.731000
cgdvvdodvsdlja7p,failed,not_found,20,B340E3BA587E36462D8DE44DAE0F7CAB6748F064,771E0824EF82D85E04D80116554111E37F7EB796,79D110419709C4B3D1F92FC3CE121B5317DBE8B3,1EC884DC535E29D485684CD93D612F9F61C9EF71,2020-10-08 13:53:29.731000,2020-10-08 13:53:30.829000
cgdvvdodvsdlja7p,failed,not_found,37,B340E3BA587E36462D8DE44DAE0F7CAB6748F064,EE32ED9AB02A81208F55EB9340D1125CF022697D,5C9A66F40A63D9C8DF9700E6DF9E1FD47D8AD317,1EBE3083FCDC9658188A2C7F67B83C531E641039,2020-10-08 13:53:30.830000,2020-10-08 13:53:33.533000
cgdvvdodvsdlja7p,failed,not_found,61,B340E3BA587E36462D8DE44DAE0F7CAB6748F064,7EC4C310D1FB2A7C0943B810946EA354D64A2165,722BA3958D6F4B9A7CE927001CE7FED8625A749E,1EC0CCAFA8ABD5470B062AF470EAC97DD069C655,2020-10-08 13:53:33.534000,2020-10-08 13:53:34.857000
cgdvvdodvsdlja7p,failed,not_found,82,B340E3BA587E36462D8DE44DAE0F7CAB6748F064,B70BD334FFEE23E653B75219AE12CF0236BCFCBB,4A0E54E69343B7CF6138C118843CE860E8511F78,CB72A74E8197DF3B33EE6A0895E5BB871D10CF92,2020-10-08 13:53:34.858000,2020-10-08 13:53:36.247000
cgdvvdodvsdlja7p,failed,not_found,104,B340E3BA587E36462D8DE44DAE0F7CAB6748F064,AD7552F2CFBF472F9FFE748D3E82994EA6050A76,A1B28D636A56AAFFE92ADCCA937AA4BD5333BB4C,CB7C0D841FE376EF43F7845FF201B0290C0A239E,2020-10-08 13:53:36.248000,2020-10-08 13:53:38.197000
cflarenuttlfuyn7imozr4atzvfbiw3ezgbdjdldmdx7srterayaozid,received,,14,B340E3BA587E36462D8DE44DAE0F7CAB6748F064,3FE39429CB7077BBB13D2774591A1B80EE493742,38F74AD4503689A3FD5DCADC11783F8D8255F839,BEBA52AC89045D6EAD68E977DF3F98BCF8330AAF,2020-10-08 13:53:27.670000,2020-10-08 13:53:29.853000
pdb23ibygy6noznb,failed,not_found,17,B340E3BA587E36462D8DE44DAE0F7CAB6748F064,D5C6F62A5D1B3C711CA5E6F9D3772A432E96F6C2,CA95B3584C44DED8107AF5B3D8C25C562CC64DD4,706B1ED9AF5CCAC90AD488AE2691B358FA598CBB,2020-10-08 13:53:28.451000,2020-10-08 13:53:30.524000
pdb23ibygy6noznb,failed,not_found,25,B340E3BA587E36462D8DE44DAE0F7CAB6748F064,7B10E2D82A60EFC4E97CE5A9F4E8C9A79C59DFC5,7ECF294C43DB959BDC0E7EFC913C3AC231DE7442,C4322AD27D96C4F5F481F708EE97B4BC4186EFC8,2020-10-08 13:53:30.524000,2020-10-08 13:53:31.506000
pdb23ibygy6noznb,failed,not_found,43,B340E3BA587E36462D8DE44DAE0F7CAB6748F064,7158836DCC91AAA4FAA293FFF0F645DCD0D4EFF9,D228AE265C966CA4E9A8C4B746A30A9737060A32,706A7674A217BA905FE677E82236B7B968A23DB7,2020-10-08 13:53:31.506000,2020-10-08 13:53:34.704000
pdb23ibygy6noznb,failed,not_found,80,B340E3BA587E36462D8DE44DAE0F7CAB6748F064,E3D61BAEA0B7CB12CACEDC8821C520557BDFCEA3,0C6D3655763B1A3A60FC42135CD60765AFE953BA,C414F28FD2BEC1553024299B31D4E726BEB8E788,2020-10-08 13:53:34.704000,2020-10-08 13:53:36.127000
pdb23ibygy6noznb,failed,not_found,101,B340E3BA587E36462D8DE44DAE0F7CAB6748F064,55B5A9DB9C2B57C035437A3CC52A6B11D877CBDD,B05B3AB0159238FB7AEB1BF08A406D6F31A45ADF,7070199EF60B5B1AE4EA2EFB4881F9F90B6FA9EF,2020-10-08 13:53:36.128000,2020-10-08 13:53:38.585000
pdb23ibygy6noznb,failed,not_found,146,B340E3BA587E36462D8DE44DAE0F7CAB6748F064,FC5093B533F5ACBD42E2183A171C8E5ABAFDCCAF,6B8F0CE8383E409C83C657D336D00B86C816A5F5,C41ADE229598201F913426E9C6B9647098AEE28D,2020-10-08 13:53:38.586000,2020-10-08 13:53:41.251000
vlfqgakmczcxdxmw,failed,not_found,18,B340E3BA587E36462D8DE44DAE0F7CAB6748F064,A1B28D636A56AAFFE92ADCCA937AA4BD5333BB4C,4E91B66561EE01B1653E1803FE53B5C400D967DB,5645739E8EF72CA7D9EE1E12678B51A6FF8711C1,2020-10-08 13:53:28.461000,2020-10-08 13:53:30.082000
vlfqgakmczcxdxmw,failed,not_found,30,B340E3BA587E36462D8DE44DAE0F7CAB6748F064,35DBE43445BB44D817084200BA05E8A0573EDFD4,BBD8F4DF8FF5C69A6A989DB8C1EE2CA7ADFE0755,8287DADC415B3E667C617EEFB6E7D654C7AC0C47,2020-10-08 13:53:30.083000,2020-10-08 13:53:32.292000
vlfqgakmczcxdxmw,failed,not_found,50,B340E3BA587E36462D8DE44DAE0F7CAB6748F064,E0F638ECCE918B5455CE29D2CD9ECC9DBD8F8B21,3D5D6178C44537E3692853B344385F6572A55767,5649CB2158DA94FB747415F26628BEC07FA57616,2020-10-08 13:53:32.292000,2020-10-08 13:53:35.237000
vlfqgakmczcxdxmw,failed,not_found,83,B340E3BA587E36462D8DE44DAE0F7CAB6748F064,5944BE10FF49A3CFC865D2F0700394C2877F197D,3262670CB066348F6A766822EEC4AB93619E5A11,563C8868165186D2F7BA1FCF982EB20DEB82B350,2020-10-08 13:53:35.238000,2020-10-08 13:53:37.861000
vlfqgakmczcxdxmw,failed,not_found,138,B340E3BA587E36462D8DE44DAE0F7CAB6748F064,41E041EC676622FFEE59F56BC75B99CD0D47F653,22775B953E662151549C114CB8EE5FBDBCBDAD02,82969EAB7C94D76D62C4E48F3471A08D71889692,2020-10-08 13:53:37.862000,2020-10-08 13:53:39.667000
vlfqgakmczcxdxmw,failed,not_found,167,B340E3BA587E36462D8DE44DAE0F7CAB6748F064,283F225B4241DD7F0E2BB85FC7A95868D69AFEC5,8A57DA2FFB5BA49C041EDE1A095E33E86EA756CC,828112B80D28A92311A8C6C7CCF369B316C40744,2020-10-08 13:53:39.668000,2020-10-08 13:53:41.066000
x2u3blljovoldkx2,failed,not_found,19,B340E3BA587E36462D8DE44DAE0F7CAB6748F064,A9D6D98A8F5FF4379291AB142EEEF634FEC19416,BE8AB9D6F2304694371CA1AA337215CD9F24075A,9E6BA60AFBF9A4946A52770ABCDFC95703DAD6CB,2020-10-08 13:53:28.472000,2020-10-08 13:53:30.205000
x2u3blljovoldkx2,failed,not_found,31,B340E3BA587E36462D8DE44DAE0F7CAB6748F064,02758CD398E3F842EF82478078AAAE0273770DB2,EFF7FB34C593A9D347DDC7A53F20DAC9FB8E9AD3,3AE9B85D5945000C2A65F4E054171928D5BDE91E,2020-10-08 13:53:30.205000,2020-10-08 13:53:32.371000
x2u3blljovoldkx2,failed,not_found,51,B340E3BA587E36462D8DE44DAE0F7CAB6748F064,425835370C1FBE178C21CB53C76672F12BDE091A,ED9A731373456FA071C12A3E63E2C8BEF0A6E721,3AF69B3ECCB000879CA1BCD0B36B619DBF712291,2020-10-08 13:53:32.372000,2020-10-08 13:53:34.795000
x2u3blljovoldkx2,failed,not_found,81,B340E3BA587E36462D8DE44DAE0F7CAB6748F064,CF4DB0E0480FEB1E8F59C3D774EB9275283D579D,7E102AAA6F8D6151060A977CB2B8824B7D5647D6,3AFDAAD91A15B4C6A7686A53AA8627CA871FF491,2020-10-08 13:53:34.795000,2020-10-08 13:53:37.512000
x2u3blljovoldkx2,failed,not_found,125,B340E3BA587E36462D8DE44DAE0F7CAB6748F064,D52A160303C638D9FB03463F8A6B7934D5787F4C,143F5A3EF84BF1A8E82998CA261D9C889C247127,9EA4649400C7D35E20C734FA737CF615E925F1E4,2020-10-08 13:53:37.512000,2020-10-08 13:53:39.437000
x2u3blljovoldkx2,failed,not_found,161,B340E3BA587E36462D8DE44DAE0F7CAB6748F064,B524F94EFF164D47904BCCBDD06D65FEC843F96B,21E54A1CB86144A4CAF60C636227ABB3D23C30D0,9E836A0C79C4FFDC2DC364916FD290177FF7F185,2020-10-08 13:53:39.438000,2020-10-08 13:53:41.640000
bni52ogqsded7inm,failed,not_found,22,B340E3BA587E36462D8DE44DAE0F7CAB6748F064,984E9DC7922B5CC995EAFD50D2338A52136E2BC1,7A3E534C033E3836BD5AF223B642853C502AB33A,BA671B70E696AB2F85ACA3D998B8008D14556715,2020-10-08 13:53:29.542000,2020-10-08 13:53:31.835000
bni52ogqsded7inm,failed,not_found,46,B340E3BA587E36462D8DE44DAE0F7CAB6748F064,C1B513BB5E15A1887B6ADCA8C010630732FC389A,75F4BE85F5DC623BDAF65CB269CD6E4E3F14FE38,71C7D2AC5C0346AE3757FE3CDB3836976B85E96C,2020-10-08 13:53:31.836000,2020-10-08 13:53:33.652000
bni52ogqsded7inm,failed,not_found,64,B340E3BA587E36462D8DE44DAE0F7CAB6748F064,2A621A40FF3081F612946FDFB8DC781BCE859A05,0FE31E8B143BCA123905993356D1DE49C715E455,BA99774FEF716556E37EF340820FC358F2A84B04,2020-10-08 13:53:33.653000,2020-10-08 13:53:36.600000
bni52ogqsded7inm,failed,not_found,126,B340E3BA587E36462D8DE44DAE0F7CAB6748F064,3239007CE1FB2ECDFDF2067DF23B949295DC5EF6,76543749510CD00CB16E1DD4940CAA8FAC727F58,71CFDEB4D9E00CCC3E31EC4E8A29E109BBC1FB36,2020-10-08 13:53:36.601000,2020-10-08 13:53:38.851000
bni52ogqsded7inm,failed,not_found,148,B340E3BA587E36462D8DE44DAE0F7CAB6748F064,00EAAFDC05DCD6EBD1E06E0B4F1F35D16DF0BA80,B8805CBDBE91A5E68D268FC62DC617B5BD7CC9E7,BA61B1ED4101F341622484C17A9BBE0EC5B70BF5,2020-10-08 13:53:38.851000,2020-10-08 13:53:40.380000
bni52ogqsded7inm,failed,not_found,181,B340E3BA587E36462D8DE44DAE0F7CAB6748F064,BA38C5688E103AE11F50D7188C8E5FDB4B0E5553,D0BF6A6400081DA6031536ECEAD59F79BDABEB65,71BBBC406506ACB5AFCF9BE4476283363EEC1B66,2020-10-08 13:53:40.381000,2020-10-08 13:53:42.063000
jyvziqrnulffnp6r,failed,not_found,23,B340E3BA587E36462D8DE44DAE0F7CAB6748F064,CEC92F3BE8A2F3A46D3C042721D6BDBF2F40F4C5,C44CC64BED927031A5B3B0A7CDF6A9E28F058B3F,3BAACE149DB31574B327BF835B594B707D12CD58,2020-10-08 13:53:29.553000,2020-10-08 13:53:31.625000
jyvziqrnulffnp6r,failed,not_found,44,B340E3BA587E36462D8DE44DAE0F7CAB6748F064,4F78F7DE4A26BFD86F7F61E60B747385437CCC8E,F35D115BDD5987D301BE0FD27DAB05F5F4B2ABAE,5628495D9939A8C139DD441402DE42F7012B7092,2020-10-08 13:53:31.626000,2020-10-08 13:53:33.830000
jyvziqrnulffnp6r,failed,not_found,66,B340E3BA587E36462D8DE44DAE0F7CAB6748F064,1DC17C4A52A458B5C8B1E79157F8665696210E10,47C362713928A711FC105AF54993576E41CB1B7F,562434D987CF49D45649B76ADCA993BEA8F78471,2020-10-08 13:53:33.830000,2020-10-08 13:53:35.550000
jyvziqrnulffnp6r,failed,not_found,79,B340E3BA587E36462D8DE44DAE0F7CAB6748F064,0745857B06337B7F343635608975972A9EC14901,9B2BC7EFD661072AFADC533BE8DCF1C19D8C2DCC,3B90AE3B2D1AF41DE00C6B9FBCBAA96AAE81BEA9,2020-10-08 13:53:35.550000,2020-10-08 13:53:36.150000
jyvziqrnulffnp6r,failed,not_found,103,B340E3BA587E36462D8DE44DAE0F7CAB6748F064,1C8B3C3D8BC705883B7799C915B2FE1E0FEB006F,2BCDDD2006A6000B8D5F6D63C7D6D200E43F8B1B,562C61C7F885741D599DB7A1235791D928BEADFD,2020-10-08 13:53:36.151000,2020-10-08 13:53:37.616000
jyvziqrnulffnp6r,failed,not_found,128,B340E3BA587E36462D8DE44DAE0F7CAB6748F064,438E8C214576AF13480A550D45C116F43333C319,B42C797CC8CD63C60FB643E820A11D113DF4F5C8,3BA07FCB32A0151EF9B76507213E43D8ABD3BE5F,2020-10-08 13:53:37.616000,2020-10-08 13:53:39.464000
a2h6n7mhqyp7u2fv,failed,not_found,24,B340E3BA587E36462D8DE44DAE0F7CAB6748F064,8DD0956457CF75A49E79F8E434E2DC898182DE79,C1B79C4CD9B713BBB6B0522155B46A7BFE3BFAAE,7494CB6B5C82725BAFB6C1084DC0A1BE76591B51,2020-10-08 13:53:29.562000,2020-10-08 13:53:31.382000
a2h6n7mhqyp7u2fv,failed,not_found,38,B340E3BA587E36462D8DE44DAE0F7CAB6748F064,E9649F3BE3488799911E24BE16873ED04E4F7BEA,B1E34EA2AC156AAAA0A1BE2E4F2A38A728891062,C2A58E55765E41061FDC6E10721D8328B2FDD52B,2020-10-08 13:53:31.383000,2020-10-08 13:53:33.915000
a2h6n7mhqyp7u2fv,failed,not_found,70,B340E3BA587E36462D8DE44DAE0F7CAB6748F064,C333C56EAAD404ACDDE2FB3A675C5F5DA46A81E2,F740DDDB1A6B536B5CC47111BFE4E2F7CF9B4C28,C2B1BF766B95CF7B8B381357F6C376461B58DEB8,2020-10-08 13:53:33.916000,2020-10-08 13:53:35.818000
a2h6n7mhqyp7u2fv,failed,not_found,248,B340E3BA587E36462D8DE44DAE0F7CAB6748F064,3033FD18BBD658C5ECE926FB17D2269BFE337358,6940247E04C839D268543E7F62566A91E40567E3,C2A3F4315DEC7F4E31D18818E1002B0C6A2E5535,2020-10-08 13:53:35.819000,2020-10-08 13:53:45.642000
a2h6n7mhqyp7u2fv,failed,not_found,286,B340E3BA587E36462D8DE44DAE0F7CAB6748F064,C86C538EF0A24E010342F30DBCACC2A7EB7CA833,4E5C4ED5CC70E5A32B48392FF72CC4BE24937EDA,749EF4A434DFD00DAB31E93DE86233FB916D31E3,2020-10-08 13:53:45.643000,2020-10-08 13:53:47.044000
a2h6n7mhqyp7u2fv,failed,not_found,308,B340E3BA587E36462D8DE44DAE0F7CAB6748F064,4F0DB7E687FC7C0AE55C8F243DA8B0EB27FBF1F2,85041E7C5DF043B03F2C19421998F1751C002E49,74A19D86DDF63F1133B414B81F36E1F44640811F,2020-10-08 13:53:47.045000,2020-10-08 13:53:49.104000
ebu4qcxg5e4uucan,failed,not_found,33,B340E3BA587E36462D8DE44DAE0F7CAB6748F064,D079D6818926684C5979C18171FB18862A4A5792,E3D61BAEA0B7CB12CACEDC8821C520557BDFCEA3,0723AD6D05F2168ABF387025795A8D16EF02F20A,2020-10-08 13:53:30.615000,2020-10-08 13:53:32.194000
ebu4qcxg5e4uucan,failed,not_found,48,B340E3BA587E36462D8DE44DAE0F7CAB6748F064,BF37445EA2A9F3D04F4B87DFAC624AEF21B559D5,34979DBD475FFED9CF6556E349DDEDEE69104345,ED6AF8CE8CF4126A6F33572376B6D8977FED2DD9,2020-10-08 13:53:32.195000,2020-10-08 13:53:33.888000
ebu4qcxg5e4uucan,failed,not_found,68,B340E3BA587E36462D8DE44DAE0F7CAB6748F064,9B8BC7AB8792ED42DD9C5D7E8D02C38E60FBA381,E8D550E6ACFAAAF75A7A3672C55D5114882953C7,ED5CCD2E90E56B762CF54E118B99CC1835FFC2C1,2020-10-08 13:53:33.888000,2020-10-08 13:53:36.411000
ebu4qcxg5e4uucan,failed,not_found,106,B340E3BA587E36462D8DE44DAE0F7CAB6748F064,A5F835A8438D84C146DD540502AFF27F96E8F72E,5B01C6CDB3C889ABB310865FA34693F3C39D7DF4,0745857B06337B7F343635608975972A9EC14901,2020-10-08 13:53:36.411000,2020-10-08 13:53:38.197000
ebu4qcxg5e4uucan,failed,not_found,141,B340E3BA587E36462D8DE44DAE0F7CAB6748F064,A1B7C1F83E5DA4376FD2E1DBA7AC28A71AB332AD,32F3621E84AEE1A211DBE70B0EAB89E41A7A8B9F,075FDD85EF4B783BCC9040580168F1FC5576B101,2020-10-08 13:53:38.198000,2020-10-08 13:53:39.556000
ebu4qcxg5e4uucan,failed,not_found,165,B340E3BA587E36462D8DE44DAE0F7CAB6748F064,3151FB419FAB0FD86D7BE4F7DFD620E99E105D92,DC2B1E4348AF306326FA63EEDB76EA6139133485,ED664A0DB3B686FAAFEBD905DFFCE0E1981F3F1A,2020-10-08 13:53:39.557000,2020-10-08 13:53:41.349000
eo5k6yyccenhoqmt,failed,not_found,35,B340E3BA587E36462D8DE44DAE0F7CAB6748F064,503FCA0040D4701CED8078F0A38C3BFD4DB33CCE,8DCB526722FBE2B3F4C0CE9D020B0589170F8BDA,383D6E34D9BEA92E97092B134A708EEF476DF2E4,2020-10-08 13:53:30.638000,2020-10-08 13:53:33.934000
eo5k6yyccenhoqmt,failed,not_found,71,B340E3BA587E36462D8DE44DAE0F7CAB6748F064,235D3444236ABC28F412E93814F6B783200D4630,6C282D35C674A036B79B5F30E90D19B363D3DAB2,296B040F1537DC2E9D644D7FF41C912403E1AF8D,2020-10-08 13:53:33.934000,2020-10-08 13:53:35.785000
eo5k6yyccenhoqmt,failed,not_found,95,B340E3BA587E36462D8DE44DAE0F7CAB6748F064,3970FA79EC2752446D668ECD575354101C5E29AA,9EFF16EA25FF27BC438A3FBF23C5315E576467AF,383CFCF03B225B3EDCA519197BAA310A58CEAABC,2020-10-08 13:53:35.786000,2020-10-08 13:53:37.825000
eo5k6yyccenhoqmt,failed,not_found,137,B340E3BA587E36462D8DE44DAE0F7CAB6748F064,320DB7BEA72C058BA2EEF098BF1AEFBA29371BE0,0BC314281C83167F24C7CFCD68DE069B02A92345,296B2178FD742AB35AB20C9ADF04D5DFD3D407EB,2020-10-08 13:53:37.825000,2020-10-08 13:53:40.017000
eo5k6yyccenhoqmt,failed,not_found,175,B340E3BA587E36462D8DE44DAE0F7CAB6748F064,D814C3CA8115AC4FB753D3E0CF54FAFE2A5F0A6F,9171101E709ADE5881F5E2CA1100D4044B44263E,296DD68C9017BF7FC7CEC9ACB43A6FAA942408FF,2020-10-08 13:53:40.017000,2020-10-08 13:53:41.467000
eo5k6yyccenhoqmt,failed,not_found,200,B340E3BA587E36462D8DE44DAE0F7CAB6748F064,11DF0017A43AF1F08825CD5D973297F81AB00FF3,D5039E1EBFD96D9A3F9846BF99EC9F75EDDE902A,383882E740FC9214A21A60E8D4B10A220272113B,2020-10-08 13:53:41.467000,2020-10-08 13:53:43.191000
dfkm3thn4nj2mxxf,failed,not_found,36,B340E3BA587E36462D8DE44DAE0F7CAB6748F064,BBD1B1A22695396C75DFF338A8FF7A12804A607A,7A3E534C033E3836BD5AF223B642853C502AB33A,0882440874034AFBE2FBF16463A290F3278E24F7,2020-10-08 13:53:30.656000,2020-10-08 13:53:33.752000
dfkm3thn4nj2mxxf,failed,not_found,55,B340E3BA587E36462D8DE44DAE0F7CAB6748F064,599A708756048993A1029B2775EEF8C9E40BB640,04A28A62F27D9C4A60F9ED0C4264E98B988C65A3,AB4761E23AF511E8306E95E78F7E82F77B2E487F,2020-10-08 13:53:33.753000,2020-10-08 13:53:35.101000
dfkm3thn4nj2mxxf,failed,not_found,63,B340E3BA587E36462D8DE44DAE0F7CAB6748F064,46DB63F7AA9CFCB55BB9C93DDC573C763977BA69,5DB9AE27A44EB7B476CC04A66C67A71C97A001E6,AB2DDDA35F3F2D6B9EF654053E192F04850A569A,2020-10-08 13:53:35.101000,2020-10-08 13:53:36.108000
dfkm3thn4nj2mxxf,failed,not_found,99,B340E3BA587E36462D8DE44DAE0F7CAB6748F064,31D270A38505D4BFBBCABF717E9FB4BCA6DDF2FF,104DC15ACFA69CF94F89E8ED0F6CDB2D298234D2,AB3227DB470B17883D24D830EA84EBFBDC7D5815,2020-10-08 13:53:36.109000,2020-10-08 13:53:37.643000
dfkm3thn4nj2mxxf,failed,not_found,129,B340E3BA587E36462D8DE44DAE0F7CAB6748F064,EB556E9126600C24E0186280EF92D4F2B54EAF27,A0F39D32028CEC7F35419E9570401DE15B1B4564,0869EA503377C702669BC75DD7A59094658DFA08,2020-10-08 13:53:37.644000,2020-10-08 13:53:38.882000
dfkm3thn4nj2mxxf,failed,not_found,150,B340E3BA587E36462D8DE44DAE0F7CAB6748F064,3B5C6ED2C1DECEB32BF1AD9B7B272F4CE9CE0656,EDC579FF076E841057F4F34150596E1572323077,088A6237EED87EDEB0E1E3AD0A4A419F963F0787,2020-10-08 13:53:38.883000,2020-10-08 13:53:40.054000
dstiiwyygixtm6of,failed,not_found,40,B340E3BA587E36462D8DE44DAE0F7CAB6748F064,9EB3FD84065E5622A57EFEF14E41A01B5B99A022,85DAAD9E218754DEC27F90DA3952F44D6D434AEB,AEA8C3366E0FA2DE560E66C3B7A46C509CFF9890,2020-10-08 13:53:31.400000,2020-10-08 13:53:33.993000
dstiiwyygixtm6of,failed,not_found,72,B340E3BA587E36462D8DE44DAE0F7CAB6748F064,856DAB2FDC9EED88A27BE2265FA6BD5489EF178E,1FACCFD929EA87BEC4A25A73BAEF923016CA8369,24A17A4C1FA8C2108ACDE3BE681B0731384BF3A5,2020-10-08 13:53:33.993000,2020-10-08 13:53:35.797000
dstiiwyygixtm6of,failed,not_found,96,B340E3BA587E36462D8DE44DAE0F7CAB6748F064,D7230F4F13324A28C308AF94E2385D0A7F1B05F9,6B5508FD5E31F98A1E74DB6B2087A93F1E0658F1,AE9377C75CE822E839F15F74C9F346E68D7DB488,2020-10-08 13:53:35.797000,2020-10-08 13:53:37.284000
dstiiwyygixtm6of,failed,not_found,119,B340E3BA587E36462D8DE44DAE0F7CAB6748F064,2BA2C8E96B2590E1072AECE2BDB5C48921BF8510,8A57DA2FFB5BA49C041EDE1A095E33E86EA756CC,24AF1603CDF4D118E1F7AEBF680C18BDA5E8F793,2020-10-08 13:53:37.284000,2020-10-08 13:53:39.696000
dstiiwyygixtm6of,failed,not_found,170,B340E3BA587E36462D8DE44DAE0F7CAB6748F064,E185A006CD1ED8BBCC80193E891E9B392BF0A8EC,C49A177510CAA653DA6727BF0E07FB7F56A0F09D,AE95BDA37A5BB4685FEBB7F06649D6CE949B5316,2020-10-08 13:53:39.696000,2020-10-08 13:53:41.301000
dstiiwyygixtm6of,failed,not_found,194,B340E3BA587E36462D8DE44DAE0F7CAB6748F064,5FB384605F53DCBF1CB02143D318DA3E8EE38A24,022A5535F42B1A9F9AA755C4EAB5F36FEF9781D8,24592DB1CDA066CDCA41F6403CED661839CDE223,2020-10-08 13:53:41.302000,2020-10-08 13:53:42.638000
4bgejdwzzg272blj,failed,not_found,41,B340E3BA587E36462D8DE44DAE0F7CAB6748F064,DB7564CC6C0A38B40BAE93755884B9B01165BE06,41A3C16269C7B63DB6EB741DBDDB4E1F586B1592,AFFD147DBCC065A5CEF7258BC1367CC35855A431,2020-10-08 13:53:31.420000,2020-10-08 13:53:33.876000
4bgejdwzzg272blj,failed,not_found,67,B340E3BA587E36462D8DE44DAE0F7CAB6748F064,9A48EC8AAFB2E8C9E20408596383DB74F1196747,3D5D6178C44537E3692853B344385F6572A55767,B00B6BA943600447CF72D58DB7A35B16754E43C8,2020-10-08 13:53:33.876000,2020-10-08 13:53:35.645000
4bgejdwzzg272blj,failed,not_found,91,B340E3BA587E36462D8DE44DAE0F7CAB6748F064,5820D7E2CC290462233845BA807D616494CF0D7D,A59AD84F92B2E5A76EBFE3BE62D3B28AF9BFD127,E4D1F25DFBE484208866BA4A1A958B73127CB0AD,2020-10-08 13:53:35.645000,2020-10-08 13:53:37.871000
4bgejdwzzg272blj,failed,not_found,139,B340E3BA587E36462D8DE44DAE0F7CAB6748F064,58D4BC985B8B620EED0AB54DA7AE46E1C100BC0C,F836446663F1EB816F13708955F105D0B2F5C8E0,B01B34325F53E344AC2D5D1EB78AA1AC73FC8683,2020-10-08 13:53:37.872000,2020-10-08 13:53:40.086000
4bgejdwzzg272blj,failed,not_found,177,B340E3BA587E36462D8DE44DAE0F7CAB6748F064,BA856D21B1A22CAE677A712DA4C9F0852D799DF8,D87A947A2405C41208C57D32ED1D0CA2EBE93AF6,E4E27D80236B421FAEA25797495B57E36FF9F7C2,2020-10-08 13:53:40.087000,2020-10-08 13:53:42.533000
4bgejdwzzg272blj,failed,not_found,224,B340E3BA587E36462D8DE44DAE0F7CAB6748F064,9F29D0DD4AEB62E742BDAEEF2DFD3BDD76953403,CBBA40F7D9F284F47A243EE2C081E96682741D22,E4CB7449182806088DCD6A707F45809F0694A50A,2020-10-08 13:53:42.534000,2020-10-08 13:53:45.576000
3yn2jo4udhb6l5ka,failed,not_found,42,B340E3BA587E36462D8DE44DAE0F7CAB6748F064,C8C46E3E4F00A92C344B367E45F9D63EBB831DE1,43FF3346A3F8E4ED27F631DC956C4CD8D6173D7A,DF2A241897F04A7D0C2A195D81E0CB1271AD5B6F,2020-10-08 13:53:31.462000,2020-10-08 13:53:33.534000
3yn2jo4udhb6l5ka,failed,not_found,62,B340E3BA587E36462D8DE44DAE0F7CAB6748F064,B0A63BC3FDA67A7ADD1BE08BAA8309C4B204D29B,987DA228984796145168ADF84F267F76D445D89D,DF3D6CBDF643522830C80FAB1039878A468490D7,2020-10-08 13:53:33.534000,2020-10-08 13:53:35.260000
3yn2jo4udhb6l5ka,failed,not_found,85,B340E3BA587E36462D8DE44DAE0F7CAB6748F064,2D418A89F79DB4A8E658BA549FBB974D1D22DD1A,3EDD00245D93664A33A724BA377150E5531ED033,A8503903F97FF27F5D1C3CA38817329F581925E6,2020-10-08 13:53:35.261000,2020-10-08 13:53:36.895000
3yn2jo4udhb6l5ka,failed,not_found,184,B340E3BA587E36462D8DE44DAE0F7CAB6748F064,AE17FAAF8F302A506AF2167666EC62882804403F,090885B97A4459B7B7B03B67029DE4CA6C3516FE,A86EC24F5B8B964F67AC7C27CE92842025983274,2020-10-08 13:53:36.896000,2020-10-08 13:53:41.830000
3yn2jo4udhb6l5ka,failed,not_found,211,B340E3BA587E36462D8DE44DAE0F7CAB6748F064,0289A02185EE16A12E8701563F72EAD3EE225B93,75EE3430CEF7744EA1E35607881B27581EB15880,DF390860B5610B8E99C5A78B4099A3705CD36B17,2020-10-08 13:53:41.831000,2020-10-08 13:53:43.600000
3yn2jo4udhb6l5ka,failed,not_found,247,B340E3BA587E36462D8DE44DAE0F7CAB6748F064,A2FB8752350D0DC03129566E197DFD7C4B3205AA,645C3F0545E0975A49F69EC272C0C3EA28586825,A868303126987902D51F2B6F06DD90038C45B119,2020-10-08 13:53:43.600000,2020-10-08 13:53:46.221000
24k4cvp47typzdjg,failed,not_found,52,B340E3BA587E36462D8DE44DAE0F7CAB6748F064,FD969C3C4C9869228D03F3D7540CCFD14889B2E8,3FF98DEAC200C24A02FA92784F677FF74AA4E5C8,910842202572BBB890692971614758AD9F3FEBD7,2020-10-08 13:53:32.402000,2020-10-08 13:53:34.592000
24k4cvp47typzdjg,failed,not_found,78,B340E3BA587E36462D8DE44DAE0F7CAB6748F064,94F16DA2BDDBA092954FF8EC29F9234A69949403,EF5720EDBF48E1AD04300EDE0906975E6F34926C,550F8C238D36F6117F319817CC3BF16D23FC8555,2020-10-08 13:53:34.592000,2020-10-08 13:53:36.342000
24k4cvp47typzdjg,failed,not_found,93,B340E3BA587E36462D8DE44DAE0F7CAB6748F064,6DFEB41C04CCE846871338E85DD5ACF5CFB6C1DD,3E53D3979DB07EFD736661C934A1DED14127B684,912709C7F560CC3E9FE9604B58D598B1BFAED8C7,2020-10-08 13:53:36.342000,2020-10-08 13:53:37.103000
24k4cvp47typzdjg,failed,not_found,118,B340E3BA587E36462D8DE44DAE0F7CAB6748F064,5A14FBBBAF842124A0AF3C650F4302C5B549AB17,2CE96A8A1DA032664C90F574AFFBECE18A6E8DFC,90FD830C357A5109AB3C505287713F1AC811174C,2020-10-08 13:53:37.103000,2020-10-08 13:53:38.975000
24k4cvp47typzdjg,failed,not_found,154,B340E3BA587E36462D8DE44DAE0F7CAB6748F064,0C6D3655763B1A3A60FC42135CD60765AFE953BA,02A29A2F958211F9BB5821153296EFFED900ECC6,54F5D800DD9783FCF2200E80EF3D1A867A3F6D6B,2020-10-08 13:53:38.976000,2020-10-08 13:53:40.940000
24k4cvp47typzdjg,failed,not_found,190,B340E3BA587E36462D8DE44DAE0F7CAB6748F064,1E5618C079D74CF9AE0C5370DE4C6E1AFD5C0B39,F244C5F5DDE2F29CA1F88E4C9F9FACCC48BCA857,54FF87E18CF4B351BB078A640A4DC5265969485E,2020-10-08 13:53:40.940000,2020-10-08 13:53:42.272000
43mwbpe4qluoo6vk,failed,not_found,53,B340E3BA587E36462D8DE44DAE0F7CAB6748F064,6FF440DFB1D0697B942357D747900CC308DD57CC,C2E3E1A73D46982994551380919F08EC5021A908,E20A99DE17D99F73D888C7D33C46807B71A197FB,2020-10-08 13:53:32.418000,2020-10-08 13:53:33.993000
43mwbpe4qluoo6vk,failed,not_found,73,B340E3BA587E36462D8DE44DAE0F7CAB6748F064,5790B62AD6C79A1092B30993A8F0F7F23A969FD6,32EE911D968BE3E016ECA572BB1ED0A9EE43FC2F,C9B68C802CA20C3E4FA46D77153D6EDC80F13CF5,2020-10-08 13:53:33.993000,2020-10-08 13:53:36.042000
43mwbpe4qluoo6vk,failed,not_found,98,B340E3BA587E36462D8DE44DAE0F7CAB6748F064,12CF6DB4DAE106206D6C6B09988E865C0509843B,2715B8C9FA7789751FA506EF5EA3D8BD61AA7D24,C9B34ABF2C30DA56BD006B7B42610098072BEF4C,2020-10-08 13:53:36.042000,2020-10-08 13:53:37.785000
43mwbpe4qluoo6vk,failed,not_found,136,B340E3BA587E36462D8DE44DAE0F7CAB6748F064,2F2710152A2344B1DE3EF619E85CB1B298643D27,0B25110BA3473A6DC04AB58A3A0D5E4D6922A0E0,C9B16B5D37F531C8C6C0281E4EC4F056E84541D0,2020-10-08 13:53:37.785000,2020-10-08 13:53:40.249000
43mwbpe4qluoo6vk,failed,not_found,180,B340E3BA587E36462D8DE44DAE0F7CAB6748F064,7EF6E998564211FB86881FEA2627AA9119BD9842,724E86E7F5DA715529DC0ECAA013AE4BDC680E4C,E233F3609689B34A86B15ECEB6DE7B51AA311704,2020-10-08 13:53:40.249000,2020-10-08 13:53:42.334000
43mwbpe4qluoo6vk,failed,not_found,218,B340E3BA587E36462D8DE44DAE0F7CAB6748F064,79E3B585803DE805CCBC00C1EF36B1E74372861D,4B91F01219B985251EE3F5079D08D598324C3A9F,E235941C8403FB63EC91436FA4DCF6B020EB51A2,2020-10-08 13:53:42.334000,2020-10-08 13:53:43.990000
eq36osguafdalzfp,failed,not_found,45,B340E3BA587E36462D8DE44DAE0F7CAB6748F064,898AA9A17ECBB05FEA4FE7418BD1C64F45D9A614,13F1229C41B8A67F4AB949A3AFA5E6F39EF68BFC,616081EC829593AF4232550DE6FFAA1D75B37A90,2020-10-08 13:53:32.461000,2020-10-08 13:53:36.484000
eq36osguafdalzfp,failed,not_found,110,B340E3BA587E36462D8DE44DAE0F7CAB6748F064,FC1E441E097BA36930AA2F615EFB325AF76D2595,24F97F98C45E4754655BE66799049763DAEE99CE,615ABEA2DE76EB3760BC51E7306BAA59F15CD8F2,2020-10-08 13:53:36.484000,2020-10-08 13:53:37.695000
eq36osguafdalzfp,failed,not_found,135,B340E3BA587E36462D8DE44DAE0F7CAB6748F064,B2D42C51C415C1AB3A4DA3F1A8FC3615B55380D7,6E4B0D429CD87AB6C25D72E298294C583FF8BA4A,614094CAF0701EB568106E60EC12A785E704AE0F,2020-10-08 13:53:37.695000,2020-10-08 13:53:38.949000
eq36osguafdalzfp,failed,not_found,152,B340E3BA587E36462D8DE44DAE0F7CAB6748F064,78B98D12997EDD630F6A674CBF42F20711DEAC11,CB21756D213C09812ED2B03DC111CDE937387F9D,CACD9D63B759B35555D8C965A3E01071E9DFB44C,2020-10-08 13:53:38.949000,2020-10-08 13:53:41.414000
eq36osguafdalzfp,failed,not_found,196,B340E3BA587E36462D8DE44DAE0F7CAB6748F064,D87A947A2405C41208C57D32ED1D0CA2EBE93AF6,624B7391B9790E7CD2AF6A7238239BA3D6928A57,CAFC3C7E9C1BDBEA98D52E01F10D596A09222C1E,2020-10-08 13:53:41.414000,2020-10-08 13:53:43.401000
eq36osguafdalzfp,failed,not_found,283,B340E3BA587E36462D8DE44DAE0F7CAB6748F064,ADC4E832DC8A3D9242FFA6424A99BD55EBA1403B,BDD94BBC7D41447144816E2DD3150C3BF9D6D941,CAF57EB30FD17389954C9F2B43026734F80E39C0,2020-10-08 13:53:43.401000,2020-10-08 13:53:47.139000
faddoy2iyflg6nse,failed,not_found,58,B340E3BA587E36462D8DE44DAE0F7CAB6748F064,856DAB2FDC9EED88A27BE2265FA6BD5489EF178E,AE95BDA37A5BB4685FEBB7F06649D6CE949B5316,098D9CF7568D27A8288FA4BB3819A99913315D6E,2020-10-08 13:53:33.402000,2020-10-08 13:53:35.238000
faddoy2iyflg6nse,failed,not_found,84,B340E3BA587E36462D8DE44DAE0F7CAB6748F064,340B09ACCF45A98711ABB067820E25A2F21452C6,D5C6F62A5D1B3C711CA5E6F9D3772A432E96F6C2,EE9D3B42647A151A482C7C1D40AAF00D06F0804D,2020-10-08 13:53:35.238000,2020-10-08 13:53:36.675000
faddoy2iyflg6nse,failed,not_found,113,B340E3BA587E36462D8DE44DAE0F7CAB6748F064,235D3444236ABC28F412E93814F6B783200D4630,87EA8B42136D1F9014BE377B2B985459D19E6E70,098B3457ABA31AD65A3AF47F61B623E35B3FAB2D,2020-10-08 13:53:36.676000,2020-10-08 13:53:38.381000
faddoy2iyflg6nse,failed,not_found,142,B340E3BA587E36462D8DE44DAE0F7CAB6748F064,60A5547B2203DD2E148EF9BDD6FF3891081C5DF4,2BAF092E8667C00CA3D9686C76D8EC3CC6BC7C5B,094E8D02087FD6C516294EE19257D8B78038F417,2020-10-08 13:53:38.381000,2020-10-08 13:53:40.654000
faddoy2iyflg6nse,failed,not_found,188,B340E3BA587E36462D8DE44DAE0F7CAB6748F064,EAA088440B100FF8407266B5D4853FFB16A8CB67,6ED48ED0DD8CB8C626FFD8597C01F2D43AEE8D01,EEB8F7554A54A96B51245AB47EB7B7DD99A98493,2020-10-08 13:53:40.654000,2020-10-08 13:53:42.497000
faddoy2iyflg6nse,failed,not_found,222,B340E3BA587E36462D8DE44DAE0F7CAB6748F064,8404E8B8AAB98208FAEFB1727B637133AD9C6FAF,76D2EBA82BBCCA3DF9F254A9A8372A10A26F3D14,EEA500A216DAA83E7815F2C46786652935FD7351,2020-10-08 13:53:42.498000,2020-10-08 13:53:44.257000
57o6rjbolr2tptg7,failed,not_found,59,B340E3BA587E36462D8DE44DAE0F7CAB6748F064,03FC5C52D9A4577F28762E7BE642BB5A8F1E9803,6ED48ED0DD8CB8C626FFD8597C01F2D43AEE8D01,950134F4ABA3291EEE4E7A2F26546DB7070776A4,2020-10-08 13:53:33.411000,2020-10-08 13:53:35.646000
57o6rjbolr2tptg7,failed,not_found,92,B340E3BA587E36462D8DE44DAE0F7CAB6748F064,8E7ACAD878BBD61097C0E0D557160F5D59BCE5CA,F17B5CE022C164202A00B3669EFCAB72CF80B93C,C90CA3B7FE01A146B8268D56977DC4A2C024B9EA,2020-10-08 13:53:35.646000,2020-10-08 13:53:37.694000
57o6rjbolr2tptg7,failed,not_found,134,B340E3BA587E36462D8DE44DAE0F7CAB6748F064,F5C3DA7642BB037E0D279359AE88CD7FC03A98A0,5CFC486780CBD4446B764E51608D6574003B350D,94F367A130296C9EB92BE32E25AAEB7F227DE0D6,2020-10-08 13:53:37.694000,2020-10-08 13:53:39.269000
57o6rjbolr2tptg7,failed,not_found,156,B340E3BA587E36462D8DE44DAE0F7CAB6748F064,F4A4D78F16E9A0353AD5BBEF4632C7022E20FB20,3D615DEF97F387631F50201FAFA6E7B67FDF3FEF,94EC34B871936504BE70671B44760BC99242E1F3,2020-10-08 13:53:39.270000,2020-10-08 13:53:40.845000
57o6rjbolr2tptg7,failed,not_found,213,B340E3BA587E36462D8DE44DAE0F7CAB6748F064,CDAF0B74C45FD5B1955198A8D92C8A518A53D07B,A53569CB333E9895A44954700CC07D2135801518,C8F6F6C1834454F1E927A4A05E8E54EB623D4B73,2020-10-08 13:53:40.846000,2020-10-08 13:53:43.426000
57o6rjbolr2tptg7,failed,not_found,240,B340E3BA587E36462D8DE44DAE0F7CAB6748F064,BEE59851195B09DFC88D8F1F31F9FABC7171FAAD,76AD361FCE919199F4064A872B666A1FF19A1EA4,C8FB78B704A62F01CDBC90004783D3C227874028,2020-10-08 13:53:43.427000,2020-10-08 13:53:46.162000
o5kgfsl5ujrw57zm,failed,not_found,65,B340E3BA587E36462D8DE44DAE0F7CAB6748F064,695D811B130673C2DE8DCFC5A9E742790BD25066,9EA4649400C7D35E20C734FA737CF615E925F1E4,DA7D794AC20E958D64E3292E36F36F0434F149F2,2020-10-08 13:53:33.420000,2020-10-08 13:53:35.551000
o5kgfsl5ujrw57zm,failed,not_found,90,B340E3BA587E36462D8DE44DAE0F7CAB6748F064,A9D89B917949768C0AE20CD008F2F70898BF79A3,98AEF7B834D688773CE2BCC5A32761A4943CF623,DA77AAFE0CC38DB958432B45910F47714D614AA8,2020-10-08 13:53:35.551000,2020-10-08 13:53:37.660000
o5kgfsl5ujrw57zm,failed,not_found,131,B340E3BA587E36462D8DE44DAE0F7CAB6748F064,CF6A6080091BB210AA3892FEFE2F6A396DA08DF3,F22994A92E95CE03140117EAAD0ADBC2E2ADF94D,DA7D2CB21D73D19469A6EDA3A935DB6A7629B317,2020-10-08 13:53:37.660000,2020-10-08 13:53:39.742000
o5kgfsl5ujrw57zm,failed,not_found,171,B340E3BA587E36462D8DE44DAE0F7CAB6748F064,D710B8449C8EC4E3ED55B8C7483B6445ED9A0DBB,DD0C8EEC5CA402A9FA4478F10C31A440F71F6885,7574975BA76DE0726231FC916DD70B09B3824CE5,2020-10-08 13:53:39.742000,2020-10-08 13:53:41.530000
o5kgfsl5ujrw57zm,failed,not_found,201,B340E3BA587E36462D8DE44DAE0F7CAB6748F064,F5C3DA7642BB037E0D279359AE88CD7FC03A98A0,12B1A5769D38FF47CF68C2235E1BDA315DF400F2,757629B0720ACB8762A3D06E1BC66F6C59A4E55F,2020-10-08 13:53:41.530000,2020-10-08 13:53:43.348000
o5kgfsl5ujrw57zm,failed,not_found,236,B340E3BA587E36462D8DE44DAE0F7CAB6748F064,9A7417BA401B8C7EFDE24945E18145A1EDA730E7,1CD48F4ED0F1821FFBF1940802A13EEFD4C27502,756A8DD40D4166E2863064C98069411559B16887,2020-10-08 13:53:43.348000,2020-10-08 13:53:45.005000
5zu6iahtigrnunxk,failed,not_found,75,B340E3BA587E36462D8DE44DAE0F7CAB6748F064,66BD39FE805AED414ADE400CAAD862C9CC3AC34E,A59AD84F92B2E5A76EBFE3BE62D3B28AF9BFD127,9C1E47FF205F349D69D569AE7ED15366A5554A46,2020-10-08 13:53:34.402000,2020-10-08 13:53:35.696000
5zu6iahtigrnunxk,failed,not_found,94,B340E3BA587E36462D8DE44DAE0F7CAB6748F064,03910F285A33F365838EC66EF2C2EF754D046760,58A9921DD0A1389356634625C5B14ACC1194A95C,F27F9D7FC6D46E0F91533C68B572347435797CB0,2020-10-08 13:53:35.696000,2020-10-08 13:53:37.369000
5zu6iahtigrnunxk,failed,not_found,121,B340E3BA587E36462D8DE44DAE0F7CAB6748F064,78F12E7864036694C483B5EC501FA9785177673E,005079A42356183CEA5A3ADD239303F44F12E7EA,9C1559C46AD0279EEF6FD187E1B27D939C303086,2020-10-08 13:53:37.370000,2020-10-08 13:53:39.878000
5zu6iahtigrnunxk,failed,not_found,174,B340E3BA587E36462D8DE44DAE0F7CAB6748F064,38CC95A8CE92A591D4A5779359BEFFBA13FA1B88,63B32F7E5389E8DBC5E1BCEFE48312DA7CCEF5D6,F2899981E3A601A7B2DDC7DDE02C248069704D9F,2020-10-08 13:53:39.878000,2020-10-08 13:53:41.560000
5zu6iahtigrnunxk,failed,not_found,203,B340E3BA587E36462D8DE44DAE0F7CAB6748F064,BF37445EA2A9F3D04F4B87DFAC624AEF21B559D5,F94A7BAC5D1E3D9372437141E10695A625B8B533,9C1E7D92115D431385B8CAEA6A7C15FB89CE236B,2020-10-08 13:53:41.560000,2020-10-08 13:53:43.325000
5zu6iahtigrnunxk,failed,not_found,234,B340E3BA587E36462D8DE44DAE0F7CAB6748F064,43C83536DACCD110FF11E049A890064F6F87BEB2,0EB07340EF2D1608FC16F6268E1DA0C532EB3D11,F263F4F57A20D8C19E9F9C84150C60F7A49F2DB5,2020-10-08 13:53:43.325000,2020-10-08 13:53:45.004000
zlkga2xh5426kkkc,failed,not_found,76,B340E3BA587E36462D8DE44DAE0F7CAB6748F064,587B1EAF1E22E148EFB010DAA337ACDCD4DB5CBA,00EAAFDC05DCD6EBD1E06E0B4F1F35D16DF0BA80,8B64F593CAC2ED05C0FA703AEF50FF71925B569C,2020-10-08 13:53:34.413000,2020-10-08 13:53:36.128000
zlkga2xh5426kkkc,failed,not_found,102,B340E3BA587E36462D8DE44DAE0F7CAB6748F064,213F2B4AB09EE6FF8CA21B804B2E1BD8835088D3,9149A87E1C8AD684494580FBB3F65AD131A77C56,8B7C64EC9D8209C142530B3488050B85D55D69D6,2020-10-08 13:53:36.128000,2020-10-08 13:53:37.644000
zlkga2xh5426kkkc,failed,not_found,130,B340E3BA587E36462D8DE44DAE0F7CAB6748F064,B0B26AEDB0D1E21EA8E06530CAAD953B464286FB,69534B8B5FCCD0BF1124945B1D0F5A35FB0A3542,8B80169BEF71450FC4069A190853523B7AEA45E1,2020-10-08 13:53:37.644000,2020-10-08 13:53:39.455000
zlkga2xh5426kkkc,failed,not_found,147,B340E3BA587E36462D8DE44DAE0F7CAB6748F064,1BC78DF308807DDD6F3C06488BD88AF2B04BA9C7,94890F37CE0CD5D020773CA7A0E397AA592E5AF3,55D490E9E440DD4458F16ABCDD79F48396D55EA9,2020-10-08 13:53:39.455000,2020-10-08 13:53:40.162000
zlkga2xh5426kkkc,failed,not_found,178,B340E3BA587E36462D8DE44DAE0F7CAB6748F064,3BB035514F8246AC367B5370F4FE120BB11D8C6D,A1915DFA36B3EF33DCC9021ACF1A955C51BF0979,55B5A9DB9C2B57C035437A3CC52A6B11D877CBDD,2020-10-08 13:53:40.162000,2020-10-08 13:53:41.930000
zlkga2xh5426kkkc,failed,not_found,214,B340E3BA587E36462D8DE44DAE0F7CAB6748F064,F3DF2415A5ECFB57835CF7E629C3AD0E1DA6732B,AC5CECEF6AF649F2A7F047D102FE9B461DA9234E,55BEC1032A3C66AE5ABF26D11505352318736D45,2020-10-08 13:53:41.930000,2020-10-08 13:53:43.566000
qmdzmmz4koe53nvv,failed,not_found,77,B340E3BA587E36462D8DE44DAE0F7CAB6748F064,3660D91C4DC0F7009B63539666AD09EE4F474427,09A70E396DE93F54D4541BBB0EC8E2B23761F34F,43FF3346A3F8E4ED27F631DC956C4CD8D6173D7A,2020-10-08 13:53:34.422000,2020-10-08 13:53:36.472000
qmdzmmz4koe53nvv,failed,not_found,109,B340E3BA587E36462D8DE44DAE0F7CAB6748F064,5DB9AE27A44EB7B476CC04A66C67A71C97A001E6,98E793DE91D00D3BA38286D23A45133B24B799CF,FB43FC51B932F6A8FD75AFBBB45FDD19955889DB,2020-10-08 13:53:36.472000,2020-10-08 13:53:37.737000
qmdzmmz4koe53nvv,failed,not_found,112,B340E3BA587E36462D8DE44DAE0F7CAB6748F064,3A8557B067FBE53F168BBEAA7D14D1298AE52A52,741BD468A18B922A75639FDA6ABE369C080B8B87,4415B0667DE7347C16133DED0477ED82A90FA4EE,2020-10-08 13:53:37.738000,2020-10-08 13:53:38.867000
qmdzmmz4koe53nvv,failed,not_found,149,B340E3BA587E36462D8DE44DAE0F7CAB6748F064,F935633F907506C3327C9CEE2B7F39A54B88C375,69534B8B5FCCD0BF1124945B1D0F5A35FB0A3542,443114A8673927436BC3F8FCFE6E08B16B1D5F86,2020-10-08 13:53:38.868000,2020-10-08 13:53:40.420000
qmdzmmz4koe53nvv,failed,not_found,187,B340E3BA587E36462D8DE44DAE0F7CAB6748F064,B1E34EA2AC156AAAA0A1BE2E4F2A38A728891062,FCD52578ED1DA778B918D3E6B95068542203D20F,FB4BC8A17AD016963AA34EB98060F475DBB2DD9D,2020-10-08 13:53:40.421000,2020-10-08 13:53:42.063000
qmdzmmz4koe53nvv,failed,not_found,216,B340E3BA587E36462D8DE44DAE0F7CAB6748F064,4586DF1934953F38206B5117237F79C1C8797FC4,EA43347E0DA7CEDD595029B511066628C7C8A653,FB52C73C8B728ABDE014DB30DC53D160A71E5708,2020-10-08 13:53:42.063000,2020-10-08 13:53:43.553000
jy35ea47izg2j7rf,failed,not_found,87,B340E3BA587E36462D8DE44DAE0F7CAB6748F064,9E4CC64C4F94C359D43C5BA09094323FDBEFD975,97B7BA747B62A9962DEDCE404FF33106D4032F91,AC75BB0CC3E5CACA5A61972EC294B9F5C6A7EE61,2020-10-08 13:53:35.404000,2020-10-08 13:53:37.078000
jy35ea47izg2j7rf,failed,not_found,185,B340E3BA587E36462D8DE44DAE0F7CAB6748F064,D0D93D5E8B46BD72B68617B402E2DBC16F8AA040,1DCF836305FB953BAAA19D4BDFFE9D2CAC8057D4,AC898F652D60F9CBD872D102DE1848AED94A77B2,2020-10-08 13:53:37.078000,2020-10-08 13:53:43.118000
jy35ea47izg2j7rf,failed,not_found,230,B340E3BA587E36462D8DE44DAE0F7CAB6748F064,A212DA5DAF940D8CA63064926A1B0FF035DDCE02,6E4B0D429CD87AB6C25D72E298294C583FF8BA4A,ACAE2A7000B2BEB08704AAA0A2DDCADD68E58A63,2020-10-08 13:53:43.119000,2020-10-08 13:53:44.548000
jy35ea47izg2j7rf,failed,not_found,265,B340E3BA587E36462D8DE44DAE0F7CAB6748F064,101C18886B30BB23B36CBAAD159261188852E112,067ECF198238BD14B0CFE24899475A53A94E14EC,6270D21D6CEF0A4B1ABEA0730983AAE08126701A,2020-10-08 13:53:44.549000,2020-10-08 13:53:47.043000
jy35ea47izg2j7rf,failed,not_found,307,B340E3BA587E36462D8DE44DAE0F7CAB6748F064,17ABA734572DBB1050CF3800F0DD145BAE7ED9A7,2BA2C8E96B2590E1072AECE2BDB5C48921BF8510,62712B2C24A169B24336CD2FE2BE55DA67476C8B,2020-10-08 13:53:47.043000,2020-10-08 13:53:49.083000
jy35ea47izg2j7rf,failed,not_found,470,B340E3BA587E36462D8DE44DAE0F7CAB6748F064,CD46CDD4643FA30AC10D17A3872B560B4E17F048,81E18725397D620DA548ABBE24D9CD263DEF2FDC,6287129CB9EC475E816A0D283FE4E45D632A4A4B,2020-10-08 13:53:49.084000,2020-10-08 13:53:56.950000
mjfdlk6yvp4uiz5q,failed,not_found,88,B340E3BA587E36462D8DE44DAE0F7CAB6748F064,56781CCC9F6D29FEA148799AB588429C893A473C,E46C3F0533709EE2112874B13A4FE3868B33E75E,A4E7318199A347B70E85B4C8581E608CAEDAD8AC,2020-10-08 13:53:35.420000,2020-10-08 13:53:37.332000
mjfdlk6yvp4uiz5q,failed,not_found,176,B340E3BA587E36462D8DE44DAE0F7CAB6748F064,A397CF83A1E1D66EAC5F437E47B6882A2FB473E4,9BA9334DA769A7C96D464F9EA38A970088B6FECB,A4DEEE8F4467621C0A3CB7F4E25CB6F7A11FAEE4,2020-10-08 13:53:37.332000,2020-10-08 13:53:41.776000
mjfdlk6yvp4uiz5q,failed,not_found,209,B340E3BA587E36462D8DE44DAE0F7CAB6748F064,463EC48C759132EBF7C1A5BCA3500EA0AC8FF998,CB2DBDB2D9422D57AD85148EF9511AF4CE4D6052,A4E120350425BAD920307FFA74440F95D0172302,2020-10-08 13:53:41.777000,2020-10-08 13:53:43.552000
mjfdlk6yvp4uiz5q,failed,not_found,245,B340E3BA587E36462D8DE44DAE0F7CAB6748F064,E130296683B896A117CE5DA531A5645644178734,6DA5D1B9B239501838E19CC0ACBAFAE737AEEC5B,D7E1B4F504FC22027FA06BA5F1F0F59C24FA2912,2020-10-08 13:53:43.552000,2020-10-08 13:53:45.161000
mjfdlk6yvp4uiz5q,failed,not_found,271,B340E3BA587E36462D8DE44DAE0F7CAB6748F064,20FD9F93C8C67E198929FD9A0B8ED84134877FBB,022A5535F42B1A9F9AA755C4EAB5F36FEF9781D8,D7A80E95892AAF51FF24CF7C2CE49311931B55F7,2020-10-08 13:53:45.162000,2020-10-08 13:53:47.987000
mjfdlk6yvp4uiz5q,failed,not_found,330,B340E3BA587E36462D8DE44DAE0F7CAB6748F064,21C9D9F1633246269DEB84A79495E85C07E8466D,2FFE5FAF70D20E76B0474AE9E40C2A0B53F8D9F0,D7DB8E82604F806766FC3F80213CF719A0481D0B,2020-10-08 13:53:47.987000,2020-10-08 13:53:49.821000
w4iyrrf7aeyck7zv,failed,not_found,89,B340E3BA587E36462D8DE44DAE0F7CAB6748F064,C8A95933320878FCAAACB331915E926BAF78A259,3E53D3979DB07EFD736661C934A1DED14127B684,38C36322890194015837A1085907DFA6AE3A9B00,2020-10-08 13:53:35.422000,2020-10-08 13:53:36.764000
w4iyrrf7aeyck7zv,failed,not_found,115,B340E3BA587E36462D8DE44DAE0F7CAB6748F064,C422F88699C18A4F299D834391B15F07DBE60625,138B95F9A10E8BEBA6B142ADAC7331765C61ACE4,E11FC7C83F417808A4CDD84A5ABFC112844C477A,2020-10-08 13:53:36.765000,2020-10-08 13:53:38.537000
w4iyrrf7aeyck7zv,failed,not_found,133,B340E3BA587E36462D8DE44DAE0F7CAB6748F064,63DE54637F349FD686CF1C036827B5BE826B9F7C,5FB384605F53DCBF1CB02143D318DA3E8EE38A24,38A42B8D7C0E6346F4A4821617740AEE86EA885B,2020-10-08 13:53:38.537000,2020-10-08 13:53:39.270000
w4iyrrf7aeyck7zv,failed,not_found,157,B340E3BA587E36462D8DE44DAE0F7CAB6748F064,BA694B8BDADA0A52D00E2FAE8A002CFD394A9A0C,ED3ACBBB89C5F1597A44A65D2FA203BDB8E208F2,E0F638ECCE918B5455CE29D2CD9ECC9DBD8F8B21,2020-10-08 13:53:39.270000,2020-10-08 13:53:41.532000
w4iyrrf7aeyck7zv,failed,not_found,202,B340E3BA587E36462D8DE44DAE0F7CAB6748F064,2BA2C8E96B2590E1072AECE2BDB5C48921BF8510,98138DFD3E2C8C89D8F5AB11EF9B6BFF272D83B4,38CC95A8CE92A591D4A5779359BEFFBA13FA1B88,2020-10-08 13:53:41.532000,2020-10-08 13:53:43.303000
w4iyrrf7aeyck7zv,failed,not_found,233,B340E3BA587E36462D8DE44DAE0F7CAB6748F064,8CC7474E0671B257AA821624F6B43D9B07CBDC89,EDC579FF076E841057F4F34150596E1572323077,E130296683B896A117CE5DA531A5645644178734,2020-10-08 13:53:43.304000,2020-10-08 13:53:45.243000
pgczmf2u6ekq36nh,failed,not_found,105,B340E3BA587E36462D8DE44DAE0F7CAB6748F064,FB1FD9615AD351D773AF13B16E530DD41C81B8F2,64E257D94E739278D5954CC820C9D7EAC4E7A7B7,70FF4E669EC69F8E324537D05ADDAAED76303D8D,2020-10-08 13:53:36.408000,2020-10-08 13:53:37.615000
pgczmf2u6ekq36nh,failed,not_found,127,B340E3BA587E36462D8DE44DAE0F7CAB6748F064,624B7391B9790E7CD2AF6A7238239BA3D6928A57,2935E0F03B71BE44F6F265FEF976E810BAAD6F4E,AA7630738F82C4DF26BB8EFF131564DACDEAC64C,2020-10-08 13:53:37.616000,2020-10-08 13:53:39.532000
pgczmf2u6ekq36nh,failed,not_found,249,B340E3BA587E36462D8DE44DAE0F7CAB6748F064,D079D6818926684C5979C18171FB18862A4A5792,0706B3AF0059CB226E4AACDEDB6794678F402905,71026B999E15ECC0BCCA56B972E210CCA76AD96A,2020-10-08 13:53:39.533000,2020-10-08 13:53:45.720000
pgczmf2u6ekq36nh,failed,not_found,288,B340E3BA587E36462D8DE44DAE0F7CAB6748F064,3151FB419FAB0FD86D7BE4F7DFD620E99E105D92,A857DA8F3728DE4475BFCD86D91351F5E302B3DF,AA616315BA97729EA47DAD8718FA59269C7229E7,2020-10-08 13:53:45.720000,2020-10-08 13:53:47.196000
pgczmf2u6ekq36nh,failed,not_found,351,B340E3BA587E36462D8DE44DAE0F7CAB6748F064,11C9529C9D0671545EAEF80DFE209AD977BCE908,FD449127D30D8F5D124653D9EF736EDF4A12B4DC,70F09E981D6D4A34A35F248F0C873CBA356A0612,2020-10-08 13:53:47.197000,2020-10-08 13:53:50.638000
pgczmf2u6ekq36nh,failed,not_found,384,B340E3BA587E36462D8DE44DAE0F7CAB6748F064,108A1138931C7E947C94D1892EE8D275D0BED90C,9A9DAB548013C67EE1608E5AD70AB120190CEB83,AA4AF27D6A573B0EEB234AEF89750CA6E6141C0E,2020-10-08 13:53:50.639000,2020-10-08 13:53:52.468000
yufwdwngokwiuh6o,failed,not_found,107,B340E3BA587E36462D8DE44DAE0F7CAB6748F064,52D5FB2004C67127C73B71478238FA66122BD443,499FA01433320491216225801FE0589C250B4D6D,5A2C2BF25864F185AA91D2915943525609AC7F13,2020-10-08 13:53:36.437000,2020-10-08 13:53:39.029000
yufwdwngokwiuh6o,failed,not_found,155,B340E3BA587E36462D8DE44DAE0F7CAB6748F064,4B004A4A9EA5BA2ECCD4D1CD19452CC2D6D1E8E8,3A9443710224E5182895C342D1D36C1D460A1206,5A14FBBBAF842124A0AF3C650F4302C5B549AB17,2020-10-08 13:53:39.029000,2020-10-08 13:53:40.956000
yufwdwngokwiuh6o,failed,not_found,191,B340E3BA587E36462D8DE44DAE0F7CAB6748F064,638D91FC9EF661348A6994D04C3499BC03F50BBE,9EB3FD84065E5622A57EFEF14E41A01B5B99A022,970CE6B17927F083ABF157E9BFA305FD39E062E5,2020-10-08 13:53:40.956000,2020-10-08 13:53:42.545000
yufwdwngokwiuh6o,failed,not_found,208,B340E3BA587E36462D8DE44DAE0F7CAB6748F064,A212DA5DAF940D8CA63064926A1B0FF035DDCE02,5CFC486780CBD4446B764E51608D6574003B350D,97151BC6EB9D63C26A672D955EB6D66E3CCB9B9C,2020-10-08 13:53:42.546000,2020-10-08 13:53:43.450000
yufwdwngokwiuh6o,failed,not_found,325,B340E3BA587E36462D8DE44DAE0F7CAB6748F064,D2B81EA1DFCD59A7B255D31C2DC338065706A85C,CB4EBE9C475A60A5F2CDA92C83CE093BD945D940,9715C81BA8C5B0C698882035F75C67D6D643DBE3,2020-10-08 13:53:43.451000,2020-10-08 13:53:49.916000
yufwdwngokwiuh6o,failed,not_found,374,B340E3BA587E36462D8DE44DAE0F7CAB6748F064,C239952D0C8E4EABC3E6B0A8E0B623689174E3C6,331452F317390D3C78BCD759170699E55C5570C9,5A224EFAC453F7EF2D0435E336890DECDC5CEBFD,2020-10-08 13:53:49.917000,2020-10-08 13:53:51.206000
ze4jmqcjqiuifkos,failed,not_found,108,B340E3BA587E36462D8DE44DAE0F7CAB6748F064,D8056CAD4A3D6EE7D82748027474BF5C53E569D9,529CA3EB08AD6EC1791B5110AA3540A4CFA1197F,6F4E9FD00D4251D98BE96FB1AA546FE34676A95B,2020-10-08 13:53:36.448000,2020-10-08 13:53:38.162000
ze4jmqcjqiuifkos,failed,not_found,207,B340E3BA587E36462D8DE44DAE0F7CAB6748F064,2CF2DFBA221B77E96E9FE69725AE82F4E101BE4A,6D40A3DB3CA5946DF366B63C9EB02FAC03B87BC9,6F6586F1631CAC1115B9561656E7664D386B7F4B,2020-10-08 13:53:38.162000,2020-10-08 13:53:43.589000
ze4jmqcjqiuifkos,failed,not_found,246,B340E3BA587E36462D8DE44DAE0F7CAB6748F064,9AB93B5422149E5DFF4BE6A3814E2F6D9648DB6A,F15A2A08BF91017DCFB6042171635661E13A8256,6F7E602D79D16C871F8984B98658F2C9928F2FD9,2020-10-08 13:53:43.591000,2020-10-08 13:53:45.199000
ze4jmqcjqiuifkos,failed,not_found,272,B340E3BA587E36462D8DE44DAE0F7CAB6748F064,C3ACB0492A644E27A549BC3CDF3B7A129186E3BF,3212FA08FB2358B271606E21B1DFBD6717B94FA3,F34E681AF8226DEBC9135A48F61DEF9F68966BA5,2020-10-08 13:53:45.199000,2020-10-08 13:53:47.200000
ze4jmqcjqiuifkos,failed,not_found,311,B340E3BA587E36462D8DE44DAE0F7CAB6748F064,98F788200CC64060695B07555F09A8FE47679AC8,A9D89B917949768C0AE20CD008F2F70898BF79A3,F37374DB9FA6EF14CED64FD294E8D8683F032EC8,2020-10-08 13:53:47.200000,2020-10-08 13:53:49.208000
ze4jmqcjqiuifkos,failed,not_found,352,B340E3BA587E36462D8DE44DAE0F7CAB6748F064,D228AE265C966CA4E9A8C4B746A30A9737060A32,9B3E7A0AD9A054984CC87E7CA9D5C117202D45D4,F35D115BDD5987D301BE0FD27DAB05F5F4B2ABAE,2020-10-08 13:53:49.208000,2020-10-08 13:53:50.726000
w4xjibevwlyomgvy,failed,not_found,122,B340E3BA587E36462D8DE44DAE0F7CAB6748F064,C2E3E1A73D46982994551380919F08EC5021A908,1E5E18AC41DAEDF1BE7A02612C297E35CA24949A,D405FCCF06ADEDF898DF2F29C9348DCB623031BA,2020-10-08 13:53:37.405000,2020-10-08 13:53:39.455000
w4xjibevwlyomgvy,failed,not_found,162,B340E3BA587E36462D8DE44DAE0F7CAB6748F064,A4F11D693FAB6E949B2B7C18153C3F7989896007,945AA2F6C2EC644B533D048C79E035A6CF092C4F,8054F105829438B029E7265BB1070F9258705112,2020-10-08 13:53:39.456000,2020-10-08 13:53:41.451000
w4xjibevwlyomgvy,failed,not_found,199,B340E3BA587E36462D8DE44DAE0F7CAB6748F064,8FA200E9EA2E4E07DA67F2FFD8789104F6A06512,B0335F7872A698A86E5E9AC3CF323B50AEF9C081,D426B3F7FF144AAE24AECD72ED96820DDB338055,2020-10-08 13:53:41.451000,2020-10-08 13:53:43.479000
w4xjibevwlyomgvy,failed,not_found,244,B340E3BA587E36462D8DE44DAE0F7CAB6748F064,DB6ADA8153DF6B148B1A8843B486E20354499650,D1B853ED27E4DFDCA3A54D3F2E269C4D94677F66,8049F8C058587A66246E8A93A56957CE29165F72,2020-10-08 13:53:43.480000,2020-10-08 13:53:45.301000
w4xjibevwlyomgvy,failed,not_found,275,B340E3BA587E36462D8DE44DAE0F7CAB6748F064,3E4932477308B5C209296D3647A41C4D3F325039,36EBA005CE1BBD9B164600A4666D9EA37082D838,D408EA531AA2FA90F25BD14283D38FDBB2094BA3,2020-10-08 13:53:45.301000,2020-10-08 13:53:47.227000
w4xjibevwlyomgvy,failed,not_found,312,B340E3BA587E36462D8DE44DAE0F7CAB6748F064,B04322CA1A173C40602D87597412FB40A3BE2953,200473B7974E8D78B75B28DBD6C218DA3A0B8059,8056080EE822B5CA1A8FFF52B7242A82C5E42FBB,2020-10-08 13:53:47.227000,2020-10-08 13:53:49.078000
ayhw6rnkyef3irx2,failed,not_found,123,B340E3BA587E36462D8DE44DAE0F7CAB6748F064,928C991C655BF10189FF084C79A41772AE6155C6,55E1E19071A6DD27F7C16AC3BE494C5891E1E414,B7D773E2196DB5B4129D3C050C063DB0F8DF91A5,2020-10-08 13:53:37.416000,2020-10-08 13:53:39.667000
ayhw6rnkyef3irx2,failed,not_found,166,B340E3BA587E36462D8DE44DAE0F7CAB6748F064,3A6FED8AEB5D7242835F509881D09F425F13EE20,0F6E56C326DC9719942E8BBA58C22F71332DA891,B7CC64C566EA6486537BA4187870E2F744763CA5,2020-10-08 13:53:39.667000,2020-10-08 13:53:41.173000
ayhw6rnkyef3irx2,failed,not_found,193,B340E3BA587E36462D8DE44DAE0F7CAB6748F064,55A92BE2A76C64A5A0DB0D4F61D5DCA37B55EE52,D6BC16A4ACACA87B81AE00BC28F8AF2DB95E74F7,8D912126FA40BD67EE7D5759BD19459450AEBEA1,2020-10-08 13:53:41.173000,2020-10-08 13:53:42.648000
ayhw6rnkyef3irx2,failed,not_found,228,B340E3BA587E36462D8DE44DAE0F7CAB6748F064,CB92FA4D7D71F134CE1F1FFF2BFF53E88DD4A1DB,B058FBDEA69774C28EAC1111E167BC0AD4A904E0,8D8E090832FCAFEA083BA150DA6D154E365A590C,2020-10-08 13:53:42.648000,2020-10-08 13:53:44.152000
ayhw6rnkyef3irx2,failed,not_found,259,B340E3BA587E36462D8DE44DAE0F7CAB6748F064,D0EAB6A2581F1B105F841B96B48A6246CDE6CEB1,2096BCFEBB95A1134F39FCF8CEB076FF41A2B48B,8D9A9C216936DE16FE6CA7A33D7B520D73B7CC0B,2020-10-08 13:53:44.152000,2020-10-08 13:53:46.433000
ayhw6rnkyef3irx2,failed,not_found,301,B340E3BA587E36462D8DE44DAE0F7CAB6748F064,5856DB884578915E7C7A0B7B11E4145B1D2A4E2B,461D6EA15966C7F99B43D37ADC116B5B8E47D130,B7A115C65ED1AA30C15E11A19A68EB5AAE7ED0C4,2020-10-08 13:53:46.433000,2020-10-08 13:53:47.835000
bywq7oehjttpne3h,failed,not_found,124,B340E3BA587E36462D8DE44DAE0F7CAB6748F064,8CC7474E0671B257AA821624F6B43D9B07CBDC89,E7882187F6FA695450719FD3738D640FBDFF5D48,1C0D0AF3FF05CCBBA4B6ED262196A4C5A76102E6,2020-10-08 13:53:37.427000,2020-10-08 13:53:38.934000
bywq7oehjttpne3h,failed,not_found,151,B340E3BA587E36462D8DE44DAE0F7CAB6748F064,FE1AF5E909002134BFF834F4AD5E1DE723779002,9F5068310818ED7C70B0BC4087AB55CB12CB4377,57F1B5F9ADF8E0B089246E27626A52F30DC310F8,2020-10-08 13:53:38.934000,2020-10-08 13:53:40.248000
bywq7oehjttpne3h,failed,not_found,179,B340E3BA587E36462D8DE44DAE0F7CAB6748F064,7A6873B86D82BC8B4F0E790828626107820F7B9E,BDDF8187EA4419951CFD0A54088B634564F63AF3,57C6DF5B93E54EB9C8DB90029D9E9A1111BD34D2,2020-10-08 13:53:40.249000,2020-10-08 13:53:41.669000
bywq7oehjttpne3h,failed,not_found,206,B340E3BA587E36462D8DE44DAE0F7CAB6748F064,D079D6818926684C5979C18171FB18862A4A5792,38CC95A8CE92A591D4A5779359BEFFBA13FA1B88,1C0736CF3744A3B87C2D2269B8BD3388C7E60552,2020-10-08 13:53:41.669000,2020-10-08 13:53:43.347000
bywq7oehjttpne3h,failed,not_found,235,B340E3BA587E36462D8DE44DAE0F7CAB6748F064,8CDF2F3A8ABD834CF9F3E8FC202DF64625BFB443,C0F3C0EF81D84182379AA4CA5AD5A5289D011145,57CB4D6FB898E8B7CA9A01018AB6BCB727BF20A9,2020-10-08 13:53:43.348000,2020-10-08 13:53:45.315000
bywq7oehjttpne3h,failed,not_found,276,B340E3BA587E36462D8DE44DAE0F7CAB6748F064,6659F8B47BE0D57A3452A7F8C9326F0A76D5EE1E,2FFE5FAF70D20E76B0474AE9E40C2A0B53F8D9F0,1C11D59B0144E9B33BB932A031BA8A3A5B81C65E,2020-10-08 13:53:45.316000,2020-10-08 13:53:46.689000
ojqllca7m5x3grlj,failed,not_found,164,B340E3BA587E36462D8DE44DAE0F7CAB6748F064,263907E9D48FBEAE6E64B10C628AE8BDF466869B,8838B9E8F70E10B5895427D370A65B5554C3F25D,1C265471CAAB20F1D3EFBBB6D6648E060E7F75C4,2020-10-08 13:53:38.407000,2020-10-08 13:53:42.638000
ojqllca7m5x3grlj,failed,not_found,227,B340E3BA587E36462D8DE44DAE0F7CAB6748F064,AED4A69836630A3375845006B5AAD03BFA3F96DC,B87D46124FCB8BD887CC774349F335ED1F8419F6,C3ACB0492A644E27A549BC3CDF3B7A129186E3BF,2020-10-08 13:53:42.638000,2020-10-08 13:53:44.266000
ojqllca7m5x3grlj,failed,not_found,262,B340E3BA587E36462D8DE44DAE0F7CAB6748F064,2D6C93A2336368D9A5778416FD4DDDD97FF37D40,CDAF0B74C45FD5B1955198A8D92C8A518A53D07B,C3D92B0696196558E784EF7252A5370192720BE5,2020-10-08 13:53:44.267000,2020-10-08 13:53:46.336000
ojqllca7m5x3grlj,failed,not_found,296,B340E3BA587E36462D8DE44DAE0F7CAB6748F064,B50A98267A63713F37319D895EA1151C4B27BE4D,774908E4A3018A9696BD02FE4F3F8A8724396D22,C3B5C9391E36631ABEA89A19C24750DBDFF7CEC8,2020-10-08 13:53:46.336000,2020-10-08 13:53:48.291000
ojqllca7m5x3grlj,failed,not_found,338,B340E3BA587E36462D8DE44DAE0F7CAB6748F064,FD449127D30D8F5D124653D9EF736EDF4A12B4DC,52D5FB2004C67127C73B71478238FA66122BD443,1C11D59B0144E9B33BB932A031BA8A3A5B81C65E,2020-10-08 13:53:48.291000,2020-10-08 13:53:49.797000
ojqllca7m5x3grlj,failed,not_found,371,B340E3BA587E36462D8DE44DAE0F7CAB6748F064,A1B28D636A56AAFFE92ADCCA937AA4BD5333BB4C,6B9EA8927AB6E94E216067E65372182343A5AFA2,1C24A2669C7E0D62B2157B95F56ED00EE307C85C,2020-10-08 13:53:49.797000,2020-10-08 13:53:51.544000
wshme3gcdv2srrdd,failed,not_found,144,B340E3BA587E36462D8DE44DAE0F7CAB6748F064,CACD9D63B759B35555D8C965A3E01071E9DFB44C,F04F36178E95A10B5CA1DA4D6FEA42754F3E5A92,C85B7E5F3D06AB55AB0465E5CF66E777B1375DE5,2020-10-08 13:53:38.419000,2020-10-08 13:53:39.813000
wshme3gcdv2srrdd,failed,not_found,173,B340E3BA587E36462D8DE44DAE0F7CAB6748F064,A0BD104E35D36F5630B01EB5370597EB09204C99,987DA228984796145168ADF84F267F76D445D89D,22BCD0DFD148209C9860C7F89907AB4DEE974A08,2020-10-08 13:53:39.813000,2020-10-08 13:53:41.108000
wshme3gcdv2srrdd,failed,not_found,192,B340E3BA587E36462D8DE44DAE0F7CAB6748F064,B42C797CC8CD63C60FB643E820A11D113DF4F5C8,32EE911D968BE3E016ECA572BB1ED0A9EE43FC2F,22BA0D0DA7CB5B5284B43CFC4A47066D1B0DB70D,2020-10-08 13:53:41.108000,2020-10-08 13:53:42.516000
wshme3gcdv2srrdd,failed,not_found,223,B340E3BA587E36462D8DE44DAE0F7CAB6748F064,FBD20387F64D67ED53AC5BD2E0302D44B2DA360C,3B65EEA3DDB890CF4899E675A7B138D04759FAFA,C841357CFA0F2CE96692EF21D515D6BF0B017036,2020-10-08 13:53:42.516000,2020-10-08 13:53:44.233000
wshme3gcdv2srrdd,failed,not_found,260,B340E3BA587E36462D8DE44DAE0F7CAB6748F064,A400CF836DA351ADDAD9BA350C1ABA350264A4E0,A2C6C931D8627C6605288970889DDB88C7BA2142,C866C38DA2D102CD88E138F0AF3A9D6B72606730,2020-10-08 13:53:44.234000,2020-10-08 13:53:46.112000
wshme3gcdv2srrdd,failed,not_found,266,B340E3BA587E36462D8DE44DAE0F7CAB6748F064,3E04505D362AA324E6E4E1C8516CCD9EF4D41B9C,B872BA6804C8C6E140AE1897B44CF32B42FD2397,22D2314BC5146890A8E5C19C884D96C0CBFEAA24,2020-10-08 13:53:46.112000,2020-10-08 13:53:46.930000
xoktlnfbozm5suks,failed,not_found,145,B340E3BA587E36462D8DE44DAE0F7CAB6748F064,CACD9D63B759B35555D8C965A3E01071E9DFB44C,D0BF6A6400081DA6031536ECEAD59F79BDABEB65,63408B7CA84E9F483C60D51ABCE0555D32D42ABA,2020-10-08 13:53:38.430000,2020-10-08 13:53:39.779000
xoktlnfbozm5suks,failed,not_found,250,B340E3BA587E36462D8DE44DAE0F7CAB6748F064,A8D44B832F3267ABFC73F540C6C4CF0229FD7EB3,D0681DAAABC320310B8616951D6C19F69F778A6F,63540827C4832D214984EA47B7A68C593F9F862F,2020-10-08 13:53:39.780000,2020-10-08 13:53:45.529000
xoktlnfbozm5suks,failed,not_found,284,B340E3BA587E36462D8DE44DAE0F7CAB6748F064,B8805CBDBE91A5E68D268FC62DC617B5BD7CC9E7,D56A98D38FC3C75E0347EEF3DD9C12749AF7C7C5,6315278A91710062D90B288199EFA06E4AAA9E8F,2020-10-08 13:53:45.530000,2020-10-08 13:53:47.133000
xoktlnfbozm5suks,failed,not_found,309,B340E3BA587E36462D8DE44DAE0F7CAB6748F064,CF6A6080091BB210AA3892FEFE2F6A396DA08DF3,4D52E15C5637FB70736DD3B03F2AAE7C253BF4B4,8FC7998C90FFBE05B1F31CB7A70D0BA71DB9C14F,2020-10-08 13:53:47.134000,2020-10-08 13:53:50.725000
xoktlnfbozm5suks,failed,not_found,386,B340E3BA587E36462D8DE44DAE0F7CAB6748F064,B4A96C0852DD0841579D33E09A98D641EACCD73E,74B41DED505CFABC7A8D439362FC9B6589DE4591,8FAB1ADF9BE2D0E821AF92B8215F692CD715FD73,2020-10-08 13:53:50.726000,2020-10-08 13:53:52.181000
xoktlnfbozm5suks,failed,not_found,418,B340E3BA587E36462D8DE44DAE0F7CAB6748F064,FEDE31337E4E19E06B97D282F08B0A0E8B9C5526,ADE92B0150C933FFE00683E7492F1D930AFABB6D,8FD3BAF5E14EBE1124D6253D59882AFE1C2B9B8E,2020-10-08 13:53:52.182000,2020-10-08 13:53:53.467000
45s5cluy2t77ecxc,failed,not_found,158,B340E3BA587E36462D8DE44DAE0F7CAB6748F064,D628DE9DFE80E5FC5A31585FC43B7D0641CBD055,874D84382C892F3F61CC9E106BF08843DE0B865A,C4322AD27D96C4F5F481F708EE97B4BC4186EFC8,2020-10-08 13:53:39.402000,2020-10-08 13:53:41.858000
45s5cluy2t77ecxc,failed,not_found,212,B340E3BA587E36462D8DE44DAE0F7CAB6748F064,A8C1AED4343C2CA514C9CA125488FD2764353F1B,F9A3542D5863CD665B7FF758E73DAD40832D0064,C43827BB94B59CE61987310F80A035C5AB9DF002,2020-10-08 13:53:41.858000,2020-10-08 13:53:43.426000
45s5cluy2t77ecxc,failed,not_found,239,B340E3BA587E36462D8DE44DAE0F7CAB6748F064,98867F5242505A2DD581C85B1CE256090B87F138,91BA193FB362FB7B6679A7A83A3050F3C44A5468,EAB20BD4083C820EC8329ED5AEBF12019A7749F3,2020-10-08 13:53:43.426000,2020-10-08 13:53:45.140000
45s5cluy2t77ecxc,failed,not_found,270,B340E3BA587E36462D8DE44DAE0F7CAB6748F064,987DA228984796145168ADF84F267F76D445D89D,69122296D37FC7D338753E3EC19BC666A10566A1,EABB390323F80D4457BAA5CEEE511455700E929D,2020-10-08 13:53:45.141000,2020-10-08 13:53:47.228000
45s5cluy2t77ecxc,failed,not_found,313,B340E3BA587E36462D8DE44DAE0F7CAB6748F064,DEF35CE8FCC5B5ED35DEC379A9EDF420FF419677,50C7B836942F14BDF1541B017CF21FD03F354E13,C44CC64BED927031A5B3B0A7CDF6A9E28F058B3F,2020-10-08 13:53:47.228000,2020-10-08 13:53:49.256000
45s5cluy2t77ecxc,failed,not_found,354,B340E3BA587E36462D8DE44DAE0F7CAB6748F064,AD0FCFD83EA4899DB34735E599701592DEA13690,A1FEE8537C847D330F1F7F592BE24360C5D6051F,EABC2DD0D47B5DB11F2D37EB3C60C2A4D91C10F2,2020-10-08 13:53:49.257000,2020-10-08 13:53:51.026000
2aifjtiz3axfkbi2,failed,not_found,159,B340E3BA587E36462D8DE44DAE0F7CAB6748F064,07F34659F837E1EFCB129B41104D3F4F65F39CFA,ED3ACBBB89C5F1597A44A65D2FA203BDB8E208F2,215616527FB97ED5BE0BF8D2166BDB44EEB6A840,2020-10-08 13:53:39.437000,2020-10-08 13:53:41.599000
2aifjtiz3axfkbi2,failed,not_found,204,B340E3BA587E36462D8DE44DAE0F7CAB6748F064,21EB2176DFD7364A8E3705ABF518E880362425FC,235D3444236ABC28F412E93814F6B783200D4630,2151722FC89329E9FA40448FA875B9B459901E66,2020-10-08 13:53:41.599000,2020-10-08 13:53:43.177000
2aifjtiz3axfkbi2,failed,not_found,232,B340E3BA587E36462D8DE44DAE0F7CAB6748F064,661E08534FABDBE09BA505F7A73848371C6EF732,C37F87C0125E26E6ACF54366FA2198209E856ABE,215A723CB44D8ACB001D12C7832FC742921B4F64,2020-10-08 13:53:43.178000,2020-10-08 13:53:45.241000
2aifjtiz3axfkbi2,failed,not_found,274,B340E3BA587E36462D8DE44DAE0F7CAB6748F064,898AA9A17ECBB05FEA4FE7418BD1C64F45D9A614,DC2B1E4348AF306326FA63EEDB76EA6139133485,CC977CAC791AC03BA742D61B9A4074E1A07509AC,2020-10-08 13:53:45.242000,2020-10-08 13:53:47.363000
2aifjtiz3axfkbi2,failed,not_found,316,B340E3BA587E36462D8DE44DAE0F7CAB6748F064,720082C7E2F885F31FCC467CE08D7E9E75332A7F,32437FADA2B55E6F446870203311860AD8588569,CC94399E90E965BA78BEB22FD4E7836578CB3CDB,2020-10-08 13:53:47.363000,2020-10-08 13:53:52.324000
2aifjtiz3axfkbi2,failed,not_found,423,B340E3BA587E36462D8DE44DAE0F7CAB6748F064,BD6FFF1AD5A88A8D43870D43EC4450081B4B2BBA,85A885433E50B1874F11CEC9BE98451E24660976,CCA9745D141283864DA50C05A09565FAE1805EC8,2020-10-08 13:53:52.324000,2020-10-08 13:53:54.267000
ev2ft2xh7pyv33j7,failed,not_found,160,B340E3BA587E36462D8DE44DAE0F7CAB6748F064,E916F2ACBA67EC57AFAF450AA84E528308835418,F569731C9CA2270563A1B056ED9378CC99BE3DAC,DC4645C2288E58799F4B8F6AC04B58F47DB8A43D,2020-10-08 13:53:39.437000,2020-10-08 13:53:41.389000
ev2ft2xh7pyv33j7,failed,not_found,186,B340E3BA587E36462D8DE44DAE0F7CAB6748F064,E3D72E974DE4C6EFA37656377BA7A4BFE9CF22B7,4B483F57D9660EBF33FA3CCA670FFD1BBB0F315A,DC3A65CF4E1BB0A0B98B438297E0C4171516122D,2020-10-08 13:53:41.390000,2020-10-08 13:53:42.034000
ev2ft2xh7pyv33j7,failed,not_found,215,B340E3BA587E36462D8DE44DAE0F7CAB6748F064,FE296180018833AF03A8EACD5894A614623D3F76,A07832966655991EB58B33FB602F817B83DBC771,DC40A59D4D744F2C3C7A655EC6BF3A59AFA1C66C,2020-10-08 13:53:42.034000,2020-10-08 13:53:44.825000
ev2ft2xh7pyv33j7,failed,not_found,267,B340E3BA587E36462D8DE44DAE0F7CAB6748F064,C2E3E1A73D46982994551380919F08EC5021A908,24F97F98C45E4754655BE66799049763DAEE99CE,7E65527BBA5AF598471999BB36734CA6FE389A8C,2020-10-08 13:53:44.826000,2020-10-08 13:53:46.434000
ev2ft2xh7pyv33j7,failed,not_found,303,B340E3BA587E36462D8DE44DAE0F7CAB6748F064,4A0242BED06138AD6BB1FE103A1D5D3AA9E97C05,1804C06A266F0DA26DF58CD559E01C2F7C3FC42A,7E5B10C6AD637667C3419195FBF78EA809DBC8A2,2020-10-08 13:53:46.434000,2020-10-08 13:53:48.584000
ev2ft2xh7pyv33j7,failed,not_found,343,B340E3BA587E36462D8DE44DAE0F7CAB6748F064,B76A047C20D3E4F9B5A64428298DA55A90D62472,638D91FC9EF661348A6994D04C3499BC03F50BBE,7E6E9A6FDDB8DC7C92F0CFCC3CBE76C29F061799,2020-10-08 13:53:48.584000,2020-10-08 13:53:50.300000
yktxggycxgguuwbh,failed,not_found,182,B340E3BA587E36462D8DE44DAE0F7CAB6748F064,D228AE265C966CA4E9A8C4B746A30A9737060A32,59E3A1CDBC34EA1D41AF1F92EF27F42541CCB0EC,546E52A979FB0FBBDF1DDF360FB20AA03D22AACE,2020-10-08 13:53:40.394000,2020-10-08 13:53:42.065000
yktxggycxgguuwbh,failed,not_found,217,B340E3BA587E36462D8DE44DAE0F7CAB6748F064,3E53D3979DB07EFD736661C934A1DED14127B684,6E66D978514FF86CDEF01FE30C23A1002925AA02,54371D64F4AED8CD1EF8ED1B58C725C4063BDE42,2020-10-08 13:53:42.066000,2020-10-08 13:53:43.781000
yktxggycxgguuwbh,failed,not_found,252,B340E3BA587E36462D8DE44DAE0F7CAB6748F064,03F26766F14B0B7B5D22461083807D313429A34F,0D99F89BBB92BF5557F8D3F895DB218A72871089,B83DC1558F0D34353BB992EF93AFEAFDB226A73E,2020-10-08 13:53:43.782000,2020-10-08 13:53:45.052000
yktxggycxgguuwbh,failed,not_found,268,B340E3BA587E36462D8DE44DAE0F7CAB6748F064,C5B622E52654B570ADFD656AC61B74CC84BBEE95,5FB384605F53DCBF1CB02143D318DA3E8EE38A24,543F96D0C17CDBAC326F644DB0C8A17193BCCFC9,2020-10-08 13:53:45.052000,2020-10-08 13:53:46.364000
yktxggycxgguuwbh,failed,not_found,297,B340E3BA587E36462D8DE44DAE0F7CAB6748F064,D111CA928084A907D8BE9B3F1E1D05227A5FBBE0,98E793DE91D00D3BA38286D23A45133B24B799CF,B8240A4C715A2595CE54C82AB175C80214768B4A,2020-10-08 13:53:46.365000,2020-10-08 13:53:48.287000
yktxggycxgguuwbh,failed,not_found,337,B340E3BA587E36462D8DE44DAE0F7CAB6748F064,CBBA40F7D9F284F47A243EE2C081E96682741D22,5CFC486780CBD4446B764E51608D6574003B350D,B81B38902BF026BF2591CA2D73B99CEEB03F0869,2020-10-08 13:53:48.289000,2020-10-08 13:53:51.145000
jucy43pooo2n635f,failed,not_found,183,B340E3BA587E36462D8DE44DAE0F7CAB6748F064,7997C3FC88B02A2C6FEF96C5F5B5C50DD7DA2E2C,E3D61BAEA0B7CB12CACEDC8821C520557BDFCEA3,BDD1B4801294D81C1F89C9AB488BA993DDF1B520,2020-10-08 13:53:40.394000,2020-10-08 13:53:41.816000
jucy43pooo2n635f,failed,not_found,210,B340E3BA587E36462D8DE44DAE0F7CAB6748F064,98138DFD3E2C8C89D8F5AB11EF9B6BFF272D83B4,A29413FC01DCFB3F97F5EC01E6DD628D2126B241,BDDF8187EA4419951CFD0A54088B634564F63AF3,2020-10-08 13:53:41.817000,2020-10-08 13:53:43.383000
jucy43pooo2n635f,failed,not_found,237,B340E3BA587E36462D8DE44DAE0F7CAB6748F064,FE622F960EBF190160649BC5ECC4E29150C1CF53,A024E420DD146541D5D7F6CFEB554C3A64F985EE,E58A48A62336A08CC3C6B40802923754E65A2609,2020-10-08 13:53:43.383000,2020-10-08 13:53:45.746000
jucy43pooo2n635f,failed,not_found,291,B340E3BA587E36462D8DE44DAE0F7CAB6748F064,E6E2DA3A7F67886997C40F98EE1F3058FFBDBEDE,023FA15FC7D9B21171B678E33554E271E7B14611,E59CC0060074E14CA8E9469999B862C5E1CE49E9,2020-10-08 13:53:45.746000,2020-10-08 13:53:47.916000
jucy43pooo2n635f,failed,not_found,329,B340E3BA587E36462D8DE44DAE0F7CAB6748F064,CE83524360DE9A55FBDE87DEACBE9F2ABF208E1A,0C8433B6B92E2F1C744F3CFBE49ADA7CBEFEEBFA,BDEC565B8B5E3DCCB57E4E7C4C245EDA717D2087,2020-10-08 13:53:47.917000,2020-10-08 13:53:49.395000
jucy43pooo2n635f,failed,not_found,369,B340E3BA587E36462D8DE44DAE0F7CAB6748F064,AE17FAAF8F302A506AF2167666EC62882804403F,D5C6F62A5D1B3C711CA5E6F9D3772A432E96F6C2,E5A3CA10182C35F691BCF678F193D10F4B0F972F,2020-10-08 13:53:49.395000,2020-10-08 13:53:51.676000
mvfi63zwpmitnxym,failed,not_found,169,B340E3BA587E36462D8DE44DAE0F7CAB6748F064,78F12E7864036694C483B5EC501FA9785177673E,D000291816C0D9EE531FA4DD185EC1AD80386A5A,2ABA1345FC9975152372F42D06A1A7DCC870C2F5,2020-10-08 13:53:40.394000,2020-10-08 13:53:41.618000
mvfi63zwpmitnxym,failed,not_found,205,B340E3BA587E36462D8DE44DAE0F7CAB6748F064,3E3CBA3F2870CE76A41D3E97A8D838AA703586E3,5FB384605F53DCBF1CB02143D318DA3E8EE38A24,2AB9FFCC6618FBBC973C457FC6BE5E8620A60FDC,2020-10-08 13:53:41.618000,2020-10-08 13:53:43.131000
mvfi63zwpmitnxym,failed,not_found,231,B340E3BA587E36462D8DE44DAE0F7CAB6748F064,05C621B44EF6833889AE7B7E2A0B476569C47E37,D5620540816EA48C32CBCDE17F030068A6D4CB0C,FA69F7C51067D9A84168962C46ACA480A90CD354,2020-10-08 13:53:43.131000,2020-10-08 13:53:45.463000
mvfi63zwpmitnxym,failed,not_found,282,B340E3BA587E36462D8DE44DAE0F7CAB6748F064,91799AD097018FD5F83B70B978068FB83F72934F,7C499ACD60FB651DD486B6D802290A3EBBECCD84,FA8138622F8EBE01091BEE60810AB2F0DD6E4D21,2020-10-08 13:53:45.464000,2020-10-08 13:53:47.650000
mvfi63zwpmitnxym,failed,not_found,322,B340E3BA587E36462D8DE44DAE0F7CAB6748F064,E81993EA52B73285CFFD02FEC003569D21483001,573051CAA3EEEE2B75EBD096BB1F70D3FDAC5F3A,2AB6F7D59DF6153F4DB1DB6479C3422F5724C4BA,2020-10-08 13:53:47.651000,2020-10-08 13:53:49.043000
mvfi63zwpmitnxym,failed,not_found,347,B340E3BA587E36462D8DE44DAE0F7CAB6748F064,D87698D8E2276C7E93D531B7C2A1B27D58C71876,20571FE948D23E8B62CEDE1B33298F1BF324EE17,FA85FE81093FE5D53DDCEA2DBA286E8CCC9C6DDD,2020-10-08 13:53:49.044000,2020-10-08 13:53:51.002000
qs2levxarxh7mvqv,failed,not_found,289,B340E3BA587E36462D8DE44DAE0F7CAB6748F064,8EE44717FA55705C12086F3ECD1F8D9C8676FD05,1115E5065C3EE149B683CA2D7131839F2656B5AD,6A116A29566EA54B4113705BCAE5DC376039DF99,2020-10-08 13:53:41.402000,2020-10-08 13:53:47.712000
qs2levxarxh7mvqv,failed,not_found,323,B340E3BA587E36462D8DE44DAE0F7CAB6748F064,354F9C59F2C2636E77F857C668FCDA1700E35384,CDAF0B74C45FD5B1955198A8D92C8A518A53D07B,6A2676DACAFDBD00C5B94BD343690957A12BB758,2020-10-08 13:53:47.713000,2020-10-08 13:53:49.906000
qs2levxarxh7mvqv,failed,not_found,373,B340E3BA587E36462D8DE44DAE0F7CAB6748F064,061E0496931D23A81A2B685C9339D36857DD0FA1,622842AE5ECFF0809B4C986D52CA75C349ED11E8,C0833D395E81F19EC5F3BBC60D89470BE2F15199,2020-10-08 13:53:49.906000,2020-10-08 13:53:51.630000
qs2levxarxh7mvqv,failed,not_found,405,B340E3BA587E36462D8DE44DAE0F7CAB6748F064,F6AAFCFB722532DA3E2A54135000E672B9473835,5FB384605F53DCBF1CB02143D318DA3E8EE38A24,C0804913BB431D64E0621E5BCE5DA97D624CACD1,2020-10-08 13:53:51.630000,2020-10-08 13:53:53.223000
qs2levxarxh7mvqv,failed,not_found,441,B340E3BA587E36462D8DE44DAE0F7CAB6748F064,071ACB713A9558A4B5750520B0A738C66033E0B1,44FE825405384A8CE396D3369F45A4D62ECDAF66,C08DE49658E5B3CFC6F2A952B453C4B608C9A16A,2020-10-08 13:53:53.223000,2020-10-08 13:53:54.567000
qs2levxarxh7mvqv,failed,not_found,550,B340E3BA587E36462D8DE44DAE0F7CAB6748F064,F0BCA23872B699283AA039899263DF0147E9B48A,324E2F56E04C2329598EAC512C3455AD45CE4A8C,69ECFB731C2B0AA7B4D8746EF3504ADCB1F0A556,2020-10-08 13:53:54.567000,2020-10-08 13:54:00.189000
llxkd43uvoq3mbz2,failed,not_found,197,B340E3BA587E36462D8DE44DAE0F7CAB6748F064,CA4E9DFE87DE87E502F3B503D07EC8EFCAEE2549,EE76A07632C5081AC1F3BF7EA3B9D40C6F24E180,9A7417BA401B8C7EFDE24945E18145A1EDA730E7,2020-10-08 13:53:41.427000,2020-10-08 13:53:42.771000
llxkd43uvoq3mbz2,failed,not_found,229,B340E3BA587E36462D8DE44DAE0F7CAB6748F064,1FA62FDBB5A07B501D05F3C8D4344F0D7BA1BF97,88F5FD94C520B22A1A5B98EC20003F046ED601DD,1850585BE9BCA1F80D0A051909C94E49D1C49ED3,2020-10-08 13:53:42.772000,2020-10-08 13:53:44.257000
llxkd43uvoq3mbz2,failed,not_found,261,B340E3BA587E36462D8DE44DAE0F7CAB6748F064,856DAB2FDC9EED88A27BE2265FA6BD5489EF178E,E3D61BAEA0B7CB12CACEDC8821C520557BDFCEA3,185663B7C12777F052B2C2D23D7A239D8DA88A0F,2020-10-08 13:53:44.257000,2020-10-08 13:53:46.433000
llxkd43uvoq3mbz2,failed,not_found,302,B340E3BA587E36462D8DE44DAE0F7CAB6748F064,B058FBDEA69774C28EAC1111E167BC0AD4A904E0,F22994A92E95CE03140117EAAD0ADBC2E2ADF94D,1852D84B0341845F2BDC2CCBC673E9D42307A111,2020-10-08 13:53:46.434000,2020-10-08 13:53:48.075000
llxkd43uvoq3mbz2,failed,not_found,333,B340E3BA587E36462D8DE44DAE0F7CAB6748F064,99EFED3DE32D6FDC822F140CB42A0D8A9F7EFF87,F15F5BBB91175B81980FD0704F1762C04CF6AF1E,9A5754CD0C987355EB3D8AD4BEF4A2A841740520,2020-10-08 13:53:48.076000,2020-10-08 13:53:49.611000
llxkd43uvoq3mbz2,failed,not_found,345,B340E3BA587E36462D8DE44DAE0F7CAB6748F064,AE95BDA37A5BB4685FEBB7F06649D6CE949B5316,A5B93F8313132071E1E654EBCCBFE9F1F073D98F,9A48EC8AAFB2E8C9E20408596383DB74F1196747,2020-10-08 13:53:49.612000,2020-10-08 13:53:50.574000
dxe5hsvnycijyjlo,failed,not_found,198,B340E3BA587E36462D8DE44DAE0F7CAB6748F064,E4240508EFC308D01665A07BD98B8564740D3376,015757E38C2E3043CAC78E80A34601EC8D2FC409,3B3F451BD58F96DC0E8EB7D01F209FC8803C33DF,2020-10-08 13:53:41.440000,2020-10-08 13:53:43.805000
dxe5hsvnycijyjlo,failed,not_found,253,B340E3BA587E36462D8DE44DAE0F7CAB6748F064,E615EB5B107B04B2A892EF63018872D6A907C0E4,722754D58E551C43D1F6EF0CA23AE7FCFCF4441E,A4A25EDAB880FF4200F4C21316F3B9E072C9F466,2020-10-08 13:53:43.806000,2020-10-08 13:53:45.212000
dxe5hsvnycijyjlo,failed,not_found,273,B340E3BA587E36462D8DE44DAE0F7CAB6748F064,0CD62346D1B5CB1648DDA907F818B0DFEA752E88,EBDD9A8BC45D0543D0FDC93940EE06E56E749A99,A4A2FE36988069304CFF837064277FAB6348AF03,2020-10-08 13:53:45.213000,2020-10-08 13:53:47.515000
dxe5hsvnycijyjlo,failed,not_found,305,B340E3BA587E36462D8DE44DAE0F7CAB6748F064,4E98AA295B7171996D18DD1F6A19F64AB4036B4A,C3D92B0696196558E784EF7252A5370192720BE5,3B5C6ED2C1DECEB32BF1AD9B7B272F4CE9CE0656,2020-10-08 13:53:47.515000,2020-10-08 13:53:48.123000
dxe5hsvnycijyjlo,failed,not_found,334,B340E3BA587E36462D8DE44DAE0F7CAB6748F064,937F201D2797314953F268D252F5C98D3FA9F71E,E7EF73B4722CFAF0E8AA2151D3AA78701DE5F19B,A4A6FFACED78B8ED756A9CE14B67B743068FA6F2,2020-10-08 13:53:48.124000,2020-10-08 13:53:50.279000
dxe5hsvnycijyjlo,failed,not_found,377,B340E3BA587E36462D8DE44DAE0F7CAB6748F064,AC990FD1FF5058EFA43A809E948B23EF998D021B,599A708756048993A1029B2775EEF8C9E40BB640,3B4C5729F829CA2E895B81AF834A63DB336D0FFE,2020-10-08 13:53:50.280000,2020-10-08 13:53:51.920000
b7stvq6666klc25i,failed,not_found,219,B340E3BA587E36462D8DE44DAE0F7CAB6748F064,E13F7EE1535ED8AEAB92A5EEAEE9A0C782ED33E2,E36536404200A74930DB165858BD5BB554D2BEA2,93F4DAF4F0DE5E6867CE20A0F9C7C059834DACAE,2020-10-08 13:53:42.415000,2020-10-08 13:53:44.137000
b7stvq6666klc25i,failed,not_found,257,B340E3BA587E36462D8DE44DAE0F7CAB6748F064,720B000B01E00C15E1E2776C8E16FE1763A43CA4,2D061D6553BB0A620042C505FF5772585DA8BEDC,C74469EC04787CC458FB1DCDF456C5092CF08B19,2020-10-08 13:53:44.137000,2020-10-08 13:53:45.926000
b7stvq6666klc25i,failed,not_found,324,B340E3BA587E36462D8DE44DAE0F7CAB6748F064,D079D6818926684C5979C18171FB18862A4A5792,CC721B29F31B157C4D3A1B341D6D3ADC30BB8570,93C1E14CD600CF51B117DE736741E7400A069AFC,2020-10-08 13:53:45.926000,2020-10-08 13:53:49.660000
b7stvq6666klc25i,failed,not_found,364,B340E3BA587E36462D8DE44DAE0F7CAB6748F064,6C333B5BDBA3DFE7A782E40CB970C271ABFED119,A397CF83A1E1D66EAC5F437E47B6882A2FB473E4,C7273E54DC970FD18543F521DA883C823BE4AF01,2020-10-08 13:53:49.661000,2020-10-08 13:53:51.059000
b7stvq6666klc25i,failed,not_found,392,B340E3BA587E36462D8DE44DAE0F7CAB6748F064,D9F061CC5EE68CC916586CF8522E73FFB8848C3F,B975DD0D2286202B00492E6C045253170E85B26D,C74C79346BFB34C050CD3DF4E3C73D43A1383A60,2020-10-08 13:53:51.060000,2020-10-08 13:53:52.643000
b7stvq6666klc25i,failed,not_found,431,B340E3BA587E36462D8DE44DAE0F7CAB6748F064,288C100FFA656938C23F32207CAF0DA932ECD247,42949C1EC1FEC5E30197E269FE7850CCA2FD0C0D,93C4C20DD1A6797200A60FBE714523FD9D41B5B3,2020-10-08 13:53:52.643000,2020-10-08 13:53:54.390000
go5ez65xuwocxd4s,failed,not_found,220,B340E3BA587E36462D8DE44DAE0F7CAB6748F064,5F58E9417DF94A66529864FA1134635614958A44,AAAEFD0CB5443776F98971C3E0A854C989E2DA37,D1B48623DF829DC00FB80D1EB53DA9337C5D68E9,2020-10-08 13:53:42.415000,2020-10-08 13:53:44.114000
go5ez65xuwocxd4s,failed,not_found,295,B340E3BA587E36462D8DE44DAE0F7CAB6748F064,DD0AA66DD9E4E71FFAFAB658DF8300F1CEEA0364,C2E3E1A73D46982994551380919F08EC5021A908,D1B60888344E2EFF6317A272061E426D1FB54BA7,2020-10-08 13:53:44.114000,2020-10-08 13:53:48.049000
go5ez65xuwocxd4s,failed,not_found,332,B340E3BA587E36462D8DE44DAE0F7CAB6748F064,EAB20BD4083C820EC8329ED5AEBF12019A7749F3,C1335B1DB938644FCD54EE744D91354F94EDD1BC,D1B853ED27E4DFDCA3A54D3F2E269C4D94677F66,2020-10-08 13:53:48.049000,2020-10-08 13:53:49.691000
go5ez65xuwocxd4s,failed,not_found,365,B340E3BA587E36462D8DE44DAE0F7CAB6748F064,D000291816C0D9EE531FA4DD185EC1AD80386A5A,1912F4D307F8E8E7BEBED577CBA9149D42BBEDE4,03CFF90060461087D34FFB7B485C3AD30143775C,2020-10-08 13:53:49.692000,2020-10-08 13:53:51.453000
go5ez65xuwocxd4s,failed,not_found,402,B340E3BA587E36462D8DE44DAE0F7CAB6748F064,B204DE75B37064EF6A4C6BAF955C5724578D0B32,0BF606DE836D4C794CAFF7CA78720F8C87660998,03DA20FD71CED188C8B7652E81941C506724DBA6,2020-10-08 13:53:51.453000,2020-10-08 13:53:53.925000
go5ez65xuwocxd4s,failed,not_found,455,B340E3BA587E36462D8DE44DAE0F7CAB6748F064,224C3DD1DFF6F11219604870D48953249EE3C26F,2AA5F598F9A1812F01CD99E3B59BB87362ED7438,03DC081E4409631006EFCD3AF13AFAAF2B553FFC,2020-10-08 13:53:53.925000,2020-10-08 13:53:55.698000
ukyimahbzs7mqnuz,failed,not_found,221,B340E3BA587E36462D8DE44DAE0F7CAB6748F064,3B953203AF332D8FE1452E1CE7CB50A3B5297DB2,103336165A0D2EFCAD3605339843A0A7710B8B92,875F74A3DC14737BECA06F8B500022154D1A29D1,2020-10-08 13:53:42.416000,2020-10-08 13:53:43.872000
ukyimahbzs7mqnuz,failed,not_found,254,B340E3BA587E36462D8DE44DAE0F7CAB6748F064,2AA5F598F9A1812F01CD99E3B59BB87362ED7438,D8E832DD333476940DD083E80230E17BC2C16F5F,874E7DAFABA544679670EEFC917CE679EB00AB7E,2020-10-08 13:53:43.873000,2020-10-08 13:53:45.338000
ukyimahbzs7mqnuz,failed,not_found,277,B340E3BA587E36462D8DE44DAE0F7CAB6748F064,77A56CB237740E24AEA2D61C8C8936232AFC1BD8,A3C0C4B34CDBCE03A85CDA06E9EE2F7E165551DB,874D84382C892F3F61CC9E106BF08843DE0B865A,2020-10-08 13:53:45.339000,2020-10-08 13:53:47.990000
ukyimahbzs7mqnuz,failed,not_found,331,B340E3BA587E36462D8DE44DAE0F7CAB6748F064,CE83524360DE9A55FBDE87DEACBE9F2ABF208E1A,1F4105C688E835A56AF3D66C787677B57240FFA2,6E94866ED8CA098BACDFD36D4E8E2B459B8A734E,2020-10-08 13:53:47.990000,2020-10-08 13:53:49.351000
ukyimahbzs7mqnuz,failed,not_found,357,B340E3BA587E36462D8DE44DAE0F7CAB6748F064,021E2681BFF2209F222881C27F0DE8508AEEBAD7,34DF8443F6ACD1A543AAA10A7621A389E31A4422,6E8E5CA9B6F567416ADA21E990E7746BC223B0C0,2020-10-08 13:53:49.351000,2020-10-08 13:53:51.143000
ukyimahbzs7mqnuz,failed,not_found,394,B340E3BA587E36462D8DE44DAE0F7CAB6748F064,1EBA56C764B1C56BE25B405C84C82C58F126B1B6,B53CCA073616E30BA3376EC40577FBBBFB812C2C,6E9642DDB353D044931029C036D1CAD832F3DFD7,2020-10-08 13:53:51.143000,2020-10-08 13:53:53.098000
h6dgpwtppgmtmuf3,failed,not_found,242,B340E3BA587E36462D8DE44DAE0F7CAB6748F064,FC1E441E097BA36930AA2F615EFB325AF76D2595,6847EB9A4756AEB8AB741B389AD26A9BF530E979,8B1CC76D6D1370A67263628D4CBC01B62903D0BF,2020-10-08 13:53:43.451000,2020-10-08 13:53:45.389000
h6dgpwtppgmtmuf3,failed,not_found,278,B340E3BA587E36462D8DE44DAE0F7CAB6748F064,5820D7E2CC290462233845BA807D616494CF0D7D,25990FC54D7268C914170A118EE4EE75025451DA,0824D7C7FB117D5C6AC01581FD798E670C37C804,2020-10-08 13:53:45.389000,2020-10-08 13:53:47.350000
h6dgpwtppgmtmuf3,failed,not_found,315,B340E3BA587E36462D8DE44DAE0F7CAB6748F064,DBE82FA23B9FE3CB2462A6FCF5289DED3CBF4AEE,D139F8FECDD1184B180A19AF98E4421586E6CF6C,081C9DF6A615A300B382C004DFE2CC37B561C9A0,2020-10-08 13:53:47.350000,2020-10-08 13:53:49.435000
h6dgpwtppgmtmuf3,failed,not_found,362,B340E3BA587E36462D8DE44DAE0F7CAB6748F064,24352D30196BEFE5BB29A50923F79A2804527611,508EAAA5322C7BF048C8FADBBFB37D0A3E1D9262,8B496F3EF3BF5CC32A4C20ECDBEC2A06E7EA4357,2020-10-08 13:53:49.436000,2020-10-08 13:53:51.085000
h6dgpwtppgmtmuf3,failed,not_found,393,B340E3BA587E36462D8DE44DAE0F7CAB6748F064,78BC2254D3B31CD865F7682633AA438212132532,2269C9905B04530E251186FAD6F56033654E5C99,08394C4873C8A71BE9F53593F9B4AD694BFCDB90,2020-10-08 13:53:51.085000,2020-10-08 13:53:52.374000
h6dgpwtppgmtmuf3,failed,not_found,424,B340E3BA587E36462D8DE44DAE0F7CAB6748F064,EFA2E7B073AA4CE2DAF7160F23C90DB805948F4A,E7C1FAFB7525149A0E911512F511D942BA5EEAAF,8B64F593CAC2ED05C0FA703AEF50FF71925B569C,2020-10-08 13:53:52.375000,2020-10-08 13:53:54.107000
7lfreh4bvtn7hfk7,failed,not_found,243,B340E3BA587E36462D8DE44DAE0F7CAB6748F064,D80EA21626BFAE8044E4037FE765252E157E3586,66BBCD0D58FDB891AD86CE22A2613A9BEE3CA274,DEF8C760A79FEF2358E03AE5A1950086ABEB953E,2020-10-08 13:53:43.479000,2020-10-08 13:53:45.076000
7lfreh4bvtn7hfk7,failed,not_found,269,B340E3BA587E36462D8DE44DAE0F7CAB6748F064,41145C3169D810DB360FF2FCA232093B02C0B262,73CC65219889443C06E06A0B6D427B1FE1C37379,F3BBC088F280FDCDA5C5BD206312FE2DFA7E2DB0,2020-10-08 13:53:45.076000,2020-10-08 13:53:46.691000
7lfreh4bvtn7hfk7,failed,not_found,304,B340E3BA587E36462D8DE44DAE0F7CAB6748F064,50E43E33EBAB7EB9EAB6B352F3685229DAB25A84,5820D7E2CC290462233845BA807D616494CF0D7D,DEF3365F1C012F80E56877B5EF05CE72BDEB0CCC,2020-10-08 13:53:46.691000,2020-10-08 13:53:48.584000
7lfreh4bvtn7hfk7,failed,not_found,342,B340E3BA587E36462D8DE44DAE0F7CAB6748F064,35DBE43445BB44D817084200BA05E8A0573EDFD4,2784EB941DEBB8061039B1766A2623B026BACD1A,F3CEC87ED91E0B0B1D86BE4D7DE90F00B607ECAF,2020-10-08 13:53:48.584000,2020-10-08 13:53:50.494000
7lfreh4bvtn7hfk7,failed,not_found,382,B340E3BA587E36462D8DE44DAE0F7CAB6748F064,3CCF9573F59137E52787D9C322AC19D2BD090B70,722BA3958D6F4B9A7CE927001CE7FED8625A749E,F3D775C73BC57640A3EB7EFAC31CFAEDD14C9C7C,2020-10-08 13:53:50.494000,2020-10-08 13:53:52.467000
7lfreh4bvtn7hfk7,failed,not_found,428,B340E3BA587E36462D8DE44DAE0F7CAB6748F064,D2F4DAC5918BB082A5CFAC5275B29FAC9B399B2B,20462CBA5DA4C2D963567D17D0B7249718114A68,DEF35CE8FCC5B5ED35DEC379A9EDF420FF419677,2020-10-08 13:53:52.467000,2020-10-08 13:53:53.857000
zbszce2hieqdzuxi,failed,not_found,226,B340E3BA587E36462D8DE44DAE0F7CAB6748F064,E46C3F0533709EE2112874B13A4FE3868B33E75E,7C22E89AB620E77DF1B4A33787A5EC3F2AB4A8D1,5645739E8EF72CA7D9EE1E12678B51A6FF8711C1,2020-10-08 13:53:43.480000,2020-10-08 13:53:44.151000
zbszce2hieqdzuxi,failed,not_found,258,B340E3BA587E36462D8DE44DAE0F7CAB6748F064,43C83536DACCD110FF11E049A890064F6F87BEB2,E432C6B90254DD0675F86D3E4D5F3A2CA100DE8B,7E5B10C6AD637667C3419195FBF78EA809DBC8A2,2020-10-08 13:53:44.151000,2020-10-08 13:53:45.562000
zbszce2hieqdzuxi,failed,not_found,285,B340E3BA587E36462D8DE44DAE0F7CAB6748F064,20465F3DFD77F7AC95F31A4D35726FB6D82F0E67,A0B05E1D852D874EFAF3603C83246E00AD65AF20,563C8868165186D2F7BA1FCF982EB20DEB82B350,2020-10-08 13:53:45.562000,2020-10-08 13:53:47.228000
zbszce2hieqdzuxi,failed,not_found,419,B340E3BA587E36462D8DE44DAE0F7CAB6748F064,7ED3D8AFAC750F8CC0BDF8C87FE3BCBA2BBE2209,74AC10CA94E400BA4D69E397562597CA04FC5352,563A2C83A9BC57DF77B26FEA4D81CEE5E50A079B,2020-10-08 13:53:47.228000,2020-10-08 13:53:54.344000
zbszce2hieqdzuxi,failed,not_found,462,B340E3BA587E36462D8DE44DAE0F7CAB6748F064,69534B8B5FCCD0BF1124945B1D0F5A35FB0A3542,A1B7C1F83E5DA4376FD2E1DBA7AC28A71AB332AD,7E6E9A6FDDB8DC7C92F0CFCC3CBE76C29F061799,2020-10-08 13:53:54.345000,2020-10-08 13:53:56.328000
zbszce2hieqdzuxi,failed,not_found,499,B340E3BA587E36462D8DE44DAE0F7CAB6748F064,9ACD9D526D1F82D7A00225742F1BDB374D7D17D4,FC5B4F90D1A9BB6B5885CA6B4F4EC47D1783952D,7E65527BBA5AF598471999BB36734CA6FE389A8C,2020-10-08 13:53:56.328000,2020-10-08 13:53:57.972000
k5wrq2u7i6uuu436,failed,not_found,263,B340E3BA587E36462D8DE44DAE0F7CAB6748F064,00E1649E69FF91D7F01E74A5E62EF14F7D9915E4,69534B8B5FCCD0BF1124945B1D0F5A35FB0A3542,4273E6D162ED2717A1CF4207A254004CD3F5307B,2020-10-08 13:53:44.409000,2020-10-08 13:53:46.090000
k5wrq2u7i6uuu436,failed,not_found,294,B340E3BA587E36462D8DE44DAE0F7CAB6748F064,E947C029087FA1C3499BEF5D4372947C51223D8F,213F2B4AB09EE6FF8CA21B804B2E1BD8835088D3,BBE9C2EACDE9BB683642070F24F03D4F8DA51D73,2020-10-08 13:53:46.090000,2020-10-08 13:53:47.833000
k5wrq2u7i6uuu436,failed,not_found,327,B340E3BA587E36462D8DE44DAE0F7CAB6748F064,C5B622E52654B570ADFD656AC61B74CC84BBEE95,EAA823552F959DFD038E9AC8FA89345A738B6C00,427DEDAA28D39672F3D9B7714170C724634671F3,2020-10-08 13:53:47.834000,2020-10-08 13:53:49.274000
k5wrq2u7i6uuu436,failed,not_found,355,B340E3BA587E36462D8DE44DAE0F7CAB6748F064,A4771CB90024F1870D622960519945A3E49B40FE,8E0526EEB84057C88897A5B5FEB8199425C0C2EF,BC04B9297BB7612B0216240C090E0D6F5BE66B67,2020-10-08 13:53:49.275000,2020-10-08 13:53:51.159000
k5wrq2u7i6uuu436,failed,not_found,395,B340E3BA587E36462D8DE44DAE0F7CAB6748F064,7E44E0D39CE8666A98EA5DEBCBB8E12B3906410F,8CC7474E0671B257AA821624F6B43D9B07CBDC89,BC0AAAB8C872FE46C9A224EFDE1E0B3A5C42AAF2,2020-10-08 13:53:51.160000,2020-10-08 13:53:53.114000
k5wrq2u7i6uuu436,failed,not_found,511,B340E3BA587E36462D8DE44DAE0F7CAB6748F064,A6C7821BE00C9A951181296EE12EB5AD8B7CFA17,2269C9905B04530E251186FAD6F56033654E5C99,428A661B415A055E27A769CC3EAD86DE384312CD,2020-10-08 13:53:53.115000,2020-10-08 13:53:58.524000
4eitchbjjqyx24uf,failed,not_found,251,B340E3BA587E36462D8DE44DAE0F7CAB6748F064,3F3E911D64F8DED71208D614782ABED41F4D7A0D,F244C5F5DDE2F29CA1F88E4C9F9FACCC48BCA857,213F2B4AB09EE6FF8CA21B804B2E1BD8835088D3,2020-10-08 13:53:44.417000,2020-10-08 13:53:45.670000
4eitchbjjqyx24uf,failed,not_found,287,B340E3BA587E36462D8DE44DAE0F7CAB6748F064,A5F835A8438D84C146DD540502AFF27F96E8F72E,863FDDA3CA537CE03646B3AEBD3FD1CC6B077FBE,4FA1F401F8C3E8326031E7994045BE67F36033A6,2020-10-08 13:53:45.670000,2020-10-08 13:53:47.557000
4eitchbjjqyx24uf,failed,not_found,321,B340E3BA587E36462D8DE44DAE0F7CAB6748F064,3239007CE1FB2ECDFDF2067DF23B949295DC5EF6,CB2DBDB2D9422D57AD85148EF9511AF4CE4D6052,4F7A7A61D20234B2C453FB8CD3014C100F1E0DE3,2020-10-08 13:53:47.558000,2020-10-08 13:53:49.043000
4eitchbjjqyx24uf,failed,not_found,346,B340E3BA587E36462D8DE44DAE0F7CAB6748F064,0B25110BA3473A6DC04AB58A3A0D5E4D6922A0E0,84A7397D10D5531FB14C2A5D604384D6D22E6A4D,4F9BE3A549730D4B5705E1B89D637CA824A57DA1,2020-10-08 13:53:49.043000,2020-10-08 13:53:51.582000
4eitchbjjqyx24uf,failed,not_found,404,B340E3BA587E36462D8DE44DAE0F7CAB6748F064,7DAC367AF33DBEFEDC684789490E213FD348BE36,AD7552F2CFBF472F9FFE748D3E82994EA6050A76,2119E5A4B5F420165BF5DF19A5A28F4610FFD103,2020-10-08 13:53:51.583000,2020-10-08 13:53:53.099000
4eitchbjjqyx24uf,failed,not_found,435,B340E3BA587E36462D8DE44DAE0F7CAB6748F064,E7EF73B4722CFAF0E8AA2151D3AA78701DE5F19B,18747512B2DD1AE88C4CA9F6EAEB687A96389666,21239CC313A28B3E6CEE48D949BF7787471B1519,2020-10-08 13:53:53.099000,2020-10-08 13:53:54.535000
ohzutshtmtdzdnju,failed,not_found,264,B340E3BA587E36462D8DE44DAE0F7CAB6748F064,80F72F97967806AD5AD4C1E61C88B43DC47F6609,EE010EF80A27AC0B02CDC2B8B214A6201BB02D2B,FF21B755C60C998E25EDC5864F709C2ED5C38F9D,2020-10-08 13:53:44.418000,2020-10-08 13:53:46.799000
ohzutshtmtdzdnju,failed,not_found,306,B340E3BA587E36462D8DE44DAE0F7CAB6748F064,5006438995AA54DA1DF8E4903555262225601A9E,ACBF3D504CFF3D74D1991AFDF6AC070606232B10,B9609107E25BCA7803F7A2D205CE8FAE3F5086CE,2020-10-08 13:53:46.799000,2020-10-08 13:53:49.077000
ohzutshtmtdzdnju,failed,not_found,349,B340E3BA587E36462D8DE44DAE0F7CAB6748F064,ACBBB426CE1D0641A590BF1FC1CF05416FC0FF6F,3E686A78B1B2F815FDECA4FF07674745A68E2CD3,B9609624E26C705289E57F95E30FD88D159BD8AD,2020-10-08 13:53:49.077000,2020-10-08 13:53:51.001000
ohzutshtmtdzdnju,failed,not_found,389,B340E3BA587E36462D8DE44DAE0F7CAB6748F064,EFCCA5852D18207A7A93C13EF3460458CAAEA9D9,708A968F3644F8A547156368FEA3DB664110E631,B96A2DF1C23DF9169D70ADE0993BD003311F51DA,2020-10-08 13:53:51.002000,2020-10-08 13:53:52.547000
ohzutshtmtdzdnju,failed,not_found,408,B340E3BA587E36462D8DE44DAE0F7CAB6748F064,7F4CED11AF2E0A4878B9B533AA0E13C631326181,99339F3E68BCCC1391BF14C821D80766FE0C5956,FF1E4DFC8C713B2092E76401C472FDCC03B7F809,2020-10-08 13:53:52.548000,2020-10-08 13:53:53.422000
ohzutshtmtdzdnju,failed,not_found,445,B340E3BA587E36462D8DE44DAE0F7CAB6748F064,6E4B0D429CD87AB6C25D72E298294C583FF8BA4A,645C3F0545E0975A49F69EC272C0C3EA28586825,FF154E0265ADC24FDB1D8BBA34455E324C9FE407,2020-10-08 13:53:53.422000,2020-10-08 13:53:55
6hxkvnqyfqpfdamm,failed,not_found,279,B340E3BA587E36462D8DE44DAE0F7CAB6748F064,2CD9A9BEFC2FD3BA4A2A53EFA7B16C7C66956D90,0042B9F5B608D06DBFF5C075C84F2BBB9B294A5B,AA616315BA97729EA47DAD8718FA59269C7229E7,2020-10-08 13:53:45.404000,2020-10-08 13:53:47.398000
6hxkvnqyfqpfdamm,failed,not_found,317,B340E3BA587E36462D8DE44DAE0F7CAB6748F064,BF6F8415A57259BFB7C878C4956C689FB7ECB24A,12CF6DB4DAE106206D6C6B09988E865C0509843B,AA8B7237B4D2C76ED4AF24B3B47B375812AACC83,2020-10-08 13:53:47.398000,2020-10-08 13:53:49.311000
6hxkvnqyfqpfdamm,failed,not_found,356,B340E3BA587E36462D8DE44DAE0F7CAB6748F064,A6E0F950CAC74AF867CA21976069529D6D4D3E30,3F065BB0B02FB2303E144383D16C47A7DED75AE7,573051CAA3EEEE2B75EBD096BB1F70D3FDAC5F3A,2020-10-08 13:53:49.311000,2020-10-08 13:53:50.745000
6hxkvnqyfqpfdamm,failed,not_found,387,B340E3BA587E36462D8DE44DAE0F7CAB6748F064,24F97F98C45E4754655BE66799049763DAEE99CE,97B7BA747B62A9962DEDCE404FF33106D4032F91,AA7630738F82C4DF26BB8EFF131564DACDEAC64C,2020-10-08 13:53:50.746000,2020-10-08 13:53:52.230000
6hxkvnqyfqpfdamm,failed,not_found,421,B340E3BA587E36462D8DE44DAE0F7CAB6748F064,1322D90EA6EDA85B3A8566F2C04F2D8C5C7C1EF1,567221DD586D0E388A6859FB33C09696BD20151B,57071A79665F3107F6AAEEED96C6BBC40EBD1D91,2020-10-08 13:53:52.230000,2020-10-08 13:53:54.470000
6hxkvnqyfqpfdamm,failed,not_found,466,B340E3BA587E36462D8DE44DAE0F7CAB6748F064,9ECF0C8EEA5C07DE54A346EDB371B48845A3FD0F,E615EB5B107B04B2A892EF63018872D6A907C0E4,572FC2E6D89E8D773488A76F05DDEE3173A076E0,2020-10-08 13:53:54.470000,2020-10-08 13:53:56.232000
aqyuaydr42shba3v,failed,not_found,280,B340E3BA587E36462D8DE44DAE0F7CAB6748F064,BFA905EA10DFD54A38A0C119FAE00182DE4C173B,ECF7E57B130849E677164ABE617EAF505FEA09DB,6F901069356A789F02294F18A4D5FE1368239702,2020-10-08 13:53:45.429000,2020-10-08 13:53:48.269000
aqyuaydr42shba3v,failed,not_found,336,B340E3BA587E36462D8DE44DAE0F7CAB6748F064,99D5C9A5A7238986D1EA1D7771CF81B4A192C4D0,0EFEAA8E74F9D9024A019702D31380C7B5CBDEEA,05402AEC738554C5308FB07CA68961D5326D5D4A,2020-10-08 13:53:48.269000,2020-10-08 13:53:49.774000
aqyuaydr42shba3v,failed,not_found,391,B340E3BA587E36462D8DE44DAE0F7CAB6748F064,B3EC41B1008225F2BD1D38BFF39A5E3872634FFD,99774357E7FD1F113F242C469D1D399D444AA51A,6F6586F1631CAC1115B9561656E7664D386B7F4B,2020-10-08 13:53:49.775000,2020-10-08 13:53:52.245000
aqyuaydr42shba3v,failed,not_found,422,B340E3BA587E36462D8DE44DAE0F7CAB6748F064,890480E14E634C8B4467C475E355A6FBF3D99CD5,7E102AAA6F8D6151060A977CB2B8824B7D5647D6,05499507DA8B381370E0858A784C3AFE13DC927F,2020-10-08 13:53:52.245000,2020-10-08 13:53:53.646000
aqyuaydr42shba3v,failed,not_found,450,B340E3BA587E36462D8DE44DAE0F7CAB6748F064,D000291816C0D9EE531FA4DD185EC1AD80386A5A,7C22E89AB620E77DF1B4A33787A5EC3F2AB4A8D1,05349C0F35C5635A708888004F8B022931E8BEE6,2020-10-08 13:53:53.646000,2020-10-08 13:53:54.957000
aqyuaydr42shba3v,failed,not_found,474,B340E3BA587E36462D8DE44DAE0F7CAB6748F064,6521A3AEF9AC4B83361411F769EEDCBAB124F162,55804F9D37F7B27BD0426B3CB06C64B4D0F95546,6F7E602D79D16C871F8984B98658F2C9928F2FD9,2020-10-08 13:53:54.957000,2020-10-08 13:53:56.713000
katiyzpxndqdpbkp,failed,not_found,281,B340E3BA587E36462D8DE44DAE0F7CAB6748F064,7EED9962D96A296C53F363160CBEE3AF2F934E2D,F50CF02A0E6A9D9B25F7EB220FC26F7BD1B74999,9063C7EC4A3273446DC05E9310A5C5B2F4235696,2020-10-08 13:53:45.429000,2020-10-08 13:53:46.846000
katiyzpxndqdpbkp,failed,not_found,290,B340E3BA587E36462D8DE44DAE0F7CAB6748F064,89188CD95492FF0FB509813A50409CA65CC1404B,103336165A0D2EFCAD3605339843A0A7710B8B92,A550D5FA8081101BB4CCA17DBCD5D6ABABBE6BD0,2020-10-08 13:53:46.847000,2020-10-08 13:53:48.179000
katiyzpxndqdpbkp,failed,not_found,407,B340E3BA587E36462D8DE44DAE0F7CAB6748F064,724E86E7F5DA715529DC0ECAA013AE4BDC680E4C,0152DB1CA1DB491539336D7048E059A7C1E77010,90633012A1A752D8D02FEC8374A4BF98941A1900,2020-10-08 13:53:48.180000,2020-10-08 13:53:53.195000
katiyzpxndqdpbkp,failed,not_found,439,B340E3BA587E36462D8DE44DAE0F7CAB6748F064,6C84A07C4417A6ADE63618D6B03B9822C536E95A,963879BB424D9A637A63105D5C26A2453C2C2272,A5490FE201BFA31694884206F4797A6E6A222C50,2020-10-08 13:53:53.195000,2020-10-08 13:53:54.504000
katiyzpxndqdpbkp,failed,not_found,468,B340E3BA587E36462D8DE44DAE0F7CAB6748F064,6D40A3DB3CA5946DF366B63C9EB02FAC03B87BC9,ECF7E57B130849E677164ABE617EAF505FEA09DB,905EB77A63857E6EFCF04D734A547B0995D85C3B,2020-10-08 13:53:54.504000,2020-10-08 13:53:56.616000
katiyzpxndqdpbkp,failed,not_found,506,B340E3BA587E36462D8DE44DAE0F7CAB6748F064,9ECF0C8EEA5C07DE54A346EDB371B48845A3FD0F,A567FF5DC72A21A6B7120609E51E76C49517EF41,A541C211909264081DC3A4F8E105F06139DDCD8B,2020-10-08 13:53:56.616000,2020-10-08 13:53:58.271000
ccqyjrenmj4eund6,failed,not_found,298,B340E3BA587E36462D8DE44DAE0F7CAB6748F064,CE1FD7659F2DFE92B883083C0C6C974616D17F3D,40C773D9F2B16143CDB2ADB661DDC6BB12EF3E2C,A99B0D9E5FD5BC3C8F2D006EC91F8C7F40E09CB8,2020-10-08 13:53:46.404000,2020-10-08 13:53:47.834000
ccqyjrenmj4eund6,failed,not_found,328,B340E3BA587E36462D8DE44DAE0F7CAB6748F064,EE7CD2A763435C7006095BD167C790ABE5BC4DEA,28DD0069992CB754531486C6C246A1EB6FEBA9D8,A98ADD972045D3CCAEE65C788C3F175BAEA3E324,2020-10-08 13:53:47.834000,2020-10-08 13:53:49.871000
ccqyjrenmj4eund6,failed,not_found,372,B340E3BA587E36462D8DE44DAE0F7CAB6748F064,36EFABA1FFE1D0246B36C141F9226F4F09B8951C,90D43CF5541ECF57C1833FED33FFDFF239C4817C,A9A4213EA3D707857368C683F2208C83B8755D8A,2020-10-08 13:53:49.871000,2020-10-08 13:53:51.804000
ccqyjrenmj4eund6,failed,not_found,409,B340E3BA587E36462D8DE44DAE0F7CAB6748F064,E130296683B896A117CE5DA531A5645644178734,638D91FC9EF661348A6994D04C3499BC03F50BBE,BF14EC4ED46C8AD56FBBF58694D88F018F316A6F,2020-10-08 13:53:51.804000,2020-10-08 13:53:53.842000
ccqyjrenmj4eund6,failed,not_found,453,B340E3BA587E36462D8DE44DAE0F7CAB6748F064,513753D2C4A1246DCC21241C5BE5022CCBD2645C,874D84382C892F3F61CC9E106BF08843DE0B865A,BEE5A27A9DD05BD7D9B6E046AEDEF43D2A4B85CE,2020-10-08 13:53:53.842000,2020-10-08 13:53:55.383000
ccqyjrenmj4eund6,failed,not_found,486,B340E3BA587E36462D8DE44DAE0F7CAB6748F064,A1DEB529DE86E7CABC3212778374933D68FB7F2F,42D47C736518BFA495CA31AEE40AE468F0BDA2A6,BF0FB582E37F738CD33C3651125F2772705BB8E8,2020-10-08 13:53:55.383000,2020-10-08 13:53:56.936000
lxstc5j3ajbjbe2l,failed,not_found,299,B340E3BA587E36462D8DE44DAE0F7CAB6748F064,6CDFECD2BEF884481FF022C336703FA877267D66,9456BBB3FB923DD1CDEC5C8B45D9615BC937DC42,F5B72145DD46D16E8BF8002AA1EC97DAB6942B9B,2020-10-08 13:53:46.417000,2020-10-08 13:53:48.713000
lxstc5j3ajbjbe2l,failed,not_found,344,B340E3BA587E36462D8DE44DAE0F7CAB6748F064,425835370C1FBE178C21CB53C76672F12BDE091A,EE010EF80A27AC0B02CDC2B8B214A6201BB02D2B,F5B58FEE44573C3BFD7D176D918BA5B4057519D7,2020-10-08 13:53:48.713000,2020-10-08 13:53:50.017000
lxstc5j3ajbjbe2l,failed,not_found,376,B340E3BA587E36462D8DE44DAE0F7CAB6748F064,01B70C7C497FC8667DB5EB82C40D8F9214D6A484,FE622F960EBF190160649BC5ECC4E29150C1CF53,F5AD7DE58D0E038B48761AD995F9117DA072BA47,2020-10-08 13:53:50.017000,2020-10-08 13:53:52.211000
lxstc5j3ajbjbe2l,failed,not_found,420,B340E3BA587E36462D8DE44DAE0F7CAB6748F064,E3D72E974DE4C6EFA37656377BA7A4BFE9CF22B7,B3D56C1E0AD84BA93AF6DC533A8569C3D0E8A58B,92E807AC5E23CCD9FE623EA4DC020B1627A0D09B,2020-10-08 13:53:52.212000,2020-10-08 13:53:54.157000
lxstc5j3ajbjbe2l,failed,not_found,460,B340E3BA587E36462D8DE44DAE0F7CAB6748F064,61004152C709672EE739F2667B56EF5550A51332,DA4B488C2826DFBBD04D635DA1E71A2BA5B20747,92BBADCB0697F5EB1792C607EE2DC1C291A98ADC,2020-10-08 13:53:54.158000,2020-10-08 13:53:55.518000
lxstc5j3ajbjbe2l,failed,not_found,492,B340E3BA587E36462D8DE44DAE0F7CAB6748F064,1A25F64FCACEB588B42429F5C463BD0396524280,D777D31F95081D0F7223AAD5F8A74977D524145D,92BE02DD3B76061222898FA81268C074046846E9,2020-10-08 13:53:55.519000,2020-10-08 13:53:57.809000
afqcmlj7hde4ne7k,failed,not_found,300,B340E3BA587E36462D8DE44DAE0F7CAB6748F064,B9FC8DFA8939C129BE76CD65EBBACA7DDAEF84F5,AEDFB1F1F69DC74A90BCF87B587252334D7D180E,316F5BF8EC15CC961E54CC30781A63345D054DF8,2020-10-08 13:53:46.432000,2020-10-08 13:53:48.312000
afqcmlj7hde4ne7k,failed,not_found,326,B340E3BA587E36462D8DE44DAE0F7CAB6748F064,BF0FB582E37F738CD33C3651125F2772705BB8E8,AC5CECEF6AF649F2A7F047D102FE9B461DA9234E,316DE45EFFB53671C9FD53CE0992952846709A29,2020-10-08 13:53:48.313000,2020-10-08 13:53:49.216000
afqcmlj7hde4ne7k,failed,not_found,353,B340E3BA587E36462D8DE44DAE0F7CAB6748F064,CDAF0B74C45FD5B1955198A8D92C8A518A53D07B,BFB14B9ADF1F19E59258CAE7FCDBAAC9937B7B10,318CB7FC0EAEB92311EB51B5B78E3CAD45EBCF21,2020-10-08 13:53:49.216000,2020-10-08 13:53:51.025000
afqcmlj7hde4ne7k,failed,not_found,390,B340E3BA587E36462D8DE44DAE0F7CAB6748F064,B8805CBDBE91A5E68D268FC62DC617B5BD7CC9E7,71B9A25F48E53A5C2C85DDCB5C193B4F4D5D19C6,47C42E2094EE482E7C9B586B10BABFB67557030B,2020-10-08 13:53:51.026000,2020-10-08 13:53:52.469000
afqcmlj7hde4ne7k,failed,not_found,429,B340E3BA587E36462D8DE44DAE0F7CAB6748F064,8358BDDA9C9A680B4E3A2809E5C24F5B3624D5C2,09C2AA312AE0DDDF4C5E57CB1BE24158A5408590,47B22D6B46447B533E962966B9559E249B6F915C,2020-10-08 13:53:52.470000,2020-10-08 13:53:55.064000
afqcmlj7hde4ne7k,failed,not_found,478,B340E3BA587E36462D8DE44DAE0F7CAB6748F064,31DDF87B0464C8AA3715F9AC93E8A619E60E5031,8A59027657872BC7CB7A5F3E24EB3EAEE60467BB,47A3D00525F041F382B398BF95BC58E0EC23276B,2020-10-08 13:53:55.064000,2020-10-08 13:53:57.473000
awryf3eyqpn3fwek,failed,not_found,318,B340E3BA587E36462D8DE44DAE0F7CAB6748F064,AC990FD1FF5058EFA43A809E948B23EF998D021B,61B8BDC91AA7BC9A05EB5A3D652FFF88C98E6911,088A6237EED87EDEB0E1E3AD0A4A419F963F0787,2020-10-08 13:53:47.418000,2020-10-08 13:53:49.446000
awryf3eyqpn3fwek,failed,not_found,451,B340E3BA587E36462D8DE44DAE0F7CAB6748F064,2CE96A8A1DA032664C90F574AFFBECE18A6E8DFC,C005F0CB30CD54CB45FF08ED151511A286B1B7CE,08CD9D4224058DC97A1F27679A5BEE5724C4C6EC,2020-10-08 13:53:49.446000,2020-10-08 13:53:55.199000
awryf3eyqpn3fwek,failed,not_found,481,B340E3BA587E36462D8DE44DAE0F7CAB6748F064,A2E6BB5C391CD46B38C55B4329C35304540771F1,39F096961ED2576975C866D450373A9913AFDC92,08A2C608A7161011EB028FB33874149955920584,2020-10-08 13:53:55.199000,2020-10-08 13:53:57.177000
awryf3eyqpn3fwek,failed,not_found,519,B340E3BA587E36462D8DE44DAE0F7CAB6748F064,F15F5BBB91175B81980FD0704F1762C04CF6AF1E,CEECFBB82FC484051E89719C49DC803F65AABC72,CDA2EA326E2272C57ACB26773D7252C211795B78,2020-10-08 13:53:57.178000,2020-10-08 13:53:58.610000
awryf3eyqpn3fwek,failed,not_found,548,B340E3BA587E36462D8DE44DAE0F7CAB6748F064,8FA37B93397015B2BC5A525C908485260BE9F422,890480E14E634C8B4467C475E355A6FBF3D99CD5,CDA9361C072A86719AA3D5A283F5BFBCBF82133B,2020-10-08 13:53:58.611000,2020-10-08 13:54:00.972000
awryf3eyqpn3fwek,failed,not_found,568,B340E3BA587E36462D8DE44DAE0F7CAB6748F064,7494CB6B5C82725BAFB6C1084DC0A1BE76591B51,461453F94FA0E3CBB011685E22CDAFD2AF0DFDC3,CD9BFE309010778D64ED5E55D5EEAA92B2020DE8,2020-10-08 13:54:00.973000,2020-10-08 13:54:01.620000
hgqrjaoa45adwo6v,failed,not_found,319,B340E3BA587E36462D8DE44DAE0F7CAB6748F064,837D5EA513DF7FDDA36BE569C646151CDA4B9935,24F97F98C45E4754655BE66799049763DAEE99CE,03A6C11856113883CE89F7421CE74F3B4180B504,2020-10-08 13:53:47.432000,2020-10-08 13:53:49.077000
hgqrjaoa45adwo6v,failed,not_found,348,B340E3BA587E36462D8DE44DAE0F7CAB6748F064,83B4EEC06A237A43F6E64D4457B930E1B02D48DB,E6C04728E9339DF22F331B7017D4A7AA3F252F0B,FDFD675D05216549EB7DA545E32ECFCEEAE805F2,2020-10-08 13:53:49.077000,2020-10-08 13:53:50.530000
hgqrjaoa45adwo6v,failed,not_found,383,B340E3BA587E36462D8DE44DAE0F7CAB6748F064,C253FDF3BD9CADFB6879CC8E395E4C332FF91D37,2CF227C88CD37461CC2233E10083ED8A21D49CDC,FE1AF5E909002134BFF834F4AD5E1DE723779002,2020-10-08 13:53:50.531000,2020-10-08 13:53:51.845000
hgqrjaoa45adwo6v,failed,not_found,410,B340E3BA587E36462D8DE44DAE0F7CAB6748F064,0D7C69551F9186DB589BDF00858314AC136A33DA,5F9141428BF5EAE485F0E2F7912DEDED4F4D17A7,03A33C3454FC0F9AC6966F12FA486999F5A22896,2020-10-08 13:53:51.846000,2020-10-08 13:53:53.384000
hgqrjaoa45adwo6v,failed,not_found,473,B340E3BA587E36462D8DE44DAE0F7CAB6748F064,96A5167371D784ECE979A1E4504D25ABFE853E8C,D1640589B1C0CC8BC657E07F9F739C267C08A768,03910F285A33F365838EC66EF2C2EF754D046760,2020-10-08 13:53:53.385000,2020-10-08 13:53:56.570000
hgqrjaoa45adwo6v,failed,not_found,505,B340E3BA587E36462D8DE44DAE0F7CAB6748F064,ACE29EC7700BD112DEB42B934E5E443476CD577C,FB016E16B8CD7A0E53DEEF31ED8754E4F6B8E837,FE00A3A835680E67FBBC895A724E2657BB253E97,2020-10-08 13:53:56.570000,2020-10-08 13:53:58.337000
g55xtspgyfzulu7k,failed,not_found,320,B340E3BA587E36462D8DE44DAE0F7CAB6748F064,9C4DAED4759AA66D0E93EB27093BD21CFE2C2271,E9649F3BE3488799911E24BE16873ED04E4F7BEA,08CD9D4224058DC97A1F27679A5BEE5724C4C6EC,2020-10-08 13:53:47.447000,2020-10-08 13:53:49.747000
g55xtspgyfzulu7k,failed,not_found,366,B340E3BA587E36462D8DE44DAE0F7CAB6748F064,C7B6A1B76B6476DB3DA8C960E262CC7425B5C5F8,D1B1A550FEE3A05E71CA9080D14CCA3B746C0C17,08A2C608A7161011EB028FB33874149955920584,2020-10-08 13:53:49.747000,2020-10-08 13:53:51.484000
g55xtspgyfzulu7k,failed,not_found,403,B340E3BA587E36462D8DE44DAE0F7CAB6748F064,B71DE54802E73B86F0798FB2ED2AFB0BB6B1F7C9,B0335F7872A698A86E5E9AC3CF323B50AEF9C081,08EC5CF75EE99A8051A88DFA41EE60CF635F5A21,2020-10-08 13:53:51.485000,2020-10-08 13:53:53.622000
g55xtspgyfzulu7k,failed,not_found,448,B340E3BA587E36462D8DE44DAE0F7CAB6748F064,AFA9E5B8D77B736CCA77704B465F9FA4B9566924,FFA72BD683BC2FCF988356E6BEC1E490F313FB07,96E0D19D735D47039844EA83372183BB606F87B4,2020-10-08 13:53:53.623000,2020-10-08 13:53:55.204000
g55xtspgyfzulu7k,failed,not_found,482,B340E3BA587E36462D8DE44DAE0F7CAB6748F064,5642A4BDFF81F2A37A44A20E5A600BC5C12A9138,249B8CF5AD6977923574DFEBD318A36E5884A114,96E095D5CDBFC3988DEB708EC155346472402C32,2020-10-08 13:53:55.204000,2020-10-08 13:53:57.272000
g55xtspgyfzulu7k,failed,not_found,553,B340E3BA587E36462D8DE44DAE0F7CAB6748F064,EAA823552F959DFD038E9AC8FA89345A738B6C00,3E04505D362AA324E6E4E1C8516CCD9EF4D41B9C,96EA4E2C87D5B99713201CCA8B712D839FD76C59,2020-10-08 13:53:57.273000,2020-10-08 13:54:01.751000
rmsjpywshqlw3vtt,failed,not_found,339,B340E3BA587E36462D8DE44DAE0F7CAB6748F064,A64BD6DA33D870F3807C5775DEA23F6EE32289B3,A395942C2B86F0C497D04A156806FBD3024D22CF,19DEA2B8BBD3613C50CA24C96C4DE0C3ADAF4A3E,2020-10-08 13:53:48.395000,2020-10-08 13:53:49.987000
rmsjpywshqlw3vtt,failed,not_found,375,B340E3BA587E36462D8DE44DAE0F7CAB6748F064,2715B8C9FA7789751FA506EF5EA3D8BD61AA7D24,6CD171AD2C407711CBFD5BFDA79CB7F6A74C3252,74F2329674F27CB8169A32A41D971629623B7535,2020-10-08 13:53:49.987000,2020-10-08 13:53:52.072000
rmsjpywshqlw3vtt,failed,not_found,416,B340E3BA587E36462D8DE44DAE0F7CAB6748F064,BE9B12FAAB7429842D643E2308390ECD8961E0A1,81E18725397D620DA548ABBE24D9CD263DEF2FDC,19D353B8AA0927DF82CB26E0396C57BE27C0ACC5,2020-10-08 13:53:52.073000,2020-10-08 13:53:53.645000
rmsjpywshqlw3vtt,failed,not_found,449,B340E3BA587E36462D8DE44DAE0F7CAB6748F064,DC9E3C6576CC9A04AAE1C465210A972A722571A0,CA95B3584C44DED8107AF5B3D8C25C562CC64DD4,19E10AF1511609165E19330AC49CCFECE6018E48,2020-10-08 13:53:53.646000,2020-10-08 13:53:55.198000
rmsjpywshqlw3vtt,failed,not_found,480,B340E3BA587E36462D8DE44DAE0F7CAB6748F064,ACE29EC7700BD112DEB42B934E5E443476CD577C,2119E5A4B5F420165BF5DF19A5A28F4610FFD103,74FB777F25E7F80BA6BF8B808DF873A1708821A7,2020-10-08 13:53:55.199000,2020-10-08 13:53:57.020000
rmsjpywshqlw3vtt,failed,not_found,518,B340E3BA587E36462D8DE44DAE0F7CAB6748F064,F5F4019509109A07E90C45A022CEED9ECA1643C8,BE9B12FAAB7429842D643E2308390ECD8961E0A1,7533ABDA9027F40CF87FB6189AEBB1F43A132A0B,2020-10-08 13:53:57.020000,2020-10-08 13:53:58.336000
akxpljlsuzwhsz35,failed,not_found,340,B340E3BA587E36462D8DE44DAE0F7CAB6748F064,6E33D4101DDC6366BE477125068E3D5D2F22C747,B975DD0D2286202B00492E6C045253170E85B26D,C542D452D42DBD01A071D2DA1CE6EE15AF40F5C2,2020-10-08 13:53:48.403000,2020-10-08 13:53:50.456000
akxpljlsuzwhsz35,failed,not_found,380,B340E3BA587E36462D8DE44DAE0F7CAB6748F064,E36536404200A74930DB165858BD5BB554D2BEA2,4A0E54E69343B7CF6138C118843CE860E8511F78,C554F4F1EF719D33AA612457960C889F1FB64A4B,2020-10-08 13:53:50.456000,2020-10-08 13:53:51.918000
akxpljlsuzwhsz35,failed,not_found,413,B340E3BA587E36462D8DE44DAE0F7CAB6748F064,FE547E7D1D2B3797EA07BECD5E75C85AA94A5E4A,27B90919AADA44C9B6C74E2A437F37730129E0C3,1E5618C079D74CF9AE0C5370DE4C6E1AFD5C0B39,2020-10-08 13:53:51.918000,2020-10-08 13:53:54.040000
akxpljlsuzwhsz35,failed,not_found,457,B340E3BA587E36462D8DE44DAE0F7CAB6748F064,E2D9035061E3D133B2CA4DA3383AEAACCC0733E1,3BB035514F8246AC367B5370F4FE120BB11D8C6D,C545ED3BE029B226D74B3F798235951D2FEEE3E1,2020-10-08 13:53:54.040000,2020-10-08 13:53:55.927000
akxpljlsuzwhsz35,failed,not_found,495,B340E3BA587E36462D8DE44DAE0F7CAB6748F064,43C83536DACCD110FF11E049A890064F6F87BEB2,77A56CB237740E24AEA2D61C8C8936232AFC1BD8,1E5E18AC41DAEDF1BE7A02612C297E35CA24949A,2020-10-08 13:53:55.927000,2020-10-08 13:53:57.629000
akxpljlsuzwhsz35,failed,not_found,528,B340E3BA587E36462D8DE44DAE0F7CAB6748F064,92BBADCB0697F5EB1792C607EE2DC1C291A98ADC,81A9D2FABD2BA01C44824432976FAF8FF0BE2909,1E5136DDC52FAE1219208F0A6BADB0BA62587EE6,2020-10-08 13:53:57.630000,2020-10-08 13:53:59.431000
p5dkzraigrvkljcd,failed,not_found,341,B340E3BA587E36462D8DE44DAE0F7CAB6748F064,23AD6B165137D957C09AA0F7A3EE7B05CEC4A8F2,061E0496931D23A81A2B685C9339D36857DD0FA1,D228AE265C966CA4E9A8C4B746A30A9737060A32,2020-10-08 13:53:48.410000,2020-10-08 13:53:50.459000
p5dkzraigrvkljcd,failed,not_found,381,B340E3BA587E36462D8DE44DAE0F7CAB6748F064,CEC92F3BE8A2F3A46D3C042721D6BDBF2F40F4C5,17E693C615503754493153DF8E71F6C18CE6EE86,0F59911D698D3FFE2433B7AB31362FB1EA10237F,2020-10-08 13:53:50.459000,2020-10-08 13:53:51.846000
p5dkzraigrvkljcd,failed,not_found,411,B340E3BA587E36462D8DE44DAE0F7CAB6748F064,F94CCEA0042765AA7EE66BEA5B39C9E03E286EA2,729DAA09F1E225DBAAF2F42F3C82FD3BBE7AD5DE,0F6A04276CB95D042AEE8D28B745878F827D210D,2020-10-08 13:53:51.846000,2020-10-08 13:53:53.243000
p5dkzraigrvkljcd,failed,not_found,442,B340E3BA587E36462D8DE44DAE0F7CAB6748F064,198F12E2DEFBE6BEEBC38B2FEDD615AECB38DA7A,81E18725397D620DA548ABBE24D9CD263DEF2FDC,0F4A3FA5FD093F806349B26F8738C2704ADE953B,2020-10-08 13:53:53.244000,2020-10-08 13:53:54.852000
p5dkzraigrvkljcd,failed,not_found,472,B340E3BA587E36462D8DE44DAE0F7CAB6748F064,F836446663F1EB816F13708955F105D0B2F5C8E0,81A9D2FABD2BA01C44824432976FAF8FF0BE2909,D1F1F5AA5BCF5DAB44C444DEF82821B8BEC66148,2020-10-08 13:53:54.852000,2020-10-08 13:53:56.753000
p5dkzraigrvkljcd,failed,not_found,493,B340E3BA587E36462D8DE44DAE0F7CAB6748F064,1B9FACF25E17D26E307EA7CFA7D455B144B032E5,4C5B8134341E66CB09246985E4039F9BFC0ADCE3,D1F2C5C820B3F96BE6144CBFB84FDDF9D0EC0810,2020-10-08 13:53:56.753000,2020-10-08 13:53:58.025000
qfcjisollm4chfue,failed,not_found,359,B340E3BA587E36462D8DE44DAE0F7CAB6748F064,B13C2C569F3FD0C530B7D96E5FF7933DF7A0E834,5C83A9F985E2ACFBC3D3E5DB7F5C7C91FF7FE7AA,1115E5065C3EE149B683CA2D7131839F2656B5AD,2020-10-08 13:53:49.411000,2020-10-08 13:53:51.223000
qfcjisollm4chfue,failed,not_found,397,B340E3BA587E36462D8DE44DAE0F7CAB6748F064,D87698D8E2276C7E93D531B7C2A1B27D58C71876,BBA23BFE816BCB5DC4C2EEB15246204667BA0DAE,4BFC9C631A93FF4BA3AA84BC6931B4310C38A263,2020-10-08 13:53:51.224000,2020-10-08 13:53:53.099000
qfcjisollm4chfue,failed,not_found,367,B340E3BA587E36462D8DE44DAE0F7CAB6748F064,763C9556602BD6207771A7A3D958091D44C43228,1804C06A266F0DA26DF58CD559E01C2F7C3FC42A,4BF3D299BC500C350868F078749291C766C7AA6F,2020-10-08 13:53:53.100000,2020-10-08 13:53:59.616000
qfcjisollm4chfue,failed,not_found,565,B340E3BA587E36462D8DE44DAE0F7CAB6748F064,ACF165754601059ED2E472F893AD0FA4CAF1142D,E3D72E974DE4C6EFA37656377BA7A4BFE9CF22B7,4BED68DF9EAF6C111D8778E19CC9AC7AFEC4FC02,2020-10-08 13:53:59.616000,2020-10-08 13:54:01.410000
qfcjisollm4chfue,failed,not_found,594,B340E3BA587E36462D8DE44DAE0F7CAB6748F064,D5C01B85FB3A48D55698CA660A2DE8935388816E,41D2F6D866E7638138CF9F282A280F96BD020D25,110F26C0BFB2122BBB856EADC9A2D497989DE949,2020-10-08 13:54:01.411000,2020-10-08 13:54:03.005000
qfcjisollm4chfue,failed,not_found,625,B340E3BA587E36462D8DE44DAE0F7CAB6748F064,CB1EC403A7331FE26F218D178DF8908014CC4F65,D123C0F8F562804693C47D68C61786023B295E98,1116A8A9419671432CA8A4D8BB404FD71A95EC2C,2020-10-08 13:54:03.005000,2020-10-08 13:54:05.373000
dwk7jfnlp4nwoihn,failed,not_found,360,B340E3BA587E36462D8DE44DAE0F7CAB6748F064,4FCF975D71A8663E8066BD1431D8E9459DBE2EAB,04A28A62F27D9C4A60F9ED0C4264E98B988C65A3,5D69A77423FE3D2A3CF09A015CED9F0A7B9E38D1,2020-10-08 13:53:49.434000,2020-10-08 13:53:51.451000
dwk7jfnlp4nwoihn,failed,not_found,388,B340E3BA587E36462D8DE44DAE0F7CAB6748F064,A4F11D693FAB6E949B2B7C18153C3F7989896007,B3EC41B1008225F2BD1D38BFF39A5E3872634FFD,5D716DBBCD8D52E054E29659CCA2A7571832D7AB,2020-10-08 13:53:51.451000,2020-10-08 13:53:52.164000
dwk7jfnlp4nwoihn,failed,not_found,417,B340E3BA587E36462D8DE44DAE0F7CAB6748F064,6A35EE13D4354FF0A03374C063B10290614BB6A9,B0335F7872A698A86E5E9AC3CF323B50AEF9C081,5D5498F76347A2451839667C0913BDDFF302C8F2,2020-10-08 13:53:52.164000,2020-10-08 13:53:54.105000
dwk7jfnlp4nwoihn,failed,not_found,458,B340E3BA587E36462D8DE44DAE0F7CAB6748F064,B3FDF69E31D8A3FA7D1A0C05C3C90743EAA99CA3,B15C0071EAF508AAEE29DB9D07607C84AA2DDEB3,22D2314BC5146890A8E5C19C884D96C0CBFEAA24,2020-10-08 13:53:54.105000,2020-10-08 13:53:55.518000
dwk7jfnlp4nwoihn,failed,not_found,491,B340E3BA587E36462D8DE44DAE0F7CAB6748F064,1079E628FC6B0025656AC024F2D9975C441498CD,6D72E970EB5218702C854BE250EC0663CC14D9BD,22BA0D0DA7CB5B5284B43CFC4A47066D1B0DB70D,2020-10-08 13:53:55.518000,2020-10-08 13:53:56.899000
dwk7jfnlp4nwoihn,failed,not_found,551,B340E3BA587E36462D8DE44DAE0F7CAB6748F064,EE36437DFD15BFBDE7D7F471727C3050EB4EDCC5,5E4D1E6D31413DCCC148A8050224578CBBF12883,22BCD0DFD148209C9860C7F89907AB4DEE974A08,2020-10-08 13:53:56.899000,2020-10-08 13:54:01.697000
ebg7tvpkkanb3jv3,failed,not_found,361,B340E3BA587E36462D8DE44DAE0F7CAB6748F064,A9BEA2E0699D1F60521C8A1167340945A419D102,5DB9AE27A44EB7B476CC04A66C67A71C97A001E6,6C143720FFF8469EF6A5C5B4066366340CF6C0D1,2020-10-08 13:53:49.434000,2020-10-08 13:53:51.247000
ebg7tvpkkanb3jv3,failed,not_found,398,B340E3BA587E36462D8DE44DAE0F7CAB6748F064,7494CB6B5C82725BAFB6C1084DC0A1BE76591B51,C49A177510CAA653DA6727BF0E07FB7F56A0F09D,B1BE571265671D694B09BE651AC308E9F6AD3303,2020-10-08 13:53:51.247000,2020-10-08 13:53:52.548000
ebg7tvpkkanb3jv3,failed,not_found,430,B340E3BA587E36462D8DE44DAE0F7CAB6748F064,99339F3E68BCCC1391BF14C821D80766FE0C5956,508773E7A34F3BE17DD0372446798FACB8BF1EAA,6C282D35C674A036B79B5F30E90D19B363D3DAB2,2020-10-08 13:53:52.548000,2020-10-08 13:53:54.221000
ebg7tvpkkanb3jv3,failed,not_found,461,B340E3BA587E36462D8DE44DAE0F7CAB6748F064,EAA088440B100FF8407266B5D4853FFB16A8CB67,DAC825BBF05D678ABDEA1C3086E8D99CF0BBF112,B1A0F1143789466AADD5FAE5948C8138548EECEC,2020-10-08 13:53:54.221000,2020-10-08 13:53:56.218000
ebg7tvpkkanb3jv3,failed,not_found,497,B340E3BA587E36462D8DE44DAE0F7CAB6748F064,03CFF90060461087D34FFB7B485C3AD30143775C,F94CCEA0042765AA7EE66BEA5B39C9E03E286EA2,6C1A8CBE589906EEC6E73F4F286AC29AF7521E1D,2020-10-08 13:53:56.218000,2020-10-08 13:53:57.560000
ebg7tvpkkanb3jv3,failed,not_found,527,B340E3BA587E36462D8DE44DAE0F7CAB6748F064,DB621E29A90544FF5AC75E5BD0FEE679A6812F44,813CA569316D7548AF02310BF3099F98D8A50488,B1E43B11A955CBA31F5261A22CBFCE204C95D5DE,2020-10-08 13:53:57.560000,2020-10-08 13:54:00.099000
we3geqs2oomajswv,failed,not_found,378,B340E3BA587E36462D8DE44DAE0F7CAB6748F064,171C8ED92AD61ABDADE7244B03D5CB271B06E8E0,6B7ABD237CF25E5F787F365AF5FC4C86F0213A9F,4AC4F120C119C72356BC9C33BF14E26D2BF052D4,2020-10-08 13:53:50.414000,2020-10-08 13:53:51.950000
we3geqs2oomajswv,failed,not_found,414,B340E3BA587E36462D8DE44DAE0F7CAB6748F064,0459DAA497FCB7A3BB62A6CC8A4D71964EB21842,383CFCF03B225B3EDCA519197BAA310A58CEAABC,4AC424FBB4DAC4B028366C0C2EE9C9DD11A7BE2D,2020-10-08 13:53:51.950000,2020-10-08 13:53:54.020000
we3geqs2oomajswv,failed,not_found,456,B340E3BA587E36462D8DE44DAE0F7CAB6748F064,17C9E8B4EFC6034E2910308D8FF8CD4ABAE6427F,B8805CBDBE91A5E68D268FC62DC617B5BD7CC9E7,4AD0B40B0FC679CC300F398BCEBE9D000833F62C,2020-10-08 13:53:54.021000,2020-10-08 13:53:55.361000
we3geqs2oomajswv,failed,not_found,485,B340E3BA587E36462D8DE44DAE0F7CAB6748F064,20571FE948D23E8B62CEDE1B33298F1BF324EE17,55F7F56D58C8C40A9A9DF3D508C1F26A04DE360C,C2A58E55765E41061FDC6E10721D8328B2FDD52B,2020-10-08 13:53:55.362000,2020-10-08 13:53:57.687000
we3geqs2oomajswv,failed,not_found,512,B340E3BA587E36462D8DE44DAE0F7CAB6748F064,5CF2BC575B3537AEE1E531021E2DB682B591C5A4,68F175CCABE727AA2D2309BCD8789499CEE36ED7,C2B1BF766B95CF7B8B381357F6C376461B58DEB8,2020-10-08 13:53:57.687000,2020-10-08 13:53:58.593000
we3geqs2oomajswv,failed,not_found,547,B340E3BA587E36462D8DE44DAE0F7CAB6748F064,AE95BDA37A5BB4685FEBB7F06649D6CE949B5316,2784EB941DEBB8061039B1766A2623B026BACD1A,C2A3F4315DEC7F4E31D18818E1002B0C6A2E5535,2020-10-08 13:53:58.594000,2020-10-08 13:53:59.879000
5oscmwn5v5mvxpjc,failed,not_found,368,B340E3BA587E36462D8DE44DAE0F7CAB6748F064,C5340E5A64DF5B0270F1C1EEBFE3074C985F6A93,9C0552B04ED88D3434774BA0B049F59D8901F892,9370F55D4BBF72FBDF13C41D65C8B814B4300CC8,2020-10-08 13:53:50.432000,2020-10-08 13:53:51.191000
5oscmwn5v5mvxpjc,failed,not_found,396,B340E3BA587E36462D8DE44DAE0F7CAB6748F064,840ED78A802ED8C647F6CB5F2DE409FFCB36B7AC,71D15B4A7DD9FB70B0E1439F7D350B8FACCFC306,937F201D2797314953F268D252F5C98D3FA9F71E,2020-10-08 13:53:51.191000,2020-10-08 13:53:53.194000
5oscmwn5v5mvxpjc,failed,not_found,438,B340E3BA587E36462D8DE44DAE0F7CAB6748F064,90633012A1A752D8D02FEC8374A4BF98941A1900,AF1C02D6BF9827BB956F09C454C28B431B1EFFE7,939126EA4D25CB212A79746C133194F8A24C435B,2020-10-08 13:53:53.195000,2020-10-08 13:53:55.266000
5oscmwn5v5mvxpjc,failed,not_found,484,B340E3BA587E36462D8DE44DAE0F7CAB6748F064,2CE9BE1FC88B9D0FA03F387C9E4F000B5D4B2AE9,F6CD4DBF5850AC4386DD9A424918AD3C6BA2716F,7E460670C18752F8F69A9FC4550E9BFBB90BB81E,2020-10-08 13:53:55.267000,2020-10-08 13:53:56.862000
5oscmwn5v5mvxpjc,failed,not_found,514,B340E3BA587E36462D8DE44DAE0F7CAB6748F064,E787CB1DDAC5583A82B448E12FC4468DFCF93388,D87698D8E2276C7E93D531B7C2A1B27D58C71876,7E47D28F07443B57F8262E1412936B3E258694A3,2020-10-08 13:53:56.862000,2020-10-08 13:53:58.260000
5oscmwn5v5mvxpjc,failed,not_found,602,B340E3BA587E36462D8DE44DAE0F7CAB6748F064,A59AD84F92B2E5A76EBFE3BE62D3B28AF9BFD127,8CA736F332937E4FA0F5F48488B823F31883123C,7E44E0D39CE8666A98EA5DEBCBB8E12B3906410F,2020-10-08 13:53:58.260000,2020-10-08 13:54:03.381000
6fxzdxzrh7dr66vx,failed,not_found,379,B340E3BA587E36462D8DE44DAE0F7CAB6748F064,C04850673F655A91F5AD3C06E1E5B9056C5FA2E0,E223385680ADBA057CC2EB27CB19F0D417689933,2A5746BFF32A363CD3AAD05196C0F10E7143BBB6,2020-10-08 13:53:50.432000,2020-10-08 13:53:51.950000
6fxzdxzrh7dr66vx,failed,not_found,415,B340E3BA587E36462D8DE44DAE0F7CAB6748F064,1852D84B0341845F2BDC2CCBC673E9D42307A111,2CE96A8A1DA032664C90F574AFFBECE18A6E8DFC,2A621A40FF3081F612946FDFB8DC781BCE859A05,2020-10-08 13:53:51.950000,2020-10-08 13:53:53.222000
6fxzdxzrh7dr66vx,failed,not_found,440,B340E3BA587E36462D8DE44DAE0F7CAB6748F064,7B57933E29D520471D7E67AB48B06B62832828F9,22E6FBDB8D77B4C0FA017D6C5F9B45BECDCBCFF8,2A48A89836960A31E7017A84118BC37D0E167CD0,2020-10-08 13:53:53.223000,2020-10-08 13:53:55.099000
6fxzdxzrh7dr66vx,failed,not_found,479,B340E3BA587E36462D8DE44DAE0F7CAB6748F064,6206ABDDC29EC1D9388223580EB4B0BC81576609,F04F36178E95A10B5CA1DA4D6FEA42754F3E5A92,A2C3CB1520C75BEDB21244FD1DF1C371C26E959E,2020-10-08 13:53:55.099000,2020-10-08 13:53:57.249000
6fxzdxzrh7dr66vx,failed,not_found,520,B340E3BA587E36462D8DE44DAE0F7CAB6748F064,3151FB419FAB0FD86D7BE4F7DFD620E99E105D92,44412B315567A50EF6BBF592B76F1D9B44C146E3,A29536C09FFA651336CEF34E8C5B7F1F81E5A7CC,2020-10-08 13:53:57.250000,2020-10-08 13:53:59.234000
6fxzdxzrh7dr66vx,failed,not_found,558,B340E3BA587E36462D8DE44DAE0F7CAB6748F064,B872BA6804C8C6E140AE1897B44CF32B42FD2397,C3D92B0696196558E784EF7252A5370192720BE5,A2BA8791AA2A27DCB5B0C5B51E8CCF2337A5C1E2,2020-10-08 13:53:59.234000,2020-10-08 13:54:00.519000
7rnxd74snivbvteb,failed,not_found,399,B340E3BA587E36462D8DE44DAE0F7CAB6748F064,599A708756048993A1029B2775EEF8C9E40BB640,0A930AD7BAAF24C5773C22730EB1FBB3F02391FE,B426BB592E20008B7ED9E9D7AC5651ED8B0EB39E,2020-10-08 13:53:51.407000,2020-10-08 13:53:53.097000
7rnxd74snivbvteb,failed,not_found,434,B340E3BA587E36462D8DE44DAE0F7CAB6748F064,33B36B7CD097F0BE1EE51E739DDA8F1B2E80B0F2,578A44CD233FF5F05EC97A7C9371F7C3F9A7C628,5786D04C5A2885D19E606F13C4203F60AEE38110,2020-10-08 13:53:53.098000,2020-10-08 13:53:54.622000
7rnxd74snivbvteb,failed,not_found,452,B340E3BA587E36462D8DE44DAE0F7CAB6748F064,BE8737597F2E6B4F805893202C935125829A902E,E747773C61CF671A222EB913DE17DA33074A6D76,B428E8A48C62E35536E5F30BA348A05ACE5FDF14,2020-10-08 13:53:54.622000,2020-10-08 13:53:55.595000
7rnxd74snivbvteb,failed,not_found,471,B340E3BA587E36462D8DE44DAE0F7CAB6748F064,44BD70C13DAA7513D6F47773804178B009F21ED5,EE7CD2A763435C7006095BD167C790ABE5BC4DEA,B43409C6A047E50FC7B7A23321102957BAFC3D6B,2020-10-08 13:53:55.595000,2020-10-08 13:53:56.898000
7rnxd74snivbvteb,failed,not_found,515,B340E3BA587E36462D8DE44DAE0F7CAB6748F064,AF9AF9FC2018D6BCBBB57C2F141175AA55FE6213,5CCC3569C67B7F1BB733664D43DF4645F2A4B04D,578E007E5E4535FBFEF7758D8587B07B4C8C5D06,2020-10-08 13:53:56.899000,2020-10-08 13:53:58.862000
7rnxd74snivbvteb,failed,not_found,554,B340E3BA587E36462D8DE44DAE0F7CAB6748F064,C1A792D0F70DFEFDCE0D9C70A9CE5ACA095693CA,5EEE4C799C55FC8BBDB8EB5E65A48C60C8F15640,5788CEC0A7C5EE251FC72C55730A6B1FCAEA1D93,2020-10-08 13:53:58.863000,2020-10-08 13:54:01.147000
s6vv6wwepajfmyhv,failed,not_found,400,B340E3BA587E36462D8DE44DAE0F7CAB6748F064,F58DB7D175AE3192411CBE3EA9E92632ECEFBC85,34B84952AFCDB00444F27805A5EDEF5F7DD549C7,7F0CF3D96C1C910020149EEA5A10294117DC67AA,2020-10-08 13:53:51.424000,2020-10-08 13:53:53.355000
s6vv6wwepajfmyhv,failed,not_found,443,B340E3BA587E36462D8DE44DAE0F7CAB6748F064,720B000B01E00C15E1E2776C8E16FE1763A43CA4,4E98AA295B7171996D18DD1F6A19F64AB4036B4A,7F3D20E72A24ED2EBD92AA9C430B805BA389D02B,2020-10-08 13:53:53.355000,2020-10-08 13:53:55
s6vv6wwepajfmyhv,failed,not_found,476,B340E3BA587E36462D8DE44DAE0F7CAB6748F064,EE7CD2A763435C7006095BD167C790ABE5BC4DEA,2AA5F598F9A1812F01CD99E3B59BB87362ED7438,356B94BAD3096790E409790898144A4030AC225C,2020-10-08 13:53:55,2020-10-08 13:53:56.655000
s6vv6wwepajfmyhv,failed,not_found,508,B340E3BA587E36462D8DE44DAE0F7CAB6748F064,97767B43E78119A613B46CEAF81A788F45CC05D9,1F768F39EDFA445C14E18E915B0CED7E14E450CF,356ACBA2D112CA4D1457F27D2EA0759BF82EE898,2020-10-08 13:53:56.656000,2020-10-08 13:53:58.488000
s6vv6wwepajfmyhv,failed,not_found,544,B340E3BA587E36462D8DE44DAE0F7CAB6748F064,4A60B05738087419BFF41A41D2059873EE16E1E9,215616527FB97ED5BE0BF8D2166BDB44EEB6A840,7F04E089C6BED83E04FB2AE196BDE34B808094F5,2020-10-08 13:53:58.489000,2020-10-08 13:54:00.265000
s6vv6wwepajfmyhv,failed,not_found,578,B340E3BA587E36462D8DE44DAE0F7CAB6748F064,D8A2D0080B0C73E1DC0EC9F33B497F64E5FB3F52,1E03D81C9744DE0E3C9DE6E6FBDF1DF9DAEA5AFC,356E3DFC797A52AB79C83323C5EAEF4CA638ED52,2020-10-08 13:54:00.265000,2020-10-08 13:54:02.203000
5keebg2slixe3lsy,failed,not_found,401,B340E3BA587E36462D8DE44DAE0F7CAB6748F064,7F4CED11AF2E0A4878B9B533AA0E13C631326181,64E257D94E739278D5954CC820C9D7EAC4E7A7B7,F34E681AF8226DEBC9135A48F61DEF9F68966BA5,2020-10-08 13:53:51.445000,2020-10-08 13:53:52.891000
5keebg2slixe3lsy,failed,not_found,433,B340E3BA587E36462D8DE44DAE0F7CAB6748F064,E23126C928D2DED8CC0C0E7BEC578D7C3DAA3145,E432C6B90254DD0675F86D3E4D5F3A2CA100DE8B,58A9921DD0A1389356634625C5B14ACC1194A95C,2020-10-08 13:53:52.891000,2020-10-08 13:53:55
5keebg2slixe3lsy,failed,not_found,477,B340E3BA587E36462D8DE44DAE0F7CAB6748F064,3CCF9573F59137E52787D9C322AC19D2BD090B70,02758CD398E3F842EF82478078AAAE0273770DB2,58556883C97E01B4639611BAF43EBC843C0D1B51,2020-10-08 13:53:55,2020-10-08 13:53:56.758000
5keebg2slixe3lsy,failed,not_found,509,B340E3BA587E36462D8DE44DAE0F7CAB6748F064,74AC10CA94E400BA4D69E397562597CA04FC5352,6B88E20FEE8EB47F1A8E30207F327005C61A013D,F35D115BDD5987D301BE0FD27DAB05F5F4B2ABAE,2020-10-08 13:53:56.758000,2020-10-08 13:53:58.152000
5keebg2slixe3lsy,failed,not_found,534,B340E3BA587E36462D8DE44DAE0F7CAB6748F064,22775B953E662151549C114CB8EE5FBDBCBDAD02,8B384367EE627FA63DEF1D3A184C0E39D2B66E9A,F37374DB9FA6EF14CED64FD294E8D8683F032EC8,2020-10-08 13:53:58.152000,2020-10-08 13:53:59.482000
5keebg2slixe3lsy,failed,not_found,564,B340E3BA587E36462D8DE44DAE0F7CAB6748F064,6A6E168C7FB2909DBEBCA7BF43B818583C37F3EA,200473B7974E8D78B75B28DBD6C218DA3A0B8059,585C345B2E0C23DB6E84A105750A038CE1B7CD4B,2020-10-08 13:53:59.482000,2020-10-08 13:54:00.974000
mli2lslandohf4hh,failed,not_found,425,B340E3BA587E36462D8DE44DAE0F7CAB6748F064,21AC6EF15C86641CE623B8A08D64144BCAC14AEC,03910F285A33F365838EC66EF2C2EF754D046760,1D8DE4EF4BFA38D366FCE7249DC41A540D8E1EB9,2020-10-08 13:53:52.408000,2020-10-08 13:53:54.975000
mli2lslandohf4hh,failed,not_found,475,B340E3BA587E36462D8DE44DAE0F7CAB6748F064,05499507DA8B381370E0858A784C3AFE13DC927F,51F733EAC4DFD128CF957A14D5F2DC023803D1A2,0B28C72A82D4CE016016DAB98D077C997F524AA1,2020-10-08 13:53:54.975000,2020-10-08 13:53:57.289000
mli2lslandohf4hh,failed,not_found,522,B340E3BA587E36462D8DE44DAE0F7CAB6748F064,B058FBDEA69774C28EAC1111E167BC0AD4A904E0,1A25F64FCACEB588B42429F5C463BD0396524280,1DA8D6E01092B20968F99D6861C5D51B8025B511,2020-10-08 13:53:57.290000,2020-10-08 13:54:01.283000
mli2lslandohf4hh,failed,not_found,592,B340E3BA587E36462D8DE44DAE0F7CAB6748F064,B86137AE9681701901C6720E55C16805B46BD8E3,94025AB7BA718179205F72A939A4AACB497B6EE6,0B19BBFDC498CCEA23027B1D7BD8E20121B95E60,2020-10-08 13:54:01.284000,2020-10-08 13:54:03.185000
mli2lslandohf4hh,failed,not_found,772,B340E3BA587E36462D8DE44DAE0F7CAB6748F064,5ACC0FB6043235708F7E018E315101FA2194CBB4,856DAB2FDC9EED88A27BE2265FA6BD5489EF178E,1D963F0A72B8FF21ECD2B2666D70E7040BEDEAB6,2020-10-08 13:54:03.185000,2020-10-08 13:54:13.073000
mli2lslandohf4hh,failed,not_found,808,B340E3BA587E36462D8DE44DAE0F7CAB6748F064,79E3B585803DE805CCBC00C1EF36B1E74372861D,8B64F593CAC2ED05C0FA703AEF50FF71925B569C,0B25110BA3473A6DC04AB58A3A0D5E4D6922A0E0,2020-10-08 13:54:13.073000,2020-10-08 13:54:15.010000
7g6qu6ruezc3t5dn,failed,not_found,426,B340E3BA587E36462D8DE44DAE0F7CAB6748F064,4E98AA295B7171996D18DD1F6A19F64AB4036B4A,3A6FED8AEB5D7242835F509881D09F425F13EE20,00052E786B0E33AC3C24270E1FE33FEE54E53F4D,2020-10-08 13:53:52.425000,2020-10-08 13:53:53.899000
7g6qu6ruezc3t5dn,failed,not_found,454,B340E3BA587E36462D8DE44DAE0F7CAB6748F064,AA0D4A275E3F1CDFFACF737470FCE9CA90D4D4FF,64A0B5722613DDFC2EB84897C550FBF4A096DE0D,8DC832ABDC9C97B8B71F74AB041D3CB3FA9578AA,2020-10-08 13:53:53.899000,2020-10-08 13:53:55.515000
7g6qu6ruezc3t5dn,failed,not_found,490,B340E3BA587E36462D8DE44DAE0F7CAB6748F064,74AC10CA94E400BA4D69E397562597CA04FC5352,148487C6EBE04EB22496080C20796C51B060F611,8DCB526722FBE2B3F4C0CE9D020B0589170F8BDA,2020-10-08 13:53:55.516000,2020-10-08 13:53:56.934000
7g6qu6ruezc3t5dn,failed,not_found,517,B340E3BA587E36462D8DE44DAE0F7CAB6748F064,41CEB66108B70108F148BF7778260A87723AACA1,DD0AA66DD9E4E71FFAFAB658DF8300F1CEEA0364,FFFBFB50A83A414CC21B4CDA93A9674B004705E8,2020-10-08 13:53:56.935000,2020-10-08 13:53:58.687000
7g6qu6ruezc3t5dn,failed,not_found,620,B340E3BA587E36462D8DE44DAE0F7CAB6748F064,4D18570C6FF01ECE486FB962EA172CB31917F2D1,E916F2ACBA67EC57AFAF450AA84E528308835418,FFF78C44BA6E6B6F7525095BBE14EF7CBEB89744,2020-10-08 13:53:58.687000,2020-10-08 13:54:04.427000
7g6qu6ruezc3t5dn,failed,not_found,652,B340E3BA587E36462D8DE44DAE0F7CAB6748F064,A99B0D9E5FD5BC3C8F2D006EC91F8C7F40E09CB8,FAFF33D5273691F537E4657C91A8DF58182EB561,8D9FCB3088031C52198E7D2344B9542E3D1B0810,2020-10-08 13:54:04.428000,2020-10-08 13:54:06.953000
u2le4dsjpayaxwem,failed,not_found,427,B340E3BA587E36462D8DE44DAE0F7CAB6748F064,A4F11D693FAB6E949B2B7C18153C3F7989896007,57B6873C2DC362E5A42A809FB5624CDA3A025430,78D1C8763DE548839DDA41C95E7796DD43240355,2020-10-08 13:53:52.466000,2020-10-08 13:53:54.470000
u2le4dsjpayaxwem,failed,not_found,467,B340E3BA587E36462D8DE44DAE0F7CAB6748F064,6DCCA448F8EDC79553CE60E8E21030E942CCC3B9,86CDD0D92AB972538416A382D99666736CDDF141,78E584CEC6BDD9D38D573A7701936F2F4AED93BA,2020-10-08 13:53:54.470000,2020-10-08 13:53:56.570000
u2le4dsjpayaxwem,failed,not_found,504,B340E3BA587E36462D8DE44DAE0F7CAB6748F064,CA0F5916F21477EAD36E53FD7A3D0EEA5FDA2FA6,64E257D94E739278D5954CC820C9D7EAC4E7A7B7,0DD55CF27BBA1F51131A46BC0A0EED68A177D1BB,2020-10-08 13:53:56.570000,2020-10-08 13:53:58.323000
u2le4dsjpayaxwem,failed,not_found,538,B340E3BA587E36462D8DE44DAE0F7CAB6748F064,BD4C647508162F59CB44E4DFC1C2B2B8A9387CCA,F5F4019509109A07E90C45A022CEED9ECA1643C8,0DD04EF0B081BBFDE3082D4ECC8A63FD0022FCAF,2020-10-08 13:53:58.323000,2020-10-08 13:53:59.694000
u2le4dsjpayaxwem,failed,not_found,566,B340E3BA587E36462D8DE44DAE0F7CAB6748F064,47C362713928A711FC105AF54993576E41CB1B7F,8A57DA2FFB5BA49C041EDE1A095E33E86EA756CC,78E40CFC92AA9265BB50494B75BE8E7F94659E8E,2020-10-08 13:53:59.694000,2020-10-08 13:54:01.739000
u2le4dsjpayaxwem,failed,not_found,600,B340E3BA587E36462D8DE44DAE0F7CAB6748F064,928C991C655BF10189FF084C79A41772AE6155C6,3098CC656BB3F519FEBF93AF6E0CBBDE4D84002A,0DDC190D45A6C452F6814408284DDF7DA8175006,2020-10-08 13:54:01.739000,2020-10-08 13:54:03.925000
7j7nmzp5owk67utx,failed,not_found,432,B340E3BA587E36462D8DE44DAE0F7CAB6748F064,0B25110BA3473A6DC04AB58A3A0D5E4D6922A0E0,44412B315567A50EF6BBF592B76F1D9B44C146E3,B15C0071EAF508AAEE29DB9D07607C84AA2DDEB3,2020-10-08 13:53:53.478000,2020-10-08 13:53:54.139000
7j7nmzp5owk67utx,failed,not_found,459,B340E3BA587E36462D8DE44DAE0F7CAB6748F064,C3E0E9EA1FF3FCFC27E856BFE61533020DD7F090,6062A0D4F5BD1C1FF2D7BD5998663E0FA7E21450,B161E036AD43D7F8D22BA18FB612200E6A6138A0,2020-10-08 13:53:54.139000,2020-10-08 13:53:55.995000
7j7nmzp5owk67utx,failed,not_found,496,B340E3BA587E36462D8DE44DAE0F7CAB6748F064,A66E5782FE6097D2824044466776FE912AEFD85B,66BD39FE805AED414ADE400CAAD862C9CC3AC34E,B17D1E57061D7C4772E939DEC47D25D3EC4687A3,2020-10-08 13:53:55.996000,2020-10-08 13:53:58.469000
7j7nmzp5owk67utx,failed,not_found,543,B340E3BA587E36462D8DE44DAE0F7CAB6748F064,9C0552B04ED88D3434774BA0B049F59D8901F892,813CA569316D7548AF02310BF3099F98D8A50488,75784DD2BCB70CE13CEC93CFE24CD69C66E2C67B,2020-10-08 13:53:58.470000,2020-10-08 13:54:00.098000
7j7nmzp5owk67utx,failed,not_found,573,B340E3BA587E36462D8DE44DAE0F7CAB6748F064,40108FDFA40EDB013F7291F3B4DA3D412ED3A5EF,A0FA50A070CFB4B89737A27F3259F92C118A0AF0,75778F82E06573189429D553EBD8BD3CED8097C6,2020-10-08 13:54:00.099000,2020-10-08 13:54:02.941000
7j7nmzp5owk67utx,failed,not_found,624,B340E3BA587E36462D8DE44DAE0F7CAB6748F064,18CA9EA099BB9861E354D2A6FF49337A7E81C2F3,B86BE002D4D6F3E2999E8EEAC9B72CAA796944BE,7584319D0E19DAE85621223E2A22F92123EAB815,2020-10-08 13:54:02.942000,2020-10-08 13:54:05.106000
4lxw7gzhkopylml7,failed,not_found,446,B340E3BA587E36462D8DE44DAE0F7CAB6748F064,24B6AFD1937525F0330BD94759A0F3BBC06F5955,50C7B836942F14BDF1541B017CF21FD03F354E13,DB5A100152FB7937F02F00B5DDFFFD012789C242,2020-10-08 13:53:53.502000,2020-10-08 13:53:55.247000
4lxw7gzhkopylml7,failed,not_found,483,B340E3BA587E36462D8DE44DAE0F7CAB6748F064,7E102AAA6F8D6151060A977CB2B8824B7D5647D6,7B28971D4A29995784E3066B9D87E42E9C685F3A,110F26C0BFB2122BBB856EADC9A2D497989DE949,2020-10-08 13:53:55.248000,2020-10-08 13:53:56.655000
4lxw7gzhkopylml7,failed,not_found,507,B340E3BA587E36462D8DE44DAE0F7CAB6748F064,BF50E09EED25B82861CF95E1AAA42DCFEF53E5D1,270934A4F7B669AA387F2D475FBE793D03694547,DB53975D02957099E84F319194B8F5C7C6D15712,2020-10-08 13:53:56.655000,2020-10-08 13:53:58.574000
4lxw7gzhkopylml7,failed,not_found,546,B340E3BA587E36462D8DE44DAE0F7CAB6748F064,213F2B4AB09EE6FF8CA21B804B2E1BD8835088D3,A3F374EBE1B897580D81FEB30C6B8A6A5F48F4C2,1115E5065C3EE149B683CA2D7131839F2656B5AD,2020-10-08 13:53:58.574000,2020-10-08 13:54:00.188000
4lxw7gzhkopylml7,failed,not_found,576,B340E3BA587E36462D8DE44DAE0F7CAB6748F064,9ACD9D526D1F82D7A00225742F1BDB374D7D17D4,1A2B77AD0A742CD804B9DD747E2DD8E38D06C915,1116A8A9419671432CA8A4D8BB404FD71A95EC2C,2020-10-08 13:54:00.188000,2020-10-08 13:54:01.709000
4lxw7gzhkopylml7,failed,not_found,585,B340E3BA587E36462D8DE44DAE0F7CAB6748F064,1C0736CF3744A3B87C2D2269B8BD3388C7E60552,9B5ED3370E002AEBB2A9B25E3213C1817CCD2D88,DB58ED50E920C51F5C1A044E6A04BA669B14CFD2,2020-10-08 13:54:01.710000,2020-10-08 13:54:03.184000
7zue6mvhn6znln3q,failed,not_found,447,B340E3BA587E36462D8DE44DAE0F7CAB6748F064,AE70B5E3AFA1D1A1F3B7327D17D931BE310ACC10,8CA736F332937E4FA0F5F48488B823F31883123C,1424000B86DF67D1FBFF685B204073BB9591CEFD,2020-10-08 13:53:53.502000,2020-10-08 13:53:55.925000
7zue6mvhn6znln3q,failed,not_found,494,B340E3BA587E36462D8DE44DAE0F7CAB6748F064,9B2BC7EFD661072AFADC533BE8DCF1C19D8C2DCC,CBBA40F7D9F284F47A243EE2C081E96682741D22,8C5B316ED73018484765C3E0944E4508DCAE0944,2020-10-08 13:53:55.925000,2020-10-08 13:53:57.917000
7zue6mvhn6znln3q,failed,not_found,532,B340E3BA587E36462D8DE44DAE0F7CAB6748F064,9C0552B04ED88D3434774BA0B049F59D8901F892,7C5C0E83CA290FFF6D5E30D9E0E3FFC9BAE0D0C5,8C601BFCF56E25120C18A18B9856010A8BD659BD,2020-10-08 13:53:57.917000,2020-10-08 13:53:59.213000
7zue6mvhn6znln3q,failed,not_found,557,B340E3BA587E36462D8DE44DAE0F7CAB6748F064,503FCA0040D4701CED8078F0A38C3BFD4DB33CCE,85A3AC041E3FCD796AF5D653953D5E27A56E3719,143F5A3EF84BF1A8E82998CA261D9C889C247127,2020-10-08 13:53:59.213000,2020-10-08 13:54:01.217000
7zue6mvhn6znln3q,failed,not_found,591,B340E3BA587E36462D8DE44DAE0F7CAB6748F064,090885B97A4459B7B7B03B67029DE4CA6C3516FE,0C11264CE26FBE53956784ADCE11C2A5EDA45287,1408DA5C310FEECE76E7CF88FB68ECB28B22D4DC,2020-10-08 13:54:01.217000,2020-10-08 13:54:05.371000
7zue6mvhn6znln3q,failed,not_found,666,B340E3BA587E36462D8DE44DAE0F7CAB6748F064,0824D7C7FB117D5C6AC01581FD798E670C37C804,ECF7E57B130849E677164ABE617EAF505FEA09DB,8C4ECFC848AF887DA98641FD649087D865161195,2020-10-08 13:54:05.371000,2020-10-08 13:54:09.374000
7gihhvfvwxmbmfef,failed,not_found,463,B340E3BA587E36462D8DE44DAE0F7CAB6748F064,52A022F16D8CDBF019E132F1538A1798F167973A,725BDB38752AB86CC9F204AC9857C29306BBE2D6,F0F13714732C347312426EC2B8D5C4940EAA45BA,2020-10-08 13:53:54.421000,2020-10-08 13:53:56.327000
7gihhvfvwxmbmfef,failed,not_found,498,B340E3BA587E36462D8DE44DAE0F7CAB6748F064,8D89D606CC7057124916A6616C4C1936ABEE9E88,B872BA6804C8C6E140AE1897B44CF32B42FD2397,F0FCCA6EF32A8D7C731D5624E6FC64E03F53D570,2020-10-08 13:53:56.328000,2020-10-08 13:53:59.299000
7gihhvfvwxmbmfef,failed,not_found,559,B340E3BA587E36462D8DE44DAE0F7CAB6748F064,BC7ACFAC04854C77167C7D66B7E471314ED8C410,8A57DA2FFB5BA49C041EDE1A095E33E86EA756CC,F0F5074A6DADD3DC22E1FAA18FD6D89CBC52771A,2020-10-08 13:53:59.299000,2020-10-08 13:54:01.379000
7gihhvfvwxmbmfef,failed,not_found,593,B340E3BA587E36462D8DE44DAE0F7CAB6748F064,425835370C1FBE178C21CB53C76672F12BDE091A,F81F63FDF6B566D63D3A1112FC9D3EA1D3A285D1,72614C16C578D6732A9D9079A0905E8159BC44E4,2020-10-08 13:54:01.380000,2020-10-08 13:54:02.909000
7gihhvfvwxmbmfef,failed,not_found,692,B340E3BA587E36462D8DE44DAE0F7CAB6748F064,18486EEF535E1303B1C9ACEBAC2D1AB09F7708CF,49C74AB9AD0357F39D268BAB3B5B20FD4765F226,725BDB38752AB86CC9F204AC9857C29306BBE2D6,2020-10-08 13:54:02.910000,2020-10-08 13:54:08.981000
7gihhvfvwxmbmfef,failed,not_found,736,B340E3BA587E36462D8DE44DAE0F7CAB6748F064,114FB145113A8D53818F0BA9363DFBC81DC8447F,43E187B8C7361F47EA968ED5389435865D7F4FE7,7260949459C2D4D4A5ABC3AC10C1AD6939E6525C,2020-10-08 13:54:08.982000,2020-10-08 13:54:11.057000
5czxzgqmjwy75eo3,failed,not_found,464,B340E3BA587E36462D8DE44DAE0F7CAB6748F064,5C818A86C30F51951EA054E0730DF62E4F35E964,B568135C5E345BAFB080C11FDDF348E545A722E5,30C19B81981F450C402306E2E7CFB6C3F79CB6B2,2020-10-08 13:53:54.460000,2020-10-08 13:53:56.515000
5czxzgqmjwy75eo3,failed,not_found,503,B340E3BA587E36462D8DE44DAE0F7CAB6748F064,96DAFDCE92BA94E4CC95F8314AE48E272A702FDC,768B488AE2C61B6FA837E3AB8DB7601E1A0B8492,30C0B4DE58CFBB350485B326A0D67352E0138CCF,2020-10-08 13:53:56.515000,2020-10-08 13:53:58.195000
5czxzgqmjwy75eo3,failed,not_found,571,B340E3BA587E36462D8DE44DAE0F7CAB6748F064,8C612213C4B5C154FA90847F36FBF36DB78AB1AC,E76E2BC2FC9273BFBA38947EB5572076270D49D5,30B6CF0FCBA0505FD7105907999C751D799AE4D2,2020-10-08 13:53:58.195000,2020-10-08 13:54:01.604000
5czxzgqmjwy75eo3,failed,not_found,598,B340E3BA587E36462D8DE44DAE0F7CAB6748F064,CB92FA4D7D71F134CE1F1FFF2BFF53E88DD4A1DB,DA84D41783BBB6058CB9DF8C90697E8D5EA647C3,9EA4649400C7D35E20C734FA737CF615E925F1E4,2020-10-08 13:54:01.604000,2020-10-08 13:54:03.070000
5czxzgqmjwy75eo3,failed,not_found,626,B340E3BA587E36462D8DE44DAE0F7CAB6748F064,E36536404200A74930DB165858BD5BB554D2BEA2,2151722FC89329E9FA40448FA875B9B459901E66,9EAD5B2D3DBD96DBC80DCE423B0C345E920A758D,2020-10-08 13:54:03.071000,2020-10-08 13:54:05.067000
5czxzgqmjwy75eo3,failed,not_found,665,B340E3BA587E36462D8DE44DAE0F7CAB6748F064,26198AAE02986B4D9172637DD7872A1EDF41BD40,FCD52578ED1DA778B918D3E6B95068542203D20F,9E836A0C79C4FFDC2DC364916FD290177FF7F185,2020-10-08 13:54:05.068000,2020-10-08 13:54:07.354000
2eh7cawev4dpr6h5,failed,not_found,465,B340E3BA587E36462D8DE44DAE0F7CAB6748F064,21310F48066A4CAADEB2BFD324F0B38F8E1448D6,EECADDB0CBB5725D4DDFE3D7E734E8261E0E9D09,47E0EEB4E75C2C3633A7E294885F146B1E786DA9,2020-10-08 13:53:54.461000,2020-10-08 13:53:57.934000
2eh7cawev4dpr6h5,failed,not_found,533,B340E3BA587E36462D8DE44DAE0F7CAB6748F064,88CF8D42D49B7C8E9D03ABE5DAE7AF25E9902008,F133D094894E08CA79D79CD732E317F458F32497,A4FE021A8B4C4E3CB8851CFC3E0164DEDD0B4AA0,2020-10-08 13:53:57.934000,2020-10-08 13:53:59.971000
2eh7cawev4dpr6h5,failed,not_found,569,B340E3BA587E36462D8DE44DAE0F7CAB6748F064,1911E022DBFED9B04EE917187D46ABFBA5C8BACB,F697E816D82A3621D07CBD1DD3C89B6F7CC5E6A2,A4F11D693FAB6E949B2B7C18153C3F7989896007,2020-10-08 13:53:59.972000,2020-10-08 13:54:02.201000
2eh7cawev4dpr6h5,failed,not_found,609,B340E3BA587E36462D8DE44DAE0F7CAB6748F064,DB7564CC6C0A38B40BAE93755884B9B01165BE06,599A708756048993A1029B2775EEF8C9E40BB640,47E49319DD67784F1E65B5793371BE467365979E,2020-10-08 13:54:02.202000,2020-10-08 13:54:03.770000
2eh7cawev4dpr6h5,failed,not_found,696,B340E3BA587E36462D8DE44DAE0F7CAB6748F064,81E18725397D620DA548ABBE24D9CD263DEF2FDC,61FA7E7C766577D76EBABF19330993DEFA8AF3C3,A50CFA07258E3CEA7B06FC9B6248A257565287F5,2020-10-08 13:54:03.770000,2020-10-08 13:54:08.901000
2eh7cawev4dpr6h5,failed,not_found,734,B340E3BA587E36462D8DE44DAE0F7CAB6748F064,ACA0B8702A6A0B890217A3D26B7220EB6E1CFFD1,A2C6C931D8627C6605288970889DDB88C7BA2142,47E1157F7DA6DF80EC00D745D73ACD7B0A380BCF,2020-10-08 13:54:08.901000,2020-10-08 13:54:10.951000
tb2e5h5bb67fzk34,failed,not_found,487,B340E3BA587E36462D8DE44DAE0F7CAB6748F064,B79589355A41880DFF82F5225F2940437CEDE925,49CA9262801E9DC9B414A143A58A68255149367A,D4E4D495A761B318F9FCDE7F93EA478C85F95420,2020-10-08 13:53:55.409000,2020-10-08 13:53:57.533000
tb2e5h5bb67fzk34,failed,not_found,526,B340E3BA587E36462D8DE44DAE0F7CAB6748F064,AA5B4BF2E7A42356EDE8E6E6F97FD364A413B82F,2269C9905B04530E251186FAD6F56033654E5C99,D4DC70B25409B8E4B0FD482B8A70CA6A3F4A123C,2020-10-08 13:53:57.533000,2020-10-08 13:53:59.482000
tb2e5h5bb67fzk34,failed,not_found,563,B340E3BA587E36462D8DE44DAE0F7CAB6748F064,FEDE31337E4E19E06B97D282F08B0A0E8B9C5526,8C5B316ED73018484765C3E0944E4508DCAE0944,DFAA86AD46BEA875D5018CC1CECD77C9F979FB0E,2020-10-08 13:53:59.482000,2020-10-08 13:54:01.022000
tb2e5h5bb67fzk34,failed,not_found,618,B340E3BA587E36462D8DE44DAE0F7CAB6748F064,1D361A2F1CAE4FDD5A85E13C168BE7075A100524,E546C96AEB2258BD0733949027E8F96156F6B290,DFE448D8C5D81AE687289A225B64F704A7FAC877,2020-10-08 13:54:01.022000,2020-10-08 13:54:04.609000
tb2e5h5bb67fzk34,failed,not_found,659,B340E3BA587E36462D8DE44DAE0F7CAB6748F064,01FE2137C42E4802507A1FD97B0158116FD78A8C,F0C9513539800F762ECAE37F16370D7CBA5E52C2,DFA40306BEA6EAF28CEF4AFED473A2877A90F9B5,2020-10-08 13:54:04.610000,2020-10-08 13:54:06.332000
tb2e5h5bb67fzk34,failed,not_found,682,B340E3BA587E36462D8DE44DAE0F7CAB6748F064,438F3EA4C9FB0DB63F5377A3271AB5435FAD7E04,A35944904C0C18955AFB76539CF5EBF805C0A31D,D4D107680B0897DFFEE500E625A98AAA8060C7F1,2020-10-08 13:54:06.332000,2020-10-08 13:54:08.418000
y5jt72xi5km6opc5,failed,not_found,488,B340E3BA587E36462D8DE44DAE0F7CAB6748F064,B1E34EA2AC156AAAA0A1BE2E4F2A38A728891062,3212FA08FB2358B271606E21B1DFBD6717B94FA3,059208418A85DAEA537027F54AF9DB8A01AFF381,2020-10-08 13:53:55.445000,2020-10-08 13:53:57.776000
y5jt72xi5km6opc5,failed,not_found,529,B340E3BA587E36462D8DE44DAE0F7CAB6748F064,79509683AB4C8DDAF90A120C69A4179C6CD5A387,F83A64E0FA85BC224807919772FE14E1BA07CEF5,05AD6F4906142276C606558C9C3B8876B43CD90F,2020-10-08 13:53:57.776000,2020-10-08 13:54:00.067000
y5jt72xi5km6opc5,failed,not_found,639,B340E3BA587E36462D8DE44DAE0F7CAB6748F064,6FF440DFB1D0697B942357D747900CC308DD57CC,CB92FA4D7D71F134CE1F1FFF2BFF53E88DD4A1DB,22979D549AA1F0B7748A092E723D1926AC9FE570,2020-10-08 13:54:00.068000,2020-10-08 13:54:05.566000
y5jt72xi5km6opc5,failed,not_found,660,B340E3BA587E36462D8DE44DAE0F7CAB6748F064,F8876E10591FD0542ED244AE027D71E0C10B85D0,2CF227C88CD37461CC2233E10083ED8A21D49CDC,05976EAC91BC67A6C0628476EE24DAC1CC378A10,2020-10-08 13:54:05.566000,2020-10-08 13:54:07.206000
y5jt72xi5km6opc5,failed,not_found,702,B340E3BA587E36462D8DE44DAE0F7CAB6748F064,CE863C22AD5ABBEAF606AE35A22781C409D895E5,1034775A01EA629979D0A601EC85FDF2F584CC45,229D865D7AC084D30E5F5016CE5A8C21740F74F4,2020-10-08 13:54:07.207000,2020-10-08 13:54:08.805000
y5jt72xi5km6opc5,failed,not_found,732,B340E3BA587E36462D8DE44DAE0F7CAB6748F064,9063C7EC4A3273446DC05E9310A5C5B2F4235696,3B65EEA3DDB890CF4899E675A7B138D04759FAFA,22A3E5C3A74CC41D21E90F14862D3FAA9F41506C,2020-10-08 13:54:08.806000,2020-10-08 13:54:11.329000
22kk5yacb2cyupnv,failed,not_found,489,B340E3BA587E36462D8DE44DAE0F7CAB6748F064,327F5823438B8EC86EC33355C147D8455AB1C14B,CA4E9DFE87DE87E502F3B503D07EC8EFCAEE2549,605EE4375EE4C38215C8949F5808863749FD4F4A,2020-10-08 13:53:55.453000,2020-10-08 13:53:56.861000
22kk5yacb2cyupnv,failed,not_found,513,B340E3BA587E36462D8DE44DAE0F7CAB6748F064,CDA2C336AD87E22DF02983887A3F74B21070D02D,3D5D6178C44537E3692853B344385F6572A55767,60769652C04712912E6E21CED1F08DC797789A75,2020-10-08 13:53:56.861000,2020-10-08 13:53:58.375000
22kk5yacb2cyupnv,failed,not_found,539,B340E3BA587E36462D8DE44DAE0F7CAB6748F064,587B1EAF1E22E148EFB010DAA337ACDCD4DB5CBA,B81B38902BF026BF2591CA2D73B99CEEB03F0869,60685893A57D66562A0754BEE3B6A6E68082C8BE,2020-10-08 13:53:58.375000,2020-10-08 13:53:59.995000
22kk5yacb2cyupnv,failed,not_found,570,B340E3BA587E36462D8DE44DAE0F7CAB6748F064,A59AD84F92B2E5A76EBFE3BE62D3B28AF9BFD127,BE8737597F2E6B4F805893202C935125829A902E,9AC1E6D6D65D8036A42F3F6B88ADC2BEBDE17F17,2020-10-08 13:53:59.996000,2020-10-08 13:54:01.865000
22kk5yacb2cyupnv,failed,not_found,604,B340E3BA587E36462D8DE44DAE0F7CAB6748F064,005079A42356183CEA5A3ADD239303F44F12E7EA,6F1F74A4038660B39189EFFF0A1261D54339BBB5,9AD12F0E3CC871D59ACA14BB4076CDD8CB28DE57,2020-10-08 13:54:01.865000,2020-10-08 13:54:03.436000
22kk5yacb2cyupnv,failed,not_found,633,B340E3BA587E36462D8DE44DAE0F7CAB6748F064,50A39337EC55FC25E863868E80771220E468FC4C,8701E70AC4C0C9E1FE47EA853FC997D29BE5D65C,9ACD9D526D1F82D7A00225742F1BDB374D7D17D4,2020-10-08 13:54:03.436000,2020-10-08 13:54:04.935000
yqivhg5vbgagjoxt,failed,not_found,500,B340E3BA587E36462D8DE44DAE0F7CAB6748F064,761A60D0364D9AA03114F72550483287ED060B2D,14D57DEDF0A4554A2D21AD53CCCC43E31158C733,BACB47406A231AB60EC33D1ED5081C603B209655,2020-10-08 13:53:56.424000,2020-10-08 13:53:58.554000
yqivhg5vbgagjoxt,failed,not_found,555,B340E3BA587E36462D8DE44DAE0F7CAB6748F064,8A6F5A21493685B50F1B46A87A2099D6C410F237,E00DFD54DC165D5452FBD3530D30186DAD016A0C,F3CEC87ED91E0B0B1D86BE4D7DE90F00B607ECAF,2020-10-08 13:53:58.554000,2020-10-08 13:54:00.239000
yqivhg5vbgagjoxt,failed,not_found,640,B340E3BA587E36462D8DE44DAE0F7CAB6748F064,4D70F05DD308A2EA5B671E440879BFADAC92860F,38F21DEE29E40DCDF9460A80662B7723562CA008,F3BBC088F280FDCDA5C5BD206312FE2DFA7E2DB0,2020-10-08 13:54:00.239000,2020-10-08 13:54:05.650000
yqivhg5vbgagjoxt,failed,not_found,673,B340E3BA587E36462D8DE44DAE0F7CAB6748F064,37BB3233098BF9B9095C27834E65A2E17FF807F8,81F59E8936D0B2105182E4B8200AC07D9274961F,F3D775C73BC57640A3EB7EFAC31CFAEDD14C9C7C,2020-10-08 13:54:05.650000,2020-10-08 13:54:07.586000
yqivhg5vbgagjoxt,failed,not_found,709,B340E3BA587E36462D8DE44DAE0F7CAB6748F064,4F1B6DDF9A8D7747BF5DD562B895A700008EC906,980B28A19B0A66948035A3FE143E5CF613C84122,BAE70B5A61B12A3D31DEE94E697AF1FDA9A9B82D,2020-10-08 13:54:07.586000,2020-10-08 13:54:09.600000
yqivhg5vbgagjoxt,failed,not_found,735,B340E3BA587E36462D8DE44DAE0F7CAB6748F064,6940247E04C839D268543E7F62566A91E40567E3,50ABA69AF252B16DE00093B478EC88E1A8C903BA,BAD761187765BC646585D1910D067596770959B5,2020-10-08 13:54:09.600000,2020-10-08 13:54:11.087000
bew4aaypfv7kwi5p,failed,not_found,501,B340E3BA587E36462D8DE44DAE0F7CAB6748F064,6A35EE13D4354FF0A03374C063B10290614BB6A9,6B805718A97BF653CB5546080BE756505F9BD65F,F5B72145DD46D16E8BF8002AA1EC97DAB6942B9B,2020-10-08 13:53:56.488000,2020-10-08 13:53:58.210000
bew4aaypfv7kwi5p,failed,not_found,536,B340E3BA587E36462D8DE44DAE0F7CAB6748F064,04A28A62F27D9C4A60F9ED0C4264E98B988C65A3,E46C3F0533709EE2112874B13A4FE3868B33E75E,F5B58FEE44573C3BFD7D176D918BA5B4057519D7,2020-10-08 13:53:58.211000,2020-10-08 13:54:00.509000
bew4aaypfv7kwi5p,failed,not_found,583,B340E3BA587E36462D8DE44DAE0F7CAB6748F064,F0F13714732C347312426EC2B8D5C4940EAA45BA,F94CCEA0042765AA7EE66BEA5B39C9E03E286EA2,F5AD7DE58D0E038B48761AD995F9117DA072BA47,2020-10-08 13:54:00.510000,2020-10-08 13:54:02.232000
bew4aaypfv7kwi5p,failed,not_found,610,B340E3BA587E36462D8DE44DAE0F7CAB6748F064,3B4C5729F829CA2E895B81AF834A63DB336D0FFE,DC7BABFF3C5E49C922D239DE1A5C5252F51D2F81,7CE954CEDB9827C34782A3F172EE01DBDC683AC8,2020-10-08 13:54:02.232000,2020-10-08 13:54:06.497000
bew4aaypfv7kwi5p,failed,not_found,683,B340E3BA587E36462D8DE44DAE0F7CAB6748F064,EE7CD2A763435C7006095BD167C790ABE5BC4DEA,823183CEB754CDE8E76A3722D783CA031E7E160A,7D277B076A1A044F0FDEE9EAB02CFFF655C29894,2020-10-08 13:54:06.497000,2020-10-08 13:54:08.457000
bew4aaypfv7kwi5p,failed,not_found,725,B340E3BA587E36462D8DE44DAE0F7CAB6748F064,ACE29EC7700BD112DEB42B934E5E443476CD577C,4FDDFAD51B24DDABB62FB59071F4DC421E76C685,7D044CBC4763D4BE7F115FBFC3B7B76DA8432348,2020-10-08 13:54:08.457000,2020-10-08 13:54:10.231000
7vc5sy7erc4j6qrb,failed,not_found,502,B340E3BA587E36462D8DE44DAE0F7CAB6748F064,A395942C2B86F0C497D04A156806FBD3024D22CF,0B25110BA3473A6DC04AB58A3A0D5E4D6922A0E0,118496882F58E787DC24F5C219B93F22BA5820D8,2020-10-08 13:53:56.489000,2020-10-08 13:53:57.861000
7vc5sy7erc4j6qrb,failed,not_found,531,B340E3BA587E36462D8DE44DAE0F7CAB6748F064,F7B024DB02C601185C202E26DFFD2AD525C16A36,CDA2C336AD87E22DF02983887A3F74B21070D02D,1188DC549FDF5E8054E1FE8C789A632CD1872F7E,2020-10-08 13:53:57.861000,2020-10-08 13:53:59.803000
7vc5sy7erc4j6qrb,failed,not_found,567,B340E3BA587E36462D8DE44DAE0F7CAB6748F064,C35C9FA3FC501BDC22A83FC05102733951E386D0,A397CF83A1E1D66EAC5F437E47B6882A2FB473E4,D814C3CA8115AC4FB753D3E0CF54FAFE2A5F0A6F,2020-10-08 13:53:59.804000,2020-10-08 13:54:01.813000
7vc5sy7erc4j6qrb,failed,not_found,651,B340E3BA587E36462D8DE44DAE0F7CAB6748F064,CBD85D49F9C8BC2FCAB1255C7D196524FE926659,F1612C915458BCF52CC49559E84A0D0240FA7F23,D847D0480D9C3D4A9E140F6ACFFCA01493A3E3F1,2020-10-08 13:54:01.813000,2020-10-08 13:54:07.096000
7vc5sy7erc4j6qrb,failed,not_found,840,B340E3BA587E36462D8DE44DAE0F7CAB6748F064,D5C01B85FB3A48D55698CA660A2DE8935388816E,92BBADCB0697F5EB1792C607EE2DC1C291A98ADC,119E566B3D747658908EA00F336F4E158AE97AAD,2020-10-08 13:54:07.097000,2020-10-08 13:54:17.124000
7vc5sy7erc4j6qrb,failed,not_found,888,B340E3BA587E36462D8DE44DAE0F7CAB6748F064,11ABDB4D0B944F186A898560CB82C70439957DCA,8E5F4EE45E0631A60E59CAA42E1464FD7120459D,D82943434B24204FBF1B4B818CFEA64F205DEAC3,2020-10-08 13:54:17.124000,2020-10-08 13:54:19.977000
gg5gldpdddasapra,failed,not_found,523,B340E3BA587E36462D8DE44DAE0F7CAB6748F064,B74DABBE248B935CDC1038CD5C9280878C8C94E7,DAEF8B8B799C711A86350FDC4337B2B3A75B97C9,65B7E75B1E9255A355CF79190EB0B7943C7835FA,2020-10-08 13:53:57.413000,2020-10-08 13:53:59.030000
gg5gldpdddasapra,failed,not_found,556,B340E3BA587E36462D8DE44DAE0F7CAB6748F064,903A2A7991C838E70FF5A586CD387749B3589669,F1B1E1267A9301244120EF7D47CD4174FD94FD60,D5C33F3E203728EDF8361EA868B2939CCC43FAFB,2020-10-08 13:53:59.030000,2020-10-08 13:54:01.118000
gg5gldpdddasapra,failed,not_found,589,B340E3BA587E36462D8DE44DAE0F7CAB6748F064,F6740DEABFD5F62612FA025A5079EA72846B1F67,6245DC873D6F613C795D48663D65BD8A2266CAF6,D5C6F62A5D1B3C711CA5E6F9D3772A432E96F6C2,2020-10-08 13:54:01.119000,2020-10-08 13:54:02.676000
gg5gldpdddasapra,failed,not_found,617,B340E3BA587E36462D8DE44DAE0F7CAB6748F064,00E1649E69FF91D7F01E74A5E62EF14F7D9915E4,482A687F14182974926CE0B3ACFFC8D6247ED7DF,D5D8C31E1F845B46564B112233EECFB539060915,2020-10-08 13:54:02.677000,2020-10-08 13:54:04.060000
gg5gldpdddasapra,failed,not_found,645,B340E3BA587E36462D8DE44DAE0F7CAB6748F064,E0B3B10226F067A1B215178D19A19EF311E7FDC3,2FBECBBFD81400762CBEFE912D3157E7029D144E,65BCA5B95D3631771AF358CC73933F85B68DDFA4,2020-10-08 13:54:04.061000,2020-10-08 13:54:07.119000
gg5gldpdddasapra,failed,not_found,699,B340E3BA587E36462D8DE44DAE0F7CAB6748F064,7272FA27A7F99E88D59BE2018E3F14FB88BF9786,5127A719E495710CEBB0A446CD69207BA6E0D6D6,65BBE89EF47A0440A72402C40645C9315ADD55F8,2020-10-08 13:54:07.120000,2020-10-08 13:54:09.198000
7msjhgkcxszmtvmf,failed,not_found,524,B340E3BA587E36462D8DE44DAE0F7CAB6748F064,9E0BF3D684F2F74A87733C52FC130AB810899170,AD7552F2CFBF472F9FFE748D3E82994EA6050A76,F263F4F57A20D8C19E9F9C84150C60F7A49F2DB5,2020-10-08 13:53:57.432000,2020-10-08 13:53:59.582000
7msjhgkcxszmtvmf,failed,not_found,552,B340E3BA587E36462D8DE44DAE0F7CAB6748F064,B1E43B11A955CBA31F5261A22CBFCE204C95D5DE,72B2B12A3F60408BDBC98C6DF53988D3A0B3F0EE,F237DAC181708BEEFF180632CD7AB42ECA0ACF91,2020-10-08 13:53:59.582000,2020-10-08 13:54:00.510000
7msjhgkcxszmtvmf,failed,not_found,584,B340E3BA587E36462D8DE44DAE0F7CAB6748F064,954666871AF443730E97772E183DAD1F45583FB7,E916F2ACBA67EC57AFAF450AA84E528308835418,FAEC86A9A37152F0371D67917ABA398467DFBD9C,2020-10-08 13:54:00.510000,2020-10-08 13:54:01.945000
7msjhgkcxszmtvmf,failed,not_found,606,B340E3BA587E36462D8DE44DAE0F7CAB6748F064,CB92FA4D7D71F134CE1F1FFF2BFF53E88DD4A1DB,3A8557B067FBE53F168BBEAA7D14D1298AE52A52,FAF3236D37B0B18D8438C46317940F642E296924,2020-10-08 13:54:01.946000,2020-10-08 13:54:04.235000
7msjhgkcxszmtvmf,failed,not_found,646,B340E3BA587E36462D8DE44DAE0F7CAB6748F064,CC1BDE73D48DEF3202C688A158D0718C885360D4,3E53D3979DB07EFD736661C934A1DED14127B684,FAF09B35EB9B890C44C36392100C52B7F2326DD4,2020-10-08 13:54:04.236000,2020-10-08 13:54:06.034000
7msjhgkcxszmtvmf,failed,not_found,680,B340E3BA587E36462D8DE44DAE0F7CAB6748F064,B524F94EFF164D47904BCCBDD06D65FEC843F96B,47C362713928A711FC105AF54993576E41CB1B7F,F24F8BEA2779A79111F33F6832B062BED306B9CB,2020-10-08 13:54:06.034000,2020-10-08 13:54:09.275000
4ev6i4krq4jshrjr,failed,not_found,525,B340E3BA587E36462D8DE44DAE0F7CAB6748F064,79E3B585803DE805CCBC00C1EF36B1E74372861D,33D88F331408141F2A2CC563239E54E48F7A211B,99AC77667D8D606251B749DFDA473B2C781F78D0,2020-10-08 13:53:57.451000,2020-10-08 13:53:58.718000
4ev6i4krq4jshrjr,failed,not_found,530,B340E3BA587E36462D8DE44DAE0F7CAB6748F064,CBBA40F7D9F284F47A243EE2C081E96682741D22,2F9AFDE43DC8E3F05803304C01BD3DBF329169AC,63540827C4832D214984EA47B7A68C593F9F862F,2020-10-08 13:53:58.718000,2020-10-08 13:54:01.022000
4ev6i4krq4jshrjr,failed,not_found,587,B340E3BA587E36462D8DE44DAE0F7CAB6748F064,2784EB941DEBB8061039B1766A2623B026BACD1A,82653E431ADFFE8211B316927A149627796AB347,63408B7CA84E9F483C60D51ABCE0555D32D42ABA,2020-10-08 13:54:01.022000,2020-10-08 13:54:02.579000
4ev6i4krq4jshrjr,failed,not_found,619,B340E3BA587E36462D8DE44DAE0F7CAB6748F064,8B6B10A0AED89408E509D4422EC926C89C7933D0,327F5823438B8EC86EC33355C147D8455AB1C14B,63584BC1EF29E794A63C264136D7825C33F0889D,2020-10-08 13:54:02.580000,2020-10-08 13:54:04.324000
4ev6i4krq4jshrjr,failed,not_found,649,B340E3BA587E36462D8DE44DAE0F7CAB6748F064,1322D90EA6EDA85B3A8566F2C04F2D8C5C7C1EF1,9B047A91AC809AA020A1F42E3E785DBCEBF3652F,99C5ACEF5AC8E3D3C4DE79004F3AC649B375891C,2020-10-08 13:54:04.324000,2020-10-08 13:54:05.707000
4ev6i4krq4jshrjr,failed,not_found,674,B340E3BA587E36462D8DE44DAE0F7CAB6748F064,D941D380E5228E7B4D372AF4D484629A96DC48B9,BFA905EA10DFD54A38A0C119FAE00182DE4C173B,99B2CBF6EFD80ACD303E8089656668EF236015CD,2020-10-08 13:54:05.707000,2020-10-08 13:54:07.888000
hidd5l3am7eibcfe,failed,not_found,540,B340E3BA587E36462D8DE44DAE0F7CAB6748F064,B3C6B4D26A20151F568D39ACFA63E15DBC01CD5D,E6D4332BF40FDEE7814F2DBC926650EF8032B643,852FB4885C5F9DEDE66BB9E5515A81EAE6E43B6B,2020-10-08 13:53:58.418000,2020-10-08 13:54:00.159000
hidd5l3am7eibcfe,failed,not_found,574,B340E3BA587E36462D8DE44DAE0F7CAB6748F064,7B57933E29D520471D7E67AB48B06B62832828F9,E5507444DAC04539B8DC624299616141B0DB64D5,85300B26A8ED4D145BD2DF5AC19978F803ED0380,2020-10-08 13:54:00.160000,2020-10-08 13:54:02.377000
hidd5l3am7eibcfe,failed,not_found,612,B340E3BA587E36462D8DE44DAE0F7CAB6748F064,81EF64BD967EB7D8BB3E868BEB077698D644FE81,09C2AA312AE0DDDF4C5E57CB1BE24158A5408590,853E2DF3997D6215ACBB86D53E5630669961A39A,2020-10-08 13:54:02.378000,2020-10-08 13:54:04.261000
hidd5l3am7eibcfe,failed,not_found,647,B340E3BA587E36462D8DE44DAE0F7CAB6748F064,318CAD1A00B33D2F65958210B09B8937836E99AF,A29536C09FFA651336CEF34E8C5B7F1F81E5A7CC,9ACD9D526D1F82D7A00225742F1BDB374D7D17D4,2020-10-08 13:54:04.261000,2020-10-08 13:54:05.808000
hidd5l3am7eibcfe,failed,not_found,675,B340E3BA587E36462D8DE44DAE0F7CAB6748F064,E88F8E72100709E226F22DF6A50365480054ECD2,CA0F5916F21477EAD36E53FD7A3D0EEA5FDA2FA6,9AD12F0E3CC871D59ACA14BB4076CDD8CB28DE57,2020-10-08 13:54:05.808000,2020-10-08 13:54:07.629000
hidd5l3am7eibcfe,failed,not_found,710,B340E3BA587E36462D8DE44DAE0F7CAB6748F064,573CC3D8F1C845AA33AA4593B68CA0D47156AA30,8A136F5D0DACBBB6D8537DA4A806C44EF7E9037B,9AC1E6D6D65D8036A42F3F6B88ADC2BEBDE17F17,2020-10-08 13:54:07.630000,2020-10-08 13:54:09.217000
fr5bkvvqgpaldz7w,failed,not_found,541,B340E3BA587E36462D8DE44DAE0F7CAB6748F064,FE1AF5E909002134BFF834F4AD5E1DE723779002,9B2BC7EFD661072AFADC533BE8DCF1C19D8C2DCC,61F24EBAEC4290FAC31CF34F0FFCDA765A2D9705,2020-10-08 13:53:58.435000,2020-10-08 13:54:00.187000
fr5bkvvqgpaldz7w,failed,not_found,575,B340E3BA587E36462D8DE44DAE0F7CAB6748F064,103336165A0D2EFCAD3605339843A0A7710B8B92,7B28971D4A29995784E3066B9D87E42E9C685F3A,61F3A840F61EEFFF682C6243534ECEB09ADFE3B3,2020-10-08 13:54:00.188000,2020-10-08 13:54:02.353000
fr5bkvvqgpaldz7w,failed,not_found,611,B340E3BA587E36462D8DE44DAE0F7CAB6748F064,383CFCF03B225B3EDCA519197BAA310A58CEAABC,5CCC3569C67B7F1BB733664D43DF4645F2A4B04D,130E69E8F783DEF256E757FA78154B7DC2A39E0E,2020-10-08 13:54:02.354000,2020-10-08 13:54:03.900000
fr5bkvvqgpaldz7w,failed,not_found,642,B340E3BA587E36462D8DE44DAE0F7CAB6748F064,3A6FED8AEB5D7242835F509881D09F425F13EE20,9AD3DB628164C1E3D77D9DF9D79327B3DF4260FA,61D1CDF92A05E59A06B6E20A39247696712B0009,2020-10-08 13:54:03.900000,2020-10-08 13:54:05.459000
fr5bkvvqgpaldz7w,failed,not_found,670,B340E3BA587E36462D8DE44DAE0F7CAB6748F064,E9257AA00E5E75DF12D16247986B47B3D8FC84B2,5642A4BDFF81F2A37A44A20E5A600BC5C12A9138,13135CF96F4AD44B37D454CD185D2F5884EF9019,2020-10-08 13:54:05.459000,2020-10-08 13:54:09.106000
fr5bkvvqgpaldz7w,failed,not_found,739,B340E3BA587E36462D8DE44DAE0F7CAB6748F064,F9A3542D5863CD665B7FF758E73DAD40832D0064,5A8DE0AF6D319C1F1D4E541A3176AC9D70AC35A0,131FBC8A3D4B44DE9B258ADC58674082B1E06D2C,2020-10-08 13:54:09.107000,2020-10-08 13:54:11.021000
4y36ixqnpxad3ptp,failed,not_found,542,B340E3BA587E36462D8DE44DAE0F7CAB6748F064,0EB07340EF2D1608FC16F6268E1DA0C532EB3D11,2ACEC0EB4F92729B8CA22C868545866B9529431C,160B5805A781D93390D4A2AE05EA9C5B438E7967,2020-10-08 13:53:58.451000,2020-10-08 13:54:00.396000
4y36ixqnpxad3ptp,failed,not_found,579,B340E3BA587E36462D8DE44DAE0F7CAB6748F064,C5340E5A64DF5B0270F1C1EEBFE3074C985F6A93,EE7CD2A763435C7006095BD167C790ABE5BC4DEA,1617A702B30320C37A5C9FA3CFB737A2AFA9198D,2020-10-08 13:54:00.396000,2020-10-08 13:54:01.922000
4y36ixqnpxad3ptp,failed,not_found,605,B340E3BA587E36462D8DE44DAE0F7CAB6748F064,7FA3FA525901A91A1310B817943668BC2C16289E,79D110419709C4B3D1F92FC3CE121B5317DBE8B3,16324C89132BE14F19E13FD6EB3226FC5AE3F059,2020-10-08 13:54:01.922000,2020-10-08 13:54:03.477000
4y36ixqnpxad3ptp,failed,not_found,634,B340E3BA587E36462D8DE44DAE0F7CAB6748F064,138ED47EE2156E6492FDE0B61338D973C9717F32,94025AB7BA718179205F72A939A4AACB497B6EE6,DBE82FA23B9FE3CB2462A6FCF5289DED3CBF4AEE,2020-10-08 13:54:03.478000,2020-10-08 13:54:05.510000
4y36ixqnpxad3ptp,failed,not_found,671,B340E3BA587E36462D8DE44DAE0F7CAB6748F064,987DA228984796145168ADF84F267F76D445D89D,CCF28BC8FB26C8C172DEE741702056914D2849BD,DBDF797B095015AB3B7AD07B44307687A3409E89,2020-10-08 13:54:05.510000,2020-10-08 13:54:07.586000
4y36ixqnpxad3ptp,failed,not_found,708,B340E3BA587E36462D8DE44DAE0F7CAB6748F064,9684C4D6C71131EEEF2E5C23C3EA234A684CD501,22B64DD090129E2E413689E245443E2799087B5A,DBD67767640197FF96EC6A87684464FC48F611B6,2020-10-08 13:54:07.586000,2020-10-08 13:54:09.199000
zqs6vczcqjdn3pl3,failed,not_found,560,B340E3BA587E36462D8DE44DAE0F7CAB6748F064,F94CCEA0042765AA7EE66BEA5B39C9E03E286EA2,83B4EEC06A237A43F6E64D4457B930E1B02D48DB,EAEFC00FDF96D24F75FC007A5623BD6A3A737423,2020-10-08 13:53:59.420000,2020-10-08 13:54:00.973000
zqs6vczcqjdn3pl3,failed,not_found,586,B340E3BA587E36462D8DE44DAE0F7CAB6748F064,A99B0D9E5FD5BC3C8F2D006EC91F8C7F40E09CB8,1804C06A266F0DA26DF58CD559E01C2F7C3FC42A,EB02B865E62EC6D5FEE6E72F06807189EDAE06BD,2020-10-08 13:54:00.973000,2020-10-08 13:54:02.909000
zqs6vczcqjdn3pl3,failed,not_found,677,B340E3BA587E36462D8DE44DAE0F7CAB6748F064,D6C977DF0968848878AC02E21F78A57B84BE49B3,2AA5F598F9A1812F01CD99E3B59BB87362ED7438,EAF639CC9B126F1775F9D66FCC46DBCAF2485BFB,2020-10-08 13:54:02.909000,2020-10-08 13:54:08.687000
zqs6vczcqjdn3pl3,failed,not_found,715,B340E3BA587E36462D8DE44DAE0F7CAB6748F064,03910F285A33F365838EC66EF2C2EF754D046760,EA79FFE95F5779A34E9FB14CE934A76B22FE6ACE,19C9382849811C237A8A21F66F422E056B7DBD2F,2020-10-08 13:54:08.687000,2020-10-08 13:54:09.569000
zqs6vczcqjdn3pl3,failed,not_found,753,B340E3BA587E36462D8DE44DAE0F7CAB6748F064,42B40A38F79F049129FA2F95532C5A64361A0D21,DA53984DBA28420169F34F4F44CB24E3A0946747,199937E2431394D8FE1219535763ED45DEEC6F9B,2020-10-08 13:54:09.570000,2020-10-08 13:54:12.029000
zqs6vczcqjdn3pl3,failed,not_found,794,B340E3BA587E36462D8DE44DAE0F7CAB6748F064,55804F9D37F7B27BD0426B3CB06C64B4D0F95546,17CF5B659F2FB7433573F6FD61E3E2228CB3448D,198F12E2DEFBE6BEEBC38B2FEDD615AECB38DA7A,2020-10-08 13:54:12.029000,2020-10-08 13:54:13.852000
vmndbigakpk44lwm,failed,not_found,561,B340E3BA587E36462D8DE44DAE0F7CAB6748F064,128FC6D8FBF753121C5662FEE309CCD47B64BA6B,0BC314281C83167F24C7CFCD68DE069B02A92345,13EE0E14C6A2751633138277C1443A4C37DD55D4,2020-10-08 13:53:59.446000,2020-10-08 13:54:01.148000
vmndbigakpk44lwm,failed,not_found,641,B340E3BA587E36462D8DE44DAE0F7CAB6748F064,A6E0F950CAC74AF867CA21976069529D6D4D3E30,645C3F0545E0975A49F69EC272C0C3EA28586825,13F7EAE731CA4600951986921E08ECAB9B1D2AF6,2020-10-08 13:54:01.148000,2020-10-08 13:54:05.617000
vmndbigakpk44lwm,failed,not_found,672,B340E3BA587E36462D8DE44DAE0F7CAB6748F064,49877399DD0E82FE123148361038823368F77193,7A32C9519D80CA458FC8B034A28F5F6815649A98,C49E3E34591172A5340A1D37E5B4E3D0B91E0F15,2020-10-08 13:54:05.617000,2020-10-08 13:54:08.417000
vmndbigakpk44lwm,failed,not_found,724,B340E3BA587E36462D8DE44DAE0F7CAB6748F064,7158836DCC91AAA4FAA293FFF0F645DCD0D4EFF9,31FC0066DA78D1464A2542E8D9EBF6FD6F99AE1E,C4BB628C0B306C0BD3E606FB71ABAAA776BD808B,2020-10-08 13:54:08.418000,2020-10-08 13:54:10.620000
vmndbigakpk44lwm,failed,not_found,767,B340E3BA587E36462D8DE44DAE0F7CAB6748F064,CB92FA4D7D71F134CE1F1FFF2BFF53E88DD4A1DB,F1A18D7B42B896DE9D89604C610026A3B01A8A00,C4B21A66B27E82FEF6AC97CEAEFE42DFF5C7511C,2020-10-08 13:54:10.620000,2020-10-08 13:54:12.559000
vmndbigakpk44lwm,failed,not_found,800,B340E3BA587E36462D8DE44DAE0F7CAB6748F064,964B4E8A75263A69769541F2764563DABDD995D2,2269C9905B04530E251186FAD6F56033654E5C99,13F1229C41B8A67F4AB949A3AFA5E6F39EF68BFC,2020-10-08 13:54:12.560000,2020-10-08 13:54:14.451000
vr7ncmnwfessyqqm,failed,not_found,562,B340E3BA587E36462D8DE44DAE0F7CAB6748F064,99339F3E68BCCC1391BF14C821D80766FE0C5956,5EACEBD7A3F396848F5E56B3EF028505AF80E191,6532580909803A418C698876F063F0FF0B1F8812,2020-10-08 13:53:59.480000,2020-10-08 13:54:01.621000
vr7ncmnwfessyqqm,failed,not_found,599,B340E3BA587E36462D8DE44DAE0F7CAB6748F064,EC80EECFCD599612C9A74678C8001146450141E8,0F6E5CA4BF5565D9AA9FDDCA165AFC6A5305763D,B5558CFA70A5308582B25767C9698E6DBE6A90B2,2020-10-08 13:54:01.622000,2020-10-08 13:54:03.104000
vr7ncmnwfessyqqm,failed,not_found,627,B340E3BA587E36462D8DE44DAE0F7CAB6748F064,2EB3C230180694A1E848001E20F36F76A2287039,7D693C2A9C3B0B2D69F473AF1C0E1CBE05EAD412,6530C1F5E453CC08EBB1A1D4B5836C921060473B,2020-10-08 13:54:03.104000,2020-10-08 13:54:04.934000
vr7ncmnwfessyqqm,failed,not_found,664,B340E3BA587E36462D8DE44DAE0F7CAB6748F064,AD7552F2CFBF472F9FFE748D3E82994EA6050A76,99339F3E68BCCC1391BF14C821D80766FE0C5956,B56B9FE93F83B4FA69234B17A060E8A8E7446D19,2020-10-08 13:54:04.935000,2020-10-08 13:54:06.949000
vr7ncmnwfessyqqm,failed,not_found,697,B340E3BA587E36462D8DE44DAE0F7CAB6748F064,3760F67140B6662BFB38B9245C2B510455B88E45,B74DABBE248B935CDC1038CD5C9280878C8C94E7,B55B11A739C43396B10CC621D9C9F9D7F3A8CDE4,2020-10-08 13:54:06.949000,2020-10-08 13:54:08.806000
vr7ncmnwfessyqqm,failed,not_found,733,B340E3BA587E36462D8DE44DAE0F7CAB6748F064,5CFC486780CBD4446B764E51608D6574003B350D,DEF8C760A79FEF2358E03AE5A1950086ABEB953E,6532EB51C1EA8B674F4AEFCFA31323AE4C4212E4,2020-10-08 13:54:08.806000,2020-10-08 13:54:10.773000
mlvraqasbva26pto,failed,not_found,580,B340E3BA587E36462D8DE44DAE0F7CAB6748F064,34979DBD475FFED9CF6556E349DDEDEE69104345,87A2EABEAB0D7E4EB002A42D26000F5CB8D5B937,9A9D48F3D5C572C87DE79236A3FA9353E08E3FF2,2020-10-08 13:54:00.420000,2020-10-08 13:54:01.947000
mlvraqasbva26pto,failed,not_found,607,B340E3BA587E36462D8DE44DAE0F7CAB6748F064,E6D4332BF40FDEE7814F2DBC926650EF8032B643,4B351545DD58473F36B0A20E5500AC6ED51E8CD5,9A7E266811321BF39532F423121DD290287A42E1,2020-10-08 13:54:01.947000,2020-10-08 13:54:03.965000
mlvraqasbva26pto,failed,not_found,643,B340E3BA587E36462D8DE44DAE0F7CAB6748F064,B04322CA1A173C40602D87597412FB40A3BE2953,61B8BDC91AA7BC9A05EB5A3D652FFF88C98E6911,9A8CD9CD62B29DB0549E2A117EB2F014F5AFFEF1,2020-10-08 13:54:03.965000,2020-10-08 13:54:06.012000
mlvraqasbva26pto,failed,not_found,679,B340E3BA587E36462D8DE44DAE0F7CAB6748F064,72A33E374DE5AD1E617394896F0FD8B092D3E7C4,E28571416647FB3C78A7D63A392265940A4AAE13,E5290350EBE939346613BDC5C8EFFFD2E95F27BC,2020-10-08 13:54:06.012000,2020-10-08 13:54:08.247000
mlvraqasbva26pto,,,,,,,E51620B90DCB310138ED89EDEDD0A5C361AAE24E,2020-10-08 13:54:08.247000,
232nkjmisclet4o7,failed,not_found,581,B340E3BA587E36462D8DE44DAE0F7CAB6748F064,7DAC367AF33DBEFEDC684789490E213FD348BE36,BF0FB582E37F738CD33C3651125F2772705BB8E8,9FF43973692ABA9F600E9B17880201D09DEED19C,2020-10-08 13:54:00.450000,2020-10-08 13:54:02.523000
232nkjmisclet4o7,failed,not_found,614,B340E3BA587E36462D8DE44DAE0F7CAB6748F064,EA3616A0B9BBBDC74121D8D6F01EABDDCF6BE35D,E787CB1DDAC5583A82B448E12FC4468DFCF93388,3A56936CC69F13737872697DBC8415444F499FFC,2020-10-08 13:54:02.523000,2020-10-08 13:54:03.982000
232nkjmisclet4o7,failed,not_found,644,B340E3BA587E36462D8DE44DAE0F7CAB6748F064,CE863C22AD5ABBEAF606AE35A22781C409D895E5,4DD11C3F11F5E2891D57EF9F7DF43BEE1B514FCE,3A6164437EF523E4907E7D97CAB135EFC39621F6,2020-10-08 13:54:03.982000,2020-10-08 13:54:06.534000
232nkjmisclet4o7,failed,not_found,684,B340E3BA587E36462D8DE44DAE0F7CAB6748F064,CF6A6080091BB210AA3892FEFE2F6A396DA08DF3,3B953203AF332D8FE1452E1CE7CB50A3B5297DB2,A024E420DD146541D5D7F6CFEB554C3A64F985EE,2020-10-08 13:54:06.534000,2020-10-08 13:54:07.953000
232nkjmisclet4o7,failed,not_found,789,B340E3BA587E36462D8DE44DAE0F7CAB6748F064,509EAB4C5D10C9A9A24B4EA0CE402C047A2D64E6,6C333B5BDBA3DFE7A782E40CB970C271ABFED119,A05C1306E400AD1DDC6883E23D7EAAF910C4DF64,2020-10-08 13:54:07.954000,2020-10-08 13:54:13.852000
232nkjmisclet4o7,failed,not_found,851,B340E3BA587E36462D8DE44DAE0F7CAB6748F064,A9BEA2E0699D1F60521C8A1167340945A419D102,5DC40F5357EDF4809A9010828172072C95A73514,3A6E7B4BB415408B255F479979D34BE63211CD07,2020-10-08 13:54:13.852000,2020-10-08 13:54:17.478000
hfkk5t2ernu32n5k,failed,not_found,582,B340E3BA587E36462D8DE44DAE0F7CAB6748F064,BF0FB582E37F738CD33C3651125F2772705BB8E8,AE6A8C18E7499B586CD36246AC4BCAFFBBF93AB2,9127D95DAA81291F26BE45B1A73E2F1145887B94,2020-10-08 13:54:00.450000,2020-10-08 13:54:02.074000
hfkk5t2ernu32n5k,failed,not_found,608,B340E3BA587E36462D8DE44DAE0F7CAB6748F064,D228AE265C966CA4E9A8C4B746A30A9737060A32,557B39146EB121C8CFA22C48AD78BDBDBC8FF3A1,912B7597346A74A44AD4B6068C645772B758DCB7,2020-10-08 13:54:02.074000,2020-10-08 13:54:04.001000
hfkk5t2ernu32n5k,failed,not_found,621,B340E3BA587E36462D8DE44DAE0F7CAB6748F064,AE6A8C18E7499B586CD36246AC4BCAFFBBF93AB2,8111FEB45EF2950EB8F84BFD8FF070AB07AEE9DD,EC1997D51892E4607C68E800549A1E7E4694005A,2020-10-08 13:54:04.002000,2020-10-08 13:54:04.586000
hfkk5t2ernu32n5k,failed,not_found,657,B340E3BA587E36462D8DE44DAE0F7CAB6748F064,00B57BF614F7ED3051073B5D4526FF0B23AF217B,8B64F593CAC2ED05C0FA703AEF50FF71925B569C,912709C7F560CC3E9FE9604B58D598B1BFAED8C7,2020-10-08 13:54:04.586000,2020-10-08 13:54:06.066000
hfkk5t2ernu32n5k,failed,not_found,755,B340E3BA587E36462D8DE44DAE0F7CAB6748F064,872B18761953254914F77C71846E8A2623C52591,A0DFB31231C718829FA18EAB4D0CD51DEDBAE08C,EC1EEF4ABBAA11CE8C978E6C87182F63AD27A4F8,2020-10-08 13:54:06.066000,2020-10-08 13:54:11.515000
hfkk5t2ernu32n5k,failed,not_found,774,B340E3BA587E36462D8DE44DAE0F7CAB6748F064,BFA905EA10DFD54A38A0C119FAE00182DE4C173B,6118DDB580EEDD6FE5F8D3CC0DF1EE17D8A2A4C6,EC1FD607F27BA0023B48BEAA470E8CB267E023B1,2020-10-08 13:54:11.515000,2020-10-08 13:54:13.097000
z4idfad52svyirsd,failed,not_found,595,B340E3BA587E36462D8DE44DAE0F7CAB6748F064,F58DB7D175AE3192411CBE3EA9E92632ECEFBC85,82ED9AEC94184EC6DD299A5CDB3378B04BB17489,63E094A5447799673C1141134058F948074EAA63,2020-10-08 13:54:01.435000,2020-10-08 13:54:03.185000
z4idfad52svyirsd,failed,not_found,631,B340E3BA587E36462D8DE44DAE0F7CAB6748F064,B96B5141004995295FE87DCCE1A54519BD0BB48A,2CF2DFBA221B77E96E9FE69725AE82F4E101BE4A,63F0043819468FD86C761EAE45B4B72DB9A795B9,2020-10-08 13:54:03.185000,2020-10-08 13:54:04.453000
z4idfad52svyirsd,failed,not_found,653,B340E3BA587E36462D8DE44DAE0F7CAB6748F064,F133D094894E08CA79D79CD732E317F458F32497,C05CE5DB16F4921BAFFAF58585BE90D0A3980FEB,63E4BD985E436877C471A743F1625F10FA114458,2020-10-08 13:54:04.454000,2020-10-08 13:54:06.534000
z4idfad52svyirsd,failed,not_found,685,B340E3BA587E36462D8DE44DAE0F7CAB6748F064,5C83A9F985E2ACFBC3D3E5DB7F5C7C91FF7FE7AA,648B07AA3FCD630970DB869798C9B580C8313081,AAC6AE4A8ED164C3657D64E3EF980EEBB4BBC8A1,2020-10-08 13:54:06.535000,2020-10-08 13:54:08.181000
z4idfad52svyirsd,failed,not_found,718,B340E3BA587E36462D8DE44DAE0F7CAB6748F064,0E8DB49D5BF5FCAFFA433A78FEE34179419D1C4E,31D270A38505D4BFBBCABF717E9FB4BCA6DDF2FF,AAE168C9016C395EA5C47D94AEA9606E59A9EA8F,2020-10-08 13:54:08.182000,2020-10-08 13:54:10.619000
z4idfad52svyirsd,failed,not_found,756,B340E3BA587E36462D8DE44DAE0F7CAB6748F064,9FA37B0A7C6C3651D8E27EB3A5B07C4B7C72234B,3E53D3979DB07EFD736661C934A1DED14127B684,AAEB6A603C1058B9D041884E42941944B915F500,2020-10-08 13:54:10.620000,2020-10-08 13:54:11.483000
hsjvuiku4ycvsqm5,failed,not_found,596,B340E3BA587E36462D8DE44DAE0F7CAB6748F064,BD020D8EDB355C537199420AAF2649FA04536C9A,E5CC91BAFE7CCD68003E873D32E38027638D49D7,20CE7E9C49A748661E66C747C6E2109CEEAA5705,2020-10-08 13:54:01.455000,2020-10-08 13:54:03.122000
hsjvuiku4ycvsqm5,failed,not_found,730,B340E3BA587E36462D8DE44DAE0F7CAB6748F064,A31859A0994A5C012096E0CA3FC960F5E3859C57,014E24C0CD21D2B9829E841D5EC1D3C415F866BF,C1BB67D3FBED68D4BAD400D1A49C5B79ECE3965E,2020-10-08 13:54:03.123000,2020-10-08 13:54:10.700000
hsjvuiku4ycvsqm5,failed,not_found,768,B340E3BA587E36462D8DE44DAE0F7CAB6748F064,C2481FAAA5508F6C2A64873972281220E9778476,6BDB30B8A3AC033A04F47AF2EDFE72F167E4A755,20CD933EDC7260B19040475B24FD6B01B73E94BB,2020-10-08 13:54:10.701000,2020-10-08 13:54:13.450000
hsjvuiku4ycvsqm5,failed,not_found,816,B340E3BA587E36462D8DE44DAE0F7CAB6748F064,0B58A95E539FFA6C05C010F5C1DA35FB8038E3A8,6565F31D9EC0C7DFFEA1920BE3BA4C73EF35B5C4,C1939D36649DE98A202429631D8EFC70128D5F5F,2020-10-08 13:54:13.450000,2020-10-08 13:54:15.847000
hsjvuiku4ycvsqm5,failed,not_found,938,B340E3BA587E36462D8DE44DAE0F7CAB6748F064,8B64F593CAC2ED05C0FA703AEF50FF71925B569C,C2B1BF766B95CF7B8B381357F6C376461B58DEB8,C1B79C4CD9B713BBB6B0522155B46A7BFE3BFAAE,2020-10-08 13:54:15.848000,2020-10-08 13:54:22.304000
hsjvuiku4ycvsqm5,failed,not_found,983,B340E3BA587E36462D8DE44DAE0F7CAB6748F064,00EAAFDC05DCD6EBD1E06E0B4F1F35D16DF0BA80,D80EA21626BFAE8044E4037FE765252E157E3586,20D51A8B20560484EA914FECD60076406C46B818,2020-10-08 13:54:22.305000,2020-10-08 13:54:25.228000
3dn7opme3bxgqlmb,failed,not_found,597,B340E3BA587E36462D8DE44DAE0F7CAB6748F064,51064561203E97716372E12CAAA85A93CEC70621,24B1DF80768332990BA8F1230BA41D95D82D52BD,10644CF3D7F555F10FE28EB1D520111F56FE7180,2020-10-08 13:54:01.476000,2020-10-08 13:54:03.161000
3dn7opme3bxgqlmb,failed,not_found,629,B340E3BA587E36462D8DE44DAE0F7CAB6748F064,876C7CE43774366250D3E768E690DAB9D4B5D5A3,7185B69E3267E71D0E4CBE30209677205DEA5E67,DC7BABFF3C5E49C922D239DE1A5C5252F51D2F81,2020-10-08 13:54:03.162000,2020-10-08 13:54:04.920000
3dn7opme3bxgqlmb,failed,not_found,663,B340E3BA587E36462D8DE44DAE0F7CAB6748F064,B56B9FE93F83B4FA69234B17A060E8A8E7446D19,EC3EC2E26C9C57B46686E9EFE7EEABD4B570D6D3,1079E628FC6B0025656AC024F2D9975C441498CD,2020-10-08 13:54:04.921000,2020-10-08 13:54:06.716000
3dn7opme3bxgqlmb,failed,not_found,691,B340E3BA587E36462D8DE44DAE0F7CAB6748F064,22775B953E662151549C114CB8EE5FBDBCBDAD02,73CC65219889443C06E06A0B6D427B1FE1C37379,DC7E7D9AB7AD52F03B856E6DC278E9D92BF19B33,2020-10-08 13:54:06.716000,2020-10-08 13:54:08.522000
3dn7opme3bxgqlmb,failed,not_found,726,B340E3BA587E36462D8DE44DAE0F7CAB6748F064,5856DB884578915E7C7A0B7B11E4145B1D2A4E2B,24D0491A2ADAAB52C17625FBC926D84477AEA322,DC74048330C6037ADC505E0AF63E2A9F765F6B57,2020-10-08 13:54:08.522000,2020-10-08 13:54:10.339000
3dn7opme3bxgqlmb,failed,not_found,762,B340E3BA587E36462D8DE44DAE0F7CAB6748F064,980B28A19B0A66948035A3FE143E5CF613C84122,FFA72BD683BC2FCF988356E6BEC1E490F313FB07,1084200B44021D308EA4253F256794671B1D099A,2020-10-08 13:54:10.339000,2020-10-08 13:54:12.235000
fdpr2usnso4poq44,failed,not_found,613,B340E3BA587E36462D8DE44DAE0F7CAB6748F064,C7FF606D59C7F6BECA8A341D3CF11B423F382D5D,25370B6EB383700E46FCC6AD85274120D46F7F65,DD0C8EEC5CA402A9FA4478F10C31A440F71F6885,2020-10-08 13:54:02.457000,2020-10-08 13:54:04.325000
fdpr2usnso4poq44,failed,not_found,714,B340E3BA587E36462D8DE44DAE0F7CAB6748F064,63C6AB74A5C288C2159DDC783BB00F88AB44427C,104DC15ACFA69CF94F89E8ED0F6CDB2D298234D2,DD112ED6E8791EC1B742AF68920BA80679A0D2DB,2020-10-08 13:54:04.325000,2020-10-08 13:54:09.600000
fdpr2usnso4poq44,failed,not_found,827,B340E3BA587E36462D8DE44DAE0F7CAB6748F064,B872BA6804C8C6E140AE1897B44CF32B42FD2397,9B2BC7EFD661072AFADC533BE8DCF1C19D8C2DCC,CFEF0823886C0157EDAD36F06A3054DFD6A5C936,2020-10-08 13:54:09.600000,2020-10-08 13:54:15.618000
fdpr2usnso4poq44,failed,not_found,859,B340E3BA587E36462D8DE44DAE0F7CAB6748F064,C0E6A667064385B9CB5A685CEB06B85EDDA6AA00,A0F39D32028CEC7F35419E9570401DE15B1B4564,D000291816C0D9EE531FA4DD185EC1AD80386A5A,2020-10-08 13:54:15.618000,2020-10-08 13:54:17.728000
fdpr2usnso4poq44,failed,not_found,901,B340E3BA587E36462D8DE44DAE0F7CAB6748F064,3BC978764F5C0D2C6110B214A79AC2F2F4ED8F11,529CA3EB08AD6EC1791B5110AA3540A4CFA1197F,DD2CE79C61F8395EA93A3194FE87394AC40453F1,2020-10-08 13:54:17.729000,2020-10-08 13:54:20.303000
fdpr2usnso4poq44,failed,not_found,948,B340E3BA587E36462D8DE44DAE0F7CAB6748F064,E43B42C153E2F4215D581A121B7DAD568FE3DB15,FB1FD9615AD351D773AF13B16E530DD41C81B8F2,CFDF99EE1923D870329F8DAE54398FD45409F01F,2020-10-08 13:54:20.304000,2020-10-08 13:54:22.542000
fcmcw665spdkexfq,failed,not_found,615,B340E3BA587E36462D8DE44DAE0F7CAB6748F064,856DAB2FDC9EED88A27BE2265FA6BD5489EF178E,3D9CE80399B68C01377FEC42395E399B9ED16E18,10644CF3D7F555F10FE28EB1D520111F56FE7180,2020-10-08 13:54:02.523000,2020-10-08 13:54:04.302000
fcmcw665spdkexfq,failed,not_found,648,B340E3BA587E36462D8DE44DAE0F7CAB6748F064,1911E022DBFED9B04EE917187D46ABFBA5C8BACB,D8733048FC8EC9102466AD8F3098622BF1BF71FD,104DC15ACFA69CF94F89E8ED0F6CDB2D298234D2,2020-10-08 13:54:04.302000,2020-10-08 13:54:05.925000
fcmcw665spdkexfq,failed,not_found,678,B340E3BA587E36462D8DE44DAE0F7CAB6748F064,7DAC367AF33DBEFEDC684789490E213FD348BE36,EA43347E0DA7CEDD595029B511066628C7C8A653,69398E3D1337AC6816E757516D3600A75C1EB3AE,2020-10-08 13:54:05.925000,2020-10-08 13:54:08.414000
fcmcw665spdkexfq,failed,not_found,723,B340E3BA587E36462D8DE44DAE0F7CAB6748F064,D6C75D06698F08DBE77B56ECBD5216805B82068F,2984E4317B844899E1CE143828CC1600F7CE072E,690DA42C9C47577A383394CE4AF61BE628824E21,2020-10-08 13:54:08.415000,2020-10-08 13:54:10.031000
fcmcw665spdkexfq,failed,not_found,760,B340E3BA587E36462D8DE44DAE0F7CAB6748F064,64FC9B3852BA7EC74E79BD4099D850C338009E77,5F58E9417DF94A66529864FA1134635614958A44,69122296D37FC7D338753E3EC19BC666A10566A1,2020-10-08 13:54:10.032000,2020-10-08 13:54:12.988000
fcmcw665spdkexfq,failed,not_found,790,B340E3BA587E36462D8DE44DAE0F7CAB6748F064,D74F619C74C2E601A39EBE58C8E34DFEB3BADE99,D56A98D38FC3C75E0347EEF3DD9C12749AF7C7C5,1079E628FC6B0025656AC024F2D9975C441498CD,2020-10-08 13:54:12.989000,2020-10-08 13:54:13.926000
vgvvsbdkf6dxtumi,failed,not_found,616,B340E3BA587E36462D8DE44DAE0F7CAB6748F064,39BAEFE3A22CD8D57B191D86506F7A6A0F4EC2EB,51064561203E97716372E12CAAA85A93CEC70621,57F1B5F9ADF8E0B089246E27626A52F30DC310F8,2020-10-08 13:54:02.523000,2020-10-08 13:54:03.813000
vgvvsbdkf6dxtumi,failed,not_found,638,B340E3BA587E36462D8DE44DAE0F7CAB6748F064,C1B79C4CD9B713BBB6B0522155B46A7BFE3BFAAE,DEF8C760A79FEF2358E03AE5A1950086ABEB953E,580D385842804C8AE068AB028898BBB6F74B1544,2020-10-08 13:54:03.813000,2020-10-08 13:54:07.285000
vgvvsbdkf6dxtumi,failed,not_found,737,B340E3BA587E36462D8DE44DAE0F7CAB6748F064,F3936F97C14EFCFD18154DF4443B91FEDD071F47,BFA905EA10DFD54A38A0C119FAE00182DE4C173B,F5FD7EF4307F8C5C398147877F32A9F9F71E2092,2020-10-08 13:54:07.285000,2020-10-08 13:54:10.879000
vgvvsbdkf6dxtumi,failed,not_found,863,B340E3BA587E36462D8DE44DAE0F7CAB6748F064,5CE3AD8AD04ADE66C0037A3CF5F7F7A40D48A20B,BD60B8F5EA0B8DF59A6B20B7CB3F28E5C2A1DD7A,580534A3F0676CA97BD48A3630106A10B904900E,2020-10-08 13:54:10.879000,2020-10-08 13:54:18.300000
vgvvsbdkf6dxtumi,failed,not_found,907,B340E3BA587E36462D8DE44DAE0F7CAB6748F064,31D270A38505D4BFBBCABF717E9FB4BCA6DDF2FF,2CF227C88CD37461CC2233E10083ED8A21D49CDC,F604131DCC4303E51DB876A017A3DC9684FD626B,2020-10-08 13:54:18.300000,2020-10-08 13:54:20.191000
vgvvsbdkf6dxtumi,failed,not_found,945,B340E3BA587E36462D8DE44DAE0F7CAB6748F064,B73D1E98BE6689A1DDBFE4232C769FCD1B9E0B32,D87698D8E2276C7E93D531B7C2A1B27D58C71876,F5F4019509109A07E90C45A022CEED9ECA1643C8,2020-10-08 13:54:20.192000,2020-10-08 13:54:22.173000
gxgwabyrb2dxkjmk,failed,not_found,632,B340E3BA587E36462D8DE44DAE0F7CAB6748F064,1BF8FFAFA88CC6BFDB0383EC61AFA645403CE44B,046F2D59A85FAE693676A87533717C57436261C2,D8A2D0080B0C73E1DC0EC9F33B497F64E5FB3F52,2020-10-08 13:54:03.425000,2020-10-08 13:54:04.898000
gxgwabyrb2dxkjmk,failed,not_found,662,B340E3BA587E36462D8DE44DAE0F7CAB6748F064,F9674F45A25CAA977E7B872807E0A070C121F5FA,63540827C4832D214984EA47B7A68C593F9F862F,23C18C8010EAC83EC851A39B25E475AC82A8EF8A,2020-10-08 13:54:04.898000,2020-10-08 13:54:07.822000
gxgwabyrb2dxkjmk,failed,not_found,712,B340E3BA587E36462D8DE44DAE0F7CAB6748F064,221546DAE86B003139B13BD6F6AE1B4B42B59DF8,0C475BA4D3AA3C289B716F95954CAD616E50C4E5,D89267FB10BF625D31FF7687AF7D12B03BBF757C,2020-10-08 13:54:07.822000,2020-10-08 13:54:09.532000
gxgwabyrb2dxkjmk,failed,not_found,826,B340E3BA587E36462D8DE44DAE0F7CAB6748F064,A6AA94B4007A0E2919B2DA8ECF2CFA3CA1761A13,8CC7474E0671B257AA821624F6B43D9B07CBDC89,23AD6B165137D957C09AA0F7A3EE7B05CEC4A8F2,2020-10-08 13:54:09.532000,2020-10-08 13:54:15.742000
gxgwabyrb2dxkjmk,failed,not_found,867,B340E3BA587E36462D8DE44DAE0F7CAB6748F064,169535CC4C75FF79C6D548D41720064EE4FE61D2,0F89912E6A4C4A8ACE43C58FF8B83CA299BFF74F,23BCFD8AB533AAE05639D1D79A445DEE76F8E57A,2020-10-08 13:54:15.743000,2020-10-08 13:54:17.775000
gxgwabyrb2dxkjmk,failed,not_found,903,B340E3BA587E36462D8DE44DAE0F7CAB6748F064,116C8E8D3AE732617917521A2947F941697E2A3C,ACE29EC7700BD112DEB42B934E5E443476CD577C,D87698D8E2276C7E93D531B7C2A1B27D58C71876,2020-10-08 13:54:17.775000,2020-10-08 13:54:19.733000
upgbuvzao4rabqui,failed,not_found,635,B340E3BA587E36462D8DE44DAE0F7CAB6748F064,B4A96C0852DD0841579D33E09A98D641EACCD73E,3CD5F7766CF8E96FE315678B0CAC6A5B999FC47D,03A6C11856113883CE89F7421CE74F3B4180B504,2020-10-08 13:54:03.497000,2020-10-08 13:54:04.895000
upgbuvzao4rabqui,failed,not_found,661,B340E3BA587E36462D8DE44DAE0F7CAB6748F064,8BE79CE3261C027CE94F84D6CBE45F03BE9B8B59,E5DB116226E752C218D1A2B184674D3BA23C4D31,03910F285A33F365838EC66EF2C2EF754D046760,2020-10-08 13:54:04.895000,2020-10-08 13:54:07.272000
upgbuvzao4rabqui,failed,not_found,703,B340E3BA587E36462D8DE44DAE0F7CAB6748F064,4561FC085C3F3A7271FE960317F02DCD1E9C1188,F04F36178E95A10B5CA1DA4D6FEA42754F3E5A92,0D97E4B39B1986B688E90BE1FD996E492F2552DB,2020-10-08 13:54:07.273000,2020-10-08 13:54:09.438000
upgbuvzao4rabqui,failed,not_found,748,B340E3BA587E36462D8DE44DAE0F7CAB6748F064,1322D90EA6EDA85B3A8566F2C04F2D8C5C7C1EF1,61B8BDC91AA7BC9A05EB5A3D652FFF88C98E6911,03A33C3454FC0F9AC6966F12FA486999F5A22896,2020-10-08 13:54:09.438000,2020-10-08 13:54:11.693000
upgbuvzao4rabqui,failed,not_found,786,B340E3BA587E36462D8DE44DAE0F7CAB6748F064,C86C538EF0A24E010342F30DBCACC2A7EB7CA833,B0DB2F173F0DB364BABF7A465D796B3C048F1F33,0D99F89BBB92BF5557F8D3F895DB218A72871089,2020-10-08 13:54:11.694000,2020-10-08 13:54:13.892000
upgbuvzao4rabqui,failed,not_found,824,B340E3BA587E36462D8DE44DAE0F7CAB6748F064,88F5FD94C520B22A1A5B98EC20003F046ED601DD,77A56CB237740E24AEA2D61C8C8936232AFC1BD8,0DB061CA620A1B9AD80983D911A419D4A6747625,2020-10-08 13:54:13.892000,2020-10-08 13:54:16.117000
dvahdz6iicbz3gdd,failed,not_found,656,B340E3BA587E36462D8DE44DAE0F7CAB6748F064,901592FBE2A2335F5DC3A5434600B9A4F9D9C68E,40A60D1F1E8AFBED22FCB30B3FBE2E275A14CF99,FCC70D3F500C2EA62004137B0137201A93A2B57E,2020-10-08 13:54:03.516000,2020-10-08 13:54:07.386000
dvahdz6iicbz3gdd,failed,not_found,705,B340E3BA587E36462D8DE44DAE0F7CAB6748F064,14D57DEDF0A4554A2D21AD53CCCC43E31158C733,6FF440DFB1D0697B942357D747900CC308DD57CC,FCCCECDC44273C67FB374200138464F38DDF39AC,2020-10-08 13:54:07.387000,2020-10-08 13:54:09.196000
dvahdz6iicbz3gdd,failed,not_found,742,B340E3BA587E36462D8DE44DAE0F7CAB6748F064,722BA3958D6F4B9A7CE927001CE7FED8625A749E,7A40EB52CBF22B3C1704AA7015AC46CB3DF91219,80F89CB42A1257A6145C1B1D6463C795CB99A6A4,2020-10-08 13:54:09.196000,2020-10-08 13:54:11.383000
dvahdz6iicbz3gdd,failed,not_found,780,B340E3BA587E36462D8DE44DAE0F7CAB6748F064,DC9564AE8BC7BF5F722E3677C897ED1B578C8D81,BEA635C89C057DB8E879572C6A2C188239CFAD68,80E476984A8FAA9C5686E9CF6BA13B9846778775,2020-10-08 13:54:11.384000,2020-10-08 13:54:12.764000
dvahdz6iicbz3gdd,failed,not_found,804,B340E3BA587E36462D8DE44DAE0F7CAB6748F064,2D97C1A7D5A06530F3B2B291F8F2C10CB313DC10,484F666C491BCDE22B45E0E19D1CEA5ACC5A9611,80DF1465F2F27AA933DDB3A8F8A2AE06D3D859DA,2020-10-08 13:54:12.764000,2020-10-08 13:54:14.711000
dvahdz6iicbz3gdd,failed,not_found,862,B340E3BA587E36462D8DE44DAE0F7CAB6748F064,3E3CBA3F2870CE76A41D3E97A8D838AA703586E3,4D568479B37A688769F410E9A914909E8CC2A5B8,FCC392FC20A5C1C5B5E95AB6E24735E493E3AEB7,2020-10-08 13:54:14.711000,2020-10-08 13:54:18.386000
n3h4ybzeqqvmelpm,failed,not_found,654,B340E3BA587E36462D8DE44DAE0F7CAB6748F064,BF0FB582E37F738CD33C3651125F2772705BB8E8,50C7B836942F14BDF1541B017CF21FD03F354E13,7F64B84FA7889688041D2413AD60EA3F9CA6801D,2020-10-08 13:54:04.506000,2020-10-08 13:54:06.535000
n3h4ybzeqqvmelpm,failed,not_found,686,B340E3BA587E36462D8DE44DAE0F7CAB6748F064,02928855BFAD787F8B363F21860D1E7D156E0655,565844893E1D9A4945400BA0E122CAA7181BC9B3,7F52A31991B48A95A52EDE2CA4E161ED70124B4A,2020-10-08 13:54:06.535000,2020-10-08 13:54:08.058000
n3h4ybzeqqvmelpm,failed,not_found,717,B340E3BA587E36462D8DE44DAE0F7CAB6748F064,52A022F16D8CDBF019E132F1538A1798F167973A,D53E6F9C8342684BE369F1B9CE793CF49B74AE20,7F3D20E72A24ED2EBD92AA9C430B805BA389D02B,2020-10-08 13:54:08.059000,2020-10-08 13:54:09.556000
n3h4ybzeqqvmelpm,failed,not_found,752,B340E3BA587E36462D8DE44DAE0F7CAB6748F064,1A2B77AD0A742CD804B9DD747E2DD8E38D06C915,B32B93C90DCAF0012328A8D55D621D26B186E11A,2E408F8D1CDA3AA22FF44C4C4B6A9F51D8E74042,2020-10-08 13:54:09.557000,2020-10-08 13:54:11.020000
n3h4ybzeqqvmelpm,failed,not_found,775,B340E3BA587E36462D8DE44DAE0F7CAB6748F064,21AC6EF15C86641CE623B8A08D64144BCAC14AEC,79D9E66BB2FDBF25E846B635D8248FE1194CFD26,2E414CD28823B5AEB51FD172AA0EE3E9EB9BCA90,2020-10-08 13:54:11.021000,2020-10-08 13:54:13.418000
n3h4ybzeqqvmelpm,failed,not_found,815,B340E3BA587E36462D8DE44DAE0F7CAB6748F064,0D9A1C95DA5D9FF223DF14EF36CB1FC72DEF3925,4FCF975D71A8663E8066BD1431D8E9459DBE2EAB,2E2F424CD9C0FB6BB0F16390BFCB46853AE37CC1,2020-10-08 13:54:13.419000,2020-10-08 13:54:15.522000
oa44fck3wh34pnhg,failed,not_found,655,B340E3BA587E36462D8DE44DAE0F7CAB6748F064,071ACB713A9558A4B5750520B0A738C66033E0B1,7C22E89AB620E77DF1B4A33787A5EC3F2AB4A8D1,376DC7CAD597D3A4CBB651999CFAD0E77DC9AE8C,2020-10-08 13:54:04.507000,2020-10-08 13:54:05.841000
oa44fck3wh34pnhg,failed,not_found,676,B340E3BA587E36462D8DE44DAE0F7CAB6748F064,081C9DF6A615A300B382C004DFE2CC37B561C9A0,F94CCEA0042765AA7EE66BEA5B39C9E03E286EA2,375DCBB2DBD94E5263BC0C015F0C9E756669617E,2020-10-08 13:54:05.841000,2020-10-08 13:54:07.849000
oa44fck3wh34pnhg,failed,not_found,713,B340E3BA587E36462D8DE44DAE0F7CAB6748F064,648B07AA3FCD630970DB869798C9B580C8313081,7A3E534C033E3836BD5AF223B642853C502AB33A,375AAFD4E280B95136969E191AF4D9A1FA7C4FD9,2020-10-08 13:54:07.849000,2020-10-08 13:54:09.888000
oa44fck3wh34pnhg,failed,not_found,759,B340E3BA587E36462D8DE44DAE0F7CAB6748F064,B15C0071EAF508AAEE29DB9D07607C84AA2DDEB3,17E693C615503754493153DF8E71F6C18CE6EE86,84CB0782C8CA81A7263EE86F321EDFECC611369A,2020-10-08 13:54:09.889000,2020-10-08 13:54:12.620000
oa44fck3wh34pnhg,failed,not_found,801,B340E3BA587E36462D8DE44DAE0F7CAB6748F064,EE7CD2A763435C7006095BD167C790ABE5BC4DEA,4CFE65E16DBE9D9ED0CFFBD9BEEEE4EAE50CD33F,84D164A906CD165C77F6A49C97E2F4CA17C3AB3F,2020-10-08 13:54:12.621000,2020-10-08 13:54:14.709000
oa44fck3wh34pnhg,failed,not_found,841,B340E3BA587E36462D8DE44DAE0F7CAB6748F064,0C11264CE26FBE53956784ADCE11C2A5EDA45287,24B6AFD1937525F0330BD94759A0F3BBC06F5955,84D361B736A8CD1E8818D0FC186892E91AB76881,2020-10-08 13:54:14.710000,2020-10-08 13:54:17.793000
bck6qbcgf6rikdwa,failed,not_found,658,B340E3BA587E36462D8DE44DAE0F7CAB6748F064,7A2A6F39F485C4FC95FB885FFF37C436FD2BB7E5,9456BBB3FB923DD1CDEC5C8B45D9615BC937DC42,0EBC69D6758D0B3967C67CFBE9B4B2D28DCB34EA,2020-10-08 13:54:04.587000,2020-10-08 13:54:06.661000
bck6qbcgf6rikdwa,failed,not_found,690,B340E3BA587E36462D8DE44DAE0F7CAB6748F064,320DB7BEA72C058BA2EEF098BF1AEFBA29371BE0,1116A8A9419671432CA8A4D8BB404FD71A95EC2C,0EAD0000E01B073AE88B1B4A0E63A6B9407BA255,2020-10-08 13:54:06.661000,2020-10-08 13:54:09.165000
bck6qbcgf6rikdwa,failed,not_found,740,B340E3BA587E36462D8DE44DAE0F7CAB6748F064,E3D72E974DE4C6EFA37656377BA7A4BFE9CF22B7,3C8609D996441A690BF31A7AB0374D9E33FA2210,2422DD77A4797310F826B12483B0801F5EDF3519,2020-10-08 13:54:09.166000,2020-10-08 13:54:13.013000
bck6qbcgf6rikdwa,failed,not_found,806,B340E3BA587E36462D8DE44DAE0F7CAB6748F064,982A103489DF8410585B8077B7FD813217093EB4,2984E4317B844899E1CE143828CC1600F7CE072E,0EB07340EF2D1608FC16F6268E1DA0C532EB3D11,2020-10-08 13:54:13.013000,2020-10-08 13:54:15.240000
bck6qbcgf6rikdwa,failed,not_found,846,B340E3BA587E36462D8DE44DAE0F7CAB6748F064,8AE7DE9B3E76B5C2298A89604ED75E3B9EBAC031,B3EC41B1008225F2BD1D38BFF39A5E3872634FFD,2419F2F1EFF9AAB703C1CC958AA73DDEDF6782AA,2020-10-08 13:54:15.240000,2020-10-08 13:54:17.385000
bck6qbcgf6rikdwa,failed,not_found,891,B340E3BA587E36462D8DE44DAE0F7CAB6748F064,EAA823552F959DFD038E9AC8FA89345A738B6C00,C7D48FA375F1DE6EA39FD95333A7475BBD83931D,241F67E50CA7D5E522F94E28B5AB5ABE4F166616,2020-10-08 13:54:17.385000,2020-10-08 13:54:19.430000
vlybkqopjmt7osgt,failed,not_found,667,B340E3BA587E36462D8DE44DAE0F7CAB6748F064,1A7A2516A961F2838F7F94786A8811BE82F9CFFE,A2CBEC70217814A9DFB21069F8510BE418ABB094,B291D30517D23299AD7CEE3E60DFE60D0E3A4664,2020-10-08 13:54:05.445000,2020-10-08 13:54:07.195000
vlybkqopjmt7osgt,failed,not_found,701,B340E3BA587E36462D8DE44DAE0F7CAB6748F064,36AD671483E404712B6FED1E438E14104682D673,30690AC40FCD074AF918A28BD754757C28076755,B2866F6401809F93B73346CB460D02202FDACA25,2020-10-08 13:54:07.195000,2020-10-08 13:54:09.166000
vlybkqopjmt7osgt,failed,not_found,741,B340E3BA587E36462D8DE44DAE0F7CAB6748F064,40A60D1F1E8AFBED22FCB30B3FBE2E275A14CF99,A7C5B40EC0FB5175E884075DDC87531D353F679C,B27CF1DCEECD50F7992B07D720D7F6BF0EDF9D40,2020-10-08 13:54:09.166000,2020-10-08 13:54:10.841000
vlybkqopjmt7osgt,failed,not_found,769,B340E3BA587E36462D8DE44DAE0F7CAB6748F064,85A3AC041E3FCD796AF5D653953D5E27A56E3719,FC1E441E097BA36930AA2F615EFB325AF76D2595,A1915DFA36B3EF33DCC9021ACF1A955C51BF0979,2020-10-08 13:54:10.842000,2020-10-08 13:54:13.072000
vlybkqopjmt7osgt,failed,not_found,807,B340E3BA587E36462D8DE44DAE0F7CAB6748F064,0C11264CE26FBE53956784ADCE11C2A5EDA45287,213F2B4AB09EE6FF8CA21B804B2E1BD8835088D3,A191F6309396DAD373FE7E4D1EF64B40F38A3637,2020-10-08 13:54:13.073000,2020-10-08 13:54:14.863000
vlybkqopjmt7osgt,failed,not_found,845,B340E3BA587E36462D8DE44DAE0F7CAB6748F064,BCDE75725B927738B6FD34EA2D78F4FA77B99848,A3AFBDEE30238E44899C9F8B7666D12B09C8EE32,A1B28D636A56AAFFE92ADCCA937AA4BD5333BB4C,2020-10-08 13:54:14.864000,2020-10-08 13:54:16.918000
waqkhurvadqbtbxw,failed,not_found,668,B340E3BA587E36462D8DE44DAE0F7CAB6748F064,13F7EAE731CA4600951986921E08ECAB9B1D2AF6,3586697291602DC8042EB152E60701FFFE8777BD,4AC4F120C119C72356BC9C33BF14E26D2BF052D4,2020-10-08 13:54:05.446000,2020-10-08 13:54:07.651000
waqkhurvadqbtbxw,failed,not_found,711,B340E3BA587E36462D8DE44DAE0F7CAB6748F064,7185B69E3267E71D0E4CBE30209677205DEA5E67,03910F285A33F365838EC66EF2C2EF754D046760,09F3067452D8D1DAFD33D0524A41DBF5295D3472,2020-10-08 13:54:07.652000,2020-10-08 13:54:09.346000
waqkhurvadqbtbxw,failed,not_found,799,B340E3BA587E36462D8DE44DAE0F7CAB6748F064,96DAFDCE92BA94E4CC95F8314AE48E272A702FDC,00C22D3BC1822EB8EA380AF04245337399E796E2,0A178D302936F209AF3DA77CCC4E3C4D5DBE11E9,2020-10-08 13:54:09.346000,2020-10-08 13:54:14.173000
waqkhurvadqbtbxw,failed,not_found,833,B340E3BA587E36462D8DE44DAE0F7CAB6748F064,2CC941573AE68528BE731B758BCABBE0CE62F231,543F96D0C17CDBAC326F644DB0C8A17193BCCFC9,4AC424FBB4DAC4B028366C0C2EE9C9DD11A7BE2D,2020-10-08 13:54:14.173000,2020-10-08 13:54:16.230000
waqkhurvadqbtbxw,failed,not_found,916,B340E3BA587E36462D8DE44DAE0F7CAB6748F064,B3EC41B1008225F2BD1D38BFF39A5E3872634FFD,41CEB66108B70108F148BF7778260A87723AACA1,4AD0B40B0FC679CC300F398BCEBE9D000833F62C,2020-10-08 13:54:16.230000,2020-10-08 13:54:20.922000
waqkhurvadqbtbxw,failed,not_found,962,B340E3BA587E36462D8DE44DAE0F7CAB6748F064,4B483F57D9660EBF33FA3CCA670FFD1BBB0F315A,3B4C5729F829CA2E895B81AF834A63DB336D0FFE,09F64E00F34C88F604163F24D37BEAF9245702EA,2020-10-08 13:54:20.922000,2020-10-08 13:54:23.868000
stbtluasqi7gq36p,failed,not_found,669,B340E3BA587E36462D8DE44DAE0F7CAB6748F064,431702B3A68A6015F9955DD4FD0129175B43EA0F,980AFB485D04C566C74D5704C96CF80D29DE3793,EA43347E0DA7CEDD595029B511066628C7C8A653,2020-10-08 13:54:05.446000,2020-10-08 13:54:07.194000
stbtluasqi7gq36p,failed,not_found,700,B340E3BA587E36462D8DE44DAE0F7CAB6748F064,A23A7219B1EA9D583E66DFF26D62573DE64A9C29,4CD4DFFEF3971C902A22100D911CAC639BE2EF5C,EA1AF22E93AC7B8A00DB3197913EE5CAE11FC2F7,2020-10-08 13:54:07.195000,2020-10-08 13:54:09.200000
stbtluasqi7gq36p,failed,not_found,743,B340E3BA587E36462D8DE44DAE0F7CAB6748F064,0CDCB20FF6800D8AFC90504B85C0551305F2FFE8,856DAB2FDC9EED88A27BE2265FA6BD5489EF178E,898AA9A17ECBB05FEA4FE7418BD1C64F45D9A614,2020-10-08 13:54:09.200000,2020-10-08 13:54:11.463000
stbtluasqi7gq36p,failed,not_found,864,B340E3BA587E36462D8DE44DAE0F7CAB6748F064,81E18725397D620DA548ABBE24D9CD263DEF2FDC,6B13A2C3331FB5F8B37F0AEE9341D5CF1C21F3AD,EA3616A0B9BBBDC74121D8D6F01EABDDCF6BE35D,2020-10-08 13:54:11.463000,2020-10-08 13:54:18.496000
stbtluasqi7gq36p,failed,not_found,912,B340E3BA587E36462D8DE44DAE0F7CAB6748F064,599A708756048993A1029B2775EEF8C9E40BB640,F2899981E3A601A7B2DDC7DDE02C248069704D9F,897A8EDF20BF12737FD8276EC0919E99F0463045,2020-10-08 13:54:18.497000,2020-10-08 13:54:20.777000
stbtluasqi7gq36p,failed,not_found,961,B340E3BA587E36462D8DE44DAE0F7CAB6748F064,CE863C22AD5ABBEAF606AE35A22781C409D895E5,3033FD18BBD658C5ECE926FB17D2269BFE337358,896364B7996F5DFBA0E15D1A2E06D0B98B555DD6,2020-10-08 13:54:20.778000,2020-10-08 13:54:23.927000
rbdpzlvzvhub6mxn,failed,not_found,687,B340E3BA587E36462D8DE44DAE0F7CAB6748F064,B9EAEADEDD4937363CD25FCD7022E55764B8DBBA,A395942C2B86F0C497D04A156806FBD3024D22CF,0C6842CCF836DE08EFEA0BD6C1471AE3463B9B71,2020-10-08 13:54:06.649000,2020-10-08 13:54:08.302000
rbdpzlvzvhub6mxn,failed,not_found,721,B340E3BA587E36462D8DE44DAE0F7CAB6748F064,AA26B97B6CA757BF63328EE96705120609CF4AAD,0C93559D6D7E95B41561424345B0B176FBE66F00,0C69DA7973C4F1D26FB8E8DCCCD83BEC1269645A,2020-10-08 13:54:08.303000,2020-10-08 13:54:11.085000
rbdpzlvzvhub6mxn,failed,not_found,776,B340E3BA587E36462D8DE44DAE0F7CAB6748F064,378E474A4805587228ED56900DC7D69B18259AAC,128D16508676598DC8C7465CC5A87A338208466C,0C6CA58153400FA077EABB14773E36FD61BF0D75,2020-10-08 13:54:11.086000,2020-10-08 13:54:12.676000
rbdpzlvzvhub6mxn,failed,not_found,803,B340E3BA587E36462D8DE44DAE0F7CAB6748F064,8859E68A7C95BD5AB403F16DAD92681E184D3710,205352549229B724BBCDF0996EE0E7251A0833FA,4469F441FDAB256575262B013B44D44B37E4DC8B,2020-10-08 13:54:12.676000,2020-10-08 13:54:14.346000
rbdpzlvzvhub6mxn,failed,not_found,828,B340E3BA587E36462D8DE44DAE0F7CAB6748F064,FF15934A434D0058924C3EA028B1FBF1958BDF9F,79D110419709C4B3D1F92FC3CE121B5317DBE8B3,44517C72DD0C7206E2B6E9FE3917406AE8AF3193,2020-10-08 13:54:14.347000,2020-10-08 13:54:15.584000
rbdpzlvzvhub6mxn,failed,not_found,856,B340E3BA587E36462D8DE44DAE0F7CAB6748F064,100195E079A761751587E31A091D2E2206F35C3A,86127A1279E55E667F9452B1AA4239E1F7661085,44496B18C68356AF3A58ACAD835429C37B9432ED,2020-10-08 13:54:15.584000,2020-10-08 13:54:17.731000
k64jqw3ftbf7hfm4,failed,not_found,688,B340E3BA587E36462D8DE44DAE0F7CAB6748F064,724E86E7F5DA715529DC0ECAA013AE4BDC680E4C,D16A75E422664448F8A7E7D536D359D512B91256,AC00AEBA1AE2A80CF4184C4362157BF91487B902,2020-10-08 13:54:06.649000,2020-10-08 13:54:08.207000
k64jqw3ftbf7hfm4,failed,not_found,719,B340E3BA587E36462D8DE44DAE0F7CAB6748F064,6B88E20FEE8EB47F1A8E30207F327005C61A013D,A2924E7E60D364BF706D71A9CDC62465371476A0,ABF940561A8E528559747D2237847E1BD823CDB8,2020-10-08 13:54:08.208000,2020-10-08 13:54:09.862000
k64jqw3ftbf7hfm4,failed,not_found,758,B340E3BA587E36462D8DE44DAE0F7CAB6748F064,C2E3E1A73D46982994551380919F08EC5021A908,56781CCC9F6D29FEA148799AB588429C893A473C,AC2275831607A95CD8B939C3B8DC466CCF48E2B9,2020-10-08 13:54:09.862000,2020-10-08 13:54:11.999000
k64jqw3ftbf7hfm4,failed,not_found,793,B340E3BA587E36462D8DE44DAE0F7CAB6748F064,D777D31F95081D0F7223AAD5F8A74977D524145D,32EE911D968BE3E016ECA572BB1ED0A9EE43FC2F,D00AC7CD91B2F1345EADB0132D823967E2646DDF,2020-10-08 13:54:11.999000,2020-10-08 13:54:13.926000
k64jqw3ftbf7hfm4,failed,not_found,825,B340E3BA587E36462D8DE44DAE0F7CAB6748F064,25C5206EE19969289F291F22B23052DA48F948A5,B7F60A81737CE635E751C5BCA67BFD20DAF2615C,D007C5B3FC015AD4F708CA2DBB443F9FB5915987,2020-10-08 13:54:13.926000,2020-10-08 13:54:15.671000
k64jqw3ftbf7hfm4,failed,not_found,842,B340E3BA587E36462D8DE44DAE0F7CAB6748F064,74F44514E060866912DFFE1554D0D135C9DC5148,C5F214F7F9CCBF09324C9AA032760150243A196C,D018720BE031BA9CC0DF4C0E21ADBC649C325C62,2020-10-08 13:54:15.671000,2020-10-08 13:54:17.124000
ip7yz7rzhlqxrpnl,failed,not_found,689,B340E3BA587E36462D8DE44DAE0F7CAB6748F064,81E18725397D620DA548ABBE24D9CD263DEF2FDC,F0AE51D182DA3B1FB452666EE3E5EA906C431CBF,FC33CA0B739EB8290180C7D22A536726B8EE90E4,2020-10-08 13:54:06.650000,2020-10-08 13:54:08.304000
ip7yz7rzhlqxrpnl,failed,not_found,722,B340E3BA587E36462D8DE44DAE0F7CAB6748F064,3B4C5729F829CA2E895B81AF834A63DB336D0FFE,81E18725397D620DA548ABBE24D9CD263DEF2FDC,A2F580F93FA3D0DA373769614BD9B0C8A6C4623E,2020-10-08 13:54:08.304000,2020-10-08 13:54:11.328000
ip7yz7rzhlqxrpnl,failed,not_found,779,B340E3BA587E36462D8DE44DAE0F7CAB6748F064,2A5746BFF32A363CD3AAD05196C0F10E7143BBB6,44354E35E9F7F97AF27686D03B0D591686E35394,FC1E441E097BA36930AA2F615EFB325AF76D2595,2020-10-08 13:54:11.328000,2020-10-08 13:54:13.494000
ip7yz7rzhlqxrpnl,failed,not_found,818,B340E3BA587E36462D8DE44DAE0F7CAB6748F064,C3D92B0696196558E784EF7252A5370192720BE5,4B91F01219B985251EE3F5079D08D598324C3A9F,A2F7674E837C4131D70A840262AFC269801F14BA,2020-10-08 13:54:13.494000,2020-10-08 13:54:15.799000
ip7yz7rzhlqxrpnl,failed,not_found,868,B340E3BA587E36462D8DE44DAE0F7CAB6748F064,F133D094894E08CA79D79CD732E317F458F32497,9AB93B5422149E5DFF4BE6A3814E2F6D9648DB6A,FC077C25B8DBB3132D397D7DF03C92BFC14C9D76,2020-10-08 13:54:15.799000,2020-10-08 13:54:18.343000
ip7yz7rzhlqxrpnl,failed,not_found,908,B340E3BA587E36462D8DE44DAE0F7CAB6748F064,906933A309F15D7CF379127078A6791DF9B0C763,CDA9361C072A86719AA3D5A283F5BFBCBF82133B,A2F8C4FBA3F62B35470C84F9F6244D9EF1D04C40,2020-10-08 13:54:18.343000,2020-10-08 13:54:20.243000
hprlwkn7q7htu2nk,failed,not_found,706,B340E3BA587E36462D8DE44DAE0F7CAB6748F064,8A7742ADFF91823A1A35FA11D18C4E3A50FA12A7,968CB7DA0C56E66F22B78CBA0562FE132939D8BF,311A4533F7A2415F42346A6C8FA77E6FD279594C,2020-10-08 13:54:07.404000,2020-10-08 13:54:09.238000
hprlwkn7q7htu2nk,failed,not_found,744,B340E3BA587E36462D8DE44DAE0F7CAB6748F064,B923D15EDF4E7B1261876860D51FAB907ED18347,34DE7F9028A53D5238D779B00DAF7438FDE1D7A0,23F74D581DE92AC59D3527DE4D448E036139D81E,2020-10-08 13:54:09.238000,2020-10-08 13:54:11.693000
hprlwkn7q7htu2nk,failed,not_found,785,B340E3BA587E36462D8DE44DAE0F7CAB6748F064,0A178D302936F209AF3DA77CCC4E3C4D5DBE11E9,9738F8F5C386CDAF5707D0DCED428F2813CA285F,31419A64188BC8070EE89F3CEE6AA98EAAC7E8E8,2020-10-08 13:54:11.693000,2020-10-08 13:54:13.378000
hprlwkn7q7htu2nk,failed,not_found,813,B340E3BA587E36462D8DE44DAE0F7CAB6748F064,CE83524360DE9A55FBDE87DEACBE9F2ABF208E1A,A5A0E659B7490982190475422CD42176198E2E69,2419F2F1EFF9AAB703C1CC958AA73DDEDF6782AA,2020-10-08 13:54:13.379000,2020-10-08 13:54:15.374000
hprlwkn7q7htu2nk,failed,not_found,848,B340E3BA587E36462D8DE44DAE0F7CAB6748F064,DB6ADA8153DF6B148B1A8843B486E20354499650,661E08534FABDBE09BA505F7A73848371C6EF732,241F67E50CA7D5E522F94E28B5AB5ABE4F166616,2020-10-08 13:54:15.374000,2020-10-08 13:54:18.458000
hprlwkn7q7htu2nk,failed,not_found,909,B340E3BA587E36462D8DE44DAE0F7CAB6748F064,BFBD954BE6225FFF1464E66AE647AAD6042936DD,1852D84B0341845F2BDC2CCBC673E9D42307A111,31243ACD67789C4E5F9C1A8BB8E471DCD7D50E78,2020-10-08 13:54:18.458000,2020-10-08 13:54:20.776000
au3hf73v3uauk6g7,failed,not_found,695,B340E3BA587E36462D8DE44DAE0F7CAB6748F064,8E7ACAD878BBD61097C0E0D557160F5D59BCE5CA,D87698D8E2276C7E93D531B7C2A1B27D58C71876,C6E1453B8CAF796E4CF65DB6A81283BDDD722F88,2020-10-08 13:54:07.419000,2020-10-08 13:54:08.646000
au3hf73v3uauk6g7,failed,not_found,731,B340E3BA587E36462D8DE44DAE0F7CAB6748F064,1C7215BC0123DDA23BDED0F9D2849D3AD80183CB,991230C64E0137356F5EF72909DC42782C6B15CC,AC61D1722091F2FC4760776AF2C230D9DC679C03,2020-10-08 13:54:08.646000,2020-10-08 13:54:10.619000
au3hf73v3uauk6g7,failed,not_found,766,B340E3BA587E36462D8DE44DAE0F7CAB6748F064,B149064611DC466405E1825956F36B202DCE6E4A,A23A7219B1EA9D583E66DFF26D62573DE64A9C29,C6B656BA6BC16E31115A1B2D56396A53165F3408,2020-10-08 13:54:10.619000,2020-10-08 13:54:13.416000
au3hf73v3uauk6g7,failed,not_found,883,B340E3BA587E36462D8DE44DAE0F7CAB6748F064,0512FE6BE9CCA0ED133152E64010B2FBA141EB10,38471394F06B2B86404768193C929313962FDC2F,AC5CECEF6AF649F2A7F047D102FE9B461DA9234E,2020-10-08 13:54:13.416000,2020-10-08 13:54:18.893000
au3hf73v3uauk6g7,failed,not_found,900,B340E3BA587E36462D8DE44DAE0F7CAB6748F064,C6B32B0DFA81344973265E08D3C352B5C16AAEAA,72270EB58EDEBE727AA29E67417628DBCE889FAE,AC61783EB367C5591FCF52AB76D1914159F87D08,2020-10-08 13:54:18.893000,2020-10-08 13:54:20.740000
au3hf73v3uauk6g7,failed,not_found,959,B340E3BA587E36462D8DE44DAE0F7CAB6748F064,6530C1F5E453CC08EBB1A1D4B5836C921060473B,F0AE51D182DA3B1FB452666EE3E5EA906C431CBF,C6BA2CDA402B668FB146F7BAEBC09D06EBEFB873,2020-10-08 13:54:20.740000,2020-10-08 13:54:23.801000
cainzyvulrtwzkmu,failed,not_found,707,B340E3BA587E36462D8DE44DAE0F7CAB6748F064,74AC10CA94E400BA4D69E397562597CA04FC5352,96149C2294D65FC4488786BBAF0129DBF2985AB6,DFA40306BEA6EAF28CEF4AFED473A2877A90F9B5,2020-10-08 13:54:07.456000,2020-10-08 13:54:09.343000
cainzyvulrtwzkmu,failed,not_found,745,B340E3BA587E36462D8DE44DAE0F7CAB6748F064,7A32C9519D80CA458FC8B034A28F5F6815649A98,706A7674A217BA905FE677E82236B7B968A23DB7,DFE448D8C5D81AE687289A225B64F704A7FAC877,2020-10-08 13:54:09.344000,2020-10-08 13:54:11.135000
cainzyvulrtwzkmu,failed,not_found,777,B340E3BA587E36462D8DE44DAE0F7CAB6748F064,EA701E125642CEC0B29BBD389F75AF1801CE73FD,98E793DE91D00D3BA38286D23A45133B24B799CF,39379E4177FFFB0ED90C2013D97668BD284A1798,2020-10-08 13:54:11.136000,2020-10-08 13:54:13.324000
cainzyvulrtwzkmu,failed,not_found,812,B340E3BA587E36462D8DE44DAE0F7CAB6748F064,901C2689FDABE7165AB7AC4E8231F12A2674916E,78B98D12997EDD630F6A674CBF42F20711DEAC11,3910C5CA0CC5AFE22C709DF471A2B5B6B4AEDC98,2020-10-08 13:54:13.324000,2020-10-08 13:54:15.583000
cainzyvulrtwzkmu,failed,not_found,947,B340E3BA587E36462D8DE44DAE0F7CAB6748F064,4A0E54E69343B7CF6138C118843CE860E8511F78,890480E14E634C8B4467C475E355A6FBF3D99CD5,394629DFE5305F4207B4BB080782C13304B9F545,2020-10-08 13:54:15.584000,2020-10-08 13:54:22.850000
cainzyvulrtwzkmu,,,,,,,DFAA86AD46BEA875D5018CC1CECD77C9F979FB0E,2020-10-08 13:54:22.850000,
z6zvqjkaus4sgwsg,failed,not_found,727,B340E3BA587E36462D8DE44DAE0F7CAB6748F064,94F16DA2BDDBA092954FF8EC29F9234A69949403,7E8BC43AE75EAE16D7EC4676F4A5C355F454B809,00240ECB2B535AA4C1E1874D744DFA6AF2E5E941,2020-10-08 13:54:08.578000,2020-10-08 13:54:09.841000
z6zvqjkaus4sgwsg,failed,not_found,757,B340E3BA587E36462D8DE44DAE0F7CAB6748F064,5C8B811887778DCF705F3D39F19E40A21889451F,8F0EF738A9B1D9D6F73196551CF7CEBF797D4BE3,CDD296D8C38EAA6A94242FCF03293E0D6EC4A0D0,2020-10-08 13:54:09.841000,2020-10-08 13:54:13.246000
z6zvqjkaus4sgwsg,failed,not_found,810,B340E3BA587E36462D8DE44DAE0F7CAB6748F064,A09D20D85D0AA29C47C90ABEAFDB6B7A4BF7FD07,8404E8B8AAB98208FAEFB1727B637133AD9C6FAF,00342C0E155D4542E55391788B2D779F14578DEB,2020-10-08 13:54:13.246000,2020-10-08 13:54:15.891000
z6zvqjkaus4sgwsg,failed,not_found,927,B340E3BA587E36462D8DE44DAE0F7CAB6748F064,639859D24772D79A7252E6EA837A6D2FBE475F44,4F0DB7E687FC7C0AE55C8F243DA8B0EB27FBF1F2,CDE4149F0DC65A7BE1AE440340BE1C7A18135E29,2020-10-08 13:54:15.891000,2020-10-08 13:54:21.998000
z6zvqjkaus4sgwsg,failed,not_found,978,B340E3BA587E36462D8DE44DAE0F7CAB6748F064,17C9E8B4EFC6034E2910308D8FF8CD4ABAE6427F,F059C76B861B25D8F1BBDA4AD37D1B69035423EC,CDDEC3CC4B0FD5054C99B2D2843DE8B609A4CABA,2020-10-08 13:54:21.998000,2020-10-08 13:54:24.434000
z6zvqjkaus4sgwsg,,,,,,,0020D8A204A81FC8C8A1D79E2324621705DE4F2F,2020-10-08 13:54:24.434000,
dqmk3wa7yviyzrnh,failed,not_found,728,B340E3BA587E36462D8DE44DAE0F7CAB6748F064,5D765770B4DB110D88787457978AB4008CF65CAC,79C674E6C1AC90687CCCF644D24C17AC1E535A3C,AA1C729BA8B846930D53580822A81F6C38432C00,2020-10-08 13:54:08.580000,2020-10-08 13:54:10.050000
dqmk3wa7yviyzrnh,failed,not_found,761,B340E3BA587E36462D8DE44DAE0F7CAB6748F064,5786D04C5A2885D19E606F13C4203F60AEE38110,3F065BB0B02FB2303E144383D16C47A7DED75AE7,AA1B026EE0C8A958E29C67C7D8885FF27572269D,2020-10-08 13:54:10.051000,2020-10-08 13:54:12.651000
dqmk3wa7yviyzrnh,failed,not_found,802,B340E3BA587E36462D8DE44DAE0F7CAB6748F064,DC9564AE8BC7BF5F722E3677C897ED1B578C8D81,19D353B8AA0927DF82CB26E0396C57BE27C0ACC5,CFA7447C66A709932F038FEE6B028B84A6E676E8,2020-10-08 13:54:12.652000,2020-10-08 13:54:15.279000
dqmk3wa7yviyzrnh,failed,not_found,847,B340E3BA587E36462D8DE44DAE0F7CAB6748F064,D3B72ADA2F3EEDA2BA98F645D620CA1C4060AAF4,E43F9C33A75C75D7A2D82866367DC7585EC01203,AA1E584251FCB7C62FEE3EAB480A5FC909A4493C,2020-10-08 13:54:15.279000,2020-10-08 13:54:17.277000
dqmk3wa7yviyzrnh,failed,not_found,889,B340E3BA587E36462D8DE44DAE0F7CAB6748F064,14D57DEDF0A4554A2D21AD53CCCC43E31158C733,EEDF0AF1F892C82F056063827B47283CC9AEAA41,CF8CC4763298F77FF64DAF340D26D1BBF3362C5B,2020-10-08 13:54:17.277000,2020-10-08 13:54:19.978000
dqmk3wa7yviyzrnh,failed,not_found,944,B340E3BA587E36462D8DE44DAE0F7CAB6748F064,0C6D3655763B1A3A60FC42135CD60765AFE953BA,EAA088440B100FF8407266B5D4853FFB16A8CB67,CF97B121E511B80125ED8DFF27CA403A480CB20A,2020-10-08 13:54:19.979000,2020-10-08 13:54:22.877000
u4thwzq5gaf27iyf,failed,not_found,729,B340E3BA587E36462D8DE44DAE0F7CAB6748F064,29A39144AD141242436D07901F7A8B91F7516A66,1E03D81C9744DE0E3C9DE6E6FBDF1DF9DAEA5AFC,475B34D76756910C11EB7752EB8285F6BE00C1EE,2020-10-08 13:54:08.625000,2020-10-08 13:54:10.877000
u4thwzq5gaf27iyf,failed,not_found,770,B340E3BA587E36462D8DE44DAE0F7CAB6748F064,2E72EEABE4EE19183BEFAA10D88B3C16829C9F99,CAEFDA41BE3FEC211ED470CEE2022383D1059953,4B9DD478E355BDB7AC8D0A5E14BF5C6760122580,2020-10-08 13:54:10.878000,2020-10-08 13:54:13.096000
u4thwzq5gaf27iyf,failed,not_found,809,B340E3BA587E36462D8DE44DAE0F7CAB6748F064,BDBE5D7A54DF3151E25F44B01817D3DEE12218D9,EBB76D096FF5787A303B2C81E21BFF9816C6FA0D,4758509FBE6473202AB0CC161238372BF636612D,2020-10-08 13:54:13.096000,2020-10-08 13:54:15.888000
u4thwzq5gaf27iyf,failed,not_found,870,B340E3BA587E36462D8DE44DAE0F7CAB6748F064,D14EC16949648CEE84EA1664445029EA4B597074,09F64E00F34C88F604163F24D37BEAF9245702EA,474648D2DFC1C060A5CA74C8A5976807B7FB5FE0,2020-10-08 13:54:15.889000,2020-10-08 13:54:18.596000
u4thwzq5gaf27iyf,failed,not_found,918,B340E3BA587E36462D8DE44DAE0F7CAB6748F064,C0CEFFD7BBC103049096EA89506BEAB42BC9C5CA,44DC23661E05DEFD94398936D9334987ABCB6E5E,4B919C783B1145060DF518940252FE2B5B128F67,2020-10-08 13:54:18.596000,2020-10-08 13:54:21.333000
u4thwzq5gaf27iyf,,,,,,,4BC874C290A1438E9FF3C684F1CAC2AC351A12EB,2020-10-08 13:54:21.334000,
34enisl2hpc3pyeu,failed,not_found,747,B340E3BA587E36462D8DE44DAE0F7CAB6748F064,22775B953E662151549C114CB8EE5FBDBCBDAD02,ED664A0DB3B686FAAFEBD905DFFCE0E1981F3F1A,6B13A2C3331FB5F8B37F0AEE9341D5CF1C21F3AD,2020-10-08 13:54:09.436000,2020-10-08 13:54:11.746000
34enisl2hpc3pyeu,failed,not_found,788,B340E3BA587E36462D8DE44DAE0F7CAB6748F064,ACE29EC7700BD112DEB42B934E5E443476CD577C,08208ACA4C12AC2390CA8D31ABE40AF7E72BC556,6B0962E99C62CFDFCAD6D91384B11D499FCE6D46,2020-10-08 13:54:11.747000,2020-10-08 13:54:14.218000
34enisl2hpc3pyeu,failed,not_found,835,B340E3BA587E36462D8DE44DAE0F7CAB6748F064,0C6D3655763B1A3A60FC42135CD60765AFE953BA,63B32F7E5389E8DBC5E1BCEFE48312DA7CCEF5D6,8B9B72D9613E1B674A17DAA6A11FE336C3427191,2020-10-08 13:54:14.219000,2020-10-08 13:54:16.807000
34enisl2hpc3pyeu,failed,not_found,885,B340E3BA587E36462D8DE44DAE0F7CAB6748F064,3CCF9573F59137E52787D9C322AC19D2BD090B70,391D289DFAFB673B362646A51973447EB706DFC4,6B13A4EC169E4FB0F3141E1AE4307966569FA47C,2020-10-08 13:54:16.807000,2020-10-08 13:54:18.987000
34enisl2hpc3pyeu,,,,,,,8BE58BA7A28DC6B4F211CE8EE86783B85133488D,2020-10-08 13:54:18.987000,
jmgiavgn6xz4mboh,failed,not_found,749,B340E3BA587E36462D8DE44DAE0F7CAB6748F064,6659F8B47BE0D57A3452A7F8C9326F0A76D5EE1E,A6E0F950CAC74AF867CA21976069529D6D4D3E30,9D21F034C3BFF4E7737D08CF775DC1745706801F,2020-10-08 13:54:09.477000,2020-10-08 13:54:11.178000
jmgiavgn6xz4mboh,failed,not_found,778,B340E3BA587E36462D8DE44DAE0F7CAB6748F064,FAE19F64F4C3B5351D95D1794CDC6A6AD0C8CB83,5CFC486780CBD4446B764E51608D6574003B350D,AFF499AF071A2DE2EADC22B67B48ACC91EEEF394,2020-10-08 13:54:11.178000,2020-10-08 13:54:13.255000
jmgiavgn6xz4mboh,failed,not_found,811,B340E3BA587E36462D8DE44DAE0F7CAB6748F064,CDAEBA458F6129776643751934076A51D851C348,108A1138931C7E947C94D1892EE8D275D0BED90C,AFF2FC5C6F793B6E147EB93C1897D6DDA49E54FD,2020-10-08 13:54:13.255000,2020-10-08 13:54:15.653000
jmgiavgn6xz4mboh,failed,not_found,872,B340E3BA587E36462D8DE44DAE0F7CAB6748F064,0CC18E42E5ECADFE76862CE2EB7189EFA17A11FD,6DCCA448F8EDC79553CE60E8E21030E942CCC3B9,AFED770AE951DEA0CE33C1FB1463DC3188CBA2DD,2020-10-08 13:54:15.653000,2020-10-08 13:54:19.044000
jmgiavgn6xz4mboh,failed,not_found,926,B340E3BA587E36462D8DE44DAE0F7CAB6748F064,F0AE51D182DA3B1FB452666EE3E5EA906C431CBF,874D84382C892F3F61CC9E106BF08843DE0B865A,9D2807BA2ABEC93EA7574F04827CC00402A6C92B,2020-10-08 13:54:19.045000,2020-10-08 13:54:21.356000
jmgiavgn6xz4mboh,failed,not_found,968,B340E3BA587E36462D8DE44DAE0F7CAB6748F064,E03E581AA42A211F69DC63608B1980F10AE52C26,A8D68ED61673B314CC8CD31C2275ABF1E07387CC,9CFA49D7F6C1774FFECC12AD3F3E59BD781285EF,2020-10-08 13:54:21.356000,2020-10-08 13:54:24.661000
6gss7c6pkfm7knik,failed,not_found,750,B340E3BA587E36462D8DE44DAE0F7CAB6748F064,D8A2D0080B0C73E1DC0EC9F33B497F64E5FB3F52,B31A677A74A47621BC6073AC32066F85F3033594,61B8BDC91AA7BC9A05EB5A3D652FFF88C98E6911,2020-10-08 13:54:09.478000,2020-10-08 13:54:11.850000
6gss7c6pkfm7knik,failed,not_found,791,B340E3BA587E36462D8DE44DAE0F7CAB6748F064,8E14C22192BB479640038D8C1BF20DCBD064E1A5,0F6E56C326DC9719942E8BBA58C22F71332DA891,5B7ECD80310B35E6B95FC887E143C889CF8C2841,2020-10-08 13:54:11.851000,2020-10-08 13:54:15.463000
6gss7c6pkfm7knik,failed,not_found,850,B340E3BA587E36462D8DE44DAE0F7CAB6748F064,C3D92B0696196558E784EF7252A5370192720BE5,73E2046A1E7F0E95D36C3F979CE5FAC3609AC610,5B701D5C806F91D8A3C6B3E92624727EC43E26C2,2020-10-08 13:54:15.464000,2020-10-08 13:54:17.657000
6gss7c6pkfm7knik,failed,not_found,897,B340E3BA587E36462D8DE44DAE0F7CAB6748F064,0B841CB70F9ED1FD0322C2BA2EB0D80420D87CFA,0B19BBFDC498CCEA23027B1D7BD8E20121B95E60,5B52301188A4D0A96190DAB170973FA39116495D,2020-10-08 13:54:17.657000,2020-10-08 13:54:20.496000
6gss7c6pkfm7knik,failed,not_found,953,B340E3BA587E36462D8DE44DAE0F7CAB6748F064,F4FF2AF6CB05224BAE7FC84441010889D08CB52E,BEBA52AC89045D6EAD68E977DF3F98BCF8330AAF,61B40C64A1DD11A856518D30F1847F0A678E50C6,2020-10-08 13:54:20.497000,2020-10-08 13:54:23.160000
6gss7c6pkfm7knik,,,,,,,61AF790EF78C2D73C8E3D8E2596D42A1AACE1359,2020-10-08 13:54:23.161000,
taeodcdrxj4jbrrl,failed,not_found,763,B340E3BA587E36462D8DE44DAE0F7CAB6748F064,0FE31E8B143BCA123905993356D1DE49C715E455,56781CCC9F6D29FEA148799AB588429C893A473C,A478E421F83194C114F41E94F95999672AED51FE,2020-10-08 13:54:10.519000,2020-10-08 13:54:11.881000
taeodcdrxj4jbrrl,failed,not_found,792,B340E3BA587E36462D8DE44DAE0F7CAB6748F064,005ED97213F725867E422B8DC0443361BBB24E3C,C2FB346ECEA48FC980AD442BADB7CD10E14E53A6,47E49319DD67784F1E65B5793371BE467365979E,2020-10-08 13:54:11.881000,2020-10-08 13:54:14.104000
taeodcdrxj4jbrrl,failed,not_found,830,B340E3BA587E36462D8DE44DAE0F7CAB6748F064,FB879E9F83F885D35594F85C5E42EC9CADD8461F,088A6237EED87EDEB0E1E3AD0A4A419F963F0787,47F9D1E0155089917FFA734EF759089326C3761A,2020-10-08 13:54:14.105000,2020-10-08 13:54:16.775000
taeodcdrxj4jbrrl,failed,not_found,882,B340E3BA587E36462D8DE44DAE0F7CAB6748F064,4060BE838E47FDFFFEB045CAF6630AC663AE2AD2,6AB0E97E7DE1CDA9657392F7DE8B0127C1948FBB,47E7F131379F8DEC0909F2F9395331F4C67A538A,2020-10-08 13:54:16.775000,2020-10-08 13:54:19.937000
taeodcdrxj4jbrrl,failed,not_found,943,B340E3BA587E36462D8DE44DAE0F7CAB6748F064,EAA088440B100FF8407266B5D4853FFB16A8CB67,1E5E18AC41DAEDF1BE7A02612C297E35CA24949A,A4771CB90024F1870D622960519945A3E49B40FE,2020-10-08 13:54:19.938000,2020-10-08 13:54:22.877000
taeodcdrxj4jbrrl,,,,,,,A466DC1C546053060940AB279F1EA967167ECACB,2020-10-08 13:54:22.877000,
qwas23stdory2tv6,failed,not_found,836,B340E3BA587E36462D8DE44DAE0F7CAB6748F064,2AA5F598F9A1812F01CD99E3B59BB87362ED7438,5820D7E2CC290462233845BA807D616494CF0D7D,2CC941573AE68528BE731B758BCABBE0CE62F231,2020-10-08 13:54:10.571000,2020-10-08 13:54:17.832000
qwas23stdory2tv6,failed,not_found,904,B340E3BA587E36462D8DE44DAE0F7CAB6748F064,81A59766272894D27FE8375C4F83A6BA453671EF,C333C56EAAD404ACDDE2FB3A675C5F5DA46A81E2,DE0421FBD771E6189205D353366874B1790185C7,2020-10-08 13:54:17.833000,2020-10-08 13:54:20.268000
qwas23stdory2tv6,failed,not_found,946,B340E3BA587E36462D8DE44DAE0F7CAB6748F064,987DA228984796145168ADF84F267F76D445D89D,08208ACA4C12AC2390CA8D31ABE40AF7E72BC556,DE1F613AEF875E5FCD1E471866A8DE4BEC2F1160,2020-10-08 13:54:20.269000,2020-10-08 13:54:22.543000
qwas23stdory2tv6,,,,,,,DE0F5F8402B97563B6CD0D7889DCE8AC6AD288C0,2020-10-08 13:54:22.544000,
izeowcv6uelrezft,failed,not_found,765,B340E3BA587E36462D8DE44DAE0F7CAB6748F064,3D636FB9D24EA781C3C2766C051064C6CA1C0D96,AD1FC4AE877B2FFEB3C84F1A6B76E9B057AAEF4E,3FE39429CB7077BBB13D2774591A1B80EE493742,2020-10-08 13:54:10.572000,2020-10-08 13:54:12.393000
izeowcv6uelrezft,failed,not_found,795,B340E3BA587E36462D8DE44DAE0F7CAB6748F064,8DBEF8D824437770261B4C7453F2815DB7FC9165,24F97F98C45E4754655BE66799049763DAEE99CE,55B5A9DB9C2B57C035437A3CC52A6B11D877CBDD,2020-10-08 13:54:12.393000,2020-10-08 13:54:14.772000
izeowcv6uelrezft,failed,not_found,844,B340E3BA587E36462D8DE44DAE0F7CAB6748F064,1AAC19D892F84910AB94C45092241ABA3CFC4C89,0B25110BA3473A6DC04AB58A3A0D5E4D6922A0E0,5598C4CE251DD848C2C743DEF457EDEFAF3105C4,2020-10-08 13:54:14.773000,2020-10-08 13:54:16.618000
izeowcv6uelrezft,failed,not_found,881,B340E3BA587E36462D8DE44DAE0F7CAB6748F064,6E66D978514FF86CDEF01FE30C23A1002925AA02,F15F5BBB91175B81980FD0704F1762C04CF6AF1E,55BEC1032A3C66AE5ABF26D11505352318736D45,2020-10-08 13:54:16.618000,2020-10-08 13:54:18.733000
izeowcv6uelrezft,,,,,,,3FA93D41E9A7C4C47B77C0D7F617999B6D5D0B62,2020-10-08 13:54:18.733000,
onsjl3cpjrl2vdkd,failed,not_found,817,B340E3BA587E36462D8DE44DAE0F7CAB6748F064,00B57BF614F7ED3051073B5D4526FF0B23AF217B,BF0FB582E37F738CD33C3651125F2772705BB8E8,8FC7998C90FFBE05B1F31CB7A70D0BA71DB9C14F,2020-10-08 13:54:11.461000,2020-10-08 13:54:16.132000
onsjl3cpjrl2vdkd,failed,not_found,874,B340E3BA587E36462D8DE44DAE0F7CAB6748F064,4EBE3B18F7D38D0A2FDD67B47A55CB9069368723,4856C97DC4F2271BC896DF9CABD217EE2D869D68,8FAB1ADF9BE2D0E821AF92B8215F692CD715FD73,2020-10-08 13:54:16.133000,2020-10-08 13:54:18.745000
onsjl3cpjrl2vdkd,failed,not_found,922,B340E3BA587E36462D8DE44DAE0F7CAB6748F064,7260949459C2D4D4A5ABC3AC10C1AD6939E6525C,5E2134CE8D3A3B7AA5E597B8EFE3E659B03C02B3,8FA37B93397015B2BC5A525C908485260BE9F422,2020-10-08 13:54:18.745000,2020-10-08 13:54:21.118000
onsjl3cpjrl2vdkd,failed,not_found,965,B340E3BA587E36462D8DE44DAE0F7CAB6748F064,3FE1AA163445DC0E0677B5227F507907C4872A30,C8B23EA543FAD6F820E5841A8380DC28C83AEA0F,C4FD2403CC929297B559A49E582516944F75C6A9,2020-10-08 13:54:21.118000,2020-10-08 13:54:23.950000
onsjl3cpjrl2vdkd,,,,,,,C51701910DEA998F4F51287A71B7E94449A3E9BC,2020-10-08 13:54:23.950000,
d2nv2sbbdlzlg4ld,failed,not_found,782,B340E3BA587E36462D8DE44DAE0F7CAB6748F064,3033FD18BBD658C5ECE926FB17D2269BFE337358,D5EE4A7A6E174880DD41217E037755DD3752877C,48E5377E5C2DDD95ED6ADC8D89CE8D830ADEF0FD,2020-10-08 13:54:11.461000,2020-10-08 13:54:13.665000
d2nv2sbbdlzlg4ld,failed,not_found,822,B340E3BA587E36462D8DE44DAE0F7CAB6748F064,FAE19F64F4C3B5351D95D1794CDC6A6AD0C8CB83,DC4645C2288E58799F4B8F6AC04B58F47DB8A43D,48D934E776B739D38F9EAFDCFD85203C6A68A67B,2020-10-08 13:54:13.666000,2020-10-08 13:54:16.198000
d2nv2sbbdlzlg4ld,failed,not_found,905,B340E3BA587E36462D8DE44DAE0F7CAB6748F064,03910F285A33F365838EC66EF2C2EF754D046760,D29B31FDB5EDD2D1B94CD31C2F13B5CF411B1268,4932D9330B60AD77BF08A322CF913D4736E221E3,2020-10-08 13:54:16.198000,2020-10-08 13:54:20.743000
d2nv2sbbdlzlg4ld,,,,,,,067ECF198238BD14B0CFE24899475A53A94E14EC,2020-10-08 13:54:20.743000,
bsndxaau6jyxznia,failed,not_found,783,B340E3BA587E36462D8DE44DAE0F7CAB6748F064,7ECF294C43DB959BDC0E7EFC913C3AC231DE7442,7EED9962D96A296C53F363160CBEE3AF2F934E2D,285B3195256DEA66C7F58C0596B17D923788056C,2020-10-08 13:54:11.461000,2020-10-08 13:54:14.061000
bsndxaau6jyxznia,failed,not_found,829,B340E3BA587E36462D8DE44DAE0F7CAB6748F064,A4F11D693FAB6E949B2B7C18153C3F7989896007,D079D6818926684C5979C18171FB18862A4A5792,9CFA49D7F6C1774FFECC12AD3F3E59BD781285EF,2020-10-08 13:54:14.061000,2020-10-08 13:54:15.637000
bsndxaau6jyxznia,failed,not_found,860,B340E3BA587E36462D8DE44DAE0F7CAB6748F064,77A56CB237740E24AEA2D61C8C8936232AFC1BD8,9ECF0C8EEA5C07DE54A346EDB371B48845A3FD0F,287E1041DFC3A03E1650A61ADF580EA1C6BF3649,2020-10-08 13:54:15.638000,2020-10-08 13:54:17.758000
bsndxaau6jyxznia,failed,not_found,902,B340E3BA587E36462D8DE44DAE0F7CAB6748F064,2935E0F03B71BE44F6F265FEF976E810BAAD6F4E,0ED0EA324C931CF41CB5272BFB1D015B3D5772A9,286F22F5D198AB20C50C65B94A03B52CAE588946,2020-10-08 13:54:17.759000,2020-10-08 13:54:20.441000
bsndxaau6jyxznia,failed,not_found,952,B340E3BA587E36462D8DE44DAE0F7CAB6748F064,EAA823552F959DFD038E9AC8FA89345A738B6C00,8EB722FA1AE9DDE1914BC21FEA22819D4DE99DB4,9D2807BA2ABEC93EA7574F04827CC00402A6C92B,2020-10-08 13:54:20.441000,2020-10-08 13:54:23.113000
bsndxaau6jyxznia,,,,,,,9D21F034C3BFF4E7737D08CF775DC1745706801F,2020-10-08 13:54:23.114000,
y4ar4x5ovqzgdiii,failed,not_found,796,B340E3BA587E36462D8DE44DAE0F7CAB6748F064,E17745C64255D2920D9B9FCF9EF930C426EE4A91,6DFEB41C04CCE846871338E85DD5ACF5CFB6C1DD,EFCCA5852D18207A7A93C13EF3460458CAAEA9D9,2020-10-08 13:54:12.457000,2020-10-08 13:54:14.202000
y4ar4x5ovqzgdiii,failed,not_found,834,B340E3BA587E36462D8DE44DAE0F7CAB6748F064,55008A58196B5E9E769B53BA587E0F9E211A213D,AD187C19DC15552A109BDD3343B1242661DF5702,EFC2A2A0C6EF7E594E26ABCE47D9D17E75C5AFE2,2020-10-08 13:54:14.203000,2020-10-08 13:54:16.380000
y4ar4x5ovqzgdiii,failed,not_found,878,B340E3BA587E36462D8DE44DAE0F7CAB6748F064,ACAAE1708144F6485AAFFD59C3C6EAA1EA4AAAB2,04E3B5925EB5F66C6EC810A3D7702E0CA3F9D5E7,EFC719BCF07379B31DFD4F04FD0E642658F0AAE6,2020-10-08 13:54:16.380000,2020-10-08 13:54:18.823000
y4ar4x5ovqzgdiii,failed,not_found,923,B340E3BA587E36462D8DE44DAE0F7CAB6748F064,B9233588917C5F6B7DA771118707090591BC4C87,14D57DEDF0A4554A2D21AD53CCCC43E31158C733,AD7552F2CFBF472F9FFE748D3E82994EA6050A76,2020-10-08 13:54:18.824000,2020-10-08 13:54:21.117000
y4ar4x5ovqzgdiii,,,,,,,AD7C011CE0280249FA05053C1AC8E770E242ADF8,2020-10-08 13:54:21.117000,
xyc6swwfu55ck5rc,failed,not_found,797,B340E3BA587E36462D8DE44DAE0F7CAB6748F064,D228AE265C966CA4E9A8C4B746A30A9737060A32,061E0496931D23A81A2B685C9339D36857DD0FA1,D65DB84BF1EB4DD225B9A1CD9CEFD87B595A30F5,2020-10-08 13:54:12.525000,2020-10-08 13:54:14.125000
xyc6swwfu55ck5rc,failed,not_found,832,B340E3BA587E36462D8DE44DAE0F7CAB6748F064,EFF7FB34C593A9D347DDC7A53F20DAC9FB8E9AD3,EFCCA5852D18207A7A93C13EF3460458CAAEA9D9,D69660417D1BEEC6E9ED2CDCEABC4872BC111ADE,2020-10-08 13:54:14.125000,2020-10-08 13:54:16.852000
xyc6swwfu55ck5rc,failed,not_found,886,B340E3BA587E36462D8DE44DAE0F7CAB6748F064,E5CC91BAFE7CCD68003E873D32E38027638D49D7,F04F36178E95A10B5CA1DA4D6FEA42754F3E5A92,AF1F15819AC766D6508A2B05DA989E99AB511F9F,2020-10-08 13:54:16.853000,2020-10-08 13:54:19.233000
xyc6swwfu55ck5rc,failed,not_found,930,B340E3BA587E36462D8DE44DAE0F7CAB6748F064,DBDF797B095015AB3B7AD07B44307687A3409E89,5856DB884578915E7C7A0B7B11E4145B1D2A4E2B,D6670FB54B21818CE7C13524AA003258B8E35D38,2020-10-08 13:54:19.234000,2020-10-08 13:54:22.705000
xyc6swwfu55ck5rc,,,,,,,AF2E60DEEA9971F6956A46CE0B6BC94EF558240E,2020-10-08 13:54:22.705000,
nqpg3hb26izmsozd,failed,not_found,798,B340E3BA587E36462D8DE44DAE0F7CAB6748F064,CEA2E066A7F8EC0F235F5190E25DD3C9F86F084B,CDD296D8C38EAA6A94242FCF03293E0D6EC4A0D0,706A7674A217BA905FE677E82236B7B968A23DB7,2020-10-08 13:54:12.525000,2020-10-08 13:54:14.105000
nqpg3hb26izmsozd,failed,not_found,831,B340E3BA587E36462D8DE44DAE0F7CAB6748F064,5CE3AD8AD04ADE66C0037A3CF5F7F7A40D48A20B,36FA576EE55BE5F1297370FBECBBBEB6125BBE4A,702FD318AEED49702B5C16255ED5F595DA116516,2020-10-08 13:54:14.105000,2020-10-08 13:54:16.260000
nqpg3hb26izmsozd,failed,not_found,877,B340E3BA587E36462D8DE44DAE0F7CAB6748F064,18671DE5092C67883BFB2450C3267B92618BEC66,936221243C48CEC2A1203261D30CD81A2171DC52,8C5B316ED73018484765C3E0944E4508DCAE0944,2020-10-08 13:54:16.260000,2020-10-08 13:54:18.495000
nqpg3hb26izmsozd,failed,not_found,972,B340E3BA587E36462D8DE44DAE0F7CAB6748F064,61004152C709672EE739F2667B56EF5550A51332,F836446663F1EB816F13708955F105D0B2F5C8E0,8C601BFCF56E25120C18A18B9856010A8BD659BD,2020-10-08 13:54:18.495000,2020-10-08 13:54:23.927000
nqpg3hb26izmsozd,,,,,,,8C4ECFC848AF887DA98641FD649087D865161195,2020-10-08 13:54:23.928000,
f3bgqsioyhyurz6n,failed,not_found,819,B340E3BA587E36462D8DE44DAE0F7CAB6748F064,B058FBDEA69774C28EAC1111E167BC0AD4A904E0,F059C76B861B25D8F1BBDA4AD37D1B69035423EC,15BE17C99FACE24470D40AF782D6A9C692AB36D6,2020-10-08 13:54:13.495000,2020-10-08 13:54:15.584000
f3bgqsioyhyurz6n,failed,not_found,855,B340E3BA587E36462D8DE44DAE0F7CAB6748F064,1F768F39EDFA445C14E18E915B0CED7E14E450CF,D6BC16A4ACACA87B81AE00BC28F8AF2DB95E74F7,ED6AF8CE8CF4126A6F33572376B6D8977FED2DD9,2020-10-08 13:54:15.584000,2020-10-08 13:54:17.508000
f3bgqsioyhyurz6n,failed,not_found,893,B340E3BA587E36462D8DE44DAE0F7CAB6748F064,63CD37872814AD1623C239CB7A0CB9C4E3CEB923,431702B3A68A6015F9955DD4FD0129175B43EA0F,15D832EEAC678EC7EEB27B0F65E0D50B74A43B5B,2020-10-08 13:54:17.508000,2020-10-08 13:54:19.067000
f3bgqsioyhyurz6n,failed,not_found,929,B340E3BA587E36462D8DE44DAE0F7CAB6748F064,A024E420DD146541D5D7F6CFEB554C3A64F985EE,CAF57EB30FD17389954C9F2B43026734F80E39C0,15C3F39B273727B6AEF44975C5E6F8FA341C2F4B,2020-10-08 13:54:19.068000,2020-10-08 13:54:22.964000
f3bgqsioyhyurz6n,,,,,,,ED664A0DB3B686FAAFEBD905DFFCE0E1981F3F1A,2020-10-08 13:54:22.965000,
qbc6vthetkledzzz,failed,not_found,820,B340E3BA587E36462D8DE44DAE0F7CAB6748F064,99339F3E68BCCC1391BF14C821D80766FE0C5956,AA8B7237B4D2C76ED4AF24B3B47B375812AACC83,5AE12CAAA489A0739F56E79CC287526FAB55A6FB,2020-10-08 13:54:13.509000,2020-10-08 13:54:15.465000
qbc6vthetkledzzz,failed,not_found,852,B340E3BA587E36462D8DE44DAE0F7CAB6748F064,B85E6AB2B5F115536B2DA847A3FB99B8A985D437,46736616C5A895D636C93EF9F8A289C3BC93EE53,5ADA85FC78D694F57ADBDCDF3EA7CC39CA552A85,2020-10-08 13:54:15.466000,2020-10-08 13:54:17.438000
qbc6vthetkledzzz,failed,not_found,892,B340E3BA587E36462D8DE44DAE0F7CAB6748F064,462DFAD3B4C7256DC5C90BD5819A12DC448B3C03,B4A96C0852DD0841579D33E09A98D641EACCD73E,5AD3FB658E490BAD9515F363374AA41D65D31A02,2020-10-08 13:54:17.438000,2020-10-08 13:54:19.045000
qbc6vthetkledzzz,failed,not_found,928,B340E3BA587E36462D8DE44DAE0F7CAB6748F064,0F89912E6A4C4A8ACE43C58FF8B83CA299BFF74F,94318CC2299A3826D81899EB23C25A2B7D6B1FFE,EB5D14C266F491B4C5C93B7BC101C450A059D438,2020-10-08 13:54:19.045000,2020-10-08 13:54:21.662000
qbc6vthetkledzzz,,,,,,,EB556E9126600C24E0186280EF92D4F2B54EAF27,2020-10-08 13:54:21.663000,
fmkfat4gbamoexug,failed,not_found,821,B340E3BA587E36462D8DE44DAE0F7CAB6748F064,1252A53FE719AF72C0FD1E54D8DE08C0327E5A4A,F37997F89070869A34C456A2F54577A3276AACB2,F0C9513539800F762ECAE37F16370D7CBA5E52C2,2020-10-08 13:54:13.525000,2020-10-08 13:54:15.428000
fmkfat4gbamoexug,failed,not_found,849,B340E3BA587E36462D8DE44DAE0F7CAB6748F064,16DB78459B845F4E728405EB694E32929E2B318A,D123C0F8F562804693C47D68C61786023B295E98,65BBE89EF47A0440A72402C40645C9315ADD55F8,2020-10-08 13:54:15.429000,2020-10-08 13:54:17.349000
fmkfat4gbamoexug,failed,not_found,890,B340E3BA587E36462D8DE44DAE0F7CAB6748F064,7B0D94D348D9F98C50B6674C5CB17AF35EA2605F,DE5DB7401ACCF00A66E9BDFF76E4CA4A85CA2F95,65B7E75B1E9255A355CF79190EB0B7943C7835FA,2020-10-08 13:54:17.350000,2020-10-08 13:54:19.301000
fmkfat4gbamoexug,failed,not_found,931,B340E3BA587E36462D8DE44DAE0F7CAB6748F064,E5CC91BAFE7CCD68003E873D32E38027638D49D7,C37F87C0125E26E6ACF54366FA2198209E856ABE,65B1E5658FDB9950F9822B90D76C30616898CCC8,2020-10-08 13:54:19.301000,2020-10-08 13:54:21.554000
fmkfat4gbamoexug,failed,not_found,970,B340E3BA587E36462D8DE44DAE0F7CAB6748F064,16DB78459B845F4E728405EB694E32929E2B318A,F48FD1AED068496D51D1384BC7497C04E4985DA6,F0B8B0371FD44A5CA3B05411176AE7EBD5B025BC,2020-10-08 13:54:21.555000,2020-10-08 13:54:24.407000
fmkfat4gbamoexug,,,,,,,F0B60D25C2E83EA707C2886CFA59CDFE026A0D59,2020-10-08 13:54:24.408000,
ymgatfl4x2l2igpi,failed,not_found,837,B340E3BA587E36462D8DE44DAE0F7CAB6748F064,F244C5F5DDE2F29CA1F88E4C9F9FACCC48BCA857,CED424DF844971572655A1351D159ED79B6C1511,A44062AE3484310CE728BBD7769E9CD44C09FBB0,2020-10-08 13:54:14.415000,2020-10-08 13:54:17.083000
ymgatfl4x2l2igpi,failed,not_found,887,B340E3BA587E36462D8DE44DAE0F7CAB6748F064,26198AAE02986B4D9172637DD7872A1EDF41BD40,53E73B74B930BCF51621E6F06E65A3E3BC78E83A,D426B3F7FF144AAE24AECD72ED96820DDB338055,2020-10-08 13:54:17.084000,2020-10-08 13:54:19.858000
ymgatfl4x2l2igpi,failed,not_found,941,B340E3BA587E36462D8DE44DAE0F7CAB6748F064,CC2179A97D4EC55BFA56B27F2300C53162CEBB6E,E8BAE7393740A700D50B010DED9D9EC9A66B390D,D405FCCF06ADEDF898DF2F29C9348DCB623031BA,2020-10-08 13:54:19.859000,2020-10-08 13:54:22.933000
ymgatfl4x2l2igpi,,,,,,,D408EA531AA2FA90F25BD14283D38FDBB2094BA3,2020-10-08 13:54:22.934000,
kb4cwd6m66hwfmk6,failed,not_found,873,B340E3BA587E36462D8DE44DAE0F7CAB6748F064,335E993222204F6B4817134506494A6441DEFB6B,578A44CD233FF5F05EC97A7C9371F7C3F9A7C628,40108FDFA40EDB013F7291F3B4DA3D412ED3A5EF,2020-10-08 13:54:14.433000,2020-10-08 13:54:18.967000
kb4cwd6m66hwfmk6,failed,not_found,924,B340E3BA587E36462D8DE44DAE0F7CAB6748F064,D000291816C0D9EE531FA4DD185EC1AD80386A5A,38CC95A8CE92A591D4A5779359BEFFBA13FA1B88,B7826E5C7C22D696E42AE96B696F66C5E9D86984,2020-10-08 13:54:18.967000,2020-10-08 13:54:21.253000
kb4cwd6m66hwfmk6,failed,not_found,966,B340E3BA587E36462D8DE44DAE0F7CAB6748F064,9A030322563FCF3B019FEFEE83F48AED1571B2A2,95192DF01A6F358ABDA913858D4928C0088E4F5B,B7A115C65ED1AA30C15E11A19A68EB5AAE7ED0C4,2020-10-08 13:54:21.253000,2020-10-08 13:54:24.329000
kb4cwd6m66hwfmk6,,,,,,,401A66747713038CEEF6ED28C8AFEB70570EEBCC,2020-10-08 13:54:24.330000,
jlo7c2a6je6rlmvz,failed,not_found,861,B340E3BA587E36462D8DE44DAE0F7CAB6748F064,70090E9F85FBE004EEBF58461FD6EDD5BF8A523E,A9CC6C0B5B002C6D902827584A336CB15B5C9DC7,84A7397D10D5531FB14C2A5D604384D6D22E6A4D,2020-10-08 13:54:14.450000,2020-10-08 13:54:18.014000
jlo7c2a6je6rlmvz,failed,not_found,884,B340E3BA587E36462D8DE44DAE0F7CAB6748F064,963879BB424D9A637A63105D5C26A2453C2C2272,11DADACC370978A1FA1D23A4F14F823548C55BD2,84ABF6381FD0F96B882764F176B85980EBC31FE1,2020-10-08 13:54:18.014000,2020-10-08 13:54:19.398000
jlo7c2a6je6rlmvz,failed,not_found,934,B340E3BA587E36462D8DE44DAE0F7CAB6748F064,F22994A92E95CE03140117EAAD0ADBC2E2ADF94D,F37374DB9FA6EF14CED64FD294E8D8683F032EC8,84A8E41D03865822272F647D378AFF4AC73187F2,2020-10-08 13:54:19.399000,2020-10-08 13:54:21.985000
jlo7c2a6je6rlmvz,failed,not_found,977,B340E3BA587E36462D8DE44DAE0F7CAB6748F064,2CD5474E33D12629156B92FBD61FAAB22D07B0F7,F3CEC87ED91E0B0B1D86BE4D7DE90F00B607ECAF,E75166CEDB8397B86DE512B9B79B8CA7225ECB52,2020-10-08 13:54:21.986000,2020-10-08 13:54:25.313000
jlo7c2a6je6rlmvz,,,,,,,E75ABF29D4B417D3D3565AEDAF89E4F9D16E736F,2020-10-08 13:54:25.313000,
3t4fucmeon57uxwn,failed,not_found,853,B340E3BA587E36462D8DE44DAE0F7CAB6748F064,461453F94FA0E3CBB011685E22CDAFD2AF0DFDC3,8F22AFDD06AA4238ADD93A8EA6FBC2BB9C652711,B49EAAE4690E5CE762D1DF8B00FDE05970880EAD,2020-10-08 13:54:15.523000,2020-10-08 13:54:17.657000
3t4fucmeon57uxwn,failed,not_found,898,B340E3BA587E36462D8DE44DAE0F7CAB6748F064,2802B96E4BE4FDBFB0F5D5DFBF7E5AB541A18DF0,C5BF27560E4B007365FBA96D32F9E74614218C8E,B48AC5F547DBB847EFB88480BFB86D41211ED617,2020-10-08 13:54:17.658000,2020-10-08 13:54:20.361000
3t4fucmeon57uxwn,failed,not_found,950,B340E3BA587E36462D8DE44DAE0F7CAB6748F064,0D99F89BBB92BF5557F8D3F895DB218A72871089,F3DF2415A5ECFB57835CF7E629C3AD0E1DA6732B,B493C692A62D8D24E93DD50113653A4D0152B7C5,2020-10-08 13:54:20.361000,2020-10-08 13:54:22.497000
3t4fucmeon57uxwn,,,,,,,66905A83A4858A4DD075AEA0514377A9F59E110D,2020-10-08 13:54:22.498000,
mwp5g6sy5cb5trru,failed,not_found,937,B340E3BA587E36462D8DE44DAE0F7CAB6748F064,1C70C2AA7F3772CE07C4EF6B18A6E330150372EE,B7B5FC9C533A3D08A2888E5226D11C7D0506B572,531E8E83593968B61F60B122D6D15D09B16FC9FC,2020-10-08 13:54:15.618000,2020-10-08 13:54:24.948000
mwp5g6sy5cb5trru,,,,,,,FA611C0BABB9DF7A63AC2877A5AB5A6880FBA51F,2020-10-08 13:54:24.949000,
7zweq3ufm2ahso4f,failed,not_found,858,B340E3BA587E36462D8DE44DAE0F7CAB6748F064,CDA2C336AD87E22DF02983887A3F74B21070D02D,133F46E459299E1DCBE91525C353A9DB25C474DB,62CD9D19F8DD8F058131F90EFA99C55DB6F1BDB8,2020-10-08 13:54:15.618000,2020-10-08 13:54:17.896000
7zweq3ufm2ahso4f,failed,not_found,906,B340E3BA587E36462D8DE44DAE0F7CAB6748F064,3CEA56B817455E13C4B063E7D3E7726C286F7C9B,8358BDDA9C9A680B4E3A2809E5C24F5B3624D5C2,3B4C5729F829CA2E895B81AF834A63DB336D0FFE,2020-10-08 13:54:17.896000,2020-10-08 13:54:20.304000
7zweq3ufm2ahso4f,failed,not_found,949,B340E3BA587E36462D8DE44DAE0F7CAB6748F064,02ED4F8DB11F1303BA21B16AA1CF2A0A48547ACA,090885B97A4459B7B7B03B67029DE4CA6C3516FE,3B5C6ED2C1DECEB32BF1AD9B7B272F4CE9CE0656,2020-10-08 13:54:20.304000,2020-10-08 13:54:23.502000
7zweq3ufm2ahso4f,,,,,,,3B3F451BD58F96DC0E8EB7D01F209FC8803C33DF,2020-10-08 13:54:23.502000,
tibiivl6av6hyh4t,failed,not_found,879,B340E3BA587E36462D8DE44DAE0F7CAB6748F064,5FB384605F53DCBF1CB02143D318DA3E8EE38A24,DA4B488C2826DFBBD04D635DA1E71A2BA5B20747,B63410CD48185ED34E9C6AE62D048D8A6854A5CA,2020-10-08 13:54:16.464000,2020-10-08 13:54:18.642000
tibiivl6av6hyh4t,failed,not_found,919,B340E3BA587E36462D8DE44DAE0F7CAB6748F064,D0F7C04A73689ABBE1CBCE1B3D9F861577004E0A,B76A047C20D3E4F9B5A64428298DA55A90D62472,D39F66DE4910D3AE1C3415E4501219D3B99E184E,2020-10-08 13:54:18.642000,2020-10-08 13:54:21.935000
tibiivl6av6hyh4t,failed,not_found,955,B340E3BA587E36462D8DE44DAE0F7CAB6748F064,5FB384605F53DCBF1CB02143D318DA3E8EE38A24,2CF227C88CD37461CC2233E10083ED8A21D49CDC,B63626A3CA6F0521847853DDEC6D4044C80B903E,2020-10-08 13:54:21.935000,2020-10-08 13:54:23.629000
tibiivl6av6hyh4t,,,,,,,B6320E44A230302C7BF9319E67597A9B87882241,2020-10-08 13:54:23.629000,
2xxvit4aqupsjp3y,failed,not_found,880,B340E3BA587E36462D8DE44DAE0F7CAB6748F064,0F6E5CA4BF5565D9AA9FDDCA165AFC6A5305763D,D1E706B9021A0BF8E9663DB207D9D9EC03A70DAC,130E69E8F783DEF256E757FA78154B7DC2A39E0E,2020-10-08 13:54:16.464000,2020-10-08 13:54:18.535000
2xxvit4aqupsjp3y,failed,not_found,913,B340E3BA587E36462D8DE44DAE0F7CAB6748F064,1079E628FC6B0025656AC024F2D9975C441498CD,B1E34EA2AC156AAAA0A1BE2E4F2A38A728891062,12FD624EE73CEF37137C90D38B2406A66F68FAA2,2020-10-08 13:54:18.535000,2020-10-08 13:54:20.440000
2xxvit4aqupsjp3y,failed,not_found,951,B340E3BA587E36462D8DE44DAE0F7CAB6748F064,5FB384605F53DCBF1CB02143D318DA3E8EE38A24,ED3644E6027FC6F81A970D37882E024285C1C701,13135CF96F4AD44B37D454CD185D2F5884EF9019,2020-10-08 13:54:20.440000,2020-10-08 13:54:24.188000
2xxvit4aqupsjp3y,,,,,,,47E1157F7DA6DF80EC00D745D73ACD7B0A380BCF,2020-10-08 13:54:24.188000,
tkkxlvxywfn3h5ky,failed,not_found,865,B340E3BA587E36462D8DE44DAE0F7CAB6748F064,1034775A01EA629979D0A601EC85FDF2F584CC45,11DF0017A43AF1F08825CD5D973297F81AB00FF3,198F12E2DEFBE6BEEBC38B2FEDD615AECB38DA7A,2020-10-08 13:54:16.485000,2020-10-08 13:54:18.495000
tkkxlvxywfn3h5ky,failed,not_found,940,B340E3BA587E36462D8DE44DAE0F7CAB6748F064,594193E51F382E34080D76B5ECAF5C7B67CF05EF,B91A1EB30E66D52026EFCD1E96BFC0E966C83E6D,B6942C63F1A596E6557D13FC0ACF8475A0A2AD3F,2020-10-08 13:54:18.495000,2020-10-08 13:54:22.305000
tkkxlvxywfn3h5ky,failed,not_found,973,B340E3BA587E36462D8DE44DAE0F7CAB6748F064,DE4EB74B8105751568A75649F6672A31F2A3DE20,6CDF81E5A9BF270CDF4C989D5F7917113591C355,199937E2431394D8FE1219535763ED45DEEC6F9B,2020-10-08 13:54:22.305000,2020-10-08 13:54:24.380000
tkkxlvxywfn3h5ky,,,,,,,B6E33C39C1C94E582CBB8C24CCE351F2129807C6,2020-10-08 13:54:24.381000,
6ipgereqfuv4ci2j,failed,not_found,894,B340E3BA587E36462D8DE44DAE0F7CAB6748F064,CEC92F3BE8A2F3A46D3C042721D6BDBF2F40F4C5,767E444E1FA1DA75F3B77479DB5AE2FA3FFF75CC,8BE58BA7A28DC6B4F211CE8EE86783B85133488D,2020-10-08 13:54:17.573000,2020-10-08 13:54:19.371000
6ipgereqfuv4ci2j,failed,not_found,933,B340E3BA587E36462D8DE44DAE0F7CAB6748F064,3D9CE80399B68C01377FEC42395E399B9ED16E18,E5AA85FA69CDC31900C86E6427C7E5DE11DE9E2D,92E82B6D71C8073C748BA74E818C478B4B5C793B,2020-10-08 13:54:19.371000,2020-10-08 13:54:23.630000
6ipgereqfuv4ci2j,,,,,,,92E807AC5E23CCD9FE623EA4DC020B1627A0D09B,2020-10-08 13:54:23.630000,
doz6x5zhavteo55b,failed,not_found,895,B340E3BA587E36462D8DE44DAE0F7CAB6748F064,0388F4E194E2138C30A139A82AA3F5306C456C53,6FF440DFB1D0697B942357D747900CC308DD57CC,9C1E47FF205F349D69D569AE7ED15366A5554A46,2020-10-08 13:54:17.657000,2020-10-08 13:54:19.859000
doz6x5zhavteo55b,failed,not_found,942,B340E3BA587E36462D8DE44DAE0F7CAB6748F064,75D77007F098513C70773B5EC46159DD41F2F7ED,3239007CE1FB2ECDFDF2067DF23B949295DC5EF6,9C1E7D92115D431385B8CAEA6A7C15FB89CE236B,2020-10-08 13:54:19.860000,2020-10-08 13:54:22.304000
doz6x5zhavteo55b,,,,,,,9C1559C46AD0279EEF6FD187E1B27D939C303086,2020-10-08 13:54:22.304000,
didktemxje7rdbue,failed,not_found,896,B340E3BA587E36462D8DE44DAE0F7CAB6748F064,18671DE5092C67883BFB2450C3267B92618BEC66,FCF61C25093BB33BAA203D8EE7E65466D42ECF98,66BD39FE805AED414ADE400CAAD862C9CC3AC34E,2020-10-08 13:54:17.657000,2020-10-08 13:54:19.335000
didktemxje7rdbue,failed,not_found,932,B340E3BA587E36462D8DE44DAE0F7CAB6748F064,014BD09636373B78CC28BA70E36C7190E3DE236A,157CED138D3DE9CBFB5AE0232A319C2980F6C409,CCF2FD0048FCC9A842BE881472CEC148BB4EF458,2020-10-08 13:54:19.335000,2020-10-08 13:54:21.808000
didktemxje7rdbue,,,,,,,CCF28BC8FB26C8C172DEE741702056914D2849BD,2020-10-08 13:54:21.808000,
vpe223zsc5ojiq6o,failed,not_found,914,B340E3BA587E36462D8DE44DAE0F7CAB6748F064,36EBA005CE1BBD9B164600A4666D9EA37082D838,E0B3B10226F067A1B215178D19A19EF311E7FDC3,22E6FBDB8D77B4C0FA017D6C5F9B45BECDCBCFF8,2020-10-08 13:54:18.573000,2020-10-08 13:54:20.676000
vpe223zsc5ojiq6o,failed,not_found,957,B340E3BA587E36462D8DE44DAE0F7CAB6748F064,C333C56EAAD404ACDDE2FB3A675C5F5DA46A81E2,46E0487EEEFD694CE625CC6E12D032395C01DB82,F55E866AD4CB00B671B8A315AD3A9289B6E8C02C,2020-10-08 13:54:20.676000,2020-10-08 13:54:23.591000
vpe223zsc5ojiq6o,,,,,,,F5AD7DE58D0E038B48761AD995F9117DA072BA47,2020-10-08 13:54:23.592000,
pr6lbkgg2jqhyk3q,failed,not_found,915,B340E3BA587E36462D8DE44DAE0F7CAB6748F064,67F70E92EF05EA3CBB3C311B6411AFBBE89BD1B8,1A3AC11BF85CE386E19863F5CDF7769BA30E4A06,148487C6EBE04EB22496080C20796C51B060F611,2020-10-08 13:54:18.573000,2020-10-08 13:54:20.676000
pr6lbkgg2jqhyk3q,,,,,,,14949C2F29DF7BE499D75E20BB0E86FC425F7EE1,2020-10-08 13:54:20.676000,
xft2fbmqzj6jd7ej,failed,not_found,917,B340E3BA587E36462D8DE44DAE0F7CAB6748F064,DD3F8B9643B1EA35353FC7331C92F99668A7F30C,00EAAFDC05DCD6EBD1E06E0B4F1F35D16DF0BA80,56B8E1E855EAD17D7CA92AEE8EA3182CFA8C3512,2020-10-08 13:54:18.594000,2020-10-08 13:54:22.225000
xft2fbmqzj6jd7ej,failed,not_found,981,B340E3BA587E36462D8DE44DAE0F7CAB6748F064,863FDDA3CA537CE03646B3AEBD3FD1CC6B077FBE,6206ABDDC29EC1D9388223580EB4B0BC81576609,56B310D18861A5F2A57D73269B6C11EDFA4EED1A,2020-10-08 13:54:22.225000,2020-10-08 13:54:25.338000
xft2fbmqzj6jd7ej,,,,,,,7CE954CEDB9827C34782A3F172EE01DBDC683AC8,2020-10-08 13:54:25.339000,
mbw343yphh7uurug,,,,,,,2C752C180089DDC89BC3FFCCB17FACFEEAFD79AA,2020-10-08 13:54:19.430000,
iur3jln4limjr2ga,failed,not_found,936,B340E3BA587E36462D8DE44DAE0F7CAB6748F064,DC7E7D9AB7AD52F03B856E6DC278E9D92BF19B33,E3D72E974DE4C6EFA37656377BA7A4BFE9CF22B7,CD97DD0842A79184A7D057ECACEF7408C239C710,2020-10-08 13:54:19.456000,2020-10-08 13:54:22.171000
iur3jln4limjr2ga,failed,not_found,980,B340E3BA587E36462D8DE44DAE0F7CAB6748F064,05B451C0562FDE23307AFA84FD6A37652E615233,6B9D965C6149D09DF970C1D086AC8F575643F587,CD9549ED5A655BA47427A77835C55FF00EC1DA23,2020-10-08 13:54:22.171000,2020-10-08 13:54:24.436000
iur3jln4limjr2ga,,,,,,,510176C07005D47B23E6796F02C93241A29AA0E9,2020-10-08 13:54:24.436000,
jky4laf347o7vwrq,failed,not_found,920,B340E3BA587E36462D8DE44DAE0F7CAB6748F064,A2924E7E60D364BF706D71A9CDC62465371476A0,A597AC866E40CAB5A67759ADE4942192E99DE684,02928855BFAD787F8B363F21860D1E7D156E0655,2020-10-08 13:54:19.481000,2020-10-08 13:54:21.079000
jky4laf347o7vwrq,,,,,,,6E8E5CA9B6F567416ADA21E990E7746BC223B0C0,2020-10-08 13:54:21.080000,
4gicbszza7trvlmm,failed,not_found,954,B340E3BA587E36462D8DE44DAE0F7CAB6748F064,856DAB2FDC9EED88A27BE2265FA6BD5489EF178E,980B28A19B0A66948035A3FE143E5CF613C84122,79DEB4E02FD08AE1AEB4D8594AAB082375E9062D,2020-10-08 13:54:20.564000,2020-10-08 13:54:23.195000
4gicbszza7trvlmm,,,,,,,ED0BBC5BDDEB3EEF837B7F13BD8BB6AC64D084BB,2020-10-08 13:54:23.196000,
7ryhxxomq53x4yao,failed,not_found,956,B340E3BA587E36462D8DE44DAE0F7CAB6748F064,99AC77667D8D606251B749DFDA473B2C781F78D0,F148A022E5E2BAD006E29C82C8D47C047A29958F,CF97B121E511B80125ED8DFF27CA403A480CB20A,2020-10-08 13:54:20.673000,2020-10-08 13:54:23.926000
7ryhxxomq53x4yao,,,,,,,CF8CC4763298F77FF64DAF340D26D1BBF3362C5B,2020-10-08 13:54:23.927000,
yvjmp6dbwladvg6z,failed,not_found,939,B340E3BA587E36462D8DE44DAE0F7CAB6748F064,3D5D6178C44537E3692853B344385F6572A55767,461453F94FA0E3CBB011685E22CDAFD2AF0DFDC3,6B5A63BFEEA8EF58DA812F4F05BE98C869809DFB,2020-10-08 13:54:20.675000,2020-10-08 13:54:22.077000
yvjmp6dbwladvg6z,failed,not_found,979,B340E3BA587E36462D8DE44DAE0F7CAB6748F064,0FEEDF419BE897E746EF7A204997C495FC815E42,74AC10CA94E400BA4D69E397562597CA04FC5352,6B2E1FF5B2ADA3B1950A0EFE6D22FB09E846EEE2,2020-10-08 13:54:22.077000,2020-10-08 13:54:25.340000
yvjmp6dbwladvg6z,,,,,,,73CC65219889443C06E06A0B6D427B1FE1C37379,2020-10-08 13:54:25.340000,
6zakuh6lof33pbzf,failed,not_found,969,B340E3BA587E36462D8DE44DAE0F7CAB6748F064,9FA37B0A7C6C3651D8E27EB3A5B07C4B7C72234B,3076FB1CCEB8341322019AD26F69BFC0AA845334,7ABA39F796B24333F85FA500A057DE9D700E1534,2020-10-08 13:54:21.494000,2020-10-08 13:54:23.928000
6zakuh6lof33pbzf,,,,,,,7AB8B08DF8B90D108EFC37D74CA90A7B939A023D,2020-10-08 13:54:23.928000,
rtan6az3grvaqlty,failed,not_found,971,B340E3BA587E36462D8DE44DAE0F7CAB6748F064,DC9564AE8BC7BF5F722E3677C897ED1B578C8D81,BD60B8F5EA0B8DF59A6B20B7CB3F28E5C2A1DD7A,276AE7A0E974FC96B0933F1DA8FD51FD3BA59944,2020-10-08 13:54:21.662000,2020-10-08 13:54:24.007000
rtan6az3grvaqlty,,,,,,,2785C4A65FE9ADC5C75E79F0B034ECDE3700F820,2020-10-08 13:54:24.007000,
c6fahuoeptq7lndz,failed,not_found,975,B340E3BA587E36462D8DE44DAE0F7CAB6748F064,A1699AF5D7E0294E45D42FFA697F762BA26340E9,953DB709F2A2DECC8D7560661F934E64411444F7,ECEFA6DF4ECE16AA1212C4B12E0A69FFA424C58E,2020-10-08 13:54:21.807000,2020-10-08 13:54:24.191000
c6fahuoeptq7lndz,,,,,,,ECF1B53C3096AD1E75C1995F575F490B0F61AA97,2020-10-08 13:54:24.191000,
ycxsiic3zb5xoutk,,,,,,,15483893699246724B8135CC6F087767EA89A2D3,2020-10-08 13:54:22.470000,
a2tlmscvpqcz5wf5,,,,,,,5DA69B086B833FC1DFCF2D9C8B9C3B03137C7EFD,2020-10-08 13:54:22.496000,
6g3akgevdmviuasg,,,,,,,9A5754CD0C987355EB3D8AD4BEF4A2A841740520,2020-10-08 13:54:22.496000,
aeat2jr4wrnoxd4f,,,,,,,8E7ACAD878BBD61097C0E0D557160F5D59BCE5CA,2020-10-08 13:54:23.717000,
siypw4ldeoxdnsu7,,,,,,,8CF987FF43FB7F3D9AA4C4F3D96FFDF247A9A6C2,2020-10-08 13:54:23.720000,
3ix2nica4vwdkjvc,,,,,,,7863A1C08114FF834E9C38990D6B2EA8AB3749FE,2020-10-08 13:54:23.720000,
b5vvlc7fpsajvak7,,,,,,,E51620B90DCB310138ED89EDEDD0A5C361AAE24E,2020-10-08 13:54:24.502000,
lf2omhdq3tvfgoc4,,,,,,,2254F9FB12C036595777E3C55C7F9AEEFDB3A0A9,2020-10-08 13:54:24.563000,
cpaissbnnfkkrftc,,,,,,,3EEEB7021D974D38B6D97BEFB55E5E48551A8FEA,2020-10-08 13:54:24.563000,
