addr,status,reason,circ,guard_fp,middle_fp,exit_fp,hsdir_fp,start,end
olrdedzqqgpuwx4a,failed,not_found,,,,,97D2A26EA5C9972E66D23F4698E94DBDBA8F6C18,2020-09-27 05:39:46.160000,2020-09-27 05:39:46.899000
olrdedzqqgpuwx4a,failed,not_found,8,1C0736CF3744A3B87C2D2269B8BD3388C7E60552,4CD4DFFEF3971C902A22100D911CAC639BE2EF5C,FA32998AF5628483D8E7B7BB0A4641D33A206A28,B04EA2B400D9679E72284E12FB81E68756670A3A,2020-09-27 05:39:46.900000,2020-09-27 05:39:48.403000
olrdedzqqgpuwx4a,failed,not_found,18,1C0736CF3744A3B87C2D2269B8BD3388C7E60552,E9F71AC06F29B2110E3FC09016B0E50407444EE2,A8C1AED4343C2CA514C9CA125488FD2764353F1B,B0430D21D6609459D141078C0D7758B5CA753B6F,2020-09-27 05:39:48.404000,2020-09-27 05:39:50.339000
olrdedzqqgpuwx4a,failed,not_found,34,1C0736CF3744A3B87C2D2269B8BD3388C7E60552,8C5B316ED73018484765C3E0944E4508DCAE0944,B385A5927F60DF70FEA7F7213F330043631BE231,B0335F7872A698A86E5E9AC3CF323B50AEF9C081,2020-09-27 05:39:50.340000,2020-09-27 05:39:52.313000
olrdedzqqgpuwx4a,failed,not_found,63,1C0736CF3744A3B87C2D2269B8BD3388C7E60552,77A56CB237740E24AEA2D61C8C8936232AFC1BD8,D08660B6D70B6249A57D89BB7A8F2EA2C952BD35,979B2E677F6D94820CD8D645626ED776DCB1CB6C,2020-09-27 05:39:52.314000,2020-09-27 05:39:54.845000
olrdedzqqgpuwx4a,failed,not_found,144,1C0736CF3744A3B87C2D2269B8BD3388C7E60552,B85E6AB2B5F115536B2DA847A3FB99B8A985D437,7C5679FAB46743F07CAB07D87AD7326F9AF40FB6,97AEE1EEFBCBB6FF8FA482029830E8E10A961883,2020-09-27 05:39:54.846000,2020-09-27 05:39:56.929000
6xvtijqlwnxrlscc,failed,not_found,,,,,0C6842CCF836DE08EFEA0BD6C1471AE3463B9B71,2020-09-27 05:39:46.161000,2020-09-27 05:39:47.213000
6xvtijqlwnxrlscc,failed,not_found,12,1C0736CF3744A3B87C2D2269B8BD3388C7E60552,DCE8DBF94576272AD10D996C9AA0794A4567F304,335E993222204F6B4817134506494A6441DEFB6B,20CD933EDC7260B19040475B24FD6B01B73E94BB,2020-09-27 05:39:47.214000,2020-09-27 05:39:49.081000
6xvtijqlwnxrlscc,failed,not_found,7,1C0736CF3744A3B87C2D2269B8BD3388C7E60552,D5C01B85FB3A48D55698CA660A2DE8935388816E,E130296683B896A117CE5DA531A5645644178734,20CE7E9C49A748661E66C747C6E2109CEEAA5705,2020-09-27 05:39:49.081000,2020-09-27 05:39:49.975000
6xvtijqlwnxrlscc,failed,not_found,28,1C0736CF3744A3B87C2D2269B8BD3388C7E60552,356ACBA2D112CA4D1457F27D2EA0759BF82EE898,F5E1B96BFE700FF8BF09DE5A02181EBB48E218F7,0C41DC37946901C297626C0D1ABF68423947DDE5,2020-09-27 05:39:49.976000,2020-09-27 05:39:51.750000
6xvtijqlwnxrlscc,failed,not_found,37,1C0736CF3744A3B87C2D2269B8BD3388C7E60552,DAD19570682F47FB775B263330BD62B7BF0DEEA8,33AA6CFE161A698169B548C9D973DAE6DED6BF0E,20D2A186A412EA433D9BAD2FDBD7B48B36B20B34,2020-09-27 05:39:51.750000,2020-09-27 05:39:53.179000
6xvtijqlwnxrlscc,failed,not_found,79,1C0736CF3744A3B87C2D2269B8BD3388C7E60552,CEC92F3BE8A2F3A46D3C042721D6BDBF2F40F4C5,91799AD097018FD5F83B70B978068FB83F72934F,0C475BA4D3AA3C289B716F95954CAD616E50C4E5,2020-09-27 05:39:53.179000,2020-09-27 05:39:54.954000
7cuosnfaippew6ot,failed,not_found,,,,,173652F77C436F63D80208E29691738C570D4F9A,2020-09-27 05:39:46.163000,2020-09-27 05:39:48.607000
7cuosnfaippew6ot,failed,not_found,19,1C0736CF3744A3B87C2D2269B8BD3388C7E60552,FD2F9B881AC640100C428DF47DC9A863DC2F2536,91BA193FB362FB7B6679A7A83A3050F3C44A5468,1733D57AA16D2E9E5A448DA607FCA5FA989E4F4D,2020-09-27 05:39:48.608000,2020-09-27 05:39:50.527000
7cuosnfaippew6ot,failed,not_found,35,1C0736CF3744A3B87C2D2269B8BD3388C7E60552,425E358E94FB53E7F11AF2D9AB60DE25F534BA1A,9A48EC8AAFB2E8C9E20408596383DB74F1196747,17460997E66C47F805A834BE93CC14EC0DC608EA,2020-09-27 05:39:50.528000,2020-09-27 05:39:52.343000
7cuosnfaippew6ot,failed,not_found,81,1C0736CF3744A3B87C2D2269B8BD3388C7E60552,63C6AB74A5C288C2159DDC783BB00F88AB44427C,222FA78B2583F7960AB7BBBD06438BBDFAD33BB4,73A5A81688BD536BFBABE18630F5BD6306C9AC8E,2020-09-27 05:39:52.344000,2020-09-27 05:39:55.230000
7cuosnfaippew6ot,failed,not_found,159,1C0736CF3744A3B87C2D2269B8BD3388C7E60552,93F97B76A7D0F0947C4C75AC62017E45BBFE6C08,A59AD84F92B2E5A76EBFE3BE62D3B28AF9BFD127,73C4C4AE90A8F83D3A091B395C7D5B913D50604D,2020-09-27 05:39:55.231000,2020-09-27 05:39:57.437000
7cuosnfaippew6ot,failed,not_found,315,1C0736CF3744A3B87C2D2269B8BD3388C7E60552,58F3E2956EABB81F673E2FB90E16E001DB4AC3AE,91517F219F7648E4B8BBF3C162C77DDC55315612,73CC65219889443C06E06A0B6D427B1FE1C37379,2020-09-27 05:39:57.438000,2020-09-27 05:39:59.418000
3au74xjj6koy3xpz,failed,not_found,9,1C0736CF3744A3B87C2D2269B8BD3388C7E60552,E7C1FAFB7525149A0E911512F511D942BA5EEAAF,F2D8A6CDED1F4BC42CA4B1164FB6C6644298BE1B,73A5A81688BD536BFBABE18630F5BD6306C9AC8E,2020-09-27 05:39:47.172000,2020-09-27 05:39:49.253000
3au74xjj6koy3xpz,failed,not_found,22,1C0736CF3744A3B87C2D2269B8BD3388C7E60552,63B32F7E5389E8DBC5E1BCEFE48312DA7CCEF5D6,01AE2DE314276C82FCCC3603A1C2F3238E6544C9,8AFFEAE2A917D35C4E98395F5F3BDC3A55472632,2020-09-27 05:39:49.253000,2020-09-27 05:39:51.582000
3au74xjj6koy3xpz,failed,not_found,41,1C0736CF3744A3B87C2D2269B8BD3388C7E60552,41CEB66108B70108F148BF7778260A87723AACA1,4415B0667DE7347C16133DED0477ED82A90FA4EE,8B1263563B5E0FB7CBFEACFD504B0BC79759CABE,2020-09-27 05:39:51.583000,2020-09-27 05:39:53.700000
3au74xjj6koy3xpz,failed,not_found,70,1C0736CF3744A3B87C2D2269B8BD3388C7E60552,74B8B22AF950B0BE11D8A228FB09D2F5279FB757,43FF3346A3F8E4ED27F631DC956C4CD8D6173D7A,73C4C4AE90A8F83D3A091B395C7D5B913D50604D,2020-09-27 05:39:53.701000,2020-09-27 05:39:54.949000
3au74xjj6koy3xpz,failed,not_found,146,1C0736CF3744A3B87C2D2269B8BD3388C7E60552,9EA65D1BB607ADA4B9A6B2A58BAA2C960DF8BDEA,18EA6AFA3609A0B24752FBF411A2DAADE27DE129,73CC65219889443C06E06A0B6D427B1FE1C37379,2020-09-27 05:39:54.949000,2020-09-27 05:39:56.764000
3au74xjj6koy3xpz,failed,not_found,627,1C0736CF3744A3B87C2D2269B8BD3388C7E60552,D965855F77A59FBBC5D1224DFB9C12A992355079,5262556D44A7F2434990FDE1AE7973C67DF49E58,8B152232558DC89934CFE61A5BCC42BA672F87EF,2020-09-27 05:39:56.765000,2020-09-27 05:40:02.952000
t3pi6h6osgboxsoo,failed,not_found,10,1C0736CF3744A3B87C2D2269B8BD3388C7E60552,AE31E0FBF0D3E1B39F1DD8F55BC070D11AF524B0,98F788200CC64060695B07555F09A8FE47679AC8,DA71126E1D0B11605533B7AD399DD5A7EC8E2F0E,2020-09-27 05:39:47.187000,2020-09-27 05:39:50.300000
t3pi6h6osgboxsoo,failed,not_found,555,1C0736CF3744A3B87C2D2269B8BD3388C7E60552,F836446663F1EB816F13708955F105D0B2F5C8E0,790FABD5184E98F89908404233364C940A4881EC,95B9052EECDB4B833F130ABD564E720643BA7952,2020-09-27 05:39:50.300000,2020-09-27 05:40:02.061000
t3pi6h6osgboxsoo,failed,not_found,746,1C0736CF3744A3B87C2D2269B8BD3388C7E60552,573051CAA3EEEE2B75EBD096BB1F70D3FDAC5F3A,E36536404200A74930DB165858BD5BB554D2BEA2,95C8B9418E74F3FF80E5C3D3AF7F03156FFBBFBE,2020-09-27 05:40:02.062000,2020-09-27 05:40:04.303000
t3pi6h6osgboxsoo,failed,not_found,1004,1C0736CF3744A3B87C2D2269B8BD3388C7E60552,EEDF0AF1F892C82F056063827B47283CC9AEAA41,14D57DEDF0A4554A2D21AD53CCCC43E31158C733,95A30F58E3DE3BE75D5CBAF7426BBF5786F2C1E3,2020-09-27 05:40:04.304000,2020-09-27 05:40:08.212000
t3pi6h6osgboxsoo,failed,not_found,1429,1C0736CF3744A3B87C2D2269B8BD3388C7E60552,5127A719E495710CEBB0A446CD69207BA6E0D6D6,E3D61BAEA0B7CB12CACEDC8821C520557BDFCEA3,DA77AAFE0CC38DB958432B45910F47714D614AA8,2020-09-27 05:40:08.212000,2020-09-27 05:40:11.791000
t3pi6h6osgboxsoo,failed,not_found,1728,1C0736CF3744A3B87C2D2269B8BD3388C7E60552,DCAA1CED7183B561D18CF580BE9933BD9168D101,211310CD09EC290505C1F24018AE5330076412A0,DA84D41783BBB6058CB9DF8C90697E8D5EA647C3,2020-09-27 05:40:11.791000,2020-09-27 05:40:15.388000
yssuyhggxvuqgtf6,failed,not_found,11,1C0736CF3744A3B87C2D2269B8BD3388C7E60552,7A2A6F39F485C4FC95FB885FFF37C436FD2BB7E5,9127D95DAA81291F26BE45B1A73E2F1145887B94,272AC842521666E3D1B0E5EAFAC79EF73EC88972,2020-09-27 05:39:47.201000,2020-09-27 05:39:48.663000
yssuyhggxvuqgtf6,failed,not_found,20,1C0736CF3744A3B87C2D2269B8BD3388C7E60552,224C3DD1DFF6F11219604870D48953249EE3C26F,0869EA503377C702669BC75DD7A59094658DFA08,2728AD264284944DBDDDFE0C6DBE656A85A93602,2020-09-27 05:39:48.664000,2020-09-27 05:39:51.056000
yssuyhggxvuqgtf6,failed,not_found,38,1C0736CF3744A3B87C2D2269B8BD3388C7E60552,CFBBD457FA6AA250564A882DDC11810DD3269164,91BA193FB362FB7B6679A7A83A3050F3C44A5468,2723A5FFD3B6ED842EB44C380D3AB4D26DEF60AA,2020-09-27 05:39:51.057000,2020-09-27 05:39:53.330000
yssuyhggxvuqgtf6,failed,not_found,88,1C0736CF3744A3B87C2D2269B8BD3388C7E60552,8ABC4D5F6182C7E79B087D1ED9E5CF652C83E52C,D5D8C31E1F845B46564B112233EECFB539060915,A478E421F83194C114F41E94F95999672AED51FE,2020-09-27 05:39:53.331000,2020-09-27 05:39:55.074000
yssuyhggxvuqgtf6,failed,not_found,152,1C0736CF3744A3B87C2D2269B8BD3388C7E60552,0085057C17BD2E1809E284825F06F94E72FB418C,44BD70C13DAA7513D6F47773804178B009F21ED5,A4A25EDAB880FF4200F4C21316F3B9E072C9F466,2020-09-27 05:39:55.074000,2020-09-27 05:39:56.974000
yssuyhggxvuqgtf6,failed,not_found,272,1C0736CF3744A3B87C2D2269B8BD3388C7E60552,86CDD0D92AB972538416A382D99666736CDDF141,F6AAFCFB722532DA3E2A54135000E672B9473835,A494BD4126B7F1887C305D07DB24066850EAEEED,2020-09-27 05:39:56.974000,2020-09-27 05:39:59.005000
cflaresuje2rb7w2u3w43pn4luxdi6o7oatv6r2zrfb5xvsugj35d2qd,received,,14,1C0736CF3744A3B87C2D2269B8BD3388C7E60552,AC330D98115D6DA8A82E24469BFB03A5B365AB56,B3DA9D673321B92253DCCD38A9740F2C562C91EA,22E1D1DB4723A174E713B1BF4073DAC1C25351B3,2020-09-27 05:39:47.945000,2020-09-27 05:39:49.890000
jlkvnfkv5ew4fl4a,failed,not_found,15,1C0736CF3744A3B87C2D2269B8BD3388C7E60552,26B2BBE67149973AA6F631FD09E2A34E73253AB4,2F69F8C4DC02DD15A39BFDB4078A791D89ECEAA2,C3263F4B4E92127B7CD15E8F9746B4382233424A,2020-09-27 05:39:48.186000,2020-09-27 05:39:50.114000
jlkvnfkv5ew4fl4a,failed,not_found,29,1C0736CF3744A3B87C2D2269B8BD3388C7E60552,B8805CBDBE91A5E68D268FC62DC617B5BD7CC9E7,2AA5F598F9A1812F01CD99E3B59BB87362ED7438,51BD25EE06C46E4466427D4ABF94F2964514EB2F,2020-09-27 05:39:50.115000,2020-09-27 05:39:52.128000
jlkvnfkv5ew4fl4a,failed,not_found,49,1C0736CF3744A3B87C2D2269B8BD3388C7E60552,C5A1D5B7CB0D12A7B7334F2915134E6DA8F5C46D,BF37445EA2A9F3D04F4B87DFAC624AEF21B559D5,51C367582993D68F8215610B85A99902C945324B,2020-09-27 05:39:52.128000,2020-09-27 05:39:53.862000
jlkvnfkv5ew4fl4a,failed,not_found,108,1C0736CF3744A3B87C2D2269B8BD3388C7E60552,16DB78459B845F4E728405EB694E32929E2B318A,41CEB66108B70108F148BF7778260A87723AACA1,51A8A22944F228EA2D601434D127864B1B0B0F8C,2020-09-27 05:39:53.863000,2020-09-27 05:39:55.954000
jlkvnfkv5ew4fl4a,failed,not_found,183,1C0736CF3744A3B87C2D2269B8BD3388C7E60552,6ED3BE22B2261258017B3F0584706265985D7AE9,370B15E4932CF76C7ACB9B240A960C20267C2430,C3443C3A0F6FE548262EA987A955D5BD4FD27C24,2020-09-27 05:39:55.955000,2020-09-27 05:39:58.468000
jlkvnfkv5ew4fl4a,failed,not_found,409,1C0736CF3744A3B87C2D2269B8BD3388C7E60552,97B7BA747B62A9962DEDCE404FF33106D4032F91,484F666C491BCDE22B45E0E19D1CEA5ACC5A9611,C33B36DBD576D4DE141443D28122575DA159D1B3,2020-09-27 05:39:58.469000,2020-09-27 05:40:00.445000
zlegrddgykugi4f6,failed,not_found,16,1C0736CF3744A3B87C2D2269B8BD3388C7E60552,AEF0EADA8C92A4DF1500FAE303ECD8E1EBD56670,B0E5AE9FD3BA34998F2595478343F463747E9F05,E130296683B896A117CE5DA531A5645644178734,2020-09-27 05:39:48.212000,2020-09-27 05:39:50.793000
zlegrddgykugi4f6,failed,not_found,26,1C0736CF3744A3B87C2D2269B8BD3388C7E60552,4623A9EC53BFD83155929E56D6F7B55B5E718C24,A0E192213CF07EB069015E5C004B2C7EB525EF60,8FF24DC61EA335CAFDD5699A937AD96D594E5904,2020-09-27 05:39:50.793000,2020-09-27 05:39:51.664000
zlegrddgykugi4f6,failed,not_found,45,1C0736CF3744A3B87C2D2269B8BD3388C7E60552,2BAF092E8667C00CA3D9686C76D8EC3CC6BC7C5B,59EA74708A9C1A24D2EB1A2F150C27119A5FC2A6,E0C3346EBDB9746185D574B92E503DC9AEB160BE,2020-09-27 05:39:51.665000,2020-09-27 05:39:53.861000
zlegrddgykugi4f6,failed,not_found,107,1C0736CF3744A3B87C2D2269B8BD3388C7E60552,5DB9AE27A44EB7B476CC04A66C67A71C97A001E6,6D6EC2A2E2ED8BFF2D4834F8D669D82FC2A9FA8D,8FDEAE759A90C648863BED85D07113D3FA2AA6FF,2020-09-27 05:39:53.862000,2020-09-27 05:39:55.471000
zlegrddgykugi4f6,failed,not_found,168,1C0736CF3744A3B87C2D2269B8BD3388C7E60552,F10BDE279AE71515DDCCCC61DC19AC8765F8A3CC,E14D10669DD6E472235F8F0161544B4E7B7CB3C7,8FF2896A94BCAA5F0A7C5A56AD6586492CD448AF,2020-09-27 05:39:55.472000,2020-09-27 05:39:57.556000
zlegrddgykugi4f6,failed,not_found,319,1C0736CF3744A3B87C2D2269B8BD3388C7E60552,8ABC4D5F6182C7E79B087D1ED9E5CF652C83E52C,09F3067452D8D1DAFD33D0524A41DBF5295D3472,E0B3B10226F067A1B215178D19A19EF311E7FDC3,2020-09-27 05:39:57.557000,2020-09-27 05:39:59.424000
aye2moen5ycpe7c6,failed,not_found,17,1C0736CF3744A3B87C2D2269B8BD3388C7E60552,74B8B22AF950B0BE11D8A228FB09D2F5279FB757,9063C7EC4A3273446DC05E9310A5C5B2F4235696,A0D074E05B8AF09D1605AA97E14DF5C23832EBFC,2020-09-27 05:39:48.227000,2020-09-27 05:39:50.701000
aye2moen5ycpe7c6,failed,not_found,36,1C0736CF3744A3B87C2D2269B8BD3388C7E60552,C31413C323DB2BD55B4371A5D46880D9EBD2FA80,CDAF0B74C45FD5B1955198A8D92C8A518A53D07B,A0DB820FEC87C0405F7BF05DEE5E4ADED2BB9904,2020-09-27 05:39:50.701000,2020-09-27 05:39:52.815000
aye2moen5ycpe7c6,failed,not_found,46,1C0736CF3744A3B87C2D2269B8BD3388C7E60552,3A9443710224E5182895C342D1D36C1D460A1206,1852D84B0341845F2BDC2CCBC673E9D42307A111,A0D30806B95DCBC16AED26C08ACF5EA29E594D67,2020-09-27 05:39:52.816000,2020-09-27 05:39:54.049000
aye2moen5ycpe7c6,failed,not_found,118,1C0736CF3744A3B87C2D2269B8BD3388C7E60552,7AB8B08DF8B90D108EFC37D74CA90A7B939A023D,29DDD25C8383FDA559D4E0E88F820AB88C26212A,903A2A7991C838E70FF5A586CD387749B3589669,2020-09-27 05:39:54.050000,2020-09-27 05:39:55.800000
aye2moen5ycpe7c6,failed,not_found,221,1C0736CF3744A3B87C2D2269B8BD3388C7E60552,66F8C32B94D73B51A5D2FA079C6A09047C9ABA71,4FCF975D71A8663E8066BD1431D8E9459DBE2EAB,902A13399F14FFC7E2912463300C78A25C1F76B6,2020-09-27 05:39:55.801000,2020-09-27 05:39:58.596000
aye2moen5ycpe7c6,failed,not_found,427,1C0736CF3744A3B87C2D2269B8BD3388C7E60552,3D6C776E8BE9E8AE5D0591594117999E3C5498C8,72A33E374DE5AD1E617394896F0FD8B092D3E7C4,902E21BC05A7B1EC8CE85D78C47C3D8EAD5EFE6F,2020-09-27 05:39:58.596000,2020-09-27 05:40:00.681000
sd7fdnfgmhtxttp2,failed,not_found,23,1C0736CF3744A3B87C2D2269B8BD3388C7E60552,CC701FCE86D6AF95FC3D5B71645D3430794910C1,2BAF092E8667C00CA3D9686C76D8EC3CC6BC7C5B,15FD9187ED210CDE1AD40475D305A9137F0F5959,2020-09-27 05:39:49.589000,2020-09-27 05:39:51.249000
sd7fdnfgmhtxttp2,failed,not_found,39,1C0736CF3744A3B87C2D2269B8BD3388C7E60552,7B53DA28813258A20335C8E8985C05D0D089B441,A2C6C931D8627C6605288970889DDB88C7BA2142,15DF4380714B678C49AFF6A3A36505D0B305EEE1,2020-09-27 05:39:51.249000,2020-09-27 05:39:52.913000
sd7fdnfgmhtxttp2,failed,not_found,75,1C0736CF3744A3B87C2D2269B8BD3388C7E60552,672A56A583C658372E63ACEB43E7F791C2819548,7C22E89AB620E77DF1B4A33787A5EC3F2AB4A8D1,15D832EEAC678EC7EEB27B0F65E0D50B74A43B5B,2020-09-27 05:39:52.914000,2020-09-27 05:39:54.703000
sd7fdnfgmhtxttp2,failed,not_found,103,1C0736CF3744A3B87C2D2269B8BD3388C7E60552,3BBF9D98C7D058D7C2E60F6BA5BD574CB4F3FE26,D64D25D465B9D145320E5A4A32BB45B53BFDA06F,939126EA4D25CB212A79746C133194F8A24C435B,2020-09-27 05:39:54.704000,2020-09-27 05:39:55.436000
sd7fdnfgmhtxttp2,failed,not_found,166,1C0736CF3744A3B87C2D2269B8BD3388C7E60552,8DD0956457CF75A49E79F8E434E2DC898182DE79,D35682AB6E29D91AA030E03A9BEB42700D96A1EF,93F4DAF4F0DE5E6867CE20A0F9C7C059834DACAE,2020-09-27 05:39:55.437000,2020-09-27 05:39:57.868000
sd7fdnfgmhtxttp2,failed,not_found,343,1C0736CF3744A3B87C2D2269B8BD3388C7E60552,4656F36592379C17C69F5295602FC0E7BD419F2C,98BCA63DD82E13A637FF8D0EC28135663DB08CA1,93E2C269B2E127CFF42CEA322B8BEF1AEC28C891,2020-09-27 05:39:57.869000,2020-09-27 05:39:59.422000
vgbvshho6x2jqjof,failed,not_found,24,1C0736CF3744A3B87C2D2269B8BD3388C7E60552,90D43CF5541ECF57C1833FED33FFDFF239C4817C,8ADA1AB31B9B49CFFF5A450816053BF4CB72E4AC,1C265471CAAB20F1D3EFBBB6D6648E060E7F75C4,2020-09-27 05:39:49.631000,2020-09-27 05:39:51.985000
vgbvshho6x2jqjof,,,,,,,2A621A40FF3081F612946FDFB8DC781BCE859A05,2020-09-27 05:39:51.986000,
w37dynsp47ks3ujf,failed,not_found,25,1C0736CF3744A3B87C2D2269B8BD3388C7E60552,58F3E2956EABB81F673E2FB90E16E001DB4AC3AE,AB0CC19517476E610B86FF796B703643BFE21E89,D405812970B302ADE80EDF749A3FF2330F2F189D,2020-09-27 05:39:49.632000,2020-09-27 05:39:51.412000
w37dynsp47ks3ujf,failed,not_found,40,1C0736CF3744A3B87C2D2269B8BD3388C7E60552,B0DB2F173F0DB364BABF7A465D796B3C048F1F33,980B28A19B0A66948035A3FE143E5CF613C84122,9E2D7C6981269404AA1970B53891701A20424EF8,2020-09-27 05:39:51.413000,2020-09-27 05:39:53.599000
w37dynsp47ks3ujf,failed,not_found,96,1C0736CF3744A3B87C2D2269B8BD3388C7E60552,9AD3DB628164C1E3D77D9DF9D79327B3DF4260FA,ECD06EF0D7AD336D2CA4F37DB75F6CAFA3BAFDF7,D426B3F7FF144AAE24AECD72ED96820DDB338055,2020-09-27 05:39:53.599000,2020-09-27 05:39:56.604000
w37dynsp47ks3ujf,failed,not_found,238,1C0736CF3744A3B87C2D2269B8BD3388C7E60552,83898A1F6B9CDA7E35ACF23062D5D11392F1CCB7,ED3ACBBB89C5F1597A44A65D2FA203BDB8E208F2,9E0058300401F6687EAE59F9FE82DB89230344C1,2020-09-27 05:39:56.605000,2020-09-27 05:39:58.593000
w37dynsp47ks3ujf,failed,not_found,423,1C0736CF3744A3B87C2D2269B8BD3388C7E60552,6B13A4EC169E4FB0F3141E1AE4307966569FA47C,C36A434DB54C66E1A97A5653858CE36024352C4D,9E198CC6DA30481F42E4A22E29E4A922C12F9F94,2020-09-27 05:39:58.593000,2020-09-27 05:40:01.659000
w37dynsp47ks3ujf,failed,not_found,719,1C0736CF3744A3B87C2D2269B8BD3388C7E60552,FE857C3043412FD5454ED5FEF55C4C572E5B70CF,ADD35A22BF77D56AFC18CF58E5D8E2604B8985CF,D408EA531AA2FA90F25BD14283D38FDBB2094BA3,2020-09-27 05:40:01.660000,2020-09-27 05:40:04.117000
pni6hgkdicpcpzm5,failed,not_found,30,1C0736CF3744A3B87C2D2269B8BD3388C7E60552,E8BAE7393740A700D50B010DED9D9EC9A66B390D,10CA859C429A17EFF704CC53D0080940148D59DA,5262556D44A7F2434990FDE1AE7973C67DF49E58,2020-09-27 05:39:50.204000,2020-09-27 05:39:52.223000
pni6hgkdicpcpzm5,failed,not_found,56,1C0736CF3744A3B87C2D2269B8BD3388C7E60552,3239007CE1FB2ECDFDF2067DF23B949295DC5EF6,169535CC4C75FF79C6D548D41720064EE4FE61D2,1F7EAF14071F8975AFCF219FD62E8451B40E70BB,2020-09-27 05:39:52.223000,2020-09-27 05:39:53.805000
pni6hgkdicpcpzm5,failed,not_found,439,1C0736CF3744A3B87C2D2269B8BD3388C7E60552,B576A394DFC12B7E900D643C900484765D58C30F,7044955A4D7B04CF70011D73B467B13CE5E69D41,1F97BE0788A261FF978C082E0AB44ADD96AF1F7A,2020-09-27 05:39:53.806000,2020-09-27 05:40:00.626000
pni6hgkdicpcpzm5,failed,not_found,601,1C0736CF3744A3B87C2D2269B8BD3388C7E60552,34979DBD475FFED9CF6556E349DDEDEE69104345,8CC7474E0671B257AA821624F6B43D9B07CBDC89,521C30A968743B13E17E22E39BE52DA020FB92E1,2020-09-27 05:40:00.627000,2020-09-27 05:40:02.995000
pni6hgkdicpcpzm5,failed,not_found,854,1C0736CF3744A3B87C2D2269B8BD3388C7E60552,FD79B7F9230858B48E75F389661840C702511078,CC2179A97D4EC55BFA56B27F2300C53162CEBB6E,525D5386F858580E93B88D21727869555DFC654C,2020-09-27 05:40:02.995000,2020-09-27 05:40:05.454000
pni6hgkdicpcpzm5,failed,not_found,1091,1C0736CF3744A3B87C2D2269B8BD3388C7E60552,64E257D94E739278D5954CC820C9D7EAC4E7A7B7,C3E0E9EA1FF3FCFC27E856BFE61533020DD7F090,1F9BE9467BCA4D7502CDCCEE79BA3E666868EC1C,2020-09-27 05:40:05.455000,2020-09-27 05:40:08.293000
qlt7iqqwia3afle5,failed,not_found,31,1C0736CF3744A3B87C2D2269B8BD3388C7E60552,874D84382C892F3F61CC9E106BF08843DE0B865A,CB21756D213C09812ED2B03DC111CDE937387F9D,C78AFFEEE320EA0F860961763E613FD2FAC855F5,2020-09-27 05:39:50.219000,2020-09-27 05:39:52.221000
qlt7iqqwia3afle5,failed,not_found,54,1C0736CF3744A3B87C2D2269B8BD3388C7E60552,EAB20BD4083C820EC8329ED5AEBF12019A7749F3,BA856D21B1A22CAE677A712DA4C9F0852D799DF8,FF154E0265ADC24FDB1D8BBA34455E324C9FE407,2020-09-27 05:39:52.222000,2020-09-27 05:39:53.977000
qlt7iqqwia3afle5,failed,not_found,114,1C0736CF3744A3B87C2D2269B8BD3388C7E60552,1CE9AB21F6A077CFD5588DC0868AC56AED5EA504,05B451C0562FDE23307AFA84FD6A37652E615233,C780D918C83A63C8AE5D378E32C94BFCE0DE9550,2020-09-27 05:39:53.978000,2020-09-27 05:39:56.556000
qlt7iqqwia3afle5,failed,not_found,353,1C0736CF3744A3B87C2D2269B8BD3388C7E60552,D0BF6A6400081DA6031536ECEAD59F79BDABEB65,DEA84F08432800346BADB35F1EAC1B2A4D5B165D,FF1E4DFC8C713B2092E76401C472FDCC03B7F809,2020-09-27 05:39:56.557000,2020-09-27 05:40:00.290000
qlt7iqqwia3afle5,failed,not_found,571,1C0736CF3744A3B87C2D2269B8BD3388C7E60552,489606DA64FD4B68A76C49386298695E6C30B5E2,B8E514ADDC653D61DE1FCB67821BB0303778782F,C793A33F28826D1F184504312C668EA8157AEF28,2020-09-27 05:40:00.291000,2020-09-27 05:40:02.742000
qlt7iqqwia3afle5,failed,not_found,818,1C0736CF3744A3B87C2D2269B8BD3388C7E60552,01FE2137C42E4802507A1FD97B0158116FD78A8C,DC9564AE8BC7BF5F722E3677C897ED1B578C8D81,FEEF24CDF15BB59B418D1BF94A64BD3E62BB2CF3,2020-09-27 05:40:02.743000,2020-09-27 05:40:05.668000
cfhv2t2woa4mkdg4,failed,not_found,32,1C0736CF3744A3B87C2D2269B8BD3388C7E60552,3CB4193EF4E239FCEDC4DC43468E0B0D6B67ACC3,8C612213C4B5C154FA90847F36FBF36DB78AB1AC,00786179DB0E6514142F44DB4166638712F34DAE,2020-09-27 05:39:50.231000,2020-09-27 05:39:52.258000
cfhv2t2woa4mkdg4,failed,not_found,58,1C0736CF3744A3B87C2D2269B8BD3388C7E60552,F263F4F57A20D8C19E9F9C84150C60F7A49F2DB5,5BF17163CBE73D8CD9FDBE030C944EA05707DA93,0085057C17BD2E1809E284825F06F94E72FB418C,2020-09-27 05:39:52.258000,2020-09-27 05:39:54.740000
cfhv2t2woa4mkdg4,failed,not_found,138,1C0736CF3744A3B87C2D2269B8BD3388C7E60552,24F97F98C45E4754655BE66799049763DAEE99CE,2507E6A97AC52DC09FA519D31340156EEC626A5B,68EBB2CAB63B98F0BA802AD04059ED752665A138,2020-09-27 05:39:54.740000,2020-09-27 05:39:57.019000
cfhv2t2woa4mkdg4,failed,not_found,276,1C0736CF3744A3B87C2D2269B8BD3388C7E60552,46E0487EEEFD694CE625CC6E12D032395C01DB82,E9CE81CC21B63FD316F642E6AF867D6FE0C3A847,68EBC7615E7DE318C6B9AA530EFD6E20FDE8DF9A,2020-09-27 05:39:57.019000,2020-09-27 05:39:58.929000
cfhv2t2woa4mkdg4,failed,not_found,453,1C0736CF3744A3B87C2D2269B8BD3388C7E60552,06BBEAA6F73759A1795EB461D39D2AA168F305D1,645C3F0545E0975A49F69EC272C0C3EA28586825,0077BCBA7244DB3E6A5ED2746E86170066684887,2020-09-27 05:39:58.930000,2020-09-27 05:40:01.223000
cfhv2t2woa4mkdg4,failed,not_found,674,1C0736CF3744A3B87C2D2269B8BD3388C7E60552,AED04C65D2D0D70DB2932D7D5A0BA58169168CC1,58332DDDA15415CB3D13F5ECA3D54BE961B8C458,68EC657DC8A587B38D5D7763D5C72E93C2CD456C,2020-09-27 05:40:01.224000,2020-09-27 05:40:03.555000
bgcom222y5fe7oee,failed,not_found,42,1C0736CF3744A3B87C2D2269B8BD3388C7E60552,DC7BABFF3C5E49C922D239DE1A5C5252F51D2F81,68F175CCABE727AA2D2309BCD8789499CEE36ED7,061370AE41C1084B2910EB0522C8B2DB1C2CB96E,2020-09-27 05:39:51.625000,2020-09-27 05:39:54.496000
bgcom222y5fe7oee,failed,not_found,132,1C0736CF3744A3B87C2D2269B8BD3388C7E60552,A96DA63E4415E776FBFCCF3DA7154C804534B6E7,BA8546AE9B27F0C81F98A6C12D96B7DAB0814991,95FCD71974985F8CB546821E3DC4D834794F77F9,2020-09-27 05:39:54.496000,2020-09-27 05:39:56.602000
bgcom222y5fe7oee,failed,not_found,234,1C0736CF3744A3B87C2D2269B8BD3388C7E60552,C6AEEC1B52CA8D973327F19317A387089A0DED56,ADE92B0150C933FFE00683E7492F1D930AFABB6D,061E017AC8FB0EAF3A8915A920EFB9AC201CA3EC,2020-09-27 05:39:56.603000,2020-09-27 05:39:58.376000
bgcom222y5fe7oee,failed,not_found,401,1C0736CF3744A3B87C2D2269B8BD3388C7E60552,6FF440DFB1D0697B942357D747900CC308DD57CC,1B3E48D75E7F7E61D1B9BBE24BA15A38B454380D,061E0496931D23A81A2B685C9339D36857DD0FA1,2020-09-27 05:39:58.377000,2020-09-27 05:40:00.780000
bgcom222y5fe7oee,failed,not_found,617,1C0736CF3744A3B87C2D2269B8BD3388C7E60552,18EF781925EDF5463338AB450EF0C56C5CAA2F1A,21C9D9F1633246269DEB84A79495E85C07E8466D,95EFACA18E34C260DDF749596B977402594E6739,2020-09-27 05:40:00.781000,2020-09-27 05:40:03.113000
bgcom222y5fe7oee,failed,not_found,728,1C0736CF3744A3B87C2D2269B8BD3388C7E60552,5AE12CAAA489A0739F56E79CC287526FAB55A6FB,72A33E374DE5AD1E617394896F0FD8B092D3E7C4,95FD4BD48D919BFD05277F63950C78A93AC01191,2020-09-27 05:40:03.113000,2020-09-27 05:40:04.119000
f7jbsyon4jojszhh,failed,not_found,43,1C0736CF3744A3B87C2D2269B8BD3388C7E60552,25A3C92EB11A140B006695D0009F6EAEAF3C6785,51374C8DA459C67329FFD5C7502CCAE4194910CC,EB60858E074016216315AA6F6E8E3D4F17381D5D,2020-09-27 05:39:51.661000,2020-09-27 05:39:54.005000
f7jbsyon4jojszhh,failed,not_found,116,1C0736CF3744A3B87C2D2269B8BD3388C7E60552,7A6873B86D82BC8B4F0E790828626107820F7B9E,0CAFFFE470E88AF156D6750B616995B3790F24EF,84AFAE19244541A404F763BA0E2F0CAD8A3FACF0,2020-09-27 05:39:54.005000,2020-09-27 05:39:58.159000
f7jbsyon4jojszhh,failed,not_found,379,1C0736CF3744A3B87C2D2269B8BD3388C7E60552,9D462FB499BA316E485ED80E0073802D2283FAAB,E013D74009BC7D03CD4BAFAD011CFBB93C63563C,EB60A3BD25E01AF2564EF0397D8508E5D2AFD58A,2020-09-27 05:39:58.160000,2020-09-27 05:40:01.181000
f7jbsyon4jojszhh,failed,not_found,670,1C0736CF3744A3B87C2D2269B8BD3388C7E60552,99AC77667D8D606251B749DFDA473B2C781F78D0,60F2139EA3E06410A05CBD6E8254E60A9063AD9D,84A8E41D03865822272F647D378AFF4AC73187F2,2020-09-27 05:40:01.181000,2020-09-27 05:40:03.927000
f7jbsyon4jojszhh,failed,not_found,971,1C0736CF3744A3B87C2D2269B8BD3388C7E60552,835FFE642EFA3BB7936663D2365A15D319FB6226,3076FB1CCEB8341322019AD26F69BFC0AA845334,84ABF6381FD0F96B882764F176B85980EBC31FE1,2020-09-27 05:40:03.928000,2020-09-27 05:40:07.134000
f7jbsyon4jojszhh,failed,not_found,1410,1C0736CF3744A3B87C2D2269B8BD3388C7E60552,20FD9F93C8C67E198929FD9A0B8ED84134877FBB,A231513B758330E6E6DB18F5B6EC6DAAA406C31D,EB44DEFA821E3672B955ED9B14E28C36F80C5FA8,2020-09-27 05:40:07.135000,2020-09-27 05:40:11.551000
k6sqejrambqyqapc,failed,not_found,44,1C0736CF3744A3B87C2D2269B8BD3388C7E60552,F006B0489AF7D6A13CD55A4F14C90593812458F6,E88F8E72100709E226F22DF6A50365480054ECD2,8C94FAB733C8F1E6C1828946DB77699DD9AC63D7,2020-09-27 05:39:51.662000,2020-09-27 05:39:53.873000
k6sqejrambqyqapc,failed,not_found,111,1C0736CF3744A3B87C2D2269B8BD3388C7E60552,917A2DADBA0D7727DF7FFD46AD923FD937686A3D,F48FD1AED068496D51D1384BC7497C04E4985DA6,8C612213C4B5C154FA90847F36FBF36DB78AB1AC,2020-09-27 05:39:53.874000,2020-09-27 05:39:55.645000
k6sqejrambqyqapc,failed,not_found,172,1C0736CF3744A3B87C2D2269B8BD3388C7E60552,47A83EC4D144FB8094A57DC5AEB39E9F6F174036,4E98AA295B7171996D18DD1F6A19F64AB4036B4A,8C601BFCF56E25120C18A18B9856010A8BD659BD,2020-09-27 05:39:55.645000,2020-09-27 05:39:57.368000
k6sqejrambqyqapc,failed,not_found,310,1C0736CF3744A3B87C2D2269B8BD3388C7E60552,FEDF4998951A750D5D7974DF243035499E84882E,44354E35E9F7F97AF27686D03B0D591686E35394,A751D8BEE222564B7BA657F74B6658836FF1AEEA,2020-09-27 05:39:57.369000,2020-09-27 05:39:59.294000
k6sqejrambqyqapc,failed,not_found,486,1C0736CF3744A3B87C2D2269B8BD3388C7E60552,78E42C5EA3FC4C5606B3ACF5623DE25FE6B5F167,B058FBDEA69774C28EAC1111E167BC0AD4A904E0,A7378A215483C6AD9968AD505DA1454F7E294797,2020-09-27 05:39:59.294000,2020-09-27 05:40:01.042000
k6sqejrambqyqapc,failed,not_found,652,1C0736CF3744A3B87C2D2269B8BD3388C7E60552,950134F4ABA3291EEE4E7A2F26546DB7070776A4,CDA2C336AD87E22DF02983887A3F74B21070D02D,A76AEE2C3A724CC1CD05E1B06C948AC2512F4F33,2020-09-27 05:40:01.043000,2020-09-27 05:40:03.870000
lrkdrnp6vabl2oma,failed,not_found,51,1C0736CF3744A3B87C2D2269B8BD3388C7E60552,B778066DAD76D6EEA7D0D31A82F168A84C0D7955,7B2904FE8AA12E45EA3D65658ED8CECA4A51F7F8,9815E1C7A8942DE25A914A841E66D3CEB0BFF871,2020-09-27 05:39:52.181000,2020-09-27 05:39:54.119000
lrkdrnp6vabl2oma,failed,not_found,122,1C0736CF3744A3B87C2D2269B8BD3388C7E60552,D2F4DAC5918BB082A5CFAC5275B29FAC9B399B2B,67CDF7A4D06E98E55AAE595BBEBF38E64C4CCBF3,F311EFECFF1EA0E05D0B7F35CCF056AB5142B5BE,2020-09-27 05:39:54.120000,2020-09-27 05:39:59.573000
lrkdrnp6vabl2oma,failed,not_found,513,1C0736CF3744A3B87C2D2269B8BD3388C7E60552,2BE633EE1B2229B9F7C9B2019067C7896FCE6A53,3FDCBC454FED8B5482956DB91CA089294511FA98,F34E681AF8226DEBC9135A48F61DEF9F68966BA5,2020-09-27 05:39:59.574000,2020-09-27 05:40:01.534000
lrkdrnp6vabl2oma,failed,not_found,714,1C0736CF3744A3B87C2D2269B8BD3388C7E60552,5262556D44A7F2434990FDE1AE7973C67DF49E58,0085057C17BD2E1809E284825F06F94E72FB418C,98138DFD3E2C8C89D8F5AB11EF9B6BFF272D83B4,2020-09-27 05:40:01.534000,2020-09-27 05:40:03.824000
lrkdrnp6vabl2oma,failed,not_found,942,1C0736CF3744A3B87C2D2269B8BD3388C7E60552,91517F219F7648E4B8BBF3C162C77DDC55315612,F9674F45A25CAA977E7B872807E0A070C121F5FA,981F482050D2B49C928EBB67C2621B207A4D384D,2020-09-27 05:40:03.825000,2020-09-27 05:40:06.183000
lrkdrnp6vabl2oma,failed,not_found,1372,1C0736CF3744A3B87C2D2269B8BD3388C7E60552,AEA8C3366E0FA2DE560E66C3B7A46C509CFF9890,E13F7EE1535ED8AEAB92A5EEAEE9A0C782ED33E2,F31C03A766FAA33B62B12105D822FFE69A3BB0E5,2020-09-27 05:40:06.183000,2020-09-27 05:40:10.172000
2hgh7kwwo6k4s7fq,failed,not_found,53,1C0736CF3744A3B87C2D2269B8BD3388C7E60552,7AC93EC4B3725ABF7E09A903BC4A5C5C1E36517F,876C7CE43774366250D3E768E690DAB9D4B5D5A3,C680718A6F51A8F7C5D4E68269ED5B2C07FE531B,2020-09-27 05:39:52.220000,2020-09-27 05:39:54.953000
2hgh7kwwo6k4s7fq,failed,not_found,149,1C0736CF3744A3B87C2D2269B8BD3388C7E60552,1C8B3C3D8BC705883B7799C915B2FE1E0FEB006F,54A35E582F9E178542ECCFA48DBE14F401729969,C688B3EF9AB0354EB2794174519BB9ED9E6467E7,2020-09-27 05:39:54.954000,2020-09-27 05:39:57.273000
2hgh7kwwo6k4s7fq,failed,not_found,527,1C0736CF3744A3B87C2D2269B8BD3388C7E60552,42B4F52C5B11E4D39855F654955425B0D5A0598B,7A2A6F39F485C4FC95FB885FFF37C436FD2BB7E5,C699F40B3344D34D3C596791A7EBC67E41C62A0B,2020-09-27 05:39:57.273000,2020-09-27 05:40:02.113000
2hgh7kwwo6k4s7fq,failed,not_found,1334,1C0736CF3744A3B87C2D2269B8BD3388C7E60552,5FB384605F53DCBF1CB02143D318DA3E8EE38A24,0F85E6DB0E4A3B6FDDF7C9452C9B5D089B11979D,2DEF1C5F4529665BB08A593C65BAF6917E9D2081,2020-09-27 05:40:02.114000,2020-09-27 05:40:11.475000
2hgh7kwwo6k4s7fq,failed,not_found,1710,1C0736CF3744A3B87C2D2269B8BD3388C7E60552,87C08DDFD32C62F3C56D371F9774D27BFDBB807B,5AE12CAAA489A0739F56E79CC287526FAB55A6FB,2DFDEA5DD415B95594BFB12D59FE841167F94B5F,2020-09-27 05:40:11.475000,2020-09-27 05:40:15.166000
2hgh7kwwo6k4s7fq,failed,not_found,2143,1C0736CF3744A3B87C2D2269B8BD3388C7E60552,63B32F7E5389E8DBC5E1BCEFE48312DA7CCEF5D6,05FEA2DB1FD29DE229B589DFEF5E80A5C6C7EE9E,2E12778C3FBE28C9E9C8AC6A76FF4509DC41599B,2020-09-27 05:40:15.166000,2020-09-27 05:40:20.745000
fefmi2d4knhyszex,failed,not_found,60,1C0736CF3744A3B87C2D2269B8BD3388C7E60552,046F2D59A85FAE693676A87533717C57436261C2,C7B06598721344ECA8F31BE89CAFB642FEA57548,CF7D2B4BECD17E04FA0D604229888F91D1665C01,2020-09-27 05:39:52.285000,2020-09-27 05:39:54.070000
fefmi2d4knhyszex,failed,not_found,120,1C0736CF3744A3B87C2D2269B8BD3388C7E60552,C0CBBD17F848C8F9A49104A96DB498013B30F14F,AF42BD51EEBA9329E110AA8D206FED316E1DA671,0C9D7DB63BE030E5CA32E25606632AEB85840F4C,2020-09-27 05:39:54.070000,2020-09-27 05:39:56.057000
fefmi2d4knhyszex,failed,not_found,190,1C0736CF3744A3B87C2D2269B8BD3388C7E60552,18EA6AFA3609A0B24752FBF411A2DAADE27DE129,22775B953E662151549C114CB8EE5FBDBCBDAD02,0C8433B6B92E2F1C744F3CFBE49ADA7CBEFEEBFA,2020-09-27 05:39:56.058000,2020-09-27 05:39:57.994000
fefmi2d4knhyszex,failed,not_found,361,1C0736CF3744A3B87C2D2269B8BD3388C7E60552,7D8EBB86CF2EB560F938BEF018E1D8FD6B36B327,BE9B12FAAB7429842D643E2308390ECD8961E0A1,0C93559D6D7E95B41561424345B0B176FBE66F00,2020-09-27 05:39:57.994000,2020-09-27 05:39:59.744000
fefmi2d4knhyszex,failed,not_found,528,1C0736CF3744A3B87C2D2269B8BD3388C7E60552,39379E4177FFFB0ED90C2013D97668BD284A1798,461D6EA15966C7F99B43D37ADC116B5B8E47D130,CF773DE0B4F537BB80DA35643299403B7BF11AFA,2020-09-27 05:39:59.745000,2020-09-27 05:40:02.659000
fefmi2d4knhyszex,failed,not_found,808,1C0736CF3744A3B87C2D2269B8BD3388C7E60552,6FB20BB05A841CDDB308E85A4D117FCFC911F5EA,1B9FACF25E17D26E307EA7CFA7D455B144B032E5,CF8CC4763298F77FF64DAF340D26D1BBF3362C5B,2020-09-27 05:40:02.660000,2020-09-27 05:40:05.221000
judms5nijuvo5umy,failed,not_found,102,1C0736CF3744A3B87C2D2269B8BD3388C7E60552,8DE1211901C33379BB9C57E27BED368FF6D45127,0B85617241252517E8ECF2CFC7F4C1A32DCD153F,CB040846C647F338EE1950C6CC03267102088C50,2020-09-27 05:39:53.215000,2020-09-27 05:39:57.437000
judms5nijuvo5umy,failed,not_found,314,1C0736CF3744A3B87C2D2269B8BD3388C7E60552,005079A42356183CEA5A3ADD239303F44F12E7EA,A36D13036750E477E0C5628A5BE4FECB63286D80,CACD9D63B759B35555D8C965A3E01071E9DFB44C,2020-09-27 05:39:57.437000,2020-09-27 05:39:59.359000
judms5nijuvo5umy,failed,not_found,495,1C0736CF3744A3B87C2D2269B8BD3388C7E60552,1841CB960128806151B61FC6D87AFBE9A98B99D7,4CE6D83FFA8AD24767007E8C972F371F2468F09A,96B358744E1DB0D6DBB96D32C27F91E9F695275E,2020-09-27 05:39:59.359000,2020-09-27 05:40:01.850000
judms5nijuvo5umy,failed,not_found,733,1C0736CF3744A3B87C2D2269B8BD3388C7E60552,AD7552F2CFBF472F9FFE748D3E82994EA6050A76,DD823AFB415380A802DCAEB9461AE637604107FB,CAF57EB30FD17389954C9F2B43026734F80E39C0,2020-09-27 05:40:01.851000,2020-09-27 05:40:04.182000
judms5nijuvo5umy,failed,not_found,832,1C0736CF3744A3B87C2D2269B8BD3388C7E60552,9B047A91AC809AA020A1F42E3E785DBCEBF3652F,C3D92B0696196558E784EF7252A5370192720BE5,96CAA917F65BCD62CECD236F67652BFD7C69E52E,2020-09-27 05:40:04.182000,2020-09-27 05:40:05.519000
judms5nijuvo5umy,failed,not_found,1101,1C0736CF3744A3B87C2D2269B8BD3388C7E60552,33925888F5DB4CD014E5718CB3B1FC82BFE1AD37,36EBA005CE1BBD9B164600A4666D9EA37082D838,96CFE178A1D12489D9D59A0CAE17FE86F5A3A79F,2020-09-27 05:40:05.520000,2020-09-27 05:40:08.375000
w3jm7i3bvjeorqer,failed,not_found,84,1C0736CF3744A3B87C2D2269B8BD3388C7E60552,BB5630967607D8A8B6CA854AF954FE8372D1662A,6E4B0D429CD87AB6C25D72E298294C583FF8BA4A,52026565263963A4DA7C0A737E43850951405CDB,2020-09-27 05:39:53.257000,2020-09-27 05:39:55.305000
w3jm7i3bvjeorqer,failed,not_found,162,1C0736CF3744A3B87C2D2269B8BD3388C7E60552,BF37445EA2A9F3D04F4B87DFAC624AEF21B559D5,B0DB2F173F0DB364BABF7A465D796B3C048F1F33,51F8C25ECF3A632CA8AB43EE243D606BB7C05812,2020-09-27 05:39:55.306000,2020-09-27 05:39:56.930000
w3jm7i3bvjeorqer,failed,not_found,174,1C0736CF3744A3B87C2D2269B8BD3388C7E60552,BE9B12FAAB7429842D643E2308390ECD8961E0A1,E9CE81CC21B63FD316F642E6AF867D6FE0C3A847,6111C6005AB56498BE5E35666B2522CEBE17D14E,2020-09-27 05:39:56.930000,2020-09-27 05:39:57.771000
w3jm7i3bvjeorqer,failed,not_found,332,1C0736CF3744A3B87C2D2269B8BD3388C7E60552,2D418A89F79DB4A8E658BA549FBB974D1D22DD1A,3586697291602DC8042EB152E60701FFFE8777BD,51F733EAC4DFD128CF957A14D5F2DC023803D1A2,2020-09-27 05:39:57.772000,2020-09-27 05:39:59.829000
w3jm7i3bvjeorqer,failed,not_found,443,1C0736CF3744A3B87C2D2269B8BD3388C7E60552,5DE37A3371AAE7638748EB43C9F1CE66E09D4470,B26E8B962FB76404C169634571B4C5687AC6230F,6117337636B8CB979F09B67530477DFFCA61BF88,2020-09-27 05:39:59.829000,2020-09-27 05:40:00.854000
w3jm7i3bvjeorqer,failed,not_found,951,1C0736CF3744A3B87C2D2269B8BD3388C7E60552,A2C6C931D8627C6605288970889DDB88C7BA2142,72B2B12A3F60408BDBC98C6DF53988D3A0B3F0EE,6118DDB580EEDD6FE5F8D3CC0DF1EE17D8A2A4C6,2020-09-27 05:40:00.855000,2020-09-27 05:40:06.293000
ilrnaf6azveisp4g,failed,not_found,86,1C0736CF3744A3B87C2D2269B8BD3388C7E60552,B058FBDEA69774C28EAC1111E167BC0AD4A904E0,0085057C17BD2E1809E284825F06F94E72FB418C,2B6919B02B37EA5EA567606709D27B5212F24D09,2020-09-27 05:39:53.258000,2020-09-27 05:39:54.950000
ilrnaf6azveisp4g,failed,not_found,147,1C0736CF3744A3B87C2D2269B8BD3388C7E60552,ECB24A326D382F84B7BD630CFDBE1A0CDCE0245A,99339F3E68BCCC1391BF14C821D80766FE0C5956,B90309F6F9F9F4635526040946CDAEC7DBF3A231,2020-09-27 05:39:54.950000,2020-09-27 05:39:57.890000
ilrnaf6azveisp4g,failed,not_found,255,1C0736CF3744A3B87C2D2269B8BD3388C7E60552,F15A2A08BF91017DCFB6042171635661E13A8256,9F5068310818ED7C70B0BC4087AB55CB12CB4377,2B5E502536A436FE36DA2C6875F4C77F3593B37F,2020-09-27 05:39:57.890000,2020-09-27 05:39:58.556000
ilrnaf6azveisp4g,failed,not_found,416,1C0736CF3744A3B87C2D2269B8BD3388C7E60552,6EDEB32D0B9EEA2E85C310B67AD64668398402FB,16AE2704B794C6C0013C7E47AF11DCABA808A0B9,2B5ED281A399E1FC1C7C0964F349B12A175DDE07,2020-09-27 05:39:58.559000,2020-09-27 05:40:00.970000
ilrnaf6azveisp4g,failed,not_found,629,1C0736CF3744A3B87C2D2269B8BD3388C7E60552,4B351545DD58473F36B0A20E5500AC6ED51E8CD5,3AB334331819AC0BA1A8AFE002D4321672109CAC,B91A1EB30E66D52026EFCD1E96BFC0E966C83E6D,2020-09-27 05:40:00.972000,2020-09-27 05:40:02.986000
ilrnaf6azveisp4g,failed,not_found,849,1C0736CF3744A3B87C2D2269B8BD3388C7E60552,8FF24DC61EA335CAFDD5699A937AD96D594E5904,425835370C1FBE178C21CB53C76672F12BDE091A,B923D15EDF4E7B1261876860D51FAB907ED18347,2020-09-27 05:40:02.987000,2020-09-27 05:40:05.816000
uv3ur5n3gnli4aad,failed,not_found,124,1C0736CF3744A3B87C2D2269B8BD3388C7E60552,9456BBB3FB923DD1CDEC5C8B45D9615BC937DC42,67CDF7A4D06E98E55AAE595BBEBF38E64C4CCBF3,F5DB8E33F8D351B600932251EFE67357485405F2,2020-09-27 05:39:54.182000,2020-09-27 05:39:55.802000
uv3ur5n3gnli4aad,,,,,,,F5C3DA7642BB037E0D279359AE88CD7FC03A98A0,2020-09-27 05:39:55.802000,
bndsbyzaj2flfniz,failed,not_found,126,1C0736CF3744A3B87C2D2269B8BD3388C7E60552,B7F60A81737CE635E751C5BCA67BFD20DAF2615C,B31A677A74A47621BC6073AC32066F85F3033594,C4BB628C0B306C0BD3E606FB71ABAAA776BD808B,2020-09-27 05:39:54.213000,2020-09-27 05:39:56.810000
bndsbyzaj2flfniz,failed,not_found,259,1C0736CF3744A3B87C2D2269B8BD3388C7E60552,86CDD0D92AB972538416A382D99666736CDDF141,C3D92B0696196558E784EF7252A5370192720BE5,C4D43EC18179F7B2E8187D7E284D6D547217B39E,2020-09-27 05:39:56.810000,2020-09-27 05:39:59.191000
bndsbyzaj2flfniz,failed,not_found,481,1C0736CF3744A3B87C2D2269B8BD3388C7E60552,508773E7A34F3BE17DD0372446798FACB8BF1EAA,2F69F8C4DC02DD15A39BFDB4078A791D89ECEAA2,C4B21A66B27E82FEF6AC97CEAEFE42DFF5C7511C,2020-09-27 05:39:59.192000,2020-09-27 05:40:01.179000
bndsbyzaj2flfniz,failed,not_found,666,1C0736CF3744A3B87C2D2269B8BD3388C7E60552,E5D13B726489E91A260F70B95B7AD9949BB6A95F,8B64F593CAC2ED05C0FA703AEF50FF71925B569C,288D7A8EA471B5D9635B6A8AC081764E3CD39798,2020-09-27 05:40:01.180000,2020-09-27 05:40:03.550000
bndsbyzaj2flfniz,failed,not_found,914,1C0736CF3744A3B87C2D2269B8BD3388C7E60552,01384A5D9C6D34352701BF86D04E5F406CB256AE,870E97E5846D8308EA469A5BB5A50D2838503DBE,2892073608985977DED33F98A9FA27A9C47C8B61,2020-09-27 05:40:03.551000,2020-09-27 05:40:05.923000
bndsbyzaj2flfniz,failed,not_found,1390,1C0736CF3744A3B87C2D2269B8BD3388C7E60552,5DB9AE27A44EB7B476CC04A66C67A71C97A001E6,B0335F7872A698A86E5E9AC3CF323B50AEF9C081,288DA2F27E30BC73FC8A84367696C9DF6B4C1B90,2020-09-27 05:40:05.924000,2020-09-27 05:40:10.636000
6adw4a3sht3j2s7x,failed,not_found,127,1C0736CF3744A3B87C2D2269B8BD3388C7E60552,8CAA470B905758742203E3EB45941719FCA9FEEC,8EB53B7C8D8E2FF830DA324A05BE8CE954BABC55,BFC6E7F298D581344DFCE95BB7EE9EDE1FC0745B,2020-09-27 05:39:54.214000,2020-09-27 05:39:56.190000
6adw4a3sht3j2s7x,failed,not_found,195,1C0736CF3744A3B87C2D2269B8BD3388C7E60552,A3A6D9D7DBED00F7E6508B55D3449FF6B6C5DF90,D079D6818926684C5979C18171FB18862A4A5792,BFC2EEBFE31AA782949AA7D410046BF28EAF89C8,2020-09-27 05:39:56.191000,2020-09-27 05:39:58.379000
6adw4a3sht3j2s7x,failed,not_found,405,1C0736CF3744A3B87C2D2269B8BD3388C7E60552,58FAB58A7DC8E99B9313F6E488E2140D4BE28416,E81993EA52B73285CFFD02FEC003569D21483001,79621D3F36A0B377670B4647C3370635CD2521AD,2020-09-27 05:39:58.379000,2020-09-27 05:40:00.990000
6adw4a3sht3j2s7x,failed,not_found,535,1C0736CF3744A3B87C2D2269B8BD3388C7E60552,E81993EA52B73285CFFD02FEC003569D21483001,BB5630967607D8A8B6CA854AF954FE8372D1662A,7961C9991F022C8A363FD440CA395D47DB5D44D5,2020-09-27 05:40:00.991000,2020-09-27 05:40:02.224000
6adw4a3sht3j2s7x,failed,not_found,765,1C0736CF3744A3B87C2D2269B8BD3388C7E60552,5F0BFF8BF2C7528E41DB149245F4736C75CC7779,21239CC313A28B3E6CEE48D949BF7787471B1519,BFC4734342209C8D172AACC283750116F74359C6,2020-09-27 05:40:02.225000,2020-09-27 05:40:04.900000
6adw4a3sht3j2s7x,failed,not_found,1029,1C0736CF3744A3B87C2D2269B8BD3388C7E60552,97B7BA747B62A9962DEDCE404FF33106D4032F91,438E8C214576AF13480A550D45C116F43333C319,79509683AB4C8DDAF90A120C69A4179C6CD5A387,2020-09-27 05:40:04.901000,2020-09-27 05:40:08.070000
2sq7uzzihmmeng7c,failed,not_found,154,1C0736CF3744A3B87C2D2269B8BD3388C7E60552,8D79F73DCD91FC4F5017422FAC70074D6DB8DD81,0B58A95E539FFA6C05C010F5C1DA35FB8038E3A8,C7E7D8C4850D6A4EFA848F7C3922F4CA3442E4C1,2020-09-27 05:39:55.177000,2020-09-27 05:39:57.346000
2sq7uzzihmmeng7c,failed,not_found,300,1C0736CF3744A3B87C2D2269B8BD3388C7E60552,516034FF15C96CE841ECCD876EF604802AA5C650,288C100FFA656938C23F32207CAF0DA932ECD247,504F23DC734459DBBA58B2F11A4799EB945188A3,2020-09-27 05:39:57.347000,2020-09-27 05:39:59.293000
2sq7uzzihmmeng7c,failed,not_found,485,1C0736CF3744A3B87C2D2269B8BD3388C7E60552,D8A2D0080B0C73E1DC0EC9F33B497F64E5FB3F52,089318D2FA3DA0306BF2C19F15ACC24FE2E926D1,C7F47D16D262CFE1BFF707E8798B3CA014552423,2020-09-27 05:39:59.294000,2020-09-27 05:40:02.597000
2sq7uzzihmmeng7c,failed,not_found,803,1C0736CF3744A3B87C2D2269B8BD3388C7E60552,461D6EA15966C7F99B43D37ADC116B5B8E47D130,D123C0F8F562804693C47D68C61786023B295E98,5043E5D2E9CE99066DF1FBF0B18E065B08131863,2020-09-27 05:40:02.597000,2020-09-27 05:40:05.033000
2sq7uzzihmmeng7c,failed,not_found,1049,1C0736CF3744A3B87C2D2269B8BD3388C7E60552,CE47F0356D86CF0A1A2008D97623216D560FB0A8,EFF7FB34C593A9D347DDC7A53F20DAC9FB8E9AD3,5047962E97AFDC89C9B9EE98322F3E4CB7BEB639,2020-09-27 05:40:05.034000,2020-09-27 05:40:08.228000
2sq7uzzihmmeng7c,failed,not_found,1600,1C0736CF3744A3B87C2D2269B8BD3388C7E60552,BE4ED4DEACA0F6A3AF64276A67E05517BC63AE07,5CF2BC575B3537AEE1E531021E2DB682B591C5A4,C7E332093AD8D8CBBED8AA6136BDDBC337A87BF4,2020-09-27 05:40:08.229000,2020-09-27 05:40:13.349000
rxcg6wr3r2xfrb7p,failed,not_found,156,1C0736CF3744A3B87C2D2269B8BD3388C7E60552,EFA2E7B073AA4CE2DAF7160F23C90DB805948F4A,257342F27502A108EECA766F3B125441B3DD4F4E,30C55C496F5C7B9868E0BC6349A1CD5623F0B75F,2020-09-27 05:39:55.228000,2020-09-27 05:39:57.300000
rxcg6wr3r2xfrb7p,failed,not_found,296,1C0736CF3744A3B87C2D2269B8BD3388C7E60552,4DB0490A0420809A8149E778BBAC8F1E9349D9EC,484F666C491BCDE22B45E0E19D1CEA5ACC5A9611,30B6CF0FCBA0505FD7105907999C751D799AE4D2,2020-09-27 05:39:57.301000,2020-09-27 05:39:59.131000
rxcg6wr3r2xfrb7p,failed,not_found,470,1C0736CF3744A3B87C2D2269B8BD3388C7E60552,CF6A6080091BB210AA3892FEFE2F6A396DA08DF3,924B24AFA7F075D059E8EEB284CC400B33D3D036,C44CC64BED927031A5B3B0A7CDF6A9E28F058B3F,2020-09-27 05:39:59.131000,2020-09-27 05:40:01.394000
rxcg6wr3r2xfrb7p,failed,not_found,699,1C0736CF3744A3B87C2D2269B8BD3388C7E60552,59CA96E7CDA30AB36C597B499C848BD845745EA0,2802B96E4BE4FDBFB0F5D5DFBF7E5AB541A18DF0,C41ADE229598201F913426E9C6B9647098AEE28D,2020-09-27 05:40:01.394000,2020-09-27 05:40:03.773000
rxcg6wr3r2xfrb7p,failed,not_found,933,1C0736CF3744A3B87C2D2269B8BD3388C7E60552,573051CAA3EEEE2B75EBD096BB1F70D3FDAC5F3A,8C5B316ED73018484765C3E0944E4508DCAE0944,30C19B81981F450C402306E2E7CFB6C3F79CB6B2,2020-09-27 05:40:03.774000,2020-09-27 05:40:05.821000
rxcg6wr3r2xfrb7p,,,,,,,C43827BB94B59CE61987310F80A035C5AB9DF002,2020-09-27 05:40:05.822000,
ri3333hncj6usqri,failed,not_found,158,1C0736CF3744A3B87C2D2269B8BD3388C7E60552,FBD20387F64D67ED53AC5BD2E0302D44B2DA360C,217B9BE70DC602F6D929132EA2A9DF60BAED8CE0,CD871CADA15BD5460AB65BAD1C306AC870A6A427,2020-09-27 05:39:55.229000,2020-09-27 05:39:57.962000
ri3333hncj6usqri,failed,not_found,354,1C0736CF3744A3B87C2D2269B8BD3388C7E60552,4EBE3B18F7D38D0A2FDD67B47A55CB9069368723,539572FE3430A83E8F502052FC7E178E20A07EE0,CD9549ED5A655BA47427A77835C55FF00EC1DA23,2020-09-27 05:39:57.963000,2020-09-27 05:39:59.473000
ri3333hncj6usqri,failed,not_found,506,1C0736CF3744A3B87C2D2269B8BD3388C7E60552,23A2D8DDF761F35CC63BDF65E604B76A7E2F6971,ACF165754601059ED2E472F893AD0FA4CAF1142D,CD5CF125FED4BE5DA5F259F75AF3D4DD182C54D0,2020-09-27 05:39:59.473000,2020-09-27 05:40:01.447000
ri3333hncj6usqri,failed,not_found,704,1C0736CF3744A3B87C2D2269B8BD3388C7E60552,BC238DA10F427C21685F766317F7E0946954B88F,F966CC62522A4F9C482CB555D43249A9874413D8,4B16758168D4F334BE11872F7B6BAE2E44664E5B,2020-09-27 05:40:01.448000,2020-09-27 05:40:03.908000
ri3333hncj6usqri,failed,not_found,956,1C0736CF3744A3B87C2D2269B8BD3388C7E60552,13B1322230E9D10C29F8AE631DA658AE5C3C7BA6,18747512B2DD1AE88C4CA9F6EAEB687A96389666,4B170476D09459328438F3E68ED19516C9F75A80,2020-09-27 05:40:03.909000,2020-09-27 05:40:06.291000
ri3333hncj6usqri,failed,not_found,1391,1C0736CF3744A3B87C2D2269B8BD3388C7E60552,1B90395827F7499A37C73F09BC5AA0225808F6FC,96275921105DC2D41B79AD75804A301738B51E47,4AEC612F43A0402A55F8F196F3593CA04B0003E8,2020-09-27 05:40:06.292000,2020-09-27 05:40:10.742000
cia5xomrxjfn557h,failed,not_found,200,1C0736CF3744A3B87C2D2269B8BD3388C7E60552,4CE6D83FFA8AD24767007E8C972F371F2468F09A,58F3E2956EABB81F673E2FB90E16E001DB4AC3AE,99C5ACEF5AC8E3D3C4DE79004F3AC649B375891C,2020-09-27 05:39:56.218000,2020-09-27 05:39:58.156000
cia5xomrxjfn557h,failed,not_found,375,1C0736CF3744A3B87C2D2269B8BD3388C7E60552,BE91AA87610DF96D706D3230EF549E33B65C2115,672A56A583C658372E63ACEB43E7F791C2819548,99D56885FD9160FBA33A6468BA1134B60837DC21,2020-09-27 05:39:58.157000,2020-09-27 05:40:01.306000
cia5xomrxjfn557h,failed,not_found,689,1C0736CF3744A3B87C2D2269B8BD3388C7E60552,88DF5D708E931C431902AAABEA981E7951E00085,872108C52C52CC10217A351C883E991AEDF7C470,38F21DEE29E40DCDF9460A80662B7723562CA008,2020-09-27 05:40:01.306000,2020-09-27 05:40:03.481000
cia5xomrxjfn557h,failed,not_found,903,1C0736CF3744A3B87C2D2269B8BD3388C7E60552,99D5C9A5A7238986D1EA1D7771CF81B4A192C4D0,330CD3DB6AD266DC70CDB512B036957D03D9BC59,99B2CBF6EFD80ACD303E8089656668EF236015CD,2020-09-27 05:40:03.481000,2020-09-27 05:40:05.997000
cia5xomrxjfn557h,failed,not_found,1039,1C0736CF3744A3B87C2D2269B8BD3388C7E60552,5CCC3569C67B7F1BB733664D43DF4645F2A4B04D,8E7ACAD878BBD61097C0E0D557160F5D59BCE5CA,38EF2FCFE72C49C634FE082D6CAB5D8F423B4626,2020-09-27 05:40:05.998000,2020-09-27 05:40:07.676000
cia5xomrxjfn557h,failed,not_found,1311,1C0736CF3744A3B87C2D2269B8BD3388C7E60552,9ECF0C8EEA5C07DE54A346EDB371B48845A3FD0F,2AA5F598F9A1812F01CD99E3B59BB87362ED7438,38F0B34A86E19A2C65B20F95BFB0CBE40E3165C9,2020-09-27 05:40:07.676000,2020-09-27 05:40:10.115000
2s6un2pk62bsb4vw,,,,,,,9738F8F5C386CDAF5707D0DCED428F2813CA285F,2020-09-27 05:39:56.277000,
fyqxllkaw2gd7jol,failed,not_found,207,1C0736CF3744A3B87C2D2269B8BD3388C7E60552,0F6E5CA4BF5565D9AA9FDDCA165AFC6A5305763D,EB65CCB8612FA67FED17B57DA5B6919E40296DD0,8646226690C1D4F2DDC3021F89909A26A8C32A27,2020-09-27 05:39:56.277000,2020-09-27 05:39:58.107000
fyqxllkaw2gd7jol,failed,not_found,368,1C0736CF3744A3B87C2D2269B8BD3388C7E60552,4EBE3B18F7D38D0A2FDD67B47A55CB9069368723,E90F52D29788BD86B5C057EE23383467920FC175,863FDDA3CA537CE03646B3AEBD3FD1CC6B077FBE,2020-09-27 05:39:58.108000,2020-09-27 05:40:00.348000
fyqxllkaw2gd7jol,failed,not_found,816,1C0736CF3744A3B87C2D2269B8BD3388C7E60552,562434D987CF49D45649B76ADCA993BEA8F78471,22E6FBDB8D77B4C0FA017D6C5F9B45BECDCBCFF8,A5AF5D1904550DD27B1C50872D9496C73D916AEE,2020-09-27 05:40:00.348000,2020-09-27 05:40:05.365000
fyqxllkaw2gd7jol,failed,not_found,1084,1C0736CF3744A3B87C2D2269B8BD3388C7E60552,87B529BCF6B52BE28BBB22EC4AA702F9AE42D551,A96DA63E4415E776FBFCCF3DA7154C804534B6E7,863D7DD65F64F06934A8CFB228653E38A061FDCD,2020-09-27 05:40:05.365000,2020-09-27 05:40:08.204000
fyqxllkaw2gd7jol,failed,not_found,1384,1C0736CF3744A3B87C2D2269B8BD3388C7E60552,2D531C17827E0054DF612F26EEAAE51220CFE799,D111CA928084A907D8BE9B3F1E1D05227A5FBBE0,A5B93F8313132071E1E654EBCCBFE9F1F073D98F,2020-09-27 05:40:08.205000,2020-09-27 05:40:10.996000
fyqxllkaw2gd7jol,failed,not_found,1662,1C0736CF3744A3B87C2D2269B8BD3388C7E60552,8DCB526722FBE2B3F4C0CE9D020B0589170F8BDA,9F5068310818ED7C70B0BC4087AB55CB12CB4377,A5B15D590C207446BFB6F739FCA67DE8C176F431,2020-09-27 05:40:10.997000,2020-09-27 05:40:14.969000
tqwynra2lnqky7it,failed,not_found,280,1C0736CF3744A3B87C2D2269B8BD3388C7E60552,3D6C776E8BE9E8AE5D0591594117999E3C5498C8,B96B5141004995295FE87DCCE1A54519BD0BB48A,412AB9D6A761ECADB60D7EA4F2CB389C0AF42F3F,2020-09-27 05:39:57.217000,2020-09-27 05:39:58.979000
tqwynra2lnqky7it,failed,not_found,763,1C0736CF3744A3B87C2D2269B8BD3388C7E60552,97B7BA747B62A9962DEDCE404FF33106D4032F91,86999BBDE577083BCA6FE4EE2229BC3B1D58BD07,7C7FFB1C48B7E0C5C9B3D11FEC2F8500F464786A,2020-09-27 05:39:58.979000,2020-09-27 05:40:04.374000
tqwynra2lnqky7it,failed,not_found,1014,1C0736CF3744A3B87C2D2269B8BD3388C7E60552,1DE443C3D9C0DC4BB0144180DAF4A3C25BBC91EC,44BD70C13DAA7513D6F47773804178B009F21ED5,7C5C0E83CA290FFF6D5E30D9E0E3FFC9BAE0D0C5,2020-09-27 05:40:04.375000,2020-09-27 05:40:07.312000
tqwynra2lnqky7it,failed,not_found,1260,1C0736CF3744A3B87C2D2269B8BD3388C7E60552,C303038FDCC72805A160FF64E994333A49ECDA71,5C5D61F279AA0816F506FD5CE86C30F256291DDE,7C56BA2175839470ACAAB72E045DD6820764B733,2020-09-27 05:40:07.312000,2020-09-27 05:40:09.725000
tqwynra2lnqky7it,failed,not_found,1514,1C0736CF3744A3B87C2D2269B8BD3388C7E60552,3F43D0584A2613C9DB631382FF486DC6B95EA1C8,C1939D36649DE98A202429631D8EFC70128D5F5F,412767ECB0CEF7DCBAF8748DDBA8575860DD6782,2020-09-27 05:40:09.725000,2020-09-27 05:40:13.063000
tqwynra2lnqky7it,failed,not_found,1826,1C0736CF3744A3B87C2D2269B8BD3388C7E60552,8F22AFDD06AA4238ADD93A8EA6FBC2BB9C652711,86CDD0D92AB972538416A382D99666736CDDF141,41280DE9ABE5BF10F7F5DCB13A28C07082064147,2020-09-27 05:40:13.064000,2020-09-27 05:40:17.099000
kiv3vtw63tluqlv4,failed,not_found,284,1C0736CF3744A3B87C2D2269B8BD3388C7E60552,6111C6005AB56498BE5E35666B2522CEBE17D14E,AE31E0FBF0D3E1B39F1DD8F55BC070D11AF524B0,4089AFC68F3CBEA8D135F5D7110DAA8A14F3928B,2020-09-27 05:39:57.270000,2020-09-27 05:39:59.680000
kiv3vtw63tluqlv4,failed,not_found,984,1C0736CF3744A3B87C2D2269B8BD3388C7E60552,23A2D8DDF761F35CC63BDF65E604B76A7E2F6971,0ED0EA324C931CF41CB5272BFB1D015B3D5772A9,4099DEA68268A5ED261078DE1734891334A146F9,2020-09-27 05:39:59.681000,2020-09-27 05:40:06.448000
kiv3vtw63tluqlv4,failed,not_found,1402,1C0736CF3744A3B87C2D2269B8BD3388C7E60552,F5F4019509109A07E90C45A022CEED9ECA1643C8,BF5C0C5D3A1C6654FEBA5FF66B00734DF073DB50,40C773D9F2B16143CDB2ADB661DDC6BB12EF3E2C,2020-09-27 05:40:06.448000,2020-09-27 05:40:11.272000
kiv3vtw63tluqlv4,failed,not_found,1686,1C0736CF3744A3B87C2D2269B8BD3388C7E60552,5856DB884578915E7C7A0B7B11E4145B1D2A4E2B,14D57DEDF0A4554A2D21AD53CCCC43E31158C733,F664E5E50B4D216E5940DA7E9CF653F5F9DC561B,2020-09-27 05:40:11.272000,2020-09-27 05:40:15.022000
kiv3vtw63tluqlv4,,,,,,,F6740DEABFD5F62612FA025A5079EA72846B1F67,2020-09-27 05:40:15.022000,
cxberjuviweghxrb,failed,not_found,288,1C0736CF3744A3B87C2D2269B8BD3388C7E60552,DA60C85D526374C1DC8A8796E93F12F7CA3019F2,C303038FDCC72805A160FF64E994333A49ECDA71,177AA760E7F76B259CF26023D793188AE8DC9A6E,2020-09-27 05:39:57.273000,2020-09-27 05:39:59.188000
cxberjuviweghxrb,failed,not_found,477,1C0736CF3744A3B87C2D2269B8BD3388C7E60552,005079A42356183CEA5A3ADD239303F44F12E7EA,2CE96A8A1DA032664C90F574AFFBECE18A6E8DFC,2022BCB37453DC168E6CB7B4DAD119AC072F2DEE,2020-09-27 05:39:59.189000,2020-09-27 05:40:01.109000
cxberjuviweghxrb,failed,not_found,656,1C0736CF3744A3B87C2D2269B8BD3388C7E60552,53E73B74B930BCF51621E6F06E65A3E3BC78E83A,DB5A100152FB7937F02F00B5DDFFFD012789C242,175D1B74B0271F5997C27E020AA167A013FFB7C9,2020-09-27 05:40:01.111000,2020-09-27 05:40:03.218000
cxberjuviweghxrb,failed,not_found,1044,1C0736CF3744A3B87C2D2269B8BD3388C7E60552,1EC884DC535E29D485684CD93D612F9F61C9EF71,0ED0EA324C931CF41CB5272BFB1D015B3D5772A9,2037A6568C5771A5D8FF5C64FC1819247E6FEE7B,2020-09-27 05:40:03.218000,2020-09-27 05:40:08.066000
cxberjuviweghxrb,failed,not_found,1354,1C0736CF3744A3B87C2D2269B8BD3388C7E60552,E6C04728E9339DF22F331B7017D4A7AA3F252F0B,F94A7BAC5D1E3D9372437141E10695A625B8B533,20386D9A32BECBE602375E015FC70117955653F1,2020-09-27 05:40:08.067000,2020-09-27 05:40:10.166000
cxberjuviweghxrb,failed,not_found,1550,1C0736CF3744A3B87C2D2269B8BD3388C7E60552,DA8D76F5F5819693B5C96F499BA19F7404014769,D777D31F95081D0F7223AAD5F8A74977D524145D,17921F4C005759F07E7D2D8007B69999388AAAE0,2020-09-27 05:40:10.167000,2020-09-27 05:40:13.147000
l6uvksuigcm35swf,failed,not_found,386,1C0736CF3744A3B87C2D2269B8BD3388C7E60552,708A968F3644F8A547156368FEA3DB664110E631,FEEF24CDF15BB59B418D1BF94A64BD3E62BB2CF3,4CE6D83FFA8AD24767007E8C972F371F2468F09A,2020-09-27 05:39:58.246000,2020-09-27 05:40:00.849000
l6uvksuigcm35swf,failed,not_found,628,1C0736CF3744A3B87C2D2269B8BD3388C7E60552,B7F60A81737CE635E751C5BCA67BFD20DAF2615C,B79589355A41880DFF82F5225F2940437CEDE925,4CF05E75DD23A18E6E5681C4011E5254784A3EE0,2020-09-27 05:40:00.850000,2020-09-27 05:40:03.213000
l6uvksuigcm35swf,failed,not_found,872,1C0736CF3744A3B87C2D2269B8BD3388C7E60552,A541C211909264081DC3A4F8E105F06139DDCD8B,A400CF836DA351ADDAD9BA350C1ABA350264A4E0,0A2366980A2842D770EF8E136A7DA14876360447,2020-09-27 05:40:03.213000,2020-09-27 05:40:05.579000
l6uvksuigcm35swf,failed,not_found,1106,1C0736CF3744A3B87C2D2269B8BD3388C7E60552,3076FB1CCEB8341322019AD26F69BFC0AA845334,014BD09636373B78CC28BA70E36C7190E3DE236A,4CDCC833FB70B9F3915522FDC90E52C531FEEC49,2020-09-27 05:40:05.580000,2020-09-27 05:40:08.366000
l6uvksuigcm35swf,failed,not_found,1465,1C0736CF3744A3B87C2D2269B8BD3388C7E60552,3239007CE1FB2ECDFDF2067DF23B949295DC5EF6,FE1AF5E909002134BFF834F4AD5E1DE723779002,0A178D302936F209AF3DA77CCC4E3C4D5DBE11E9,2020-09-27 05:40:08.366000,2020-09-27 05:40:11.876000
l6uvksuigcm35swf,failed,not_found,1748,1C0736CF3744A3B87C2D2269B8BD3388C7E60552,6D4D5193A0E290C027FE6B66731133F70946A155,A2E6BB5C391CD46B38C55B4329C35304540771F1,0A2CE9D88D3BA28410EE3B24BD4DC16598753462,2020-09-27 05:40:11.877000,2020-09-27 05:40:15.997000
jqthyxu27txji3m2,failed,not_found,390,1C0736CF3744A3B87C2D2269B8BD3388C7E60552,8C612213C4B5C154FA90847F36FBF36DB78AB1AC,6D163F649ECBE9DC20F016236EF36D7E1559E98E,0E46E058CBC1C37D78896F008BD2D2B99732A149,2020-09-27 05:39:58.339000,2020-09-27 05:40:00.036000
jqthyxu27txji3m2,failed,not_found,551,1C0736CF3744A3B87C2D2269B8BD3388C7E60552,E14D10669DD6E472235F8F0161544B4E7B7CB3C7,425E358E94FB53E7F11AF2D9AB60DE25F534BA1A,7E44E0D39CE8666A98EA5DEBCBB8E12B3906410F,2020-09-27 05:40:00.037000,2020-09-27 05:40:03.916000
jqthyxu27txji3m2,failed,not_found,961,1C0736CF3744A3B87C2D2269B8BD3388C7E60552,0990E0F4F2C127BDDA9B6726400FAC077F6C83B0,BB60F5BA113A0B8B44B7B37DE3567FE561E92F78,7E3279806041BA178283F61ED9EF7B535C54B839,2020-09-27 05:40:03.917000,2020-09-27 05:40:06.774000
jqthyxu27txji3m2,failed,not_found,1409,1C0736CF3744A3B87C2D2269B8BD3388C7E60552,8F5246F0CAD6B34740F6A5734B57E892640FFE7B,2F69F8C4DC02DD15A39BFDB4078A791D89ECEAA2,7E281CD2C315C4F7A84BC7C8721C3BC974DDBFA3,2020-09-27 05:40:06.775000,2020-09-27 05:40:11.564000
jqthyxu27txji3m2,failed,not_found,1722,1C0736CF3744A3B87C2D2269B8BD3388C7E60552,63DE54637F349FD686CF1C036827B5BE826B9F7C,D7829A21726220AF77401BE5B2B132963A0BE82B,0E5522CB4F79E36C0BB263BABC861CFC686929AE,2020-09-27 05:40:11.565000,2020-09-27 05:40:15.458000
jqthyxu27txji3m2,failed,not_found,2442,1C0736CF3744A3B87C2D2269B8BD3388C7E60552,38CC95A8CE92A591D4A5779359BEFFBA13FA1B88,39CF2F22E5018C01FD57DEB1AB8FDFA4592633FB,0E5D730466E5BB675BC9704C374DBE7E19F06165,2020-09-27 05:40:15.459000,2020-09-27 05:40:24.121000
u73l2kh4s42akkoh,failed,not_found,394,1C0736CF3744A3B87C2D2269B8BD3388C7E60552,75A931404453030821C547A4FAA9094A06C48C7A,163303F0583A1917326214379BD1AB2D286046EA,6C620C35C0EA16657960882DE88B28968EBC8689,2020-09-27 05:39:58.340000,2020-09-27 05:40:00.538000
u73l2kh4s42akkoh,failed,not_found,923,1C0736CF3744A3B87C2D2269B8BD3388C7E60552,8AAD0B090311B7A43D44FD353F32D21628C85D52,8B64F593CAC2ED05C0FA703AEF50FF71925B569C,6C64AE6D7EFDA52A463FB6ADCDAE2D2DDE0677C3,2020-09-27 05:40:00.539000,2020-09-27 05:40:06.197000
u73l2kh4s42akkoh,failed,not_found,1398,1C0736CF3744A3B87C2D2269B8BD3388C7E60552,F0A3054C76604DC75D3F57F55C27F1BFB643F107,D16A75E422664448F8A7E7D536D359D512B91256,6C71AC0B8FB6E0255C100DCAE0C283FB3F2F1CC2,2020-09-27 05:40:06.197000,2020-09-27 05:40:10.756000
u73l2kh4s42akkoh,failed,not_found,1625,1C0736CF3744A3B87C2D2269B8BD3388C7E60552,CDAF0B74C45FD5B1955198A8D92C8A518A53D07B,7C22E89AB620E77DF1B4A33787A5EC3F2AB4A8D1,EA1AF22E93AC7B8A00DB3197913EE5CAE11FC2F7,2020-09-27 05:40:10.757000,2020-09-27 05:40:13.743000
u73l2kh4s42akkoh,failed,not_found,1887,1C0736CF3744A3B87C2D2269B8BD3388C7E60552,9AB93B5422149E5DFF4BE6A3814E2F6D9648DB6A,1B02964F5C1DBFE957AE244525A213C115A9F23D,EA3616A0B9BBBDC74121D8D6F01EABDDCF6BE35D,2020-09-27 05:40:13.744000,2020-09-27 05:40:17.215000
u73l2kh4s42akkoh,failed,not_found,2353,1C0736CF3744A3B87C2D2269B8BD3388C7E60552,425835370C1FBE178C21CB53C76672F12BDE091A,C5A1D5B7CB0D12A7B7334F2915134E6DA8F5C46D,EA43347E0DA7CEDD595029B511066628C7C8A653,2020-09-27 05:40:17.216000,2020-09-27 05:40:23.501000
cc6q5nfoag5bbttd,failed,not_found,487,1C0736CF3744A3B87C2D2269B8BD3388C7E60552,5FB384605F53DCBF1CB02143D318DA3E8EE38A24,638D91FC9EF661348A6994D04C3499BC03F50BBE,DA13C3CD7EB23CDFD739C31855658BC5B63841EE,2020-09-27 05:39:59.295000,2020-09-27 05:40:01.306000
cc6q5nfoag5bbttd,failed,not_found,690,1C0736CF3744A3B87C2D2269B8BD3388C7E60552,901CBA6FF3B90618D3FFEFF040353C267F690DF8,461D6EA15966C7F99B43D37ADC116B5B8E47D130,65F241195AD0C8F124B134D8E1FECDDE42C379F9,2020-09-27 05:40:01.306000,2020-09-27 05:40:03.603000
cc6q5nfoag5bbttd,failed,not_found,919,1C0736CF3744A3B87C2D2269B8BD3388C7E60552,6C251FA7F45E9DEDF5F69BA3D167F6BA736F49CD,EA8CEAA8939F20108D4388B6EAE867A5AC6442C1,D9FC98828F09EF87128FED5569AE5459FBA151A7,2020-09-27 05:40:03.604000,2020-09-27 05:40:06.124000
cc6q5nfoag5bbttd,failed,not_found,1397,1C0736CF3744A3B87C2D2269B8BD3388C7E60552,303509AB910EF207B7438C27435C4A2FD579F1B1,4856C97DC4F2271BC896DF9CABD217EE2D869D68,65FBA426CE8126771C5EEB52634F3BB5E6E93B08,2020-09-27 05:40:06.124000,2020-09-27 05:40:10.983000
cc6q5nfoag5bbttd,failed,not_found,1656,1C0736CF3744A3B87C2D2269B8BD3388C7E60552,963879BB424D9A637A63105D5C26A2453C2C2272,7ED3D8AFAC750F8CC0BDF8C87FE3BCBA2BBE2209,65F86FD8B92C3AC01887D86B2171E657D5C19F79,2020-09-27 05:40:10.984000,2020-09-27 05:40:14.195000
cc6q5nfoag5bbttd,failed,not_found,1928,1C0736CF3744A3B87C2D2269B8BD3388C7E60552,BE8737597F2E6B4F805893202C935125829A902E,2F09BD6D9A2D5A7D6D26C17651CE8ECF0B7BA257,D9D6C35E932FEF7100A00C99C199356E82DAB7E6,2020-09-27 05:40:14.196000,2020-09-27 05:40:17.655000
u5ze3ffhqi23hady,failed,not_found,491,1C0736CF3744A3B87C2D2269B8BD3388C7E60552,ADBED8B751D7D63397FF3300BB3DE76141AA168F,A0C59410B9030AC1385C4CA44C8DBFE13AF4BC9B,FE268E95288EE3EF58DA606DAB12AB216CF64B68,2020-09-27 05:39:59.357000,2020-09-27 05:40:01.527000
u5ze3ffhqi23hady,failed,not_found,709,1C0736CF3744A3B87C2D2269B8BD3388C7E60552,85A3AC041E3FCD796AF5D653953D5E27A56E3719,31788AB4138BBC7B923094A20E925B42E555A7A6,FE296180018833AF03A8EACD5894A614623D3F76,2020-09-27 05:40:01.527000,2020-09-27 05:40:04.259000
u5ze3ffhqi23hady,failed,not_found,989,1C0736CF3744A3B87C2D2269B8BD3388C7E60552,58A7199712C0E52B3C5F2F8E8B27B5A62BE58BC8,5DE37A3371AAE7638748EB43C9F1CE66E09D4470,2D8AFA912E2B8623BB2CDACD19332209D524D1A3,2020-09-27 05:40:04.260000,2020-09-27 05:40:07.633000
u5ze3ffhqi23hady,failed,not_found,1300,1C0736CF3744A3B87C2D2269B8BD3388C7E60552,8E5F4EE45E0631A60E59CAA42E1464FD7120459D,96DAFDCE92BA94E4CC95F8314AE48E272A702FDC,2D8A907F61CAED48170963B76BE4FB0ED33E5E88,2020-09-27 05:40:07.633000,2020-09-27 05:40:09.933000
u5ze3ffhqi23hady,failed,not_found,1533,1C0736CF3744A3B87C2D2269B8BD3388C7E60552,E6D4332BF40FDEE7814F2DBC926650EF8032B643,C8BEF3DF07AF38B68DD0DA91B23B19EBD2C7667F,FE1AF5E909002134BFF834F4AD5E1DE723779002,2020-09-27 05:40:09.934000,2020-09-27 05:40:12.573000
u5ze3ffhqi23hady,failed,not_found,2149,1C0736CF3744A3B87C2D2269B8BD3388C7E60552,AFA9E5B8D77B736CCA77704B465F9FA4B9566924,D123C0F8F562804693C47D68C61786023B295E98,2D87D1024FFD749F8A03D9553D0B1BACBE23D5B7,2020-09-27 05:40:12.574000,2020-09-27 05:40:20.740000
gjuxm3hmgvgh7m2t,failed,not_found,637,1C0736CF3744A3B87C2D2269B8BD3388C7E60552,AE6A8C18E7499B586CD36246AC4BCAFFBBF93AB2,A98ADD972045D3CCAEE65C788C3F175BAEA3E324,CD9549ED5A655BA47427A77835C55FF00EC1DA23,2020-09-27 05:39:59.413000,2020-09-27 05:40:02.995000
gjuxm3hmgvgh7m2t,failed,not_found,855,1C0736CF3744A3B87C2D2269B8BD3388C7E60552,76D2EBA82BBCCA3DF9F254A9A8372A10A26F3D14,901CBA6FF3B90618D3FFEFF040353C267F690DF8,CD871CADA15BD5460AB65BAD1C306AC870A6A427,2020-09-27 05:40:02.996000,2020-09-27 05:40:05.510000
gjuxm3hmgvgh7m2t,failed,not_found,1096,1C0736CF3744A3B87C2D2269B8BD3388C7E60552,22BCD0DFD148209C9860C7F89907AB4DEE974A08,E7882187F6FA695450719FD3738D640FBDFF5D48,CD5CF125FED4BE5DA5F259F75AF3D4DD182C54D0,2020-09-27 05:40:05.510000,2020-09-27 05:40:08.205000
gjuxm3hmgvgh7m2t,failed,not_found,1423,1C0736CF3744A3B87C2D2269B8BD3388C7E60552,E81D56AE3FE9919F3A42AB11100901E6BAEC4FCB,F836446663F1EB816F13708955F105D0B2F5C8E0,22D2314BC5146890A8E5C19C884D96C0CBFEAA24,2020-09-27 05:40:08.206000,2020-09-27 05:40:11.562000
gjuxm3hmgvgh7m2t,failed,not_found,1716,1C0736CF3744A3B87C2D2269B8BD3388C7E60552,B401E30710C7623EAC3F1AF34684335E911EBD2B,9ACD9D526D1F82D7A00225742F1BDB374D7D17D4,22BCD0DFD148209C9860C7F89907AB4DEE974A08,2020-09-27 05:40:11.563000,2020-09-27 05:40:15.164000
gjuxm3hmgvgh7m2t,failed,not_found,2099,1C0736CF3744A3B87C2D2269B8BD3388C7E60552,9B24B2149631167704362E07356A9E9BFC1F0F05,976063DB869FF0B4B71D31270BE996A9B069B432,22E1D1DB4723A174E713B1BF4073DAC1C25351B3,2020-09-27 05:40:15.165000,2020-09-27 05:40:20.724000
7nib63pnyics3jax,,,,,,,2B88AAD2E601E56E5EAE82BEC38AAB0CA6EF2283,2020-09-27 05:40:00.441000,
jtb4zh7rw6ll6llr,failed,not_found,586,1C0736CF3744A3B87C2D2269B8BD3388C7E60552,06B308F54B4A779D74B30536964182A09C08AB8F,AEF0EADA8C92A4DF1500FAE303ECD8E1EBD56670,6C9F1A9CA87546159E5D4C33C78128C26DF3CECD,2020-09-27 05:40:00.441000,2020-09-27 05:40:02.821000
jtb4zh7rw6ll6llr,failed,not_found,823,1C0736CF3744A3B87C2D2269B8BD3388C7E60552,2BAF092E8667C00CA3D9686C76D8EC3CC6BC7C5B,DB5DE88B4914F60CDEEF581ECCA8DEA59EF26A90,6C94F282709D385C94087D5F6FB6D8F6648EE3D1,2020-09-27 05:40:02.822000,2020-09-27 05:40:05.276000
jtb4zh7rw6ll6llr,failed,not_found,1070,1C0736CF3744A3B87C2D2269B8BD3388C7E60552,DA4B488C2826DFBBD04D635DA1E71A2BA5B20747,7B53DA28813258A20335C8E8985C05D0D089B441,B1041423779CDBE805CACBD8E72EFA37AA47BBAD,2020-09-27 05:40:05.277000,2020-09-27 05:40:07.980000
jtb4zh7rw6ll6llr,failed,not_found,1348,1C0736CF3744A3B87C2D2269B8BD3388C7E60552,96070698714DC07AE2B377864625B7EF64E33BF5,D6A836B091949DB268139E72BDC3FDC573702055,6CA1E52071B159D74AF35AD3B0DCE128A1B32AE9,2020-09-27 05:40:07.980000,2020-09-27 05:40:10.767000
jtb4zh7rw6ll6llr,failed,not_found,1631,1C0736CF3744A3B87C2D2269B8BD3388C7E60552,3C8609D996441A690BF31A7AB0374D9E33FA2210,0B25110BA3473A6DC04AB58A3A0D5E4D6922A0E0,B0F17A56FA8686CCB33D3F302FC40F06F463B4AE,2020-09-27 05:40:10.768000,2020-09-27 05:40:14.178000
jtb4zh7rw6ll6llr,failed,not_found,2297,1C0736CF3744A3B87C2D2269B8BD3388C7E60552,A79F94117D73D4AFA4BCE340A3CB6E345C817594,40CDE936B04B4573A47223396006443CA5EAC845,B0F9BA27944FA59E3B1A182208FF7C0CFF5497B2,2020-09-27 05:40:14.178000,2020-09-27 05:40:23.518000
feh6e7own6jsqkgy,failed,not_found,590,1C0736CF3744A3B87C2D2269B8BD3388C7E60552,906933A309F15D7CF379127078A6791DF9B0C763,1D54F7CCB7C7A185EE8AA5616C079DD923EB57F2,44FE825405384A8CE396D3369F45A4D62ECDAF66,2020-09-27 05:40:00.443000,2020-09-27 05:40:02.468000
feh6e7own6jsqkgy,failed,not_found,980,1C0736CF3744A3B87C2D2269B8BD3388C7E60552,9B7BAE325EBDAD859868D2C60BF6588CA5949039,B058FBDEA69774C28EAC1111E167BC0AD4A904E0,53B1C6E35706C9EC30B9468B61DFBB67F29BFC2F,2020-09-27 05:40:02.469000,2020-09-27 05:40:06.513000
feh6e7own6jsqkgy,failed,not_found,1416,1C0736CF3744A3B87C2D2269B8BD3388C7E60552,43C83536DACCD110FF11E049A890064F6F87BEB2,4EBE3B18F7D38D0A2FDD67B47A55CB9069368723,53B8B5C2A33C489B54300D558BFEE2C3B12F3875,2020-09-27 05:40:06.513000,2020-09-27 05:40:11.260000
feh6e7own6jsqkgy,failed,not_found,1680,1C0736CF3744A3B87C2D2269B8BD3388C7E60552,59BC32EA48ED1D06A373856434C0C5C4D2D86603,4CFE65E16DBE9D9ED0CFFBD9BEEEE4EAE50CD33F,44FAF1249D46C79CE33A5234D8501261C40E670D,2020-09-27 05:40:11.261000,2020-09-27 05:40:14.736000
feh6e7own6jsqkgy,failed,not_found,2028,1C0736CF3744A3B87C2D2269B8BD3388C7E60552,58A7199712C0E52B3C5F2F8E8B27B5A62BE58BC8,8B0D8D35EC9BE90675E1D054DD7F52F555C80085,4507C2582CBFE28735785981F045C542323EADBB,2020-09-27 05:40:14.736000,2020-09-27 05:40:20.164000
feh6e7own6jsqkgy,failed,not_found,2603,1C0736CF3744A3B87C2D2269B8BD3388C7E60552,8CC7474E0671B257AA821624F6B43D9B07CBDC89,B9962C193AE4313D625E9BFB9415C4306214D330,53B379F4063B3B91B24A7DFFCC2F6533F51B3245,2020-09-27 05:40:20.165000,2020-09-27 05:40:27.434000
nw5tkc5jgfb7cwa7,,,,,,,DD0C8EEC5CA402A9FA4478F10C31A440F71F6885,2020-09-27 05:40:01.249000,
lbodl4uyykayamxv,failed,not_found,1038,1C0736CF3744A3B87C2D2269B8BD3388C7E60552,69BE1831EC63C751D241E5E962DA4793355A6253,F8AA8D8CCBA0C5F2836DE6315CDFA6E4A31A0890,02A29A2F958211F9BB5821153296EFFED900ECC6,2020-09-27 05:40:01.304000,2020-09-27 05:40:07.879000
lbodl4uyykayamxv,failed,not_found,1324,1C0736CF3744A3B87C2D2269B8BD3388C7E60552,5ACC0FB6043235708F7E018E315101FA2194CBB4,B1289B91C190A6803C1ADA6E381C0843CE039D70,7E5B10C6AD637667C3419195FBF78EA809DBC8A2,2020-09-27 05:40:07.880000,2020-09-27 05:40:09.985000
lbodl4uyykayamxv,failed,not_found,1417,1C0736CF3744A3B87C2D2269B8BD3388C7E60552,AC2275831607A95CD8B939C3B8DC466CCF48E2B9,E3D61BAEA0B7CB12CACEDC8821C520557BDFCEA3,02ED4F8DB11F1303BA21B16AA1CF2A0A48547ACA,2020-09-27 05:40:09.986000,2020-09-27 05:40:11.931000
lbodl4uyykayamxv,failed,not_found,2105,1C0736CF3744A3B87C2D2269B8BD3388C7E60552,BCDE75725B927738B6FD34EA2D78F4FA77B99848,4A60B05738087419BFF41A41D2059873EE16E1E9,02AB0923AFF5A47DD011C343F79864C45E9FFB34,2020-09-27 05:40:11.931000,2020-09-27 05:40:20.718000
lbodl4uyykayamxv,failed,not_found,2683,1C0736CF3744A3B87C2D2269B8BD3388C7E60552,F5F4019509109A07E90C45A022CEED9ECA1643C8,2C197A591E36A57F334E8F7E94E466DA522D1972,7E6E9A6FDDB8DC7C92F0CFCC3CBE76C29F061799,2020-09-27 05:40:20.720000,2020-09-27 05:40:27.926000
lbodl4uyykayamxv,failed,not_found,3556,1C0736CF3744A3B87C2D2269B8BD3388C7E60552,38E48C9509E18F405749859EEF299EBC1B829602,069E732EC96774ED5609D4803D7B1130E338B0EB,7E6DAE6BDCBDEB693612704BBFBF164C50F65E53,2020-09-27 05:40:27.927000,2020-09-27 05:40:39.655000
ivdhjajegezduuod,failed,not_found,684,1C0736CF3744A3B87C2D2269B8BD3388C7E60552,AA7630738F82C4DF26BB8EFF131564DACDEAC64C,7B2FD4FFD565993CB4C4334AC0A0C42985EBEADB,745048F51A834FA9152F62021593F2CD62C31ABA,2020-09-27 05:40:01.304000,2020-09-27 05:40:03.917000
ivdhjajegezduuod,failed,not_found,3658,1C0736CF3744A3B87C2D2269B8BD3388C7E60552,322C6E3A973BC10FC36DE3037AD27BC89F14723B,7ECA215D5B0611D5A6131F7616C7B60003781B78,C2A3F4315DEC7F4E31D18818E1002B0C6A2E5535,2020-09-27 05:40:03.918000,2020-09-27 05:40:40.130000
ivdhjajegezduuod,,,,,,,C291114640EA333A6AC5801B5E0EC95C012DFE6B,2020-09-27 05:40:40.131000,
y3p67xuj42q7de4z,failed,not_found,770,1C0736CF3744A3B87C2D2269B8BD3388C7E60552,157CED138D3DE9CBFB5AE0232A319C2980F6C409,B778066DAD76D6EEA7D0D31A82F168A84C0D7955,0647C3F8352BBFA0D57A1C3E0DCF67FC3E073D2C,2020-09-27 05:40:02.286000,2020-09-27 05:40:04.379000
y3p67xuj42q7de4z,failed,not_found,1019,1C0736CF3744A3B87C2D2269B8BD3388C7E60552,C3D92B0696196558E784EF7252A5370192720BE5,B7826E5C7C22D696E42AE96B696F66C5E9D86984,645C3F0545E0975A49F69EC272C0C3EA28586825,2020-09-27 05:40:04.380000,2020-09-27 05:40:07.749000
y3p67xuj42q7de4z,failed,not_found,1317,1C0736CF3744A3B87C2D2269B8BD3388C7E60552,04C3468BE24740347CBCC00534C940DBCBCABC82,DA96AC308288FBFD4641F25F1FA44DDD62FFE42B,064D3C4CC1B854839B0979FE1C2F05ABAB7F9D68,2020-09-27 05:40:07.750000,2020-09-27 05:40:10.623000
y3p67xuj42q7de4z,failed,not_found,1607,1C0736CF3744A3B87C2D2269B8BD3388C7E60552,B7826E5C7C22D696E42AE96B696F66C5E9D86984,0B074C07E88A1A68FA1A35F8CBF9F914A8DD7180,644DECC5A1879C0FE23DE927DD7049F58BBDF349,2020-09-27 05:40:10.623000,2020-09-27 05:40:13.556000
y3p67xuj42q7de4z,failed,not_found,2388,1C0736CF3744A3B87C2D2269B8BD3388C7E60552,459310E0C3A72CAACAE10BEEBB7484D724C9C8C0,8679CBAFD3F447F9E9CD05A5701501248C24AA4F,644074F47257F9A906F9AA5C6B8926C1540A1DA8,2020-09-27 05:40:13.557000,2020-09-27 05:40:24.037000
y3p67xuj42q7de4z,failed,not_found,2753,1C0736CF3744A3B87C2D2269B8BD3388C7E60552,343EC037D633150AFFCC8471E805AABAE1B1D871,58E89A05564E6844FACC5D78A73EF593222561A2,06432D1B5A7C132071626D186D7F1A429C5BBED9,2020-09-27 05:40:24.039000,2020-09-27 05:40:28.964000
n4hr3vjnczdr3pbl,failed,not_found,775,1C0736CF3744A3B87C2D2269B8BD3388C7E60552,CDAF0B74C45FD5B1955198A8D92C8A518A53D07B,3BB035514F8246AC367B5370F4FE120BB11D8C6D,EC619D444A7CF48BF09A366EF521F3FF9ADF1949,2020-09-27 05:40:02.286000,2020-09-27 05:40:04.816000
n4hr3vjnczdr3pbl,failed,not_found,1024,1C0736CF3744A3B87C2D2269B8BD3388C7E60552,87B529BCF6B52BE28BBB22EC4AA702F9AE42D551,98867F5242505A2DD581C85B1CE256090B87F138,EC51FD38AD444AD7A8463BFDA035282755B5EEC1,2020-09-27 05:40:04.817000,2020-09-27 05:40:08.292000
n4hr3vjnczdr3pbl,failed,not_found,1587,1C0736CF3744A3B87C2D2269B8BD3388C7E60552,005079A42356183CEA5A3ADD239303F44F12E7EA,B576A394DFC12B7E900D643C900484765D58C30F,EC469289B6E8B0AAD8A60785551028EC4BB36237,2020-09-27 05:40:08.293000,2020-09-27 05:40:13.347000
n4hr3vjnczdr3pbl,failed,not_found,1941,1C0736CF3744A3B87C2D2269B8BD3388C7E60552,3547FAF7D6526BBE81CC07FACAD612A99BDD9876,5EF0AAAEEE7B1282DA0DBAB94669B73E39DD51B6,2AFF47D161619E32C21B90AE7C65DC2057150294,2020-09-27 05:40:13.348000,2020-09-27 05:40:17.816000
n4hr3vjnczdr3pbl,failed,not_found,2485,1C0736CF3744A3B87C2D2269B8BD3388C7E60552,9B2BC7EFD661072AFADC533BE8DCF1C19D8C2DCC,B143D439B72D239A419F8DCE07B8A8EB1B486FA7,2AD82F3964D325B3FE2FF74E980FB006374EF190,2020-09-27 05:40:17.816000,2020-09-27 05:40:26.163000
n4hr3vjnczdr3pbl,failed,not_found,3257,1C0736CF3744A3B87C2D2269B8BD3388C7E60552,4D4938B725B89561773A161215D88B7C45C43C35,30B6CF0FCBA0505FD7105907999C751D799AE4D2,2AF23516A65C6FF674D33D81480253902388FDBC,2020-09-27 05:40:26.164000,2020-09-27 05:40:35.055000
se4je53haamcyip5,failed,not_found,1900,1C0736CF3744A3B87C2D2269B8BD3388C7E60552,44354E35E9F7F97AF27686D03B0D591686E35394,98EAC67EA6814038285F1A100D786AD8A0CD2A5E,32C6B88EEBD4F6F5AA61F15952E8D88EAD7C67BE,2020-09-27 05:40:02.340000,2020-09-27 05:40:19.956000
se4je53haamcyip5,failed,not_found,2594,1C0736CF3744A3B87C2D2269B8BD3388C7E60552,5FB384605F53DCBF1CB02143D318DA3E8EE38A24,F0C9513539800F762ECAE37F16370D7CBA5E52C2,32E6CC6C6B428B2043F0B3E78F7332F1016D73E1,2020-09-27 05:40:19.956000,2020-09-27 05:40:26.897000
se4je53haamcyip5,failed,not_found,3323,1C0736CF3744A3B87C2D2269B8BD3388C7E60552,F5F4019509109A07E90C45A022CEED9ECA1643C8,7C22E89AB620E77DF1B4A33787A5EC3F2AB4A8D1,FA5A0820B4D068F37A65B80C9315404553B5A053,2020-09-27 05:40:26.897000,2020-09-27 05:40:35.018000
se4je53haamcyip5,,,,,,,32C1100B5EF19A5BFBB431E8D42781C2D09D31C3,2020-09-27 05:40:35.019000,
65h6lfj67wtr7vjx,failed,not_found,894,1C0736CF3744A3B87C2D2269B8BD3388C7E60552,DA4B488C2826DFBBD04D635DA1E71A2BA5B20747,20FD9F93C8C67E198929FD9A0B8ED84134877FBB,C1B79C4CD9B713BBB6B0522155B46A7BFE3BFAAE,2020-09-27 05:40:03.352000,2020-09-27 05:40:05.750000
65h6lfj67wtr7vjx,failed,not_found,1115,1C0736CF3744A3B87C2D2269B8BD3388C7E60552,A59AD84F92B2E5A76EBFE3BE62D3B28AF9BFD127,CBD00958A3B897774E333D75C24E6A75F5220DCC,C1B8C6887867CED2564454058F9082311FAF1AC7,2020-09-27 05:40:05.751000,2020-09-27 05:40:08.441000
65h6lfj67wtr7vjx,failed,not_found,1471,1C0736CF3744A3B87C2D2269B8BD3388C7E60552,8056080EE822B5CA1A8FFF52B7242A82C5E42FBB,59BC32EA48ED1D06A373856434C0C5C4D2D86603,A8503903F97FF27F5D1C3CA38817329F581925E6,2020-09-27 05:40:08.442000,2020-09-27 05:40:12.267000
65h6lfj67wtr7vjx,failed,not_found,2068,1C0736CF3744A3B87C2D2269B8BD3388C7E60552,CF6A6080091BB210AA3892FEFE2F6A396DA08DF3,EA3616A0B9BBBDC74121D8D6F01EABDDCF6BE35D,C1C568D3802481F1BC15F9CB75A4B4DF7592BE50,2020-09-27 05:40:12.267000,2020-09-27 05:40:20.620000
65h6lfj67wtr7vjx,failed,not_found,2463,1C0736CF3744A3B87C2D2269B8BD3388C7E60552,1AAD015F4D885413A2BCE0E58159116901236C49,D72B15450AF8715AAACD612C1151C48A988D9318,A868303126987902D51F2B6F06DD90038C45B119,2020-09-27 05:40:20.621000,2020-09-27 05:40:24.805000
65h6lfj67wtr7vjx,failed,not_found,3179,1C0736CF3744A3B87C2D2269B8BD3388C7E60552,769A297017BB5E92A9A5A3D76725CA12D694AA30,64798E5F481852097A5C1EE7BC90ECC79789EC5E,A857DA8F3728DE4475BFCD86D91351F5E302B3DF,2020-09-27 05:40:24.806000,2020-09-27 05:40:34.026000
bkn3xmacwfcpknu3,failed,not_found,904,1C0736CF3744A3B87C2D2269B8BD3388C7E60552,9288B75B5FF8861EFF32A6BE8825CC38A4F9F8C2,F641F043D50CEFA07EE41EB284466458788808ED,9B816A5B3EB20B8E4E9B9D1FBA299BD3F40F0320,2020-09-27 05:40:03.482000,2020-09-27 05:40:05.754000
bkn3xmacwfcpknu3,failed,not_found,1298,1C0736CF3744A3B87C2D2269B8BD3388C7E60552,0824D7C7FB117D5C6AC01581FD798E670C37C804,09A70E396DE93F54D4541BBB0EC8E2B23761F34F,8F7E120C1D4371FEA19E3C158C180D7DE4EE505C,2020-09-27 05:40:05.755000,2020-09-27 05:40:10.521000
bkn3xmacwfcpknu3,failed,not_found,1574,1C0736CF3744A3B87C2D2269B8BD3388C7E60552,769A297017BB5E92A9A5A3D76725CA12D694AA30,B872BA6804C8C6E140AE1897B44CF32B42FD2397,8F8911CEB5CAA353735DE1EF566B132AB649EF4C,2020-09-27 05:40:10.521000,2020-09-27 05:40:13.311000
bkn3xmacwfcpknu3,failed,not_found,1845,1C0736CF3744A3B87C2D2269B8BD3388C7E60552,B4A96C0852DD0841579D33E09A98D641EACCD73E,5CF2BC575B3537AEE1E531021E2DB682B591C5A4,9B8D08275C852A677E8C65E1DDA74431BE509B4C,2020-09-27 05:40:13.311000,2020-09-27 05:40:16.782000
bkn3xmacwfcpknu3,failed,not_found,2316,1C0736CF3744A3B87C2D2269B8BD3388C7E60552,93C1E14CD600CF51B117DE736741E7400A069AFC,9E4CC64C4F94C359D43C5BA09094323FDBEFD975,8F89078575FEE57675A922E9E088918F63AC750C,2020-09-27 05:40:16.782000,2020-09-27 05:40:23.499000
bkn3xmacwfcpknu3,failed,not_found,2938,1C0736CF3744A3B87C2D2269B8BD3388C7E60552,41CEB66108B70108F148BF7778260A87723AACA1,CB1CE5D58F07BCACBD06FBA82ED2359D5E8CE911,9B8BC7AB8792ED42DD9C5D7E8D02C38E60FBA381,2020-09-27 05:40:23.499000,2020-09-27 05:40:30.738000
a6py64sbkw353nv4,failed,not_found,913,1C0736CF3744A3B87C2D2269B8BD3388C7E60552,CDAEBA458F6129776643751934076A51D851C348,638D91FC9EF661348A6994D04C3499BC03F50BBE,61C03827FD9914CDCB2EA809A824A435AEA0189A,2020-09-27 05:40:03.550000,2020-09-27 05:40:05.812000
a6py64sbkw353nv4,failed,not_found,1131,1C0736CF3744A3B87C2D2269B8BD3388C7E60552,005079A42356183CEA5A3ADD239303F44F12E7EA,43C83536DACCD110FF11E049A890064F6F87BEB2,47E1157F7DA6DF80EC00D745D73ACD7B0A380BCF,2020-09-27 05:40:05.813000,2020-09-27 05:40:08.860000
a6py64sbkw353nv4,failed,not_found,1624,1C0736CF3744A3B87C2D2269B8BD3388C7E60552,37535409102DFFE92F3DAC809E470E62BC27F1DF,B0DB2F173F0DB364BABF7A465D796B3C048F1F33,61AF790EF78C2D73C8E3D8E2596D42A1AACE1359,2020-09-27 05:40:08.861000,2020-09-27 05:40:14.625000
a6py64sbkw353nv4,failed,not_found,2118,1C0736CF3744A3B87C2D2269B8BD3388C7E60552,2CF2DFBA221B77E96E9FE69725AE82F4E101BE4A,9C34EAD957DF77978BCF356F3F96B9A79E3961CB,61B8BDC91AA7BC9A05EB5A3D652FFF88C98E6911,2020-09-27 05:40:14.625000,2020-09-27 05:40:20.736000
a6py64sbkw353nv4,failed,not_found,2693,1C0736CF3744A3B87C2D2269B8BD3388C7E60552,0B555940D37DC849728841C0B290074E1A1BDCA8,FD79B7F9230858B48E75F389661840C702511078,47E49319DD67784F1E65B5793371BE467365979E,2020-09-27 05:40:20.737000,2020-09-27 05:40:27.704000
a6py64sbkw353nv4,failed,not_found,3499,1C0736CF3744A3B87C2D2269B8BD3388C7E60552,05C621B44EF6833889AE7B7E2A0B476569C47E37,F5E368D9FC8693BB85D2F65A262E676353BAD69D,47C42E2094EE482E7C9B586B10BABFB67557030B,2020-09-27 05:40:27.705000,2020-09-27 05:40:38.188000
ftrf7heqdo4jcqdo,failed,not_found,994,1C0736CF3744A3B87C2D2269B8BD3388C7E60552,724E86E7F5DA715529DC0ECAA013AE4BDC680E4C,1FA44BC51BF2416D3E44C9AAD732F7B14C0D1C05,2D317788EE8EBD11BE698EC58AB871DC6E0FC297,2020-09-27 05:40:04.260000,2020-09-27 05:40:08.197000
ftrf7heqdo4jcqdo,failed,not_found,1378,1C0736CF3744A3B87C2D2269B8BD3388C7E60552,47C362713928A711FC105AF54993576E41CB1B7F,488E663B4A88C12E6DE6C12F7A6053F09BF7A61A,36045C1900EC3FDF1DDA9BEC72DDF7DE50DAF021,2020-09-27 05:40:08.198000,2020-09-27 05:40:10.591000
ftrf7heqdo4jcqdo,failed,not_found,1580,1C0736CF3744A3B87C2D2269B8BD3388C7E60552,AF42BD51EEBA9329E110AA8D206FED316E1DA671,88249F18737379DAC87185E5EC75626EB1F414EB,35E98FB0B591DF3B357FFEDD3DADB10DAD027D7D,2020-09-27 05:40:10.592000,2020-09-27 05:40:13.580000
ftrf7heqdo4jcqdo,failed,not_found,2421,1C0736CF3744A3B87C2D2269B8BD3388C7E60552,837D5EA513DF7FDDA36BE569C646151CDA4B9935,335037A5AAAE9FEF4A7A00AE5F68064971F1710D,2D418A89F79DB4A8E658BA549FBB974D1D22DD1A,2020-09-27 05:40:13.581000,2020-09-27 05:40:24.454000
ftrf7heqdo4jcqdo,failed,not_found,3146,1C0736CF3744A3B87C2D2269B8BD3388C7E60552,454BE75256A4A5EC2B7FE2EB2E1C62F2736AB175,F12F8DFDDE1969D4E5940781E3DAB326D28C1220,2D531C17827E0054DF612F26EEAAE51220CFE799,2020-09-27 05:40:24.454000,2020-09-27 05:40:34.070000
ftrf7heqdo4jcqdo,,,,,,,35DBE43445BB44D817084200BA05E8A0573EDFD4,2020-09-27 05:40:34.071000,
bxnifuf72xa2pppz,failed,not_found,999,1C0736CF3744A3B87C2D2269B8BD3388C7E60552,1C8B3C3D8BC705883B7799C915B2FE1E0FEB006F,CC701FCE86D6AF95FC3D5B71645D3430794910C1,C92F69EE5756200F160CCFAFE9C3C984D3E6D561,2020-09-27 05:40:04.303000,2020-09-27 05:40:07.239000
bxnifuf72xa2pppz,failed,not_found,1126,1C0736CF3744A3B87C2D2269B8BD3388C7E60552,F5F4019509109A07E90C45A022CEED9ECA1643C8,310723122778237508274A36E9557B060A531BDD,B3D56C1E0AD84BA93AF6DC533A8569C3D0E8A58B,2020-09-27 05:40:07.240000,2020-09-27 05:40:08.845000
bxnifuf72xa2pppz,failed,not_found,1832,1C0736CF3744A3B87C2D2269B8BD3388C7E60552,FB016E16B8CD7A0E53DEEF31ED8754E4F6B8E837,3FE1AA163445DC0E0677B5227F507907C4872A30,B3C6B4D26A20151F568D39ACFA63E15DBC01CD5D,2020-09-27 05:40:08.845000,2020-09-27 05:40:16.764000
bxnifuf72xa2pppz,failed,not_found,2289,1C0736CF3744A3B87C2D2269B8BD3388C7E60552,5FB384605F53DCBF1CB02143D318DA3E8EE38A24,DEA98B7F9BA8B7F8A098D3939A6FE446084B48E7,C9857DF26C27473F7338D613832C9C299ABF77BE,2020-09-27 05:40:16.765000,2020-09-27 05:40:23.005000
bxnifuf72xa2pppz,failed,not_found,2850,1C0736CF3744A3B87C2D2269B8BD3388C7E60552,4F1B6DDF9A8D7747BF5DD562B895A700008EC906,211310CD09EC290505C1F24018AE5330076412A0,C92ECAF73512E2CCB15827A192B7AF3E9DBC896E,2020-09-27 05:40:23.006000,2020-09-27 05:40:30.351000
bxnifuf72xa2pppz,,,,,,,B3AA9132A7D759863BFAB6CD12DA6646F2A5D1AD,2020-09-27 05:40:30.351000,
zmfp5ml3ocsxqnun,failed,not_found,1009,1C0736CF3744A3B87C2D2269B8BD3388C7E60552,E68CC9C2E262E01C4C71C8F66F07517B0AB5E245,E7EF73B4722CFAF0E8AA2151D3AA78701DE5F19B,8FDEAE759A90C648863BED85D07113D3FA2AA6FF,2020-09-27 05:40:04.304000,2020-09-27 05:40:07.750000
zmfp5ml3ocsxqnun,failed,not_found,1318,1C0736CF3744A3B87C2D2269B8BD3388C7E60552,4CA64E677ECFF23B138CFE70A6A02E94BDF3A805,5D41BBE918C4DFEEFD620CAD949DF862A21C5653,5FC3CC8F3EAE1F0440B59BA6AABF13BD4611C0B5,2020-09-27 05:40:07.750000,2020-09-27 05:40:10.612000
zmfp5ml3ocsxqnun,failed,not_found,1594,1C0736CF3744A3B87C2D2269B8BD3388C7E60552,2AA5F598F9A1812F01CD99E3B59BB87362ED7438,FA2BC7D1FA3530C945F791F4A05557B34706B43F,8FC7998C90FFBE05B1F31CB7A70D0BA71DB9C14F,2020-09-27 05:40:10.613000,2020-09-27 05:40:15.143000
zmfp5ml3ocsxqnun,failed,not_found,2090,1C0736CF3744A3B87C2D2269B8BD3388C7E60552,A597AC866E40CAB5A67759ADE4942192E99DE684,C3D92B0696196558E784EF7252A5370192720BE5,8FF24DC61EA335CAFDD5699A937AD96D594E5904,2020-09-27 05:40:15.143000,2020-09-27 05:40:20.560000
zmfp5ml3ocsxqnun,failed,not_found,2663,1C0736CF3744A3B87C2D2269B8BD3388C7E60552,3B60AEB127F4A8CDE7F3798B799EBDC3463FB9C7,6BA54D7805A44F63A75D70AFEC8D2DF6BA7BCAE0,5FC87681FDFB16BF734EB4EB351A4998C564948F,2020-09-27 05:40:20.560000,2020-09-27 05:40:29.103000
zmfp5ml3ocsxqnun,,,,,,,5FD8DA8E88DADB97D132A56ADE73DB60F21A9393,2020-09-27 05:40:29.104000,
l3eyor3uf3fm3nqi,failed,not_found,1079,1C0736CF3744A3B87C2D2269B8BD3388C7E60552,A0C59410B9030AC1385C4CA44C8DBFE13AF4BC9B,72A33E374DE5AD1E617394896F0FD8B092D3E7C4,7C56BA2175839470ACAAB72E045DD6820764B733,2020-09-27 05:40:05.364000,2020-09-27 05:40:08.112000
l3eyor3uf3fm3nqi,failed,not_found,1366,1C0736CF3744A3B87C2D2269B8BD3388C7E60552,FD449127D30D8F5D124653D9EF736EDF4A12B4DC,CE34F2DA5B7B419D9D126530DCE86EA87D6D13EE,7C499ACD60FB651DD486B6D802290A3EBBECCD84,2020-09-27 05:40:08.112000,2020-09-27 05:40:10.635000
l3eyor3uf3fm3nqi,failed,not_found,1496,1C0736CF3744A3B87C2D2269B8BD3388C7E60552,8CDF2F3A8ABD834CF9F3E8FC202DF64625BFB443,7FA3FA525901A91A1310B817943668BC2C16289E,876C7CE43774366250D3E768E690DAB9D4B5D5A3,2020-09-27 05:40:10.635000,2020-09-27 05:40:12.279000
l3eyor3uf3fm3nqi,failed,not_found,1912,1C0736CF3744A3B87C2D2269B8BD3388C7E60552,3A8557B067FBE53F168BBEAA7D14D1298AE52A52,E46C3F0533709EE2112874B13A4FE3868B33E75E,7C22E89AB620E77DF1B4A33787A5EC3F2AB4A8D1,2020-09-27 05:40:12.280000,2020-09-27 05:40:17.219000
l3eyor3uf3fm3nqi,failed,not_found,2362,1C0736CF3744A3B87C2D2269B8BD3388C7E60552,7AA7FC80E3E0D32E929D2CC094EACF529C95264C,D29B31FDB5EDD2D1B94CD31C2F13B5CF411B1268,875F74A3DC14737BECA06F8B500022154D1A29D1,2020-09-27 05:40:17.220000,2020-09-27 05:40:26.067000
l3eyor3uf3fm3nqi,,,,,,,876B69F71C444A4DBD5BD67581789ACE94C9FA98,2020-09-27 05:40:26.068000,
hcz36leybowagibx,failed,not_found,1085,1C0736CF3744A3B87C2D2269B8BD3388C7E60552,CF8CC4763298F77FF64DAF340D26D1BBF3362C5B,B7EF647EF659726C716243A82877D20AA7978EBC,148487C6EBE04EB22496080C20796C51B060F611,2020-09-27 05:40:05.451000,2020-09-27 05:40:08.675000
hcz36leybowagibx,failed,not_found,1477,1C0736CF3744A3B87C2D2269B8BD3388C7E60552,6C251FA7F45E9DEDF5F69BA3D167F6BA736F49CD,FC1E441E097BA36930AA2F615EFB325AF76D2595,73CC65219889443C06E06A0B6D427B1FE1C37379,2020-09-27 05:40:08.676000,2020-09-27 05:40:12.086000
hcz36leybowagibx,failed,not_found,1906,1C0736CF3744A3B87C2D2269B8BD3388C7E60552,CFDF99EE1923D870329F8DAE54398FD45409F01F,A0D074E05B8AF09D1605AA97E14DF5C23832EBFC,14877C6384A9E793F422C8D1DDA447CACA4F7C4B,2020-09-27 05:40:12.086000,2020-09-27 05:40:17.914000
hcz36leybowagibx,failed,not_found,2494,1C0736CF3744A3B87C2D2269B8BD3388C7E60552,BF37445EA2A9F3D04F4B87DFAC624AEF21B559D5,431702B3A68A6015F9955DD4FD0129175B43EA0F,144CCCE4EFE85215BC0866E797BEA8F85929CFED,2020-09-27 05:40:17.914000,2020-09-27 05:40:25.835000
hcz36leybowagibx,failed,not_found,3234,1C0736CF3744A3B87C2D2269B8BD3388C7E60552,130E69E8F783DEF256E757FA78154B7DC2A39E0E,B2CB9E5C80367C9026A806EC4801E22425AA7E8A,73A5A81688BD536BFBABE18630F5BD6306C9AC8E,2020-09-27 05:40:25.836000,2020-09-27 05:40:34.797000
hcz36leybowagibx,,,,,,,73C4C4AE90A8F83D3A091B395C7D5B913D50604D,2020-09-27 05:40:34.798000,
4mv5spyr2onzaedd,failed,not_found,1086,1C0736CF3744A3B87C2D2269B8BD3388C7E60552,18B160CD5E22BFC345AEE7BA84B7EA45BF457FCA,926955277C7BDB6CD1E1561A91847CBCD5B079E5,E0023AC14180112A2FFF00A84C6049862BB3E6C3,2020-09-27 05:40:05.452000,2020-09-27 05:40:08.109000
4mv5spyr2onzaedd,failed,not_found,1360,1C0736CF3744A3B87C2D2269B8BD3388C7E60552,47A83EC4D144FB8094A57DC5AEB39E9F6F174036,68F175CCABE727AA2D2309BCD8789499CEE36ED7,E00764EDD2D5DA338CEA2EED8691E1FCAAF4A6E9,2020-09-27 05:40:08.109000,2020-09-27 05:40:10.778000
4mv5spyr2onzaedd,failed,not_found,1643,1C0736CF3744A3B87C2D2269B8BD3388C7E60552,63540827C4832D214984EA47B7A68C593F9F862F,157CED138D3DE9CBFB5AE0232A319C2980F6C409,FF9FC6D130FA26AE3AE8B23688691DC419F0F22E,2020-09-27 05:40:10.779000,2020-09-27 05:40:13.977000
4mv5spyr2onzaedd,failed,not_found,1895,1C0736CF3744A3B87C2D2269B8BD3388C7E60552,2F33A834C3216E8F41684B5114A7ABE68E216B3B,819C8AFEDAC733315A8F3DB80F043F13090C49F6,FF8F56B5E1A36341F84FF72927CEB3F0AC6BC6A9,2020-09-27 05:40:13.978000,2020-09-27 05:40:17.386000
4mv5spyr2onzaedd,failed,not_found,2414,1C0736CF3744A3B87C2D2269B8BD3388C7E60552,2ACEC0EB4F92729B8CA22C868545866B9529431C,C013F6A7A2297FA4CD00D05EF4A1C5222B844B25,FF87E49EF33078B04A5DE26AAE170DDF8BAE139F,2020-09-27 05:40:17.386000,2020-09-27 05:40:23.913000
4mv5spyr2onzaedd,failed,not_found,3005,1C0736CF3744A3B87C2D2269B8BD3388C7E60552,FA85FE81093FE5D53DDCEA2DBA286E8CCC9C6DDD,E312A938D71045BE3A5C1FF3AB87CF7464194861,E006EA04C696BBD6E35407538131305FF3CB8C16,2020-09-27 05:40:23.914000,2020-09-27 05:40:30.934000
tsabeujv23n44d5t,failed,not_found,1399,1C0736CF3744A3B87C2D2269B8BD3388C7E60552,6E4B0D429CD87AB6C25D72E298294C583FF8BA4A,D4C381686A379E3CC3C09F95E1F6E4BFF27C489C,7D8EBB86CF2EB560F938BEF018E1D8FD6B36B327,2020-09-27 05:40:06.375000,2020-09-27 05:40:10.779000
tsabeujv23n44d5t,failed,not_found,1649,1C0736CF3744A3B87C2D2269B8BD3388C7E60552,C303038FDCC72805A160FF64E994333A49ECDA71,D6A836B091949DB268139E72BDC3FDC573702055,7D921363817BE896B5462E90033DA937BEF7CE3F,2020-09-27 05:40:10.779000,2020-09-27 05:40:14.732000
tsabeujv23n44d5t,failed,not_found,2350,1C0736CF3744A3B87C2D2269B8BD3388C7E60552,F4A4D78F16E9A0353AD5BBEF4632C7022E20FB20,1E03D81C9744DE0E3C9DE6E6FBDF1DF9DAEA5AFC,7D693C2A9C3B0B2D69F473AF1C0E1CBE05EAD412,2020-09-27 05:40:14.733000,2020-09-27 05:40:23.377000
tsabeujv23n44d5t,failed,not_found,3881,1C0736CF3744A3B87C2D2269B8BD3388C7E60552,0085057C17BD2E1809E284825F06F94E72FB418C,982A103489DF8410585B8077B7FD813217093EB4,876B69F71C444A4DBD5BD67581789ACE94C9FA98,2020-09-27 05:40:23.377000,2020-09-27 05:40:45.081000
tsabeujv23n44d5t,,,,,,,879370F54AA1162ED85783996CAA963E642B3056,2020-09-27 05:40:45.082000,
5xshdcahmrh4bmq3,failed,not_found,1400,1C0736CF3744A3B87C2D2269B8BD3388C7E60552,303509AB910EF207B7438C27435C4A2FD579F1B1,1C70C2AA7F3772CE07C4EF6B18A6E330150372EE,C41ADE229598201F913426E9C6B9647098AEE28D,2020-09-27 05:40:06.375000,2020-09-27 05:40:11.003000
5xshdcahmrh4bmq3,failed,not_found,1668,1C0736CF3744A3B87C2D2269B8BD3388C7E60552,14E72D4DA10B66353E583F26EE04AC0D563EA7EF,D5C01B85FB3A48D55698CA660A2DE8935388816E,C414F28FD2BEC1553024299B31D4E726BEB8E788,2020-09-27 05:40:11.003000,2020-09-27 05:40:15.131000
5xshdcahmrh4bmq3,failed,not_found,2081,1C0736CF3744A3B87C2D2269B8BD3388C7E60552,52D5FB2004C67127C73B71478238FA66122BD443,4856C97DC4F2271BC896DF9CABD217EE2D869D68,3431940DFB4643A3EE3F4465BFF2655CA9BDEB96,2020-09-27 05:40:15.132000,2020-09-27 05:40:20.280000
5xshdcahmrh4bmq3,,,,,,,C43827BB94B59CE61987310F80A035C5AB9DF002,2020-09-27 05:40:20.280000,
ojlprx6dxrn5ac26,failed,not_found,1520,1C0736CF3744A3B87C2D2269B8BD3388C7E60552,D64D25D465B9D145320E5A4A32BB45B53BFDA06F,98AEF7B834D688773CE2BCC5A32761A4943CF623,D7EB93B50A4D1EEDBC5354C312428680F3AA9025,2020-09-27 05:40:06.384000,2020-09-27 05:40:12.388000
ojlprx6dxrn5ac26,failed,not_found,1796,1C0736CF3744A3B87C2D2269B8BD3388C7E60552,66BD39FE805AED414ADE400CAAD862C9CC3AC34E,F641F043D50CEFA07EE41EB284466458788808ED,D7E1B4F504FC22027FA06BA5F1F0F59C24FA2912,2020-09-27 05:40:12.389000,2020-09-27 05:40:16.766000
ojlprx6dxrn5ac26,failed,not_found,2307,1C0736CF3744A3B87C2D2269B8BD3388C7E60552,8679CBAFD3F447F9E9CD05A5701501248C24AA4F,005079A42356183CEA5A3ADD239303F44F12E7EA,D7DB8E82604F806766FC3F80213CF719A0481D0B,2020-09-27 05:40:16.767000,2020-09-27 05:40:23.031000
ojlprx6dxrn5ac26,failed,not_found,2861,1C0736CF3744A3B87C2D2269B8BD3388C7E60552,BCDE75725B927738B6FD34EA2D78F4FA77B99848,4D70F05DD308A2EA5B671E440879BFADAC92860F,AD7C011CE0280249FA05053C1AC8E770E242ADF8,2020-09-27 05:40:23.031000,2020-09-27 05:40:30.542000
ojlprx6dxrn5ac26,failed,not_found,3826,1C0736CF3744A3B87C2D2269B8BD3388C7E60552,BA61B1ED4101F341622484C17A9BBE0EC5B70BF5,5FB384605F53DCBF1CB02143D318DA3E8EE38A24,AD86CD1A49573D52A7B6F4A35750F161AAD89C88,2020-09-27 05:40:30.543000,2020-09-27 05:40:44.950000
ojlprx6dxrn5ac26,,,,,,,AD76F68E461FAF90D9A93221A994A0F6F84DD6A3,2020-09-27 05:40:44.951000,
qptp3e55s5vffigr,failed,not_found,1271,1C0736CF3744A3B87C2D2269B8BD3388C7E60552,774A2C5AC5D005236C7F90062406C06F4D67666F,72C2EB697C3CD4CE7408359B386DEE6B2888F714,427E5C8ADC43B09582DDDA80EA8EDFBD05DF5003,2020-09-27 05:40:07.432000,2020-09-27 05:40:10.107000
qptp3e55s5vffigr,failed,not_found,1544,1C0736CF3744A3B87C2D2269B8BD3388C7E60552,FD449127D30D8F5D124653D9EF736EDF4A12B4DC,2AA5F598F9A1812F01CD99E3B59BB87362ED7438,427DEDAA28D39672F3D9B7714170C724634671F3,2020-09-27 05:40:10.107000,2020-09-27 05:40:12.743000
qptp3e55s5vffigr,failed,not_found,2110,1C0736CF3744A3B87C2D2269B8BD3388C7E60552,022A5535F42B1A9F9AA755C4EAB5F36FEF9781D8,93F97B76A7D0F0947C4C75AC62017E45BBFE6C08,4273E6D162ED2717A1CF4207A254004CD3F5307B,2020-09-27 05:40:12.743000,2020-09-27 05:40:20.433000
qptp3e55s5vffigr,failed,not_found,2653,1C0736CF3744A3B87C2D2269B8BD3388C7E60552,C0CBBD17F848C8F9A49104A96DB498013B30F14F,D0354E2C21D9C7D2882262FF2DAF35618ED58DBB,1FE9F0F999FB72F4AFB0D1B9239B78E9519C11F7,2020-09-27 05:40:20.433000,2020-09-27 05:40:27.954000
qptp3e55s5vffigr,failed,not_found,3567,1C0736CF3744A3B87C2D2269B8BD3388C7E60552,0A58B05D403A2663EB56124F8C7AAB0CABFAA115,879370F54AA1162ED85783996CAA963E642B3056,2022BCB37453DC168E6CB7B4DAD119AC072F2DEE,2020-09-27 05:40:27.955000,2020-09-27 05:40:38.680000
qptp3e55s5vffigr,,,,,,,200473B7974E8D78B75B28DBD6C218DA3A0B8059,2020-09-27 05:40:38.680000,
alm7iesqxbouwtmq,failed,not_found,1282,1C0736CF3744A3B87C2D2269B8BD3388C7E60552,59EA74708A9C1A24D2EB1A2F150C27119A5FC2A6,431702B3A68A6015F9955DD4FD0129175B43EA0F,7F3D20E72A24ED2EBD92AA9C430B805BA389D02B,2020-09-27 05:40:07.565000,2020-09-27 05:40:09.811000
alm7iesqxbouwtmq,failed,not_found,1655,1C0736CF3744A3B87C2D2269B8BD3388C7E60552,74F44514E060866912DFFE1554D0D135C9DC5148,A2CD32D9D0668DB764AD68C745CE29693CA851B9,8056080EE822B5CA1A8FFF52B7242A82C5E42FBB,2020-09-27 05:40:09.812000,2020-09-27 05:40:14.903000
alm7iesqxbouwtmq,failed,not_found,2440,1C0736CF3744A3B87C2D2269B8BD3388C7E60552,E81993EA52B73285CFFD02FEC003569D21483001,5E2134CE8D3A3B7AA5E597B8EFE3E659B03C02B3,809440FFD575696239DF53F45D49580E4E613395,2020-09-27 05:40:14.903000,2020-09-27 05:40:24.118000
alm7iesqxbouwtmq,failed,not_found,3037,1C0736CF3744A3B87C2D2269B8BD3388C7E60552,303509AB910EF207B7438C27435C4A2FD579F1B1,82DA9678A0BAE60087AA68A3E1D6E6A2C4246D6D,7F5940F7D65B07AE5C2C7A15FE8A63E7708B950E,2020-09-27 05:40:24.118000,2020-09-27 05:40:31.008000
alm7iesqxbouwtmq,,,,,,,8054F105829438B029E7265BB1070F9258705112,2020-09-27 05:40:31.008000,
h533ku5q2p6rx3rs,failed,not_found,1288,1C0736CF3744A3B87C2D2269B8BD3388C7E60552,27452250B484CB90E687227B3274E2BF232158E5,54F5D800DD9783FCF2200E80EF3D1A867A3F6D6B,CE694BA8D019EE60D8E7838CC177E689CEA825EA,2020-09-27 05:40:07.567000,2020-09-27 05:40:09.810000
h533ku5q2p6rx3rs,failed,not_found,1521,1C0736CF3744A3B87C2D2269B8BD3388C7E60552,2F69F8C4DC02DD15A39BFDB4078A791D89ECEAA2,44354E35E9F7F97AF27686D03B0D591686E35394,CE68E04E721157C4FEB99FFAA9037F3B0B7E1CCD,2020-09-27 05:40:09.811000,2020-09-27 05:40:12.515000
h533ku5q2p6rx3rs,failed,not_found,1802,1C0736CF3744A3B87C2D2269B8BD3388C7E60552,901CBA6FF3B90618D3FFEFF040353C267F690DF8,A400CF836DA351ADDAD9BA350C1ABA350264A4E0,CE73020F2E1C7CE59EDF89EAF262A4485DB21062,2020-09-27 05:40:12.515000,2020-09-27 05:40:16.381000
h533ku5q2p6rx3rs,failed,not_found,2443,1C0736CF3744A3B87C2D2269B8BD3388C7E60552,F6CD4DBF5850AC4386DD9A424918AD3C6BA2716F,B576A394DFC12B7E900D643C900484765D58C30F,8FF2896A94BCAA5F0A7C5A56AD6586492CD448AF,2020-09-27 05:40:16.382000,2020-09-27 05:40:24.019000
h533ku5q2p6rx3rs,failed,not_found,3016,1C0736CF3744A3B87C2D2269B8BD3388C7E60552,82DA9678A0BAE60087AA68A3E1D6E6A2C4246D6D,8EA58F28DCA60F56C6F2131BDFE9BF5FAF2233CE,8FF24DC61EA335CAFDD5699A937AD96D594E5904,2020-09-27 05:40:24.020000,2020-09-27 05:40:31.392000
h533ku5q2p6rx3rs,,,,,,,8FDEAE759A90C648863BED85D07113D3FA2AA6FF,2020-09-27 05:40:31.392000,
cul37wzmbxg5eyxa,failed,not_found,1613,1C0736CF3744A3B87C2D2269B8BD3388C7E60552,E81993EA52B73285CFFD02FEC003569D21483001,BF7BFCB3096FC81FBD0B7ADA66164431EC7FD117,ACAE2A7000B2BEB08704AAA0A2DDCADD68E58A63,2020-09-27 05:40:08.228000,2020-09-27 05:40:13.583000
cul37wzmbxg5eyxa,,,,,,,4E81EA3528D6FB79B10B0F11C6FC96CE1C060021,2020-09-27 05:40:13.583000,
gtwkzhewt2pcpum7,failed,not_found,1940,1C0736CF3744A3B87C2D2269B8BD3388C7E60552,DEB594A54845BBF48E218828522BC204C2E3DAE1,11DF0017A43AF1F08825CD5D973297F81AB00FF3,E778381BD386B4723877DE837A895F6E9C241607,2020-09-27 05:40:08.308000,2020-09-27 05:40:18.013000
gtwkzhewt2pcpum7,failed,not_found,2503,1C0736CF3744A3B87C2D2269B8BD3388C7E60552,158D411B51D313456D45EF66D099585976CCDD6F,672A56A583C658372E63ACEB43E7F791C2819548,BD93BEE8C51C129235360A79D76CE6256FF99453,2020-09-27 05:40:18.014000,2020-09-27 05:40:27.623000
gtwkzhewt2pcpum7,failed,not_found,3235,1C0736CF3744A3B87C2D2269B8BD3388C7E60552,A8EC0E51DCC8F4D7A8F6620C253459D68E74560B,99D5C9A5A7238986D1EA1D7771CF81B4A192C4D0,BD839A8E18E97E084430D9342B94B5676F81A373,2020-09-27 05:40:27.623000,2020-09-27 05:40:35.189000
gtwkzhewt2pcpum7,,,,,,,BD9E37F7FD8773AD0C07B22394F179288DC5E2CC,2020-09-27 05:40:35.189000,
b637mxxahfdqo64d,failed,not_found,1934,1C0736CF3744A3B87C2D2269B8BD3388C7E60552,8BE79CE3261C027CE94F84D6CBE45F03BE9B8B59,A1400B309B434D18AF611C379F4DB0FC65C58F17,0B19BBFDC498CCEA23027B1D7BD8E20121B95E60,2020-09-27 05:40:08.308000,2020-09-27 05:40:17.796000
b637mxxahfdqo64d,failed,not_found,2381,1C0736CF3744A3B87C2D2269B8BD3388C7E60552,FB016E16B8CD7A0E53DEEF31ED8754E4F6B8E837,E46C3F0533709EE2112874B13A4FE3868B33E75E,DDBB2A38252ADDA53E4492DDF982CA6CC6E10EC0,2020-09-27 05:40:17.796000,2020-09-27 05:40:23.501000
b637mxxahfdqo64d,failed,not_found,2643,1C0736CF3744A3B87C2D2269B8BD3388C7E60552,431702B3A68A6015F9955DD4FD0129175B43EA0F,02648F2F135C7296A27B1F59D2AE4EEC25D9A877,DE29A5C0DB38AA229286B237798D8817EE6B75E2,2020-09-27 05:40:23.501000,2020-09-27 05:40:31.275000
b637mxxahfdqo64d,,,,,,,DE0421FBD771E6189205D353366874B1790185C7,2020-09-27 05:40:31.276000,
urw3ei5i3qz3hjyi,failed,not_found,1777,1C0736CF3744A3B87C2D2269B8BD3388C7E60552,BCDE75725B927738B6FD34EA2D78F4FA77B99848,AE6A8C18E7499B586CD36246AC4BCAFFBBF93AB2,126E438B6921882FC17F1FC32AAC617300561938,2020-09-27 05:40:09.417000,2020-09-27 05:40:15.998000
urw3ei5i3qz3hjyi,failed,not_found,2432,1C0736CF3744A3B87C2D2269B8BD3388C7E60552,F836446663F1EB816F13708955F105D0B2F5C8E0,FD79B7F9230858B48E75F389661840C702511078,1270F39EF4D3B2EE87927F2D7CE44D7D417359AA,2020-09-27 05:40:15.998000,2020-09-27 05:40:23.722000
urw3ei5i3qz3hjyi,failed,not_found,2983,1C0736CF3744A3B87C2D2269B8BD3388C7E60552,6F1F74A4038660B39189EFFF0A1261D54339BBB5,2CE9BE1FC88B9D0FA03F387C9E4F000B5D4B2AE9,1270E3CFBAFB5FCCE8BFD370CDC9AEA30C23FD55,2020-09-27 05:40:23.722000,2020-09-27 05:40:30.980000
urw3ei5i3qz3hjyi,failed,not_found,3963,1C0736CF3744A3B87C2D2269B8BD3388C7E60552,9ECF0C8EEA5C07DE54A346EDB371B48845A3FD0F,FF21B755C60C998E25EDC5864F709C2ED5C38F9D,F4A376F2DCF40A4E14417C07A3EC5F9AA83E40A0,2020-09-27 05:40:30.981000,2020-09-27 05:40:44.908000
urw3ei5i3qz3hjyi,,,,,,,F4B2C30D7EE708D5129141F7796ACFD11B0165F3,2020-09-27 05:40:44.908000,
k763whw75xxdl7e2,failed,not_found,1502,1C0736CF3744A3B87C2D2269B8BD3388C7E60552,8D41994D1D18E94403C3F67D0699E4C9D2248D4A,6245DC873D6F613C795D48663D65BD8A2266CAF6,18E753214CD827244280BBD36AAC4F8E70B3EE8D,2020-09-27 05:40:09.417000,2020-09-27 05:40:12.299000
k763whw75xxdl7e2,failed,not_found,1964,1C0736CF3744A3B87C2D2269B8BD3388C7E60552,F3DF2415A5ECFB57835CF7E629C3AD0E1DA6732B,5DC40F5357EDF4809A9010828172072C95A73514,C6E184C0983C68B7E8BFC6215E7289E09E97AA0E,2020-09-27 05:40:12.299000,2020-09-27 05:40:18.349000
k763whw75xxdl7e2,failed,not_found,2548,1C0736CF3744A3B87C2D2269B8BD3388C7E60552,62274AC17DCCF4030A6AD8CEBED0C36E7B8592D8,EFEACD781604EB80FBC025EDEDEA2D523AEAAA2F,18E9B9EF2D6BD6DEBB0F6A443CB195E041389398,2020-09-27 05:40:18.350000,2020-09-27 05:40:26.556000
k763whw75xxdl7e2,failed,not_found,3301,1C0736CF3744A3B87C2D2269B8BD3388C7E60552,F059C76B861B25D8F1BBDA4AD37D1B69035423EC,0B19BBFDC498CCEA23027B1D7BD8E20121B95E60,C6E3910CBADCA6D2D7E932AB31A038EDD6A6FB79,2020-09-27 05:40:26.556000,2020-09-27 05:40:34.860000
k763whw75xxdl7e2,,,,,,,18E77D8A194F468742D60D4B47BEB99570CDE7AC,2020-09-27 05:40:34.860000,
m3m6wabq6tzvjldn,failed,not_found,1508,1C0736CF3744A3B87C2D2269B8BD3388C7E60552,450AB46ADFD541B3905A5C6140BC53EB8C68C9A5,C013F6A7A2297FA4CD00D05EF4A1C5222B844B25,6D93503E150496BB32A4912F904C4E2DB205278D,2020-09-27 05:40:09.536000,2020-09-27 05:40:12.572000
m3m6wabq6tzvjldn,failed,not_found,2106,1C0736CF3744A3B87C2D2269B8BD3388C7E60552,AA8B7237B4D2C76ED4AF24B3B47B375812AACC83,BD4C647508162F59CB44E4DFC1C2B2B8A9387CCA,059208418A85DAEA537027F54AF9DB8A01AFF381,2020-09-27 05:40:12.573000,2020-09-27 05:40:22.726000
m3m6wabq6tzvjldn,failed,not_found,2830,1C0736CF3744A3B87C2D2269B8BD3388C7E60552,32EE911D968BE3E016ECA572BB1ED0A9EE43FC2F,8D912126FA40BD67EE7D5759BD19459450AEBEA1,05601B110B888BF3A12E10E8BF3C0B02166BF3F1,2020-09-27 05:40:22.727000,2020-09-27 05:40:30.660000
m3m6wabq6tzvjldn,failed,not_found,3837,1C0736CF3744A3B87C2D2269B8BD3388C7E60552,98BCA63DD82E13A637FF8D0EC28135663DB08CA1,0ED0EA324C931CF41CB5272BFB1D015B3D5772A9,6D72E970EB5218702C854BE250EC0663CC14D9BD,2020-09-27 05:40:30.661000,2020-09-27 05:40:43.054000
m3m6wabq6tzvjldn,,,,,,,6D6EC2A2E2ED8BFF2D4834F8D669D82FC2A9FA8D,2020-09-27 05:40:43.054000,
wxsd34tatglqfelr,failed,not_found,1581,1C0736CF3744A3B87C2D2269B8BD3388C7E60552,0BD524A66A928A093AD1ADD79AD24C5DA6D805CE,165532BF5B1A34DF60D74375409D632D6FBEF83F,20386D9A32BECBE602375E015FC70117955653F1,2020-09-27 05:40:10.382000,2020-09-27 05:40:14.542000
wxsd34tatglqfelr,failed,not_found,2162,1C0736CF3744A3B87C2D2269B8BD3388C7E60552,37535409102DFFE92F3DAC809E470E62BC27F1DF,EE010EF80A27AC0B02CDC2B8B214A6201BB02D2B,20462CBA5DA4C2D963567D17D0B7249718114A68,2020-09-27 05:40:14.543000,2020-09-27 05:40:20.849000
wxsd34tatglqfelr,failed,not_found,2703,1C0736CF3744A3B87C2D2269B8BD3388C7E60552,03CFF90060461087D34FFB7B485C3AD30143775C,AED04C65D2D0D70DB2932D7D5A0BA58169168CC1,5D263037FC175596B3A344132B0B755EB8FB1D1C,2020-09-27 05:40:20.849000,2020-09-27 05:40:27.728000
wxsd34tatglqfelr,failed,not_found,3522,1C0736CF3744A3B87C2D2269B8BD3388C7E60552,D64D25D465B9D145320E5A4A32BB45B53BFDA06F,AA8B7237B4D2C76ED4AF24B3B47B375812AACC83,5D2A8CAA119D0528722C2438350FAB0C8DE01AB7,2020-09-27 05:40:27.729000,2020-09-27 05:40:38.446000
wxsd34tatglqfelr,,,,,,,2037A6568C5771A5D8FF5C64FC1819247E6FEE7B,2020-09-27 05:40:38.447000,
maqpkc2bxswd6rs2,failed,not_found,1562,1C0736CF3744A3B87C2D2269B8BD3388C7E60552,D4DC70B25409B8E4B0FD482B8A70CA6A3F4A123C,8BE79CE3261C027CE94F84D6CBE45F03BE9B8B59,8C4D95BCE64C6D9DA75F728EA20DC2D8B41F53FA,2020-09-27 05:40:10.456000,2020-09-27 05:40:15.087000
maqpkc2bxswd6rs2,failed,not_found,2053,1C0736CF3744A3B87C2D2269B8BD3388C7E60552,4CD4DFFEF3971C902A22100D911CAC639BE2EF5C,A98ADD972045D3CCAEE65C788C3F175BAEA3E324,62A60158A2C302E3DA792D7A4F5339F41321E5D9,2020-09-27 05:40:15.088000,2020-09-27 05:40:19.728000
maqpkc2bxswd6rs2,failed,not_found,2585,1C0736CF3744A3B87C2D2269B8BD3388C7E60552,EEDF0AF1F892C82F056063827B47283CC9AEAA41,E17745C64255D2920D9B9FCF9EF930C426EE4A91,8C5B316ED73018484765C3E0944E4508DCAE0944,2020-09-27 05:40:19.729000,2020-09-27 05:40:27.203000
maqpkc2bxswd6rs2,failed,not_found,3114,1C0736CF3744A3B87C2D2269B8BD3388C7E60552,383CFCF03B225B3EDCA519197BAA310A58CEAABC,1C7215BC0123DDA23BDED0F9D2849D3AD80183CB,629DE11D15B760521E1391B2D0722698FDC103DF,2020-09-27 05:40:27.203000,2020-09-27 05:40:33.291000
maqpkc2bxswd6rs2,,,,,,,62A6C055FD46328B4BAFDB9D2D4E0F912CE70C49,2020-09-27 05:40:33.292000,
r3qxzsburtizpbpa,failed,not_found,1568,1C0736CF3744A3B87C2D2269B8BD3388C7E60552,BF50E09EED25B82861CF95E1AAA42DCFEF53E5D1,AAC6AE4A8ED164C3657D64E3EF980EEBB4BBC8A1,5CB30C264BB9EB17CF2FC6AEB611593B54C371C2,2020-09-27 05:40:10.456000,2020-09-27 05:40:13.145000
r3qxzsburtizpbpa,failed,not_found,2298,1C0736CF3744A3B87C2D2269B8BD3388C7E60552,EA79FFE95F5779A34E9FB14CE934A76B22FE6ACE,070D387230C1B95A05811C5B722FBD21A1076BDB,E51620B90DCB310138ED89EDEDD0A5C361AAE24E,2020-09-27 05:40:13.145000,2020-09-27 05:40:24.265000
r3qxzsburtizpbpa,failed,not_found,3070,1C0736CF3744A3B87C2D2269B8BD3388C7E60552,9FE91768320057956068D6B75E194DC21CFC3C66,F059C76B861B25D8F1BBDA4AD37D1B69035423EC,5CA5EBA48EAD04CD1A031194EC10979B611C78B6,2020-09-27 05:40:24.265000,2020-09-27 05:40:34.893000
r3qxzsburtizpbpa,,,,,,,E52100E894FE8E5FA38EB6775C35685B9FD17E1F,2020-09-27 05:40:34.894000,
zrd5pkcj4x4oqphr,failed,not_found,1692,1C0736CF3744A3B87C2D2269B8BD3388C7E60552,B143D439B72D239A419F8DCE07B8A8EB1B486FA7,7C1BEFB5D6897981ECE52817A2D3B702A9EB30D9,C76113D5AB3FC731D678A408EB75BC06F4465F4E,2020-09-27 05:40:11.329000,2020-09-27 05:40:14.833000
zrd5pkcj4x4oqphr,failed,not_found,2405,1C0736CF3744A3B87C2D2269B8BD3388C7E60552,6600C560E7E2A7601F6F4B019942C9E4D47872CE,224C3DD1DFF6F11219604870D48953249EE3C26F,A44062AE3484310CE728BBD7769E9CD44C09FBB0,2020-09-27 05:40:14.834000,2020-09-27 05:40:23.818000
zrd5pkcj4x4oqphr,failed,not_found,3677,1C0736CF3744A3B87C2D2269B8BD3388C7E60552,58332DDDA15415CB3D13F5ECA3D54BE961B8C458,7D31D5118D47BF86C550ABB79EDDE865EC31B67F,C75CDD818316ABBC839F9F0DDAEC873FCF60C370,2020-09-27 05:40:23.819000,2020-09-27 05:40:40.258000
zrd5pkcj4x4oqphr,,,,,,,A40D5345ACA7439DAEA3801C3C473731B68A6E9B,2020-09-27 05:40:40.259000,
yqtougjxfryvvn6y,failed,not_found,1698,1C0736CF3744A3B87C2D2269B8BD3388C7E60552,46736616C5A895D636C93EF9F8A289C3BC93EE53,5CFC486780CBD4446B764E51608D6574003B350D,A7C7EB2A0DFB2E3FFFC12B7756707433DD550F9E,2020-09-27 05:40:11.330000,2020-09-27 05:40:15.109000
yqtougjxfryvvn6y,failed,not_found,2062,1C0736CF3744A3B87C2D2269B8BD3388C7E60552,365F393040AA2979DC01D102F5052CAD048F42F7,BCDE75725B927738B6FD34EA2D78F4FA77B99848,A7C5B40EC0FB5175E884075DDC87531D353F679C,2020-09-27 05:40:15.110000,2020-09-27 05:40:20.402000
yqtougjxfryvvn6y,failed,not_found,2763,1C0736CF3744A3B87C2D2269B8BD3388C7E60552,1DC17C4A52A458B5C8B1E79157F8665696210E10,B058FBDEA69774C28EAC1111E167BC0AD4A904E0,56257E74FA999BCFA1EC205892342A09645B961B,2020-09-27 05:40:20.402000,2020-09-27 05:40:29.771000
yqtougjxfryvvn6y,,,,,,,A7B204645DAC7AFDB5046EF0013C5BDC2CF09456,2020-09-27 05:40:29.771000,
cdoufgiwv4obkvpe,failed,not_found,1704,1C0736CF3744A3B87C2D2269B8BD3388C7E60552,A4E120350425BAD920307FFA74440F95D0172302,120B535E53C4ACF968EF3AE269B224D1CF0F3C1E,706A7674A217BA905FE677E82236B7B968A23DB7,2020-09-27 05:40:11.473000,2020-09-27 05:40:15.111000
cdoufgiwv4obkvpe,failed,not_found,2430,1C0736CF3744A3B87C2D2269B8BD3388C7E60552,4FE1CAC1563D79D92D4107FAC0C6DB96435CCA9E,D14EC16949648CEE84EA1664445029EA4B597074,5F58E9417DF94A66529864FA1134635614958A44,2020-09-27 05:40:15.112000,2020-09-27 05:40:24.473000
cdoufgiwv4obkvpe,failed,not_found,3157,1C0736CF3744A3B87C2D2269B8BD3388C7E60552,BE9B12FAAB7429842D643E2308390ECD8961E0A1,AFF320BA96E4338B61A008D2CA250FFE0E23B09C,5F5A59E3ECB0987407D916ABBDE60613F83EA1E9,2020-09-27 05:40:24.473000,2020-09-27 05:40:33.662000
cdoufgiwv4obkvpe,,,,,,,7088D485934E8A403B81531F8C90BDC75FA43C98,2020-09-27 05:40:33.663000,
qw3nnjjqqgno5efw,failed,not_found,1674,1C0736CF3744A3B87C2D2269B8BD3388C7E60552,D54247E35545388D9C42E4716EDC59F67907789F,BE9B12FAAB7429842D643E2308390ECD8961E0A1,7260949459C2D4D4A5ABC3AC10C1AD6939E6525C,2020-09-27 05:40:12.281000,2020-09-27 05:40:14.308000
qw3nnjjqqgno5efw,failed,not_found,1950,1C0736CF3744A3B87C2D2269B8BD3388C7E60552,4CE6D83FFA8AD24767007E8C972F371F2468F09A,47E0EEB4E75C2C3633A7E294885F146B1E786DA9,724E86E7F5DA715529DC0ECAA013AE4BDC680E4C,2020-09-27 05:40:14.309000,2020-09-27 05:40:18.130000
qw3nnjjqqgno5efw,failed,not_found,2512,1C0736CF3744A3B87C2D2269B8BD3388C7E60552,F836446663F1EB816F13708955F105D0B2F5C8E0,D598E2865164AF6D9958FC9A37D825C283A80C3B,72614C16C578D6732A9D9079A0905E8159BC44E4,2020-09-27 05:40:18.131000,2020-09-27 05:40:26.517000
qw3nnjjqqgno5efw,failed,not_found,3268,1C0736CF3744A3B87C2D2269B8BD3388C7E60552,037BCD0EBDF7DB9F3D562DA27D463F0F78F1494B,703E952794CD9B055391A2372870C280CF7BDA19,5F746B9C4DCF6F50486A1CB27BFD4D7E01689EEE,2020-09-27 05:40:26.551000,2020-09-27 05:40:34.827000
qw3nnjjqqgno5efw,,,,,,,5FA7596FB2BA2C889337F8B82DD7127BBB240D4D,2020-09-27 05:40:34.827000,
mimk3xslz2tj5xkv,failed,not_found,1778,1C0736CF3744A3B87C2D2269B8BD3388C7E60552,C7A016E1F85CF7DD73914AE40F55B7183D11B8FD,C9D02B1644BD47C136E379FDFAF4973D1A1CE07C,669E5034B6DE2E2C7CFBCF9EAC8D9F5A47757996,2020-09-27 05:40:12.296000,2020-09-27 05:40:15.920000
mimk3xslz2tj5xkv,failed,not_found,2431,1C0736CF3744A3B87C2D2269B8BD3388C7E60552,42B4F52C5B11E4D39855F654955425B0D5A0598B,87B529BCF6B52BE28BBB22EC4AA702F9AE42D551,66B06D59BDFC90EBC6EDE79C558275F2CD4799B0,2020-09-27 05:40:15.921000,2020-09-27 05:40:23.717000
mimk3xslz2tj5xkv,failed,not_found,2972,1C0736CF3744A3B87C2D2269B8BD3388C7E60552,1CBFDCABD9012B06471FF868FE02B6BCC0133520,B1E43B11A955CBA31F5261A22CBFCE204C95D5DE,66842EDB888DCB7E445BEB33C699AAA90DACECAB,2020-09-27 05:40:23.718000,2020-09-27 05:40:31.005000
mimk3xslz2tj5xkv,failed,not_found,3974,1C0736CF3744A3B87C2D2269B8BD3388C7E60552,DA9E02BB8080E473157052F70439B7886AA8569D,9A48EC8AAFB2E8C9E20408596383DB74F1196747,345E03CEFB7BF04613FCA14532F38D1BB9EDBD47,2020-09-27 05:40:31.006000,2020-09-27 05:40:44.993000
mimk3xslz2tj5xkv,,,,,,,34133CC3192CF7538089B14511400DF21BA5A077,2020-09-27 05:40:44.993000,
edbxkzeez6ymk3v2,failed,not_found,2331,1C0736CF3744A3B87C2D2269B8BD3388C7E60552,3FE1AA163445DC0E0677B5227F507907C4872A30,303509AB910EF207B7438C27435C4A2FD579F1B1,B7E2EBFBE4462FC908E48007517C53ED0FF752B2,2020-09-27 05:40:12.298000,2020-09-27 05:40:23.282000
edbxkzeez6ymk3v2,failed,not_found,2883,1C0736CF3744A3B87C2D2269B8BD3388C7E60552,A1DEB529DE86E7CABC3212778374933D68FB7F2F,66F8C32B94D73B51A5D2FA079C6A09047C9ABA71,939126EA4D25CB212A79746C133194F8A24C435B,2020-09-27 05:40:23.283000,2020-09-27 05:40:30.157000
edbxkzeez6ymk3v2,,,,,,,93F4DAF4F0DE5E6867CE20A0F9C7C059834DACAE,2020-09-27 05:40:30.158000,
eslnw3vu46juqr2l,failed,not_found,1851,1C0736CF3744A3B87C2D2269B8BD3388C7E60552,CE035C7946CEE68425CD2358E620E408A9C823FD,80C113BCE9356B4DECF94E7CF4A8C0BD315EE8E8,425835370C1FBE178C21CB53C76672F12BDE091A,2020-09-27 05:40:13.335000,2020-09-27 05:40:16.807000
eslnw3vu46juqr2l,failed,not_found,2325,1C0736CF3744A3B87C2D2269B8BD3388C7E60552,A0F39D32028CEC7F35419E9570401DE15B1B4564,DA8D76F5F5819693B5C96F499BA19F7404014769,424BF86927E80D916589BB12248BD468BB470684,2020-09-27 05:40:16.808000,2020-09-27 05:40:23.046000
eslnw3vu46juqr2l,,,,,,,1CDCB48F64E21D5ACAFE2471912E2E76F600EDFA,2020-09-27 05:40:23.047000,
wp372zllpdbo36u7,,,,,,,BC7ACFAC04854C77167C7D66B7E471314ED8C410,2020-09-27 05:40:13.336000,
jaiv55aascxjuey7,failed,not_found,1858,1C0736CF3744A3B87C2D2269B8BD3388C7E60552,8F7E120C1D4371FEA19E3C158C180D7DE4EE505C,029E107A59D2B4FEBD06A6115167BD6D048D9C0A,DE4EB74B8105751568A75649F6672A31F2A3DE20,2020-09-27 05:40:13.347000,2020-09-27 05:40:17.085000
jaiv55aascxjuey7,failed,not_found,2340,1C0736CF3744A3B87C2D2269B8BD3388C7E60552,AD7552F2CFBF472F9FFE748D3E82994EA6050A76,437143A8E2D86B3BEB77B9ECD49AC77CD360FBDA,DB16F1A69EDEFED20A2B341CC8E59241F62A399E,2020-09-27 05:40:17.086000,2020-09-27 05:40:23.200000
jaiv55aascxjuey7,failed,not_found,2872,1C0736CF3744A3B87C2D2269B8BD3388C7E60552,88E2D25A66ED63030F25819F4ADB7D1AF0E5BD77,6D163F649ECBE9DC20F016236EF36D7E1559E98E,DE0421FBD771E6189205D353366874B1790185C7,2020-09-27 05:40:23.201000,2020-09-27 05:40:30.785000
jaiv55aascxjuey7,failed,not_found,2949,1C0736CF3744A3B87C2D2269B8BD3388C7E60552,A59AD84F92B2E5A76EBFE3BE62D3B28AF9BFD127,C0BE4556260846E4BAD7608E1E5ADFF80892C28C,DE29A5C0DB38AA229286B237798D8817EE6B75E2,2020-09-27 05:40:30.785000,2020-09-27 05:40:45.082000
jaiv55aascxjuey7,,,,,,,DB2682153AC0CCAECD2BD1E9EBE99C6815807A1E,2020-09-27 05:40:45.083000,
aqbg4bqpli5e5fuj,failed,not_found,2109,1C0736CF3744A3B87C2D2269B8BD3388C7E60552,0F977B4D6EBEECD578AC838A5FDDC81B636060A7,8358BDDA9C9A680B4E3A2809E5C24F5B3624D5C2,49F906FA05DAADDDCA677B6C4BA196CAA1042E90,2020-09-27 05:40:14.389000,2020-09-27 05:40:20.921000
aqbg4bqpli5e5fuj,failed,not_found,2713,1C0736CF3744A3B87C2D2269B8BD3388C7E60552,5E2134CE8D3A3B7AA5E597B8EFE3E659B03C02B3,DCE8DBF94576272AD10D996C9AA0794A4567F304,49CA9262801E9DC9B414A143A58A68255149367A,2020-09-27 05:40:20.921000,2020-09-27 05:40:27.892000
aqbg4bqpli5e5fuj,failed,not_found,3544,1C0736CF3744A3B87C2D2269B8BD3388C7E60552,34979DBD475FFED9CF6556E349DDEDEE69104345,97B7BA747B62A9962DEDCE404FF33106D4032F91,49F9A350864D030C1C9E325FD4208C155F5046E6,2020-09-27 05:40:27.892000,2020-09-27 05:40:38.638000
aqbg4bqpli5e5fuj,,,,,,,0512FE6BE9CCA0ED133152E64010B2FBA141EB10,2020-09-27 05:40:38.638000,
wj3akdlk3m6dx6xy,failed,not_found,2126,1C0736CF3744A3B87C2D2269B8BD3388C7E60552,D49BB7514C78F68303D879AF7C3D5D67148F599B,D49D0071D9236EFC6AC527292894A5A2143F815D,9713321D477F315B5818A189B819DC97B3E4045D,2020-09-27 05:40:14.390000,2020-09-27 05:40:20.954000
wj3akdlk3m6dx6xy,failed,not_found,2742,1C0736CF3744A3B87C2D2269B8BD3388C7E60552,05B451C0562FDE23307AFA84FD6A37652E615233,7D31D5118D47BF86C550ABB79EDDE865EC31B67F,A5AF5D1904550DD27B1C50872D9496C73D916AEE,2020-09-27 05:40:20.955000,2020-09-27 05:40:28.242000
wj3akdlk3m6dx6xy,failed,not_found,3611,1C0736CF3744A3B87C2D2269B8BD3388C7E60552,DD0AA66DD9E4E71FFAFAB658DF8300F1CEEA0364,3A8557B067FBE53F168BBEAA7D14D1298AE52A52,970CE6B17927F083ABF157E9BFA305FD39E062E5,2020-09-27 05:40:28.242000,2020-09-27 05:40:39.349000
wj3akdlk3m6dx6xy,,,,,,,A597AC866E40CAB5A67759ADE4942192E99DE684,2020-09-27 05:40:39.349000,
7rq2q7uyybjtsmlw,failed,not_found,3653,1C0736CF3744A3B87C2D2269B8BD3388C7E60552,288C100FFA656938C23F32207CAF0DA932ECD247,68315A0AC5FB2DFE55943A2A174AB02535CDCFA6,79509683AB4C8DDAF90A120C69A4179C6CD5A387,2020-09-27 05:40:14.465000,2020-09-27 05:40:40.087000
7rq2q7uyybjtsmlw,,,,,,,79349A6F74AC0D4EF2939894B122702E57786F5A,2020-09-27 05:40:40.089000,
7r23z7q5jhssdwgq,failed,not_found,2154,1C0736CF3744A3B87C2D2269B8BD3388C7E60552,CBB5AE37E2927A915D70FA71572D2EA203F03E83,C804BE8FB1C7C42D43C4A5E2039E77AA0FF3A8B4,F8AA8D8CCBA0C5F2836DE6315CDFA6E4A31A0890,2020-09-27 05:40:15.190000,2020-09-27 05:40:20.937000
7r23z7q5jhssdwgq,failed,not_found,2723,1C0736CF3744A3B87C2D2269B8BD3388C7E60552,72A33E374DE5AD1E617394896F0FD8B092D3E7C4,DD5DA21CC5036533AE2010DE2C7E72BE2CDF9C5E,F86A29330A705B0279EA3577784018AB0E18D5AF,2020-09-27 05:40:20.937000,2020-09-27 05:40:28.104000
7r23z7q5jhssdwgq,failed,not_found,3589,1C0736CF3744A3B87C2D2269B8BD3388C7E60552,EAB20BD4083C820EC8329ED5AEBF12019A7749F3,575F15A0A41B951BEE03E25B2A0A3FC3E8D7C7D1,F8957D61E29A626400029A03A6348400E7502604,2020-09-27 05:40:28.105000,2020-09-27 05:40:39.520000
7r23z7q5jhssdwgq,,,,,,,CB040846C647F338EE1950C6CC03267102088C50,2020-09-27 05:40:39.521000,
k6w6jf2txgxkgp4m,failed,not_found,2171,1C0736CF3744A3B87C2D2269B8BD3388C7E60552,A4F11D693FAB6E949B2B7C18153C3F7989896007,60F2139EA3E06410A05CBD6E8254E60A9063AD9D,D5228FA5AA9FDB3825E6F199AFA9F9E6F9526A17,2020-09-27 05:40:15.202000,2020-09-27 05:40:20.972000
k6w6jf2txgxkgp4m,failed,not_found,2752,1C0736CF3744A3B87C2D2269B8BD3388C7E60552,1B786EA18DF3D7F1AC93F80FA7F88978048DD8B4,F3F3F4900B87CF4A6B4A7F9402502FC457B7B1FC,D53AE170BF6650A2C6640484FE1B5DD1C0AB895B,2020-09-27 05:40:20.973000,2020-09-27 05:40:31.248000
k6w6jf2txgxkgp4m,,,,,,,120F89D102F96647D2258166B3BB50CBFCEF20E3,2020-09-27 05:40:31.249000,
e32mwlj6lot4zgeb,failed,not_found,2352,1C0736CF3744A3B87C2D2269B8BD3388C7E60552,58F3E2956EABB81F673E2FB90E16E001DB4AC3AE,8841E775C3DE70E4414F0678DBD532C1F80FF62C,5B6F8535D0DFB1C26FE54E15FA3C82D8D8AB380B,2020-09-27 05:40:15.203000,2020-09-27 05:40:24.435000
e32mwlj6lot4zgeb,failed,not_found,3202,1C0736CF3744A3B87C2D2269B8BD3388C7E60552,DAA806E9529D77EF94685FC0E513386EF65B83F8,E4A7CF32D1EC81521E234C8BF46384E75838A8D7,5B52301188A4D0A96190DAB170973FA39116495D,2020-09-27 05:40:24.436000,2020-09-27 05:40:34.070000
e32mwlj6lot4zgeb,,,,,,,5B701D5C806F91D8A3C6B3E92624727EC43E26C2,2020-09-27 05:40:34.070000,
63zpm5dextprqtoy,failed,not_found,2444,1C0736CF3744A3B87C2D2269B8BD3388C7E60552,9B2BC7EFD661072AFADC533BE8DCF1C19D8C2DCC,41A3C16269C7B63DB6EB741DBDDB4E1F586B1592,27F3833453C4006DF1E21C6BF62E4FCD8E99DEF2,2020-09-27 05:40:16.399000,2020-09-27 05:40:24.283000
63zpm5dextprqtoy,,,,,,,EB60858E074016216315AA6F6E8E3D4F17381D5D,2020-09-27 05:40:24.283000,
47widzvxzucthe5p,failed,not_found,2453,1C0736CF3744A3B87C2D2269B8BD3388C7E60552,D1F2C5C820B3F96BE6144CBFB84FDDF9D0EC0810,A400CF836DA351ADDAD9BA350C1ABA350264A4E0,902E21BC05A7B1EC8CE85D78C47C3D8EAD5EFE6F,2020-09-27 05:40:16.400000,2020-09-27 05:40:24.245000
47widzvxzucthe5p,failed,not_found,3059,1C0736CF3744A3B87C2D2269B8BD3388C7E60552,0ED0EA324C931CF41CB5272BFB1D015B3D5772A9,62A60158A2C302E3DA792D7A4F5339F41321E5D9,902A13399F14FFC7E2912463300C78A25C1F76B6,2020-09-27 05:40:24.246000,2020-09-27 05:40:31.249000
47widzvxzucthe5p,,,,,,,903A2A7991C838E70FF5A586CD387749B3589669,2020-09-27 05:40:31.249000,
okwsvzxmgc32gy3a,failed,not_found,2280,1C0736CF3744A3B87C2D2269B8BD3388C7E60552,46A4E56C9CA59A3B07FD1DFE9891194E0C8FD6F0,37C1D66559D0C7884E3D21F7DEB58C75D79B98A8,D8A2D0080B0C73E1DC0EC9F33B497F64E5FB3F52,2020-09-27 05:40:16.417000,2020-09-27 05:40:24.522000
okwsvzxmgc32gy3a,failed,not_found,3168,1C0736CF3744A3B87C2D2269B8BD3388C7E60552,F35D115BDD5987D301BE0FD27DAB05F5F4B2ABAE,622842AE5ECFF0809B4C986D52CA75C349ED11E8,D89267FB10BF625D31FF7687AF7D12B03BBF757C,2020-09-27 05:40:24.523000,2020-09-27 05:40:34.601000
okwsvzxmgc32gy3a,,,,,,,D8A1F5A8EA1AF53E3414B9C48FE6B10C31ACC9B2,2020-09-27 05:40:34.602000,
q7bbk3frlpom4e4t,failed,not_found,2371,1C0736CF3744A3B87C2D2269B8BD3388C7E60552,3B60E9CC7B4E5A18AA486224B3933C9828633E86,41D2F6D866E7638138CF9F282A280F96BD020D25,A29FE1986470504D332B437161027C813146FF0B,2020-09-27 05:40:17.308000,2020-09-27 05:40:24.886000
q7bbk3frlpom4e4t,failed,not_found,3190,1C0736CF3744A3B87C2D2269B8BD3388C7E60552,A0F39D32028CEC7F35419E9570401DE15B1B4564,CBD85D49F9C8BC2FCAB1255C7D196524FE926659,5AD3FB658E490BAD9515F363374AA41D65D31A02,2020-09-27 05:40:24.886000,2020-09-27 05:40:34.682000
q7bbk3frlpom4e4t,,,,,,,5AE12CAAA489A0739F56E79CC287526FAB55A6FB,2020-09-27 05:40:34.683000,
qqmtilgdnvw5qzoj,failed,not_found,2772,1C0736CF3744A3B87C2D2269B8BD3388C7E60552,3B60AEB127F4A8CDE7F3798B799EBDC3463FB9C7,BF37445EA2A9F3D04F4B87DFAC624AEF21B559D5,ADE6AB2BFBD7A5780B321DC33BBACCD0D777C94D,2020-09-27 05:40:17.308000,2020-09-27 05:40:29.848000
qqmtilgdnvw5qzoj,,,,,,,BBBBBAD453263D786EC34AB68A06214288910345,2020-09-27 05:40:29.849000,
nvpj7j6plwti3nnb,failed,not_found,2397,1C0736CF3744A3B87C2D2269B8BD3388C7E60552,A59AD84F92B2E5A76EBFE3BE62D3B28AF9BFD127,A7143CD3C548EB63D98647D592A7AE3EA02B142B,BC64503664C90B4A9DA913736C361DEAD313B130,2020-09-27 05:40:17.383000,2020-09-27 05:40:23.627000
nvpj7j6plwti3nnb,failed,not_found,2961,1C0736CF3744A3B87C2D2269B8BD3388C7E60552,FB9D9128C8F3360FDF0507754C125980654E9E17,F3CEC87ED91E0B0B1D86BE4D7DE90F00B607ECAF,BC38744FD82618B37EE6A5A61BBCCE8788D55E3D,2020-09-27 05:40:23.627000,2020-09-27 05:40:31.306000
nvpj7j6plwti3nnb,,,,,,,CB81BCFD44FC142616BB5983648BD8AF01930789,2020-09-27 05:40:31.306000,
d2atgcl6tgyzro65,failed,not_found,2521,1C0736CF3744A3B87C2D2269B8BD3388C7E60552,A7E6640FEC85C9B04FB778A51CB999E35A29531E,03910F285A33F365838EC66EF2C2EF754D046760,B576A394DFC12B7E900D643C900484765D58C30F,2020-09-27 05:40:18.312000,2020-09-27 05:40:27.433000
d2atgcl6tgyzro65,failed,not_found,3960,1C0736CF3744A3B87C2D2269B8BD3388C7E60552,8358BDDA9C9A680B4E3A2809E5C24F5B3624D5C2,24AF1603CDF4D118E1F7AEBF680C18BDA5E8F793,61B8BDC91AA7BC9A05EB5A3D652FFF88C98E6911,2020-09-27 05:40:27.433000,2020-09-27 05:40:44.733000
d2atgcl6tgyzro65,,,,,,,B581401A839EBD1F812DC78297FD09D60BFFA635,2020-09-27 05:40:44.733000,
4fdlw7qtzp22r7o6,failed,not_found,2530,1C0736CF3744A3B87C2D2269B8BD3388C7E60552,D72B15450AF8715AAACD612C1151C48A988D9318,87D73471FDC64BD9CEDF84435D20CA4EB5C36FE8,BFA905EA10DFD54A38A0C119FAE00182DE4C173B,2020-09-27 05:40:18.348000,2020-09-27 05:40:27.521000
4fdlw7qtzp22r7o6,,,,,,,BFB14B9ADF1F19E59258CAE7FCDBAAC9937B7B10,2020-09-27 05:40:27.521000,
ietqc7rqpj2fyney,failed,not_found,2539,1C0736CF3744A3B87C2D2269B8BD3388C7E60552,67458CBE6A595F5620AE39EDF538E2994793E130,478B0E18930CA4117369679AF329FC49D9110966,A0BA38A5AB64350CEC343872F852EDF30D941326,2020-09-27 05:40:18.349000,2020-09-27 05:40:27.329000
ietqc7rqpj2fyney,failed,not_found,3633,1C0736CF3744A3B87C2D2269B8BD3388C7E60552,C7E332093AD8D8CBBED8AA6136BDDBC337A87BF4,70090E9F85FBE004EEBF58461FD6EDD5BF8A523E,A0C5DDC55CECAFC31DC3909BCB344603E6A507CF,2020-09-27 05:40:27.330000,2020-09-27 05:40:39.760000
ietqc7rqpj2fyney,,,,,,,A0C59410B9030AC1385C4CA44C8DBFE13AF4BC9B,2020-09-27 05:40:39.761000,
cix6c3by5w7c3lzc,failed,not_found,2557,1C0736CF3744A3B87C2D2269B8BD3388C7E60552,29A39144AD141242436D07901F7A8B91F7516A66,898AA9A17ECBB05FEA4FE7418BD1C64F45D9A614,8EB53B7C8D8E2FF830DA324A05BE8CE954BABC55,2020-09-27 05:40:19.444000,2020-09-27 05:40:27.109000
cix6c3by5w7c3lzc,failed,not_found,3346,1C0736CF3744A3B87C2D2269B8BD3388C7E60552,18EF781925EDF5463338AB450EF0C56C5CAA2F1A,7A6873B86D82BC8B4F0E790828626107820F7B9E,24B1DF80768332990BA8F1230BA41D95D82D52BD,2020-09-27 05:40:27.110000,2020-09-27 05:40:35.129000
cix6c3by5w7c3lzc,,,,,,,24AF1603CDF4D118E1F7AEBF680C18BDA5E8F793,2020-09-27 05:40:35.129000,
iup2n3aysaaylpdy,failed,not_found,2567,1C0736CF3744A3B87C2D2269B8BD3388C7E60552,0085057C17BD2E1809E284825F06F94E72FB418C,B76A047C20D3E4F9B5A64428298DA55A90D62472,54F5D800DD9783FCF2200E80EF3D1A867A3F6D6B,2020-09-27 05:40:19.542000,2020-09-27 05:40:26.898000
iup2n3aysaaylpdy,,,,,,,233FE941DC6E45450D348E367C1B5D915C6A35D0,2020-09-27 05:40:26.898000,
ldjee5tdljauwdoi,failed,not_found,2576,1C0736CF3744A3B87C2D2269B8BD3388C7E60552,A1B2E32E426F700D37DFF14228E1B957A22CF0A4,FCE1FA95BC61BC2FF9752EE9BB5651805A30FD99,325499E7D6927D51229019F2EE031F26EBE095BB,2020-09-27 05:40:19.583000,2020-09-27 05:40:27.660000
ldjee5tdljauwdoi,failed,not_found,3476,1C0736CF3744A3B87C2D2269B8BD3388C7E60552,97B7BA747B62A9962DEDCE404FF33106D4032F91,3B90AE3B2D1AF41DE00C6B9FBCBAA96AAE81BEA9,3EA4E3EA9699C2231BD9286B7145D2BB9E0EB071,2020-09-27 05:40:27.660000,2020-09-27 05:40:38.953000
ldjee5tdljauwdoi,,,,,,,3246ECCAEDC4FF2949B655E0245AFFF42F8C9DFC,2020-09-27 05:40:38.953000,
g3n3poqphxtaoe7o,failed,not_found,2623,1C0736CF3744A3B87C2D2269B8BD3388C7E60552,25B694EA95F825F156C5DAE5607B3375E86C0C4E,3F65766ADE067D9D08920E3B74DAB9040EDD26B2,E79A58AF0DB93B90F97B48963CC4729E4CFA43C5,2020-09-27 05:40:20.421000,2020-09-27 05:40:27.863000
g3n3poqphxtaoe7o,failed,not_found,3533,1C0736CF3744A3B87C2D2269B8BD3388C7E60552,58F3E2956EABB81F673E2FB90E16E001DB4AC3AE,6BE5AA34A5C391724677A3FDC2AA77B3768F6E26,1BD9EEB6725555246E8ADFFA5FA6B1D82F43447D,2020-09-27 05:40:27.863000,2020-09-27 05:40:39.142000
g3n3poqphxtaoe7o,,,,,,,E781B862FEBE3C40029A0350BB0ABF4E184086DA,2020-09-27 05:40:39.143000,
iu75lz6cnbndnew3,failed,not_found,2633,1C0736CF3744A3B87C2D2269B8BD3388C7E60552,EEDF0AF1F892C82F056063827B47283CC9AEAA41,C8F402FDF89E5B51D862AD68D8C17DFA5A371BA0,508773E7A34F3BE17DD0372446798FACB8BF1EAA,2020-09-27 05:40:20.421000,2020-09-27 05:40:27.677000
iu75lz6cnbndnew3,failed,not_found,3488,1C0736CF3744A3B87C2D2269B8BD3388C7E60552,453E51CBAA4C2169EBCB05583247DD6201E87FAD,7B7C7F31205D7AEB5DFFEDA08E00282A78CD76E0,AECF23413E12738380C7B61E0AF5126D47DF30E3,2020-09-27 05:40:27.677000,2020-09-27 05:40:38.707000
iu75lz6cnbndnew3,,,,,,,50825758CC2DA41DEEF6AE29CB20A803BDCC6F79,2020-09-27 05:40:38.708000,
lkm2rsmsvqfxk3xn,failed,not_found,3904,1C0736CF3744A3B87C2D2269B8BD3388C7E60552,98F788200CC64060695B07555F09A8FE47679AC8,DA9E02BB8080E473157052F70439B7886AA8569D,DE29A5C0DB38AA229286B237798D8817EE6B75E2,2020-09-27 05:40:20.433000,2020-09-27 05:40:28.072000
lkm2rsmsvqfxk3xn,failed,not_found,3578,1C0736CF3744A3B87C2D2269B8BD3388C7E60552,A1B28D636A56AAFFE92ADCCA937AA4BD5333BB4C,624B7391B9790E7CD2AF6A7238239BA3D6928A57,DE4EB74B8105751568A75649F6672A31F2A3DE20,2020-09-27 05:40:28.072000,2020-09-27 05:40:38.708000
lkm2rsmsvqfxk3xn,,,,,,,DE514E42528D4FB8B79804B561008B482B91D402,2020-09-27 05:40:38.708000,
e2gtt2b4y2rdrgfg,failed,not_found,2782,1C0736CF3744A3B87C2D2269B8BD3388C7E60552,4CE6D83FFA8AD24767007E8C972F371F2468F09A,8D232B71FCC35537CF515255751C97297D51C1D4,7D921363817BE896B5462E90033DA937BEF7CE3F,2020-09-27 05:40:21.227000,2020-09-27 05:40:30.754000
e2gtt2b4y2rdrgfg,,,,,,,90A5D1355C4B5840E950EB61E673863A6AE3ACA1,2020-09-27 05:40:30.755000,
af5cwagcy3xgjcsg,failed,not_found,2664,1C0736CF3744A3B87C2D2269B8BD3388C7E60552,4E737BBFCCBE45A923CE82577E99DCFFABC5BFF4,9F5068310818ED7C70B0BC4087AB55CB12CB4377,CEACA34874EAD103D27CA6A7650B16112F12B209,2020-09-27 05:40:21.306000,2020-09-27 05:40:27.622000
af5cwagcy3xgjcsg,,,,,,,6E4DC86BC268306583E6C5640F11F17677663EDE,2020-09-27 05:40:27.622000,
m32np2yspryntm6r,failed,not_found,2558,1C0736CF3744A3B87C2D2269B8BD3388C7E60552,36BABBBC06E2BF9D2C992371324B95B812E10A40,0ED0EA324C931CF41CB5272BFB1D015B3D5772A9,F7ACB36752F2D27A03800E505D1599F26C981B53,2020-09-27 05:40:21.306000,2020-09-27 05:40:27.705000
m32np2yspryntm6r,failed,not_found,3511,1C0736CF3744A3B87C2D2269B8BD3388C7E60552,43028D0071DE055180DAA82DE200B42FD2131C23,A400CF836DA351ADDAD9BA350C1ABA350264A4E0,B581401A839EBD1F812DC78297FD09D60BFFA635,2020-09-27 05:40:27.705000,2020-09-27 05:40:38.315000
m32np2yspryntm6r,,,,,,,F7B024DB02C601185C202E26DFFD2AD525C16A36,2020-09-27 05:40:38.315000,
aux5yjf7vrow2i42,failed,not_found,3599,1C0736CF3744A3B87C2D2269B8BD3388C7E60552,D7829A21726220AF77401BE5B2B132963A0BE82B,CDA2C336AD87E22DF02983887A3F74B21070D02D,FA1845C313B88EF49E8BE1F23B02CD0AC702B636,2020-09-27 05:40:22.611000,2020-09-27 05:40:39.553000
aux5yjf7vrow2i42,,,,,,,CE58CF666F209857502FCEAF1CB52F638AFFBD63,2020-09-27 05:40:39.553000,
u2jmswjva7xegjfs,failed,not_found,2820,1C0736CF3744A3B87C2D2269B8BD3388C7E60552,74B8B22AF950B0BE11D8A228FB09D2F5279FB757,F59A3032A7AE637687E99437CA6DA81D3587A0EC,16F50F2728581FE5CA7AC31F5066DCE8653F996C,2020-09-27 05:40:22.710000,2020-09-27 05:40:30.349000
u2jmswjva7xegjfs,,,,,,,488C94BA00DC38397BE3EA051AB3BF8FE660A062,2020-09-27 05:40:30.349000,
ycuip4mzjzg4c4la,failed,not_found,2840,1C0736CF3744A3B87C2D2269B8BD3388C7E60552,425E358E94FB53E7F11AF2D9AB60DE25F534BA1A,B96B5141004995295FE87DCCE1A54519BD0BB48A,2DCEA7E830BB77C9B332EEB7C1501A5EE2BA0001,2020-09-27 05:40:22.729000,2020-09-27 05:40:33.083000
ycuip4mzjzg4c4la,,,,,,,2DE6CA505E2FEDA6547B641A96C0B5C38E9F9F4C,2020-09-27 05:40:33.083000,
ebw2tlpwfuj6omei,failed,not_found,3091,1C0736CF3744A3B87C2D2269B8BD3388C7E60552,EBDD9A8BC45D0543D0FDC93940EE06E56E749A99,0706B3AF0059CB226E4AACDEDB6794678F402905,1F4105C688E835A56AF3D66C787677B57240FFA2,2020-09-27 05:40:23.422000,2020-09-27 05:40:31.843000
ebw2tlpwfuj6omei,,,,,,,8EB53B7C8D8E2FF830DA324A05BE8CE954BABC55,2020-09-27 05:40:31.843000,
t6f2mzkwcbzr2oig,failed,not_found,2916,1C0736CF3744A3B87C2D2269B8BD3388C7E60552,CDAF0B74C45FD5B1955198A8D92C8A518A53D07B,B5D11485CE7613F8734D040BF9166F6AAFB30F46,53D9056AA6A4C568674EB37ED018C978D0348B96,2020-09-27 05:40:23.422000,2020-09-27 05:40:30.901000
t6f2mzkwcbzr2oig,failed,not_found,3915,1C0736CF3744A3B87C2D2269B8BD3388C7E60552,7A2A6F39F485C4FC95FB885FFF37C436FD2BB7E5,714425418EEEDFACC86D87544B265892E98FA32B,53E73B74B930BCF51621E6F06E65A3E3BC78E83A,2020-09-27 05:40:30.902000,2020-09-27 05:40:44.732000
t6f2mzkwcbzr2oig,,,,,,,53D79BBFEDB5DE1C3CF4839B2875859CE54D7BB1,2020-09-27 05:40:44.733000,
rwiv2p2qpl4nhqgb,failed,not_found,2927,1C0736CF3744A3B87C2D2269B8BD3388C7E60552,8CDF2F3A8ABD834CF9F3E8FC202DF64625BFB443,F8DE8132E599A194E20DDB738AF64A7200CD5949,E4D1F25DFBE484208866BA4A1A958B73127CB0AD,2020-09-27 05:40:23.435000,2020-09-27 05:40:30.932000
rwiv2p2qpl4nhqgb,failed,not_found,3926,1C0736CF3744A3B87C2D2269B8BD3388C7E60552,919680B79198AE4D80A06999A93EBC909AD4DDDC,B01BF09244C6B73687BB781C5A9C9E812974D086,E51620B90DCB310138ED89EDEDD0A5C361AAE24E,2020-09-27 05:40:30.932000,2020-09-27 05:40:45.171000
rwiv2p2qpl4nhqgb,,,,,,,E4E27D80236B421FAEA25797495B57E36FF9F7C2,2020-09-27 05:40:45.172000,
bl2jr6wfqhrepbdh,failed,not_found,2851,1C0736CF3744A3B87C2D2269B8BD3388C7E60552,66BBCD0D58FDB891AD86CE22A2613A9BEE3CA274,ADE92B0150C933FFE00683E7492F1D930AFABB6D,2F644DDEF8BAA31BA0240E6C6D36665D90DA57C9,2020-09-27 05:40:24.282000,2020-09-27 05:40:29.850000
bl2jr6wfqhrepbdh,,,,,,,2F4F5FBB055B01D753FA8DC493B9DBB10438D31B,2020-09-27 05:40:29.850000,
plbc2fjnhmylu77v,failed,not_found,3113,1C0736CF3744A3B87C2D2269B8BD3388C7E60552,68FEC70D44E4E5B9A2E90B4B08AA2323164D72CB,9B2BC7EFD661072AFADC533BE8DCF1C19D8C2DCC,E9A6E1549300C3551071B71AC547E2568D9F7CEE,2020-09-27 05:40:24.386000,2020-09-27 05:40:33.821000
plbc2fjnhmylu77v,,,,,,,E97D754577161C2BEF19042F6E1931D8F3E57DFE,2020-09-27 05:40:33.822000,
p6weimls6kf4hac6,failed,not_found,2950,1C0736CF3744A3B87C2D2269B8BD3388C7E60552,79B207AD51842FA215D956B9307B3D01CD347368,CD0F9AA1A5064430B1DE8E645CBA7A502B27ED5F,EA7642C6940BF6571267F068EF289B93BE82F169,2020-09-27 05:40:24.387000,2020-09-27 05:40:30.934000
p6weimls6kf4hac6,failed,not_found,3937,1C0736CF3744A3B87C2D2269B8BD3388C7E60552,425E358E94FB53E7F11AF2D9AB60DE25F534BA1A,44BD70C13DAA7513D6F47773804178B009F21ED5,EA79FFE95F5779A34E9FB14CE934A76B22FE6ACE,2020-09-27 05:40:30.935000,2020-09-27 05:40:44.913000
p6weimls6kf4hac6,,,,,,,AF51116B72FFF27806184BAC7DF61564AB7E5C9F,2020-09-27 05:40:44.913000,
bxne3win57t6lbzs,failed,not_found,3135,1C0736CF3744A3B87C2D2269B8BD3388C7E60552,7674C383F7F551E065E3E95BBCFC067157546A17,ABC426893B642BDA2F78D7CAE99B251126F89F74,5B52301188A4D0A96190DAB170973FA39116495D,2020-09-27 05:40:25.507000,2020-09-27 05:40:34.329000
bxne3win57t6lbzs,,,,,,,5B0DBAC2C854B8EB0E0DD39AD94B66F2FEDC4871,2020-09-27 05:40:34.329000,
gklztrazxknktbjp,failed,not_found,3213,1C0736CF3744A3B87C2D2269B8BD3388C7E60552,7674C383F7F551E065E3E95BBCFC067157546A17,CB1CE5D58F07BCACBD06FBA82ED2359D5E8CE911,BF7BFCB3096FC81FBD0B7ADA66164431EC7FD117,2020-09-27 05:40:25.508000,2020-09-27 05:40:34.231000
gklztrazxknktbjp,,,,,,,BF735F669481EE1CCC348F0731551C933D1E2278,2020-09-27 05:40:34.231000,
2ucwzbo2bxv6uipn,failed,not_found,3048,1C0736CF3744A3B87C2D2269B8BD3388C7E60552,CAB28BC71970D7F9F4419AEA1043014BF1521E65,02928855BFAD787F8B363F21860D1E7D156E0655,3F1581559522B27BD1342F2A3A0022F273FA93D6,2020-09-27 05:40:25.637000,2020-09-27 05:40:31.389000
2ucwzbo2bxv6uipn,,,,,,,7E006A46A222CE42F84B4A175698B3B593A7B3B7,2020-09-27 05:40:31.390000,
otakxst7umz23c3n,failed,not_found,3279,1C0736CF3744A3B87C2D2269B8BD3388C7E60552,16FD7E5D67B7054EE4E7FDDF04AFB48216CA640A,E1DE607E31C2C0FB6F8FC959BF7B58CE35D95990,B0DD527BE01842D46030265FBD9928217A709F28,2020-09-27 05:40:26.555000,2020-09-27 05:40:34.798000
otakxst7umz23c3n,,,,,,,A2CBEC70217814A9DFB21069F8510BE418ABB094,2020-09-27 05:40:34.798000,
kb3iv2z7sifo7dej,failed,not_found,3290,1C0736CF3744A3B87C2D2269B8BD3388C7E60552,72B2B12A3F60408BDBC98C6DF53988D3A0B3F0EE,5FD8DA8E88DADB97D132A56ADE73DB60F21A9393,75CF0F66FE18C3116AAB7B678899151DB762B795,2020-09-27 05:40:26.556000,2020-09-27 05:40:35.114000
kb3iv2z7sifo7dej,,,,,,,75A931404453030821C547A4FAA9094A06C48C7A,2020-09-27 05:40:35.126000,
wa2rx6f5jw5ibj7g,failed,not_found,3312,1C0736CF3744A3B87C2D2269B8BD3388C7E60552,0B074C07E88A1A68FA1A35F8CBF9F914A8DD7180,645C3F0545E0975A49F69EC272C0C3EA28586825,9CA4AB2B042C173AC56479C69F5F436E9F1E0F94,2020-09-27 05:40:26.799000,2020-09-27 05:40:34.933000
wa2rx6f5jw5ibj7g,,,,,,,9C962AEF978496612C521D09632E59ED055D53ED,2020-09-27 05:40:34.934000,
wcl2dgqrkw7vl5ms,failed,not_found,3634,1C0736CF3744A3B87C2D2269B8BD3388C7E60552,881F09279F94E9AAD3DE30727DF3AD7C2CE900DF,D1E706B9021A0BF8E9663DB207D9D9EC03A70DAC,BE6CF26814BD1F35B76FE576702DBA9627EE8237,2020-09-27 05:40:27.330000,2020-09-27 05:40:39.271000
wcl2dgqrkw7vl5ms,,,,,,,BE3B9024A0EBBE72FF212979FB695FC6117E1EF5,2020-09-27 05:40:39.272000,
x5vlmetruyel26c5,failed,not_found,3600,1C0736CF3744A3B87C2D2269B8BD3388C7E60552,E1B54925C59ECE813269B9A3309B7A5EB57E9B98,174D93DF6242BD4ABE2C09E6607892C3A3905675,53B379F4063B3B91B24A7DFFCC2F6533F51B3245,2020-09-27 05:40:27.433000,2020-09-27 05:40:39.419000
x5vlmetruyel26c5,,,,,,,53B8B5C2A33C489B54300D558BFEE2C3B12F3875,2020-09-27 05:40:39.419000,
d3pq5ihohhdrmbza,failed,not_found,3948,1C0736CF3744A3B87C2D2269B8BD3388C7E60552,879FAE7932DF44AAFB3366DE405C4680F74E9284,0D99F89BBB92BF5557F8D3F895DB218A72871089,270934A4F7B669AA387F2D475FBE793D03694547,2020-09-27 05:40:27.434000,2020-09-27 05:40:44.405000
d3pq5ihohhdrmbza,,,,,,,2723A5FFD3B6ED842EB44C380D3AB4D26DEF60AA,2020-09-27 05:40:44.405000,
wog7y4uveu4qlllp,failed,not_found,3622,1C0736CF3744A3B87C2D2269B8BD3388C7E60552,47C362713928A711FC105AF54993576E41CB1B7F,CD0F9AA1A5064430B1DE8E645CBA7A502B27ED5F,81A59766272894D27FE8375C4F83A6BA453671EF,2020-09-27 05:40:28.269000,2020-09-27 05:40:39.387000
wog7y4uveu4qlllp,,,,,,,81A1D777C023EBB1DEE9E7FA8735629BA8F7497C,2020-09-27 05:40:39.387000,
rob5nkpd7beml6jh,failed,not_found,3645,1C0736CF3744A3B87C2D2269B8BD3388C7E60552,5EBA4A9F483E07FD717BA81DD6F7344AF82F7D5D,9B5ED3370E002AEBB2A9B25E3213C1817CCD2D88,A706DE7DBFD100BBF8DE38728CBC2A552A2D1F60,2020-09-27 05:40:28.348000,2020-09-27 05:40:40.054000
rob5nkpd7beml6jh,,,,,,,A6E0F950CAC74AF867CA21976069529D6D4D3E30,2020-09-27 05:40:40.054000,
a3j2uidjlhhrcl3d,failed,not_found,3665,1C0736CF3744A3B87C2D2269B8BD3388C7E60552,38EF2FCFE72C49C634FE082D6CAB5D8F423B4626,BAF223E9DF62D3261F1675C6CFC4E5D50F15FA57,AF7094B62864DE941DCD88A2F0DBAFECF3997E47,2020-09-27 05:40:28.348000,2020-09-27 05:40:39.860000
a3j2uidjlhhrcl3d,,,,,,,3FEBFB6A491D30CACC2C2995EDB41717A6F94E95,2020-09-27 05:40:39.860000,
emorxq5cjssjfihx,,,,,,,6940247E04C839D268543E7F62566A91E40567E3,2020-09-27 05:40:29.496000,
so6cvxbd2gfc56ku,failed,not_found,3666,1C0736CF3744A3B87C2D2269B8BD3388C7E60552,876C7CE43774366250D3E768E690DAB9D4B5D5A3,9ACD9D526D1F82D7A00225742F1BDB374D7D17D4,4B919C783B1145060DF518940252FE2B5B128F67,2020-09-27 05:40:29.688000,2020-09-27 05:40:39.854000
so6cvxbd2gfc56ku,,,,,,,4BC2C524ADCEE939E6EB0863813DCC98D4C87D44,2020-09-27 05:40:39.855000,
qhj5or4bslgcfcqw,,,,,,,BF37445EA2A9F3D04F4B87DFAC624AEF21B559D5,2020-09-27 05:40:29.688000,
grml5awu5wzuprtn,,,,,,,07905A0D8AD1C134D3036872140B1DB1EB761772,2020-09-27 05:40:30.662000,
l6hvnh4wissbkvbg,,,,,,,65A90AB81C44DD7D9B73B5529B1151798534AF74,2020-09-27 05:40:30.729000,
yg5s46puape6yr7g,failed,not_found,3870,1C0736CF3744A3B87C2D2269B8BD3388C7E60552,F5F4019509109A07E90C45A022CEED9ECA1643C8,645C3F0545E0975A49F69EC272C0C3EA28586825,B45597CAC1DED958056A23458AB4AFB8E38ABA75,2020-09-27 05:40:30.738000,2020-09-27 05:40:45.036000
yg5s46puape6yr7g,,,,,,,B4598727C0B2A1313AB9DE822EDC6ECFDCC78FC0,2020-09-27 05:40:45.036000,
wneevkr5e34omzas,,,,,,,E5CC82DF823F15F9EEF99F22BFB1F3CC5F5076EF,2020-09-27 05:40:31.336000,
vfdeemkb4x2f5z7b,,,,,,,27F3833453C4006DF1E21C6BF62E4FCD8E99DEF2,2020-09-27 05:40:31.336000,
wba5dxtwwsla2yfm,,,,,,,68EC657DC8A587B38D5D7763D5C72E93C2CD456C,2020-09-27 05:40:31.363000,
q7e7olbqgjlumqrh,,,,,,,8737307DE84C2621E6399E99123967A9590297F2,2020-09-27 05:40:32.918000,
55ongykf7vfej63g,,,,,,,4A3EA0E1E4381199A9D80D88AF7D334644DF082B,2020-09-27 05:40:32.919000,
3v7xtcj5syznzczs,,,,,,,96E095D5CDBFC3988DEB708EC155346472402C32,2020-09-27 05:40:32.965000,
35c222znpvxoxqrl,,,,,,,2BD1936E0B4D5BB615CF99B0CFF74EAF19426888,2020-09-27 05:40:33.643000,
iqvbdk246m6oneo6,,,,,,,88748052843CC93A02BE1D9E9B5B358AB3A104AA,2020-09-27 05:40:33.644000,
oezez5t2ihzsp2no,,,,,,,17460997E66C47F805A834BE93CC14EC0DC608EA,2020-09-27 05:40:33.644000,
vprx6umi7xhno6fv,,,,,,,8C35B15C1F138BDE4D50A975129E4773B44A503D,2020-09-27 05:40:34.603000,
c2izum3t2dv25a54,,,,,,,3547FAF7D6526BBE81CC07FACAD612A99BDD9876,2020-09-27 05:40:34.603000,
y3jg34psuyinscd4,,,,,,,0D13FEFB150903100AF2F9E52A5852EC105A817E,2020-09-27 05:40:34.686000,
r2u4txh4ajqmllvi,,,,,,,A597AC866E40CAB5A67759ADE4942192E99DE684,2020-09-27 05:40:35.237000,
v5maxnw3jguhauzg,,,,,,,3BA07FCB32A0151EF9B76507213E43D8ABD3BE5F,2020-09-27 05:40:35.282000,
zgwo7bql5bdi6j7o,,,,,,,E480D577F58E782A5BC4FA6F49A6650E9389302F,2020-09-27 05:40:35.282000,
mrzuoy56xcempt3t,,,,,,,530277866466A1425F43A73DBFCB5FC7410C9852,2020-09-27 05:40:36.943000,
4a3xcxp6744lo7tb,,,,,,,8628D2ACCA1C9BE596DED1DF9D0099BBDB1352B3,2020-09-27 05:40:37.108000,
rppuc2r2jo3kgbbp,,,,,,,3A1BC65DF03ECD50FDF7CFF9C5A4E049FCB9C1AF,2020-09-27 05:40:37.416000,
nyq7j7yyk4hrompp,,,,,,,5E184FEA02B7C54172BBC757636F501047CF9691,2020-09-27 05:40:37.869000,
qmgjjojra3ptb5xm,,,,,,,4201FFF0BAB1DFCDF6FBA710AE2B860859E06A5F,2020-09-27 05:40:38.088000,
wjxc6hsbqnaygso4,,,,,,,20974D28EB668E689D4256046E0E32034375A0A2,2020-09-27 05:40:38.116000,
56eawxy6q2iwvfcl,,,,,,,9803B536ED203C9AAAFC3E53CD4935BA85FF402F,2020-09-27 05:40:38.445000,
ujmo7t4gdnwyvtd3,,,,,,,B8F6E68B36BEE2BF548750BDCCC3C2A7DB56A623,2020-09-27 05:40:38.676000,
45myyc5kviwovjpd,,,,,,,475B34D76756910C11EB7752EB8285F6BE00C1EE,2020-09-27 05:40:38.677000,
ci2ntwkpjxg2rirf,,,,,,,9A8CD9CD62B29DB0549E2A117EB2F014F5AFFEF1,2020-09-27 05:40:39.418000,
nbjv6ogx67msl2r4,,,,,,,513753D2C4A1246DCC21241C5BE5022CCBD2645C,2020-09-27 05:40:39.517000,
6wozy7xcen6zxwxi,,,,,,,16F50F2728581FE5CA7AC31F5066DCE8653F996C,2020-09-27 05:40:39.518000,
yhmhpdlw2xkvomc2,,,,,,,20462CBA5DA4C2D963567D17D0B7249718114A68,2020-09-27 05:40:40.452000,
tygv5i6pl6opza5a,,,,,,,0B555940D37DC849728841C0B290074E1A1BDCA8,2020-09-27 05:40:40.452000,
lyznyinlq523xx3h,,,,,,,A567FF5DC72A21A6B7120609E51E76C49517EF41,2020-09-27 05:40:40.502000,
w3eezofqmbnphir7,,,,,,,2E72EEABE4EE19183BEFAA10D88B3C16829C9F99,2020-09-27 05:40:41.350000,
s2drem3hqkmjvxkm,,,,,,,B83DC1558F0D34353BB992EF93AFEAFDB226A73E,2020-09-27 05:40:41.434000,
k7xaj3wcdqxwt4x6,,,,,,,CA37CD46799449D83B6B98B8C22C649906307888,2020-09-27 05:40:41.435000,
pqseme6mbpqzirvh,,,,,,,DE29A5C0DB38AA229286B237798D8817EE6B75E2,2020-09-27 05:40:43.056000,
3g6jj6ybkf6co7wf,,,,,,,DAE94877199B925D5F79C2B00D7B834D16993AF9,2020-09-27 05:40:43.056000,
a2dn7atvpdqwdb23,,,,,,,749EF4A434DFD00DAB31E93DE86233FB916D31E3,2020-09-27 05:40:43.230000,
oyctqfeset42jcdp,,,,,,,0C039F35C2E40DCB71CD8A07E97C7FD7787D42D6,2020-09-27 05:40:44.203000,
su3uan3srulzkgzd,,,,,,,6781471814DF164C2A6F17CD1F2584923FDE2101,2020-09-27 05:40:44.359000,
cbdimbzvwk7fpvhz,,,,,,,D27D4841C13B87A140F09246D5321E99C6824BB2,2020-09-27 05:40:44.404000,
fvgpfsjtzporr3aa,,,,,,,9FF43973692ABA9F600E9B17880201D09DEED19C,2020-09-27 05:40:44.863000,
zaccdj7bgsxdiv3f,,,,,,,038C30D2AD053147C91EFB1291527ED621D7D1B1,2020-09-27 05:40:44.863000,
zqvaf63keo4pzmoc,,,,,,,356B94BAD3096790E409790898144A4030AC225C,2020-09-27 05:40:44.912000,
