addr,status,reason,circ,guard_fp,middle_fp,exit_fp,hsdir_fp,start,end
rohuqpnidvmcyav4,failed,not_found,,,,,A0C59410B9030AC1385C4CA44C8DBFE13AF4BC9B,2020-09-23 14:41:59.343000,2020-09-23 14:42:00.386000
rohuqpnidvmcyav4,failed,not_found,13,724E86E7F5DA715529DC0ECAA013AE4BDC680E4C,AB3227DB470B17883D24D830EA84EBFBDC7D5815,B8E514ADDC653D61DE1FCB67821BB0303778782F,C92F69EE5756200F160CCFAFE9C3C984D3E6D561,2020-09-23 14:42:00.386000,2020-09-23 14:42:03.337000
rohuqpnidvmcyav4,failed,not_found,34,724E86E7F5DA715529DC0ECAA013AE4BDC680E4C,B74DABBE248B935CDC1038CD5C9280878C8C94E7,CC651A7620A8129209BF865CA6ECC1F09023DD28,A0BA38A5AB64350CEC343872F852EDF30D941326,2020-09-23 14:42:03.337000,2020-09-23 14:42:05.770000
rohuqpnidvmcyav4,failed,not_found,59,724E86E7F5DA715529DC0ECAA013AE4BDC680E4C,D701ACAF86413E92529EA8E32088C7FC45EA6F69,575F15A0A41B951BEE03E25B2A0A3FC3E8D7C7D1,C9278B602025FAE439BB554BC4E1184CFF1A2ABF,2020-09-23 14:42:05.770000,2020-09-23 14:42:09.439000
rohuqpnidvmcyav4,failed,not_found,109,724E86E7F5DA715529DC0ECAA013AE4BDC680E4C,4B351545DD58473F36B0A20E5500AC6ED51E8CD5,B872BA6804C8C6E140AE1897B44CF32B42FD2397,A0C5DDC55CECAFC31DC3909BCB344603E6A507CF,2020-09-23 14:42:09.439000,2020-09-23 14:42:12.854000
rohuqpnidvmcyav4,failed,not_found,173,724E86E7F5DA715529DC0ECAA013AE4BDC680E4C,91E7CA6B8D0AAD77C7CFB8FEA25BF4F46DA1042A,4E0C20FE5369CF91793AE0762B6D6EBFE8DD7D93,C92ECAF73512E2CCB15827A192B7AF3E9DBC896E,2020-09-23 14:42:12.854000,2020-09-23 14:42:16.578000
ofbxjiixqevgxbs3,failed,not_found,,,,,6A7479EB4378B946DC2A65A7F2C706B42BAE2EBD,2020-09-23 14:41:59.348000,2020-09-23 14:42:00.636000
ofbxjiixqevgxbs3,failed,not_found,14,724E86E7F5DA715529DC0ECAA013AE4BDC680E4C,FEDE31337E4E19E06B97D282F08B0A0E8B9C5526,B86137AE9681701901C6720E55C16805B46BD8E3,B411027C926A9BFFCF7DA91E3CAF1856A321EFFD,2020-09-23 14:42:00.638000,2020-09-23 14:42:02.739000
ofbxjiixqevgxbs3,failed,not_found,27,724E86E7F5DA715529DC0ECAA013AE4BDC680E4C,32EE911D968BE3E016ECA572BB1ED0A9EE43FC2F,6A1B4F8A87E327F4E115A385206C0880DB051B3B,6A8B54FB9F79E33A307AD0319B62916504A28049,2020-09-23 14:42:02.740000,2020-09-23 14:42:05.313000
ofbxjiixqevgxbs3,failed,not_found,50,724E86E7F5DA715529DC0ECAA013AE4BDC680E4C,63DE54637F349FD686CF1C036827B5BE826B9F7C,8EB53B7C8D8E2FF830DA324A05BE8CE954BABC55,B428E8A48C62E35536E5F30BA348A05ACE5FDF14,2020-09-23 14:42:05.313000,2020-09-23 14:42:08.038000
ofbxjiixqevgxbs3,failed,not_found,68,724E86E7F5DA715529DC0ECAA013AE4BDC680E4C,E6C04728E9339DF22F331B7017D4A7AA3F252F0B,7D928720EC0CB5C2AFE04DF0EBC37BD59B00EAB4,6A7551EEE18F78A9813096E82BF84F740D32B911,2020-09-23 14:42:08.038000,2020-09-23 14:42:08.997000
ofbxjiixqevgxbs3,failed,not_found,99,724E86E7F5DA715529DC0ECAA013AE4BDC680E4C,4B919C783B1145060DF518940252FE2B5B128F67,75D77007F098513C70773B5EC46159DD41F2F7ED,B426BB592E20008B7ED9E9D7AC5651ED8B0EB39E,2020-09-23 14:42:08.997000,2020-09-23 14:42:11.409000
mfe2kizxf2dr2uyc,failed,not_found,,,,,C291114640EA333A6AC5801B5E0EC95C012DFE6B,2020-09-23 14:41:59.370000,2020-09-23 14:42:00.866000
mfe2kizxf2dr2uyc,failed,not_found,124,724E86E7F5DA715529DC0ECAA013AE4BDC680E4C,E81993EA52B73285CFFD02FEC003569D21483001,4B351545DD58473F36B0A20E5500AC6ED51E8CD5,C25E5C62897BACBA309571C2548084B45050FEDF,2020-09-23 14:42:00.867000,2020-09-23 14:42:13.176000
mfe2kizxf2dr2uyc,failed,not_found,1157,724E86E7F5DA715529DC0ECAA013AE4BDC680E4C,ACA0B8702A6A0B890217A3D26B7220EB6E1CFFD1,CA95B3584C44DED8107AF5B3D8C25C562CC64DD4,C2A3F4315DEC7F4E31D18818E1002B0C6A2E5535,2020-09-23 14:42:13.176000,2020-09-23 14:42:48.614000
mfe2kizxf2dr2uyc,,,,,,,A14993020CC672AE519B1F1C9679CE0982C9733F,2020-09-23 14:42:48.614000,
eo3yxrssrc2sulah,failed,not_found,7,724E86E7F5DA715529DC0ECAA013AE4BDC680E4C,F836446663F1EB816F13708955F105D0B2F5C8E0,29FA511E67A31A1A874AABFB2B624AD122AE4ED4,3AB334331819AC0BA1A8AFE002D4321672109CAC,2020-09-23 14:41:59.370000,2020-09-23 14:42:01.723000
eo3yxrssrc2sulah,failed,not_found,8,724E86E7F5DA715529DC0ECAA013AE4BDC680E4C,D2F4DAC5918BB082A5CFAC5275B29FAC9B399B2B,DD3F8B9643B1EA35353FC7331C92F99668A7F30C,3A992EE90A372FF4ED0DB1E26D9662E967C84A92,2020-09-23 14:42:01.724000,2020-09-23 14:42:02.782000
eo3yxrssrc2sulah,failed,not_found,28,724E86E7F5DA715529DC0ECAA013AE4BDC680E4C,F0F13714732C347312426EC2B8D5C4940EAA45BA,1252A53FE719AF72C0FD1E54D8DE08C0327E5A4A,B2002D5C75A0FAD8F33962614718F35CB672CC57,2020-09-23 14:42:02.783000,2020-09-23 14:42:10.265000
eo3yxrssrc2sulah,failed,not_found,117,724E86E7F5DA715529DC0ECAA013AE4BDC680E4C,0B19BBFDC498CCEA23027B1D7BD8E20121B95E60,A69221A7EC7498D2F88A0FB795261013FA36CAAE,3A9443710224E5182895C342D1D36C1D460A1206,2020-09-23 14:42:10.265000,2020-09-23 14:42:13.283000
eo3yxrssrc2sulah,failed,not_found,184,724E86E7F5DA715529DC0ECAA013AE4BDC680E4C,900777F6E1307328D5C39826356925FDECB0790B,80AB167E463DC977F0B02D6880E63DC298029875,B1E43B11A955CBA31F5261A22CBFCE204C95D5DE,2020-09-23 14:42:13.284000,2020-09-23 14:42:17.561000
eo3yxrssrc2sulah,failed,not_found,322,724E86E7F5DA715529DC0ECAA013AE4BDC680E4C,ABC426893B642BDA2F78D7CAE99B251126F89F74,F31C03A766FAA33B62B12105D822FFE69A3BB0E5,B1F09810C4F7B9D30F483DCE389180335D40968C,2020-09-23 14:42:17.562000,2020-09-23 14:42:24.349000
zyqvslkybu6frlwf,failed,not_found,9,724E86E7F5DA715529DC0ECAA013AE4BDC680E4C,FB13B3060516E4C50E5E178227A036977103E4AD,ACA0B8702A6A0B890217A3D26B7220EB6E1CFFD1,DBEC189430285AF1F2740FF561EBE88AFB20C162,2020-09-23 14:42:00.258000,2020-09-23 14:42:03.372000
zyqvslkybu6frlwf,failed,not_found,36,724E86E7F5DA715529DC0ECAA013AE4BDC680E4C,41D2F6D866E7638138CF9F282A280F96BD020D25,B74DABBE248B935CDC1038CD5C9280878C8C94E7,57C1914D88E2F34FC32D8BE6D65BFB2773AB8608,2020-09-23 14:42:03.373000,2020-09-23 14:42:05.656000
zyqvslkybu6frlwf,failed,not_found,190,724E86E7F5DA715529DC0ECAA013AE4BDC680E4C,B143D439B72D239A419F8DCE07B8A8EB1B486FA7,B2D03CDF45EB4D74A65FAC4F00EBA785C9663A5F,DBDF797B095015AB3B7AD07B44307687A3409E89,2020-09-23 14:42:05.656000,2020-09-23 14:42:17.410000
zyqvslkybu6frlwf,failed,not_found,276,724E86E7F5DA715529DC0ECAA013AE4BDC680E4C,42D47C736518BFA495CA31AEE40AE468F0BDA2A6,E8466E02C893B9A6602A251CCEA100F252E25B4B,DBE82FA23B9FE3CB2462A6FCF5289DED3CBF4AEE,2020-09-23 14:42:17.410000,2020-09-23 14:42:22.883000
zyqvslkybu6frlwf,failed,not_found,572,724E86E7F5DA715529DC0ECAA013AE4BDC680E4C,288C100FFA656938C23F32207CAF0DA932ECD247,2AE2CA4BD2B7754F29432C25E03314D52AC4CAF1,57B6873C2DC362E5A42A809FB5624CDA3A025430,2020-09-23 14:42:22.884000,2020-09-23 14:42:31.146000
zyqvslkybu6frlwf,failed,not_found,1016,724E86E7F5DA715529DC0ECAA013AE4BDC680E4C,DA8D76F5F5819693B5C96F499BA19F7404014769,F0C9513539800F762ECAE37F16370D7CBA5E52C2,57C6DF5B93E54EB9C8DB90029D9E9A1111BD34D2,2020-09-23 14:42:31.146000,2020-09-23 14:42:42.528000
4qoaygofklbmu72u,failed,not_found,10,724E86E7F5DA715529DC0ECAA013AE4BDC680E4C,B9EAEADEDD4937363CD25FCD7022E55764B8DBBA,D91F295BFAF865BF76DA0820485B6650DD832DC5,B411027C926A9BFFCF7DA91E3CAF1856A321EFFD,2020-09-23 14:42:00.285000,2020-09-23 14:42:02.360000
4qoaygofklbmu72u,failed,not_found,25,724E86E7F5DA715529DC0ECAA013AE4BDC680E4C,5EEE4C799C55FC8BBDB8EB5E65A48C60C8F15640,76D2EBA82BBCCA3DF9F254A9A8372A10A26F3D14,0869EA503377C702669BC75DD7A59094658DFA08,2020-09-23 14:42:02.361000,2020-09-23 14:42:04.396000
4qoaygofklbmu72u,failed,not_found,43,724E86E7F5DA715529DC0ECAA013AE4BDC680E4C,AAFFA68AB61238F9044B6ECBA62E25264113EB88,169535CC4C75FF79C6D548D41720064EE4FE61D2,0882440874034AFBE2FBF16463A290F3278E24F7,2020-09-23 14:42:04.396000,2020-09-23 14:42:06.627000
4qoaygofklbmu72u,failed,not_found,63,724E86E7F5DA715529DC0ECAA013AE4BDC680E4C,7BE4752877553A96CD4035D0C526BCD09E81CC64,5FB384605F53DCBF1CB02143D318DA3E8EE38A24,085527CBD6485FD475AC983FA8683A2D9028BAA8,2020-09-23 14:42:06.627000,2020-09-23 14:42:08.894000
4qoaygofklbmu72u,failed,not_found,97,724E86E7F5DA715529DC0ECAA013AE4BDC680E4C,3CFAD0798FF5D3B994F40B8971D4A79D84165A0D,005079A42356183CEA5A3ADD239303F44F12E7EA,B3D56C1E0AD84BA93AF6DC533A8569C3D0E8A58B,2020-09-23 14:42:08.895000,2020-09-23 14:42:11.288000
4qoaygofklbmu72u,failed,not_found,135,724E86E7F5DA715529DC0ECAA013AE4BDC680E4C,F244C5F5DDE2F29CA1F88E4C9F9FACCC48BCA857,88748052843CC93A02BE1D9E9B5B358AB3A104AA,B426BB592E20008B7ED9E9D7AC5651ED8B0EB39E,2020-09-23 14:42:11.289000,2020-09-23 14:42:13.474000
qd44p3w3fdjrxjs6,failed,not_found,11,724E86E7F5DA715529DC0ECAA013AE4BDC680E4C,5820D7E2CC290462233845BA807D616494CF0D7D,B0DB2F173F0DB364BABF7A465D796B3C048F1F33,7C86C73DB17CE20CD26537C9E3EC0FD7A55E5C6D,2020-09-23 14:42:00.285000,2020-09-23 14:42:03.132000
qd44p3w3fdjrxjs6,failed,not_found,21,724E86E7F5DA715529DC0ECAA013AE4BDC680E4C,64E257D94E739278D5954CC820C9D7EAC4E7A7B7,484F666C491BCDE22B45E0E19D1CEA5ACC5A9611,7C7FFB1C48B7E0C5C9B3D11FEC2F8500F464786A,2020-09-23 14:42:03.133000,2020-09-23 14:42:04.064000
qd44p3w3fdjrxjs6,failed,not_found,41,724E86E7F5DA715529DC0ECAA013AE4BDC680E4C,8A6F5A21493685B50F1B46A87A2099D6C410F237,037BCD0EBDF7DB9F3D562DA27D463F0F78F1494B,7CBC1D4754EF3A62C15CB48C08029C99009E2ECF,2020-09-23 14:42:04.065000,2020-09-23 14:42:06.483000
qd44p3w3fdjrxjs6,failed,not_found,61,724E86E7F5DA715529DC0ECAA013AE4BDC680E4C,28AA7AFE8B1EDD7D4278D2A02027E09A75B528D0,0C3D5E19E3C75B505C8ACD26F89DCA2DF970553E,5B7ECD80310B35E6B95FC887E143C889CF8C2841,2020-09-23 14:42:06.484000,2020-09-23 14:42:08.830000
qd44p3w3fdjrxjs6,failed,not_found,96,724E86E7F5DA715529DC0ECAA013AE4BDC680E4C,D777D31F95081D0F7223AAD5F8A74977D524145D,221546DAE86B003139B13BD6F6AE1B4B42B59DF8,5BF170F5773748C783BE4B67DABF5338C03B1AE7,2020-09-23 14:42:08.831000,2020-09-23 14:42:11.122000
qd44p3w3fdjrxjs6,failed,not_found,134,724E86E7F5DA715529DC0ECAA013AE4BDC680E4C,C1B79C4CD9B713BBB6B0522155B46A7BFE3BFAAE,1C0736CF3744A3B87C2D2269B8BD3388C7E60552,5B9BB7A543C2C035A423A6B411780E50645782C0,2020-09-23 14:42:11.122000,2020-09-23 14:42:15.079000
s7r3jycgnb6tabs4,failed,not_found,12,724E86E7F5DA715529DC0ECAA013AE4BDC680E4C,761A60D0364D9AA03114F72550483287ED060B2D,21EB2176DFD7364A8E3705ABF518E880362425FC,6A7479EB4378B946DC2A65A7F2C706B42BAE2EBD,2020-09-23 14:42:00.298000,2020-09-23 14:42:02.427000
s7r3jycgnb6tabs4,failed,not_found,26,724E86E7F5DA715529DC0ECAA013AE4BDC680E4C,D8A2D0080B0C73E1DC0EC9F33B497F64E5FB3F52,3D5D6178C44537E3692853B344385F6572A55767,6A6E168C7FB2909DBEBCA7BF43B818583C37F3EA,2020-09-23 14:42:02.428000,2020-09-23 14:42:04.321000
s7r3jycgnb6tabs4,failed,not_found,42,724E86E7F5DA715529DC0ECAA013AE4BDC680E4C,F0A3054C76604DC75D3F57F55C27F1BFB643F107,23A2D8DDF761F35CC63BDF65E604B76A7E2F6971,E6D4332BF40FDEE7814F2DBC926650EF8032B643,2020-09-23 14:42:04.321000,2020-09-23 14:42:06.626000
s7r3jycgnb6tabs4,failed,not_found,62,724E86E7F5DA715529DC0ECAA013AE4BDC680E4C,B70BD334FFEE23E653B75219AE12CF0236BCFCBB,872B18761953254914F77C71846E8A2623C52591,E6C04728E9339DF22F331B7017D4A7AA3F252F0B,2020-09-23 14:42:06.627000,2020-09-23 14:42:08.635000
s7r3jycgnb6tabs4,failed,not_found,95,724E86E7F5DA715529DC0ECAA013AE4BDC680E4C,863FDDA3CA537CE03646B3AEBD3FD1CC6B077FBE,B576A394DFC12B7E900D643C900484765D58C30F,6A7551EEE18F78A9813096E82BF84F740D32B911,2020-09-23 14:42:08.636000,2020-09-23 14:42:10.719000
s7r3jycgnb6tabs4,failed,not_found,123,724E86E7F5DA715529DC0ECAA013AE4BDC680E4C,2CE9BE1FC88B9D0FA03F387C9E4F000B5D4B2AE9,C1B79C4CD9B713BBB6B0522155B46A7BFE3BFAAE,E6C532D7C7614F19EF809F50AA735054BAB47979,2020-09-23 14:42:10.719000,2020-09-23 14:42:13.169000
wipjpejsybxme2pe,failed,not_found,17,724E86E7F5DA715529DC0ECAA013AE4BDC680E4C,508773E7A34F3BE17DD0372446798FACB8BF1EAA,926955277C7BDB6CD1E1561A91847CBCD5B079E5,CA99E68B7D90A7E981D60350037E7C9991C89ED2,2020-09-23 14:42:01.269000,2020-09-23 14:42:18.555000
wipjpejsybxme2pe,failed,not_found,30,724E86E7F5DA715529DC0ECAA013AE4BDC680E4C,BF7168623AD4FF542A9E940C4CCF575D9BE16323,16FD7E5D67B7054EE4E7FDDF04AFB48216CA640A,CA94704217260E7483DA88719CACD7A94C564D5C,2020-09-23 14:42:03.133000,2020-09-23 14:42:14.344000
wipjpejsybxme2pe,failed,not_found,45,724E86E7F5DA715529DC0ECAA013AE4BDC680E4C,C1B79C4CD9B713BBB6B0522155B46A7BFE3BFAAE,12CF6DB4DAE106206D6C6B09988E865C0509843B,CACD9D63B759B35555D8C965A3E01071E9DFB44C,2020-09-23 14:42:06.215000,2020-09-23 14:42:07.241000
wipjpejsybxme2pe,failed,not_found,74,724E86E7F5DA715529DC0ECAA013AE4BDC680E4C,D4C381686A379E3CC3C09F95E1F6E4BFF27C489C,F569731C9CA2270563A1B056ED9378CC99BE3DAC,CA6A1295456D14F8C78CE623EB779EF2C1CCC7F0,2020-09-23 14:42:07.242000,2020-09-23 14:42:09.778000
ho2jlkgjyhs4ciux,failed,not_found,125,724E86E7F5DA715529DC0ECAA013AE4BDC680E4C,30E899AAFEB7429FEA43A15F2B43759D965E289F,EE010EF80A27AC0B02CDC2B8B214A6201BB02D2B,AD7C011CE0280249FA05053C1AC8E770E242ADF8,2020-09-23 14:42:01.289000,2020-09-23 14:42:13.387000
ho2jlkgjyhs4ciux,failed,not_found,188,724E86E7F5DA715529DC0ECAA013AE4BDC680E4C,462ECB5FF94C6AB6971E451710B748BE20F7CC8B,A0DFB31231C718829FA18EAB4D0CD51DEDBAE08C,2AFF47D161619E32C21B90AE7C65DC2057150294,2020-09-23 14:42:13.387000,2020-09-23 14:42:17.364000
ho2jlkgjyhs4ciux,failed,not_found,274,724E86E7F5DA715529DC0ECAA013AE4BDC680E4C,FD449127D30D8F5D124653D9EF736EDF4A12B4DC,288C100FFA656938C23F32207CAF0DA932ECD247,2B24C281AD12EA96F72C2808E1AF041CEBE345D0,2020-09-23 14:42:17.365000,2020-09-23 14:42:23.205000
ho2jlkgjyhs4ciux,failed,not_found,480,724E86E7F5DA715529DC0ECAA013AE4BDC680E4C,AEC8A42DE8F9CB115E2479D78AE1CA4BCCF54F4A,CD39C258265B25EAA4ABA4FDCB2DF98104CAA362,2B0D1912E15B8054A4EB3E0CD8C638F901A66C2A,2020-09-23 14:42:23.205000,2020-09-23 14:42:29.784000
ho2jlkgjyhs4ciux,failed,not_found,1166,724E86E7F5DA715529DC0ECAA013AE4BDC680E4C,91517F219F7648E4B8BBF3C162C77DDC55315612,E17745C64255D2920D9B9FCF9EF930C426EE4A91,AD76F68E461FAF90D9A93221A994A0F6F84DD6A3,2020-09-23 14:42:29.784000,2020-09-23 14:42:47.552000
ho2jlkgjyhs4ciux,,,,,,,AD7552F2CFBF472F9FFE748D3E82994EA6050A76,2020-09-23 14:42:47.553000,
bciezw55t2i55jxn,failed,not_found,19,724E86E7F5DA715529DC0ECAA013AE4BDC680E4C,D87698D8E2276C7E93D531B7C2A1B27D58C71876,CC6910CF21D17C1BD68FE224CE7685BEB42558A8,55580D71B317A072F4A4DCF6EA4EDB015734AEE7,2020-09-23 14:42:01.316000,2020-09-23 14:42:03.419000
bciezw55t2i55jxn,failed,not_found,39,724E86E7F5DA715529DC0ECAA013AE4BDC680E4C,E5A3CA10182C35F691BCF678F193D10F4B0F972F,D228AE265C966CA4E9A8C4B746A30A9737060A32,554E9EE1586220B016B7C43490E7398F57C254D5,2020-09-23 14:42:03.419000,2020-09-23 14:42:05.702000
bciezw55t2i55jxn,failed,not_found,56,724E86E7F5DA715529DC0ECAA013AE4BDC680E4C,92BBADCB0697F5EB1792C607EE2DC1C291A98ADC,5C83A9F985E2ACFBC3D3E5DB7F5C7C91FF7FE7AA,55403B9653A81F68C39787E000BD9F97E1F3B250,2020-09-23 14:42:05.702000,2020-09-23 14:42:07.819000
bciezw55t2i55jxn,failed,not_found,82,724E86E7F5DA715529DC0ECAA013AE4BDC680E4C,622842AE5ECFF0809B4C986D52CA75C349ED11E8,543F96D0C17CDBAC326F644DB0C8A17193BCCFC9,5CE3AD8AD04ADE66C0037A3CF5F7F7A40D48A20B,2020-09-23 14:42:07.821000,2020-09-23 14:42:10.373000
bciezw55t2i55jxn,failed,not_found,146,724E86E7F5DA715529DC0ECAA013AE4BDC680E4C,3A9443710224E5182895C342D1D36C1D460A1206,AB977A400143C8441703993D02956977C9AB0349,5CFC486780CBD4446B764E51608D6574003B350D,2020-09-23 14:42:10.374000,2020-09-23 14:42:14.680000
bciezw55t2i55jxn,failed,not_found,210,724E86E7F5DA715529DC0ECAA013AE4BDC680E4C,97B7BA747B62A9962DEDCE404FF33106D4032F91,E1DE607E31C2C0FB6F8FC959BF7B58CE35D95990,5D263037FC175596B3A344132B0B755EB8FB1D1C,2020-09-23 14:42:14.681000,2020-09-23 14:42:18.554000
cob5ppnre4uhzvzw,failed,not_found,20,724E86E7F5DA715529DC0ECAA013AE4BDC680E4C,8B889E04C60E30D511013189D3C2ADCE522E1F3C,9CFA49D7F6C1774FFECC12AD3F3E59BD781285EF,721E494B0E06554D8F9A169BDBF17282C07B2588,2020-09-23 14:42:01.316000,2020-09-23 14:42:03.391000
cob5ppnre4uhzvzw,failed,not_found,37,724E86E7F5DA715529DC0ECAA013AE4BDC680E4C,1322D90EA6EDA85B3A8566F2C04F2D8C5C7C1EF1,DD823AFB415380A802DCAEB9461AE637604107FB,71DF8174D809D862445BFCB89F5A0980099947EC,2020-09-23 14:42:03.391000,2020-09-23 14:42:05.749000
cob5ppnre4uhzvzw,failed,not_found,58,724E86E7F5DA715529DC0ECAA013AE4BDC680E4C,F3936F97C14EFCFD18154DF4443B91FEDD071F47,9738F8F5C386CDAF5707D0DCED428F2813CA285F,173EBA1FACA59718499AE8023187E5F95E8BF1C7,2020-09-23 14:42:05.750000,2020-09-23 14:42:08.203000
cob5ppnre4uhzvzw,failed,not_found,88,724E86E7F5DA715529DC0ECAA013AE4BDC680E4C,0CC18E42E5ECADFE76862CE2EB7189EFA17A11FD,AC00AEBA1AE2A80CF4184C4362157BF91487B902,721F80504A717309A8EBA47729EB1E474A95A61F,2020-09-23 14:42:08.203000,2020-09-23 14:42:11.395000
cob5ppnre4uhzvzw,failed,not_found,140,724E86E7F5DA715529DC0ECAA013AE4BDC680E4C,79E3B585803DE805CCBC00C1EF36B1E74372861D,02758CD398E3F842EF82478078AAAE0273770DB2,1733D57AA16D2E9E5A448DA607FCA5FA989E4F4D,2020-09-23 14:42:11.396000,2020-09-23 14:42:14.198000
cob5ppnre4uhzvzw,failed,not_found,380,724E86E7F5DA715529DC0ECAA013AE4BDC680E4C,119E566B3D747658908EA00F336F4E158AE97AAD,B5D11485CE7613F8734D040BF9166F6AAFB30F46,173652F77C436F63D80208E29691738C570D4F9A,2020-09-23 14:42:14.198000,2020-09-23 14:42:26.969000
lpxug5asgaodiuzp,failed,not_found,16,724E86E7F5DA715529DC0ECAA013AE4BDC680E4C,AB0CC19517476E610B86FF796B703643BFE21E89,8ABC4D5F6182C7E79B087D1ED9E5CF652C83E52C,619E413D0C8AFF95B456622707016A7AB7B4DA5D,2020-09-23 14:42:02.261000,2020-09-23 14:42:03.404000
lpxug5asgaodiuzp,failed,not_found,38,724E86E7F5DA715529DC0ECAA013AE4BDC680E4C,AE95BDA37A5BB4685FEBB7F06649D6CE949B5316,0D99F89BBB92BF5557F8D3F895DB218A72871089,492FF91A6B43110681F7D5DD3B380E537699D3F1,2020-09-23 14:42:03.404000,2020-09-23 14:42:05.437000
lpxug5asgaodiuzp,failed,not_found,53,724E86E7F5DA715529DC0ECAA013AE4BDC680E4C,9536547B5F97CF8768C067A17C4D01F1A826A66D,EEDF0AF1F892C82F056063827B47283CC9AEAA41,4932D9330B60AD77BF08A322CF913D4736E221E3,2020-09-23 14:42:05.438000,2020-09-23 14:42:08.480000
lpxug5asgaodiuzp,failed,not_found,93,724E86E7F5DA715529DC0ECAA013AE4BDC680E4C,56781CCC9F6D29FEA148799AB588429C893A473C,38E48C9509E18F405749859EEF299EBC1B829602,61AF790EF78C2D73C8E3D8E2596D42A1AACE1359,2020-09-23 14:42:08.480000,2020-09-23 14:42:10.823000
lpxug5asgaodiuzp,failed,not_found,132,724E86E7F5DA715529DC0ECAA013AE4BDC680E4C,42D47C736518BFA495CA31AEE40AE468F0BDA2A6,163303F0583A1917326214379BD1AB2D286046EA,48D934E776B739D38F9EAFDCFD85203C6A68A67B,2020-09-23 14:42:10.824000,2020-09-23 14:42:13.859000
lpxug5asgaodiuzp,failed,not_found,222,724E86E7F5DA715529DC0ECAA013AE4BDC680E4C,1C0736CF3744A3B87C2D2269B8BD3388C7E60552,EFA2E7B073AA4CE2DAF7160F23C90DB805948F4A,61B8BDC91AA7BC9A05EB5A3D652FFF88C98E6911,2020-09-23 14:42:13.860000,2020-09-23 14:42:19.813000
vv4hpjebidtlrfss,failed,not_found,22,724E86E7F5DA715529DC0ECAA013AE4BDC680E4C,4586DF1934953F38206B5117237F79C1C8797FC4,A1B28D636A56AAFFE92ADCCA937AA4BD5333BB4C,450AB46ADFD541B3905A5C6140BC53EB8C68C9A5,2020-09-23 14:42:02.279000,2020-09-23 14:42:04.364000
vv4hpjebidtlrfss,failed,not_found,29,724E86E7F5DA715529DC0ECAA013AE4BDC680E4C,BFC6E7F298D581344DFCE95BB7EE9EDE1FC0745B,52026565263963A4DA7C0A737E43850951405CDB,451C144A35AAD47AF91FCE3021B4B982F6811335,2020-09-23 14:42:04.364000,2020-09-23 14:42:05.730000
vv4hpjebidtlrfss,failed,not_found,57,724E86E7F5DA715529DC0ECAA013AE4BDC680E4C,A6C983C2F7EEADD55CE9169E540EBD95423FC260,B0537CD220A60ECF8045439658A53254C0D63DCB,FA5A0820B4D068F37A65B80C9315404553B5A053,2020-09-23 14:42:05.731000,2020-09-23 14:42:08.129000
vv4hpjebidtlrfss,failed,not_found,141,724E86E7F5DA715529DC0ECAA013AE4BDC680E4C,F059C76B861B25D8F1BBDA4AD37D1B69035423EC,C1939D36649DE98A202429631D8EFC70128D5F5F,4507C2582CBFE28735785981F045C542323EADBB,2020-09-23 14:42:08.130000,2020-09-23 14:42:14.115000
vv4hpjebidtlrfss,failed,not_found,198,724E86E7F5DA715529DC0ECAA013AE4BDC680E4C,A2C6C931D8627C6605288970889DDB88C7BA2142,D079D6818926684C5979C18171FB18862A4A5792,FA5647DE9745BA239C9F34E262512C99605472C9,2020-09-23 14:42:14.115000,2020-09-23 14:42:18.161000
vv4hpjebidtlrfss,failed,not_found,284,724E86E7F5DA715529DC0ECAA013AE4BDC680E4C,A6E0F950CAC74AF867CA21976069529D6D4D3E30,FC294B234345C437B781D24E6C0710C89FF2D9B6,FA5F1AB3468F808B2FB05F2155C0481A3532C787,2020-09-23 14:42:18.162000,2020-09-23 14:42:24.077000
fcivjtvbfqffhnhm,failed,not_found,23,724E86E7F5DA715529DC0ECAA013AE4BDC680E4C,5FB384605F53DCBF1CB02143D318DA3E8EE38A24,211310CD09EC290505C1F24018AE5330076412A0,54F5D800DD9783FCF2200E80EF3D1A867A3F6D6B,2020-09-23 14:42:02.310000,2020-09-23 14:42:04.433000
fcivjtvbfqffhnhm,failed,not_found,127,724E86E7F5DA715529DC0ECAA013AE4BDC680E4C,9DA672F46D0AD9BA59B2FA56A8F343D38C78BF4C,23A2D8DDF761F35CC63BDF65E604B76A7E2F6971,FE296180018833AF03A8EACD5894A614623D3F76,2020-09-23 14:42:04.433000,2020-09-23 14:42:13.269000
fcivjtvbfqffhnhm,failed,not_found,243,724E86E7F5DA715529DC0ECAA013AE4BDC680E4C,EBE718E1A49EE229071702964F8DB1F318075FF8,1CD48F4ED0F1821FFBF1940802A13EEFD4C27502,550F8C238D36F6117F319817CC3BF16D23FC8555,2020-09-23 14:42:13.269000,2020-09-23 14:42:16.903000
fcivjtvbfqffhnhm,failed,not_found,257,724E86E7F5DA715529DC0ECAA013AE4BDC680E4C,425835370C1FBE178C21CB53C76672F12BDE091A,4D568479B37A688769F410E9A914909E8CC2A5B8,54FF87E18CF4B351BB078A640A4DC5265969485E,2020-09-23 14:42:16.904000,2020-09-23 14:42:22.220000
fcivjtvbfqffhnhm,,,,,,,FE1AF5E909002134BFF834F4AD5E1DE723779002,2020-09-23 14:42:22.221000,
6ikmljnftekfxrp3,failed,not_found,24,724E86E7F5DA715529DC0ECAA013AE4BDC680E4C,462F4983DFBFB4E557706843093C9B497A23DF92,E1468D867FA3230EC1DACFCA87A800BAF22E79E0,774908E4A3018A9696BD02FE4F3F8A8724396D22,2020-09-23 14:42:02.310000,2020-09-23 14:42:05.390000
6ikmljnftekfxrp3,failed,not_found,51,724E86E7F5DA715529DC0ECAA013AE4BDC680E4C,2F09BD6D9A2D5A7D6D26C17651CE8ECF0B7BA257,890480E14E634C8B4467C475E355A6FBF3D99CD5,7731E125924324B7405BA20E2759EE16780237E2,2020-09-23 14:42:05.390000,2020-09-23 14:42:07.906000
6ikmljnftekfxrp3,failed,not_found,83,724E86E7F5DA715529DC0ECAA013AE4BDC680E4C,47E1157F7DA6DF80EC00D745D73ACD7B0A380BCF,0C6D3655763B1A3A60FC42135CD60765AFE953BA,77375E4B8A1B4838D5A65C0E9638C4856D5137B3,2020-09-23 14:42:07.907000,2020-09-23 14:42:10.340000
6ikmljnftekfxrp3,failed,not_found,118,724E86E7F5DA715529DC0ECAA013AE4BDC680E4C,547C1CDB516798EC66A01F04A5884DCE1A151919,3F3E911D64F8DED71208D614782ABED41F4D7A0D,1211AC1BBB8A1AF7CBA86BCE8689AA3146B86423,2020-09-23 14:42:10.341000,2020-09-23 14:42:13.021000
6ikmljnftekfxrp3,failed,not_found,176,724E86E7F5DA715529DC0ECAA013AE4BDC680E4C,E17745C64255D2920D9B9FCF9EF930C426EE4A91,A09D20D85D0AA29C47C90ABEAFDB6B7A4BF7FD07,120F89D102F96647D2258166B3BB50CBFCEF20E3,2020-09-23 14:42:13.021000,2020-09-23 14:42:16.575000
6ikmljnftekfxrp3,failed,not_found,254,724E86E7F5DA715529DC0ECAA013AE4BDC680E4C,06432D1B5A7C132071626D186D7F1A429C5BBED9,F35D115BDD5987D301BE0FD27DAB05F5F4B2ABAE,120C197151B36EF1E0D813767EBE2C80C5578BF5,2020-09-23 14:42:16.577000,2020-09-23 14:42:21.517000
brd4wfvlrbjto5fr,failed,not_found,31,724E86E7F5DA715529DC0ECAA013AE4BDC680E4C,B73D1E98BE6689A1DDBFE4232C769FCD1B9E0B32,CCBB2D86A63075F4A2B799A36EF0338F488B0F14,ACBBB426CE1D0641A590BF1FC1CF05416FC0FF6F,2020-09-23 14:42:03.301000,2020-09-23 14:42:05.422000
brd4wfvlrbjto5fr,failed,not_found,52,724E86E7F5DA715529DC0ECAA013AE4BDC680E4C,97B7BA747B62A9962DEDCE404FF33106D4032F91,20CD933EDC7260B19040475B24FD6B01B73E94BB,A123F404BD9A15D96CC7930C2BE28103341AC68B,2020-09-23 14:42:05.422000,2020-09-23 14:42:07.922000
brd4wfvlrbjto5fr,failed,not_found,84,724E86E7F5DA715529DC0ECAA013AE4BDC680E4C,021DDCD687FD505B7EA7E75DA6CEF0D778AA07FB,25990FC54D7268C914170A118EE4EE75025451DA,A13281DBD8F8E484E95DD273B3EE7FC14C1B0A7A,2020-09-23 14:42:07.923000,2020-09-23 14:42:12.237000
brd4wfvlrbjto5fr,failed,not_found,162,724E86E7F5DA715529DC0ECAA013AE4BDC680E4C,8127FEAAF63A37CDB3CF0D1DA75D1B8D6DA90AD9,A4771CB90024F1870D622960519945A3E49B40FE,A14993020CC672AE519B1F1C9679CE0982C9733F,2020-09-23 14:42:12.237000,2020-09-23 14:42:16.335000
brd4wfvlrbjto5fr,failed,not_found,241,724E86E7F5DA715529DC0ECAA013AE4BDC680E4C,674967B0D22754201ADE92CFB15A43837AFDBF80,B143D439B72D239A419F8DCE07B8A8EB1B486FA7,ACA0B8702A6A0B890217A3D26B7220EB6E1CFFD1,2020-09-23 14:42:16.335000,2020-09-23 14:42:20.608000
brd4wfvlrbjto5fr,failed,not_found,368,724E86E7F5DA715529DC0ECAA013AE4BDC680E4C,F8DE8132E599A194E20DDB738AF64A7200CD5949,896364B7996F5DFBA0E15D1A2E06D0B98B555DD6,ACAE2A7000B2BEB08704AAA0A2DDCADD68E58A63,2020-09-23 14:42:20.609000,2020-09-23 14:42:26.491000
6bxv2jfn3nnv4dqk,failed,not_found,32,724E86E7F5DA715529DC0ECAA013AE4BDC680E4C,7A3E534C033E3836BD5AF223B642853C502AB33A,771E0824EF82D85E04D80116554111E37F7EB796,E81993EA52B73285CFFD02FEC003569D21483001,2020-09-23 14:42:03.301000,2020-09-23 14:42:05.532000
6bxv2jfn3nnv4dqk,failed,not_found,54,724E86E7F5DA715529DC0ECAA013AE4BDC680E4C,4825FABA5D4A44E6DFC307544EF15F15FB37FA49,7A3E534C033E3836BD5AF223B642853C502AB33A,E81978D79F5FBC67DD0E80F6EADCE88A97A79554,2020-09-23 14:42:05.532000,2020-09-23 14:42:07.693000
6bxv2jfn3nnv4dqk,failed,not_found,81,724E86E7F5DA715529DC0ECAA013AE4BDC680E4C,3E53D3979DB07EFD736661C934A1DED14127B684,104DC15ACFA69CF94F89E8ED0F6CDB2D298234D2,E8130F7A29B624A70A0EC506671D66BAA32F1A5F,2020-09-23 14:42:07.693000,2020-09-23 14:42:10.385000
6bxv2jfn3nnv4dqk,failed,not_found,121,724E86E7F5DA715529DC0ECAA013AE4BDC680E4C,4FF53BC47097B50DA5B68D72C5B25CC079F4A787,4B1B02A94C0315F0376E56A6AD3A93C7976E469F,5512557491F87D888FC485FF6484265A754ABF53,2020-09-23 14:42:10.386000,2020-09-23 14:42:12.980000
6bxv2jfn3nnv4dqk,failed,not_found,159,724E86E7F5DA715529DC0ECAA013AE4BDC680E4C,3D615DEF97F387631F50201FAFA6E7B67FDF3FEF,A3AFBDEE30238E44899C9F8B7666D12B09C8EE32,55177132536CB9FDE758F0AADF4D43593B91A1FB,2020-09-23 14:42:12.981000,2020-09-23 14:42:15.059000
6bxv2jfn3nnv4dqk,failed,not_found,181,724E86E7F5DA715529DC0ECAA013AE4BDC680E4C,44BD70C13DAA7513D6F47773804178B009F21ED5,38F0B34A86E19A2C65B20F95BFB0CBE40E3165C9,550F8C238D36F6117F319817CC3BF16D23FC8555,2020-09-23 14:42:15.060000,2020-09-23 14:42:21.327000
63svjhsmczkyinty,failed,not_found,33,724E86E7F5DA715529DC0ECAA013AE4BDC680E4C,6B88E20FEE8EB47F1A8E30207F327005C61A013D,47E0EEB4E75C2C3633A7E294885F146B1E786DA9,C5BF27560E4B007365FBA96D32F9E74614218C8E,2020-09-23 14:42:03.337000,2020-09-23 14:42:05.490000
63svjhsmczkyinty,failed,not_found,40,724E86E7F5DA715529DC0ECAA013AE4BDC680E4C,65BCA5B95D3631771AF358CC73933F85B68DDFA4,835D88AE990CA3A33A49F800F64ACE580F4C21FE,C5D55D11F26C52A6BFEE8DD23C250548AA67E9AC,2020-09-23 14:42:05.491000,2020-09-23 14:42:06.877000
63svjhsmczkyinty,failed,not_found,64,724E86E7F5DA715529DC0ECAA013AE4BDC680E4C,980B28A19B0A66948035A3FE143E5CF613C84122,FB016E16B8CD7A0E53DEEF31ED8754E4F6B8E837,C5D29A323B1952CF783C84408804F01926139E69,2020-09-23 14:42:06.878000,2020-09-23 14:42:09.134000
63svjhsmczkyinty,failed,not_found,101,724E86E7F5DA715529DC0ECAA013AE4BDC680E4C,1C0736CF3744A3B87C2D2269B8BD3388C7E60552,E81993EA52B73285CFFD02FEC003569D21483001,71C924A772F69451FE97FE5A9025DEDDEF3DB664,2020-09-23 14:42:09.134000,2020-09-23 14:42:11.940000
63svjhsmczkyinty,failed,not_found,157,724E86E7F5DA715529DC0ECAA013AE4BDC680E4C,D8120A907FAFD23A0CD15CD8DFB35B5B6DB583FF,4E5C4ED5CC70E5A32B48392FF72CC4BE24937EDA,71C7D2AC5C0346AE3757FE3CDB3836976B85E96C,2020-09-23 14:42:11.941000,2020-09-23 14:42:15.078000
63svjhsmczkyinty,failed,not_found,216,724E86E7F5DA715529DC0ECAA013AE4BDC680E4C,7E7D257777019B80771C5F6FF63DB6D89AE5B067,D87698D8E2276C7E93D531B7C2A1B27D58C71876,71BBBC406506ACB5AFCF9BE4476283363EEC1B66,2020-09-23 14:42:15.078000,2020-09-23 14:42:19.021000
nao4mex7cffeht4b,failed,not_found,167,724E86E7F5DA715529DC0ECAA013AE4BDC680E4C,E34C28D652520D7C8D386EA3958EA924910E647B,B81C95465242AD30C4242F825ACFB43FE9510C04,8EF748FCCF1A9E2B9651DC6ABD921F8EEB24FA73,2020-09-23 14:42:03.354000,2020-09-23 14:42:16.390000
nao4mex7cffeht4b,failed,not_found,248,724E86E7F5DA715529DC0ECAA013AE4BDC680E4C,6FF440DFB1D0697B942357D747900CC308DD57CC,37C1D66559D0C7884E3D21F7DEB58C75D79B98A8,8F16229D5425774DCA566D7737596178153DB838,2020-09-23 14:42:16.390000,2020-09-23 14:42:21.114000
nao4mex7cffeht4b,failed,not_found,378,724E86E7F5DA715529DC0ECAA013AE4BDC680E4C,AA8B7237B4D2C76ED4AF24B3B47B375812AACC83,6ED3BE22B2261258017B3F0584706265985D7AE9,0ED0EA324C931CF41CB5272BFB1D015B3D5772A9,2020-09-23 14:42:21.114000,2020-09-23 14:42:26.828000
nao4mex7cffeht4b,failed,not_found,804,724E86E7F5DA715529DC0ECAA013AE4BDC680E4C,0D8BE62D326A0724ACED81E264B65E3731AD7AAD,EA79FFE95F5779A34E9FB14CE934A76B22FE6ACE,0ED06F12AF64D5027422169B61D1AC5366C6FFE9,2020-09-23 14:42:26.829000,2020-09-23 14:42:38.023000
nao4mex7cffeht4b,,,,,,,8EF8766E1645A41A2AE1565EB673A4957C8D5AD2,2020-09-23 14:42:38.024000,
mfjuq7vkh5jmunoj,failed,not_found,46,724E86E7F5DA715529DC0ECAA013AE4BDC680E4C,6D2D7E8FD6B730850960A3AC1B3640098E97F3AF,3FFDFB5A9A278C7C303745606DB5B68FC5B9FADF,8839E8FBE28219B85392EEA5A4DBC41D315F4B83,2020-09-23 14:42:04.980000,2020-09-23 14:42:07.524000
mfjuq7vkh5jmunoj,failed,not_found,80,724E86E7F5DA715529DC0ECAA013AE4BDC680E4C,861BCFDD148973985E7FE97C7455C9E4AC4E13BE,6118DDB580EEDD6FE5F8D3CC0DF1EE17D8A2A4C6,D43EF31799FDCE5A235D1E76F4324C00F6804B05,2020-09-23 14:42:07.525000,2020-09-23 14:42:09.835000
mfjuq7vkh5jmunoj,failed,not_found,115,724E86E7F5DA715529DC0ECAA013AE4BDC680E4C,E5CC91BAFE7CCD68003E873D32E38027638D49D7,1852D84B0341845F2BDC2CCBC673E9D42307A111,D4825DF61F9C8FC64C57CFAE943BF1D705B06ACE,2020-09-23 14:42:09.836000,2020-09-23 14:42:12.800000
mfjuq7vkh5jmunoj,failed,not_found,171,724E86E7F5DA715529DC0ECAA013AE4BDC680E4C,E46C3F0533709EE2112874B13A4FE3868B33E75E,F893BC0CA3095992A145931C21CE06E3FB1376E0,88529E9AE681FA9FD8DAAB6C26F135D672FE03A7,2020-09-23 14:42:12.800000,2020-09-23 14:42:16.130000
mfjuq7vkh5jmunoj,failed,not_found,240,724E86E7F5DA715529DC0ECAA013AE4BDC680E4C,0CD9E401F1ACE013988F25E4E4B1BEE3FC1DB7E8,356B94BAD3096790E409790898144A4030AC225C,D48DC22A810BF47E66C678A63AA54715DD3E9879,2020-09-23 14:42:16.131000,2020-09-23 14:42:21.200000
mfjuq7vkh5jmunoj,failed,not_found,383,724E86E7F5DA715529DC0ECAA013AE4BDC680E4C,BF735F669481EE1CCC348F0731551C933D1E2278,6940247E04C839D268543E7F62566A91E40567E3,88249F18737379DAC87185E5EC75626EB1F414EB,2020-09-23 14:42:21.200000,2020-09-23 14:42:27.602000
vy7yyepjbcl57r6l,failed,not_found,47,724E86E7F5DA715529DC0ECAA013AE4BDC680E4C,A6277ACC55DB0A488F615B9672427E0DD1B4F87C,211310CD09EC290505C1F24018AE5330076412A0,C25E5C62897BACBA309571C2548084B45050FEDF,2020-09-23 14:42:05.014000,2020-09-23 14:42:07.367000
vy7yyepjbcl57r6l,failed,not_found,342,724E86E7F5DA715529DC0ECAA013AE4BDC680E4C,16FD7E5D67B7054EE4E7FDDF04AFB48216CA640A,65D6FEA17521A7FC2E1A633AECD33C146ACA3024,C4D43EC18179F7B2E8187D7E284D6D547217B39E,2020-09-23 14:42:07.368000,2020-09-23 14:42:26.286000
vy7yyepjbcl57r6l,failed,not_found,729,724E86E7F5DA715529DC0ECAA013AE4BDC680E4C,61F24EBAEC4290FAC31CF34F0FFCDA765A2D9705,3A94EFBF4A220B35A92D0A5B4A80D6324C3C306A,C4B21A66B27E82FEF6AC97CEAEFE42DFF5C7511C,2020-09-23 14:42:26.287000,2020-09-23 14:42:34.773000
vy7yyepjbcl57r6l,failed,not_found,1359,724E86E7F5DA715529DC0ECAA013AE4BDC680E4C,E7882187F6FA695450719FD3738D640FBDFF5D48,B872BA6804C8C6E140AE1897B44CF32B42FD2397,C2481FAAA5508F6C2A64873972281220E9778476,2020-09-23 14:42:34.773000,2020-09-23 14:42:53.938000
vy7yyepjbcl57r6l,,,,,,,C4FD2403CC929297B559A49E582516944F75C6A9,2020-09-23 14:42:53.939000,
3a7xwkvfiaugypaz,failed,not_found,48,724E86E7F5DA715529DC0ECAA013AE4BDC680E4C,DC9E3C6576CC9A04AAE1C465210A972A722571A0,8056080EE822B5CA1A8FFF52B7242A82C5E42FBB,4381E471E9358AE4D815021302C7F2E16502BEE1,2020-09-23 14:42:05.041000,2020-09-23 14:42:07.289000
3a7xwkvfiaugypaz,failed,not_found,60,724E86E7F5DA715529DC0ECAA013AE4BDC680E4C,4ECBF37E4953F48AA02CA30AE929789218B07C80,A2CD32D9D0668DB764AD68C745CE29693CA851B9,3A144BCB2681ABA103B83D553BEFC3EB99A11801,2020-09-23 14:42:07.290000,2020-09-23 14:42:08.634000
3a7xwkvfiaugypaz,failed,not_found,94,724E86E7F5DA715529DC0ECAA013AE4BDC680E4C,2BE633EE1B2229B9F7C9B2019067C7896FCE6A53,46053D5D5916F20C333406F16911711AB55164C0,3A27CC4147062E4EFDF46F848FEA7FF032A04E5F,2020-09-23 14:42:08.635000,2020-09-23 14:42:11.324000
3a7xwkvfiaugypaz,failed,not_found,137,724E86E7F5DA715529DC0ECAA013AE4BDC680E4C,20462CBA5DA4C2D963567D17D0B7249718114A68,FD449127D30D8F5D124653D9EF736EDF4A12B4DC,438DC9B6B5C5375D332BB338D7E5C1B9EF448960,2020-09-23 14:42:11.325000,2020-09-23 14:42:14.520000
3a7xwkvfiaugypaz,failed,not_found,209,724E86E7F5DA715529DC0ECAA013AE4BDC680E4C,E36536404200A74930DB165858BD5BB554D2BEA2,72D4B6FA92B3918B7A16E8135458DE22D3993C4D,438587D73152254E935FC1D387003DFA18166EC5,2020-09-23 14:42:14.521000,2020-09-23 14:42:19.262000
3a7xwkvfiaugypaz,failed,not_found,314,724E86E7F5DA715529DC0ECAA013AE4BDC680E4C,8841E775C3DE70E4414F0678DBD532C1F80FF62C,B0DB2F173F0DB364BABF7A465D796B3C048F1F33,3A209C005F58AF0BCDDEDC4423CFFD3AB3B826F5,2020-09-23 14:42:19.263000,2020-09-23 14:42:24.773000
ikvx5g27yalwoqkl,failed,not_found,49,724E86E7F5DA715529DC0ECAA013AE4BDC680E4C,B3D56C1E0AD84BA93AF6DC533A8569C3D0E8A58B,1B90395827F7499A37C73F09BC5AA0225808F6FC,F7C32D7982E63424C20373E6B41B3C1881B894D8,2020-09-23 14:42:05.041000,2020-09-23 14:42:07.988000
ikvx5g27yalwoqkl,failed,not_found,86,724E86E7F5DA715529DC0ECAA013AE4BDC680E4C,EE556626236B477A40770AACDE5BB140006EFB4D,8358BDDA9C9A680B4E3A2809E5C24F5B3624D5C2,F7B024DB02C601185C202E26DFFD2AD525C16A36,2020-09-23 14:42:07.989000,2020-09-23 14:42:10.374000
ikvx5g27yalwoqkl,failed,not_found,192,724E86E7F5DA715529DC0ECAA013AE4BDC680E4C,8B6B10A0AED89408E509D4422EC926C89C7933D0,2D418A89F79DB4A8E658BA549FBB974D1D22DD1A,70ACA07D9276277B82E909C1439E19CCA2FB16CC,2020-09-23 14:42:10.374000,2020-09-23 14:42:17.549000
ikvx5g27yalwoqkl,,,,,,,F7ACB36752F2D27A03800E505D1599F26C981B53,2020-09-23 14:42:17.550000,
w2xbfhv4t4amzlog,failed,not_found,65,724E86E7F5DA715529DC0ECAA013AE4BDC680E4C,5CE3AD8AD04ADE66C0037A3CF5F7F7A40D48A20B,22775B953E662151549C114CB8EE5FBDBCBDAD02,E00DFD54DC165D5452FBD3530D30186DAD016A0C,2020-09-23 14:42:06.953000,2020-09-23 14:42:09.170000
w2xbfhv4t4amzlog,failed,not_found,102,724E86E7F5DA715529DC0ECAA013AE4BDC680E4C,6B9EA8927AB6E94E216067E65372182343A5AFA2,7044955A4D7B04CF70011D73B467B13CE5E69D41,E006EA04C696BBD6E35407538131305FF3CB8C16,2020-09-23 14:42:09.170000,2020-09-23 14:42:11.639000
w2xbfhv4t4amzlog,failed,not_found,148,724E86E7F5DA715529DC0ECAA013AE4BDC680E4C,29A39144AD141242436D07901F7A8B91F7516A66,6B9EA8927AB6E94E216067E65372182343A5AFA2,7E8597BB39D4C7EDC4ABF7538B6531655A2DA334,2020-09-23 14:42:11.640000,2020-09-23 14:42:14.374000
w2xbfhv4t4amzlog,failed,not_found,193,724E86E7F5DA715529DC0ECAA013AE4BDC680E4C,38CC95A8CE92A591D4A5779359BEFFBA13FA1B88,CE68E04E721157C4FEB99FFAA9037F3B0B7E1CCD,7EAF9E55B9B40532AF2DB5B70392F30E5AA1C596,2020-09-23 14:42:14.374000,2020-09-23 14:42:17.282000
w2xbfhv4t4amzlog,failed,not_found,269,724E86E7F5DA715529DC0ECAA013AE4BDC680E4C,014E24C0CD21D2B9829E841D5EC1D3C415F866BF,CEA300BA32D38055F2788DEEEF4BC272BAF808FA,7E8BC43AE75EAE16D7EC4676F4A5C355F454B809,2020-09-23 14:42:17.284000,2020-09-23 14:42:22.448000
w2xbfhv4t4amzlog,failed,not_found,445,724E86E7F5DA715529DC0ECAA013AE4BDC680E4C,D14EC16949648CEE84EA1664445029EA4B597074,8424F2EDAB9F9BD16D89E1EA564B69923D951921,E0023AC14180112A2FFF00A84C6049862BB3E6C3,2020-09-23 14:42:22.449000,2020-09-23 14:42:28.476000
fdkhcvj5a2bynffx,failed,not_found,66,724E86E7F5DA715529DC0ECAA013AE4BDC680E4C,6C282D35C674A036B79B5F30E90D19B363D3DAB2,CD9BFE309010778D64ED5E55D5EEAA92B2020DE8,0C41DC37946901C297626C0D1ABF68423947DDE5,2020-09-23 14:42:06.953000,2020-09-23 14:42:09.033000
fdkhcvj5a2bynffx,failed,not_found,136,724E86E7F5DA715529DC0ECAA013AE4BDC680E4C,7992F172EDBE69B99F0190651BAC14DD0FD9E5C8,A2C6C931D8627C6605288970889DDB88C7BA2142,0C475BA4D3AA3C289B716F95954CAD616E50C4E5,2020-09-23 14:42:09.033000,2020-09-23 14:42:13.659000
fdkhcvj5a2bynffx,failed,not_found,189,724E86E7F5DA715529DC0ECAA013AE4BDC680E4C,A20CB2416BDECC60B681FEE20113361DB7DDE5DB,D16A75E422664448F8A7E7D536D359D512B91256,0745857B06337B7F343635608975972A9EC14901,2020-09-23 14:42:13.660000,2020-09-23 14:42:17.410000
fdkhcvj5a2bynffx,failed,not_found,275,724E86E7F5DA715529DC0ECAA013AE4BDC680E4C,7A3E534C033E3836BD5AF223B642853C502AB33A,B0335F7872A698A86E5E9AC3CF323B50AEF9C081,0C3599079EF21C4994AD6DDE91F72A48F16E8A98,2020-09-23 14:42:17.410000,2020-09-23 14:42:23.045000
fdkhcvj5a2bynffx,failed,not_found,479,724E86E7F5DA715529DC0ECAA013AE4BDC680E4C,BFD3FC19AD1F691C01B5392DE90D3510B8D1B886,3847862C0A4926ACCB9B5ADCD6F62B6278D88812,07623013C3361FE566B71C8CFCC6483D7587A827,2020-09-23 14:42:23.045000,2020-09-23 14:42:29.785000
fdkhcvj5a2bynffx,failed,not_found,956,724E86E7F5DA715529DC0ECAA013AE4BDC680E4C,CF8CC4763298F77FF64DAF340D26D1BBF3362C5B,C005F0CB30CD54CB45FF08ED151511A286B1B7CE,0723AD6D05F2168ABF387025795A8D16EF02F20A,2020-09-23 14:42:29.785000,2020-09-23 14:42:41.290000
3vtfouifqgdoisnv,failed,not_found,67,724E86E7F5DA715529DC0ECAA013AE4BDC680E4C,F2899981E3A601A7B2DDC7DDE02C248069704D9F,3CCF9573F59137E52787D9C322AC19D2BD090B70,E8130F7A29B624A70A0EC506671D66BAA32F1A5F,2020-09-23 14:42:06.954000,2020-09-23 14:42:09.448000
3vtfouifqgdoisnv,failed,not_found,98,724E86E7F5DA715529DC0ECAA013AE4BDC680E4C,425835370C1FBE178C21CB53C76672F12BDE091A,E5CC91BAFE7CCD68003E873D32E38027638D49D7,E81978D79F5FBC67DD0E80F6EADCE88A97A79554,2020-09-23 14:42:09.448000,2020-09-23 14:42:11.384000
3vtfouifqgdoisnv,failed,not_found,139,724E86E7F5DA715529DC0ECAA013AE4BDC680E4C,D405FCCF06ADEDF898DF2F29C9348DCB623031BA,5582BBEC12380E34D7DFB8C237939A0B317B205E,E81993EA52B73285CFFD02FEC003569D21483001,2020-09-23 14:42:11.384000,2020-09-23 14:42:13.953000
3vtfouifqgdoisnv,failed,not_found,203,724E86E7F5DA715529DC0ECAA013AE4BDC680E4C,9A08E378EA3FA18183CB0522D7665550E1B42BB4,E6C04728E9339DF22F331B7017D4A7AA3F252F0B,D50101A2ABD09DC245F7E96C0818D003CDD62351,2020-09-23 14:42:13.955000,2020-09-23 14:42:18.699000
3vtfouifqgdoisnv,failed,not_found,301,724E86E7F5DA715529DC0ECAA013AE4BDC680E4C,43C83536DACCD110FF11E049A890064F6F87BEB2,DB2682153AC0CCAECD2BD1E9EBE99C6815807A1E,D5039E1EBFD96D9A3F9846BF99EC9F75EDDE902A,2020-09-23 14:42:18.700000,2020-09-23 14:42:24.038000
3vtfouifqgdoisnv,failed,not_found,542,724E86E7F5DA715529DC0ECAA013AE4BDC680E4C,DA8D76F5F5819693B5C96F499BA19F7404014769,BFB14B9ADF1F19E59258CAE7FCDBAAC9937B7B10,D503FBB19BE69F63D7ACAA9B67CAA2AC7B448B11,2020-09-23 14:42:24.038000,2020-09-23 14:42:30.478000
35u3bp637ymswzvz,failed,not_found,69,724E86E7F5DA715529DC0ECAA013AE4BDC680E4C,12B1A5769D38FF47CF68C2235E1BDA315DF400F2,C1B79C4CD9B713BBB6B0522155B46A7BFE3BFAAE,988625BFD9E9B23B35C590250407486F28FF8FFC,2020-09-23 14:42:06.983000,2020-09-23 14:42:09.370000
35u3bp637ymswzvz,failed,not_found,107,724E86E7F5DA715529DC0ECAA013AE4BDC680E4C,CACD9D63B759B35555D8C965A3E01071E9DFB44C,406788A9108C14F10067BE7960985EB2EC8224D2,151D60935BC8D3069D89739C562E3FE179EDE82B,2020-09-23 14:42:09.371000,2020-09-23 14:42:12.130000
35u3bp637ymswzvz,failed,not_found,160,724E86E7F5DA715529DC0ECAA013AE4BDC680E4C,061E0496931D23A81A2B685C9339D36857DD0FA1,CD6E8C548704F4CE544CD71365D46F110518FBED,153962FA0F2A058A97D37B039607377EE67E5885,2020-09-23 14:42:12.130000,2020-09-23 14:42:15.355000
35u3bp637ymswzvz,failed,not_found,229,724E86E7F5DA715529DC0ECAA013AE4BDC680E4C,73E2046A1E7F0E95D36C3F979CE5FAC3609AC610,B74DABBE248B935CDC1038CD5C9280878C8C94E7,986E29FB17C8C7A1FEAFF203F012D5930BA079DB,2020-09-23 14:42:15.356000,2020-09-23 14:42:20.169000
35u3bp637ymswzvz,failed,not_found,346,724E86E7F5DA715529DC0ECAA013AE4BDC680E4C,8CDF2F3A8ABD834CF9F3E8FC202DF64625BFB443,1CD48F4ED0F1821FFBF1940802A13EEFD4C27502,987D0706D42070F1E2142A9FCCB56B3887808D34,2020-09-23 14:42:20.170000,2020-09-23 14:42:25.962000
35u3bp637ymswzvz,failed,not_found,715,724E86E7F5DA715529DC0ECAA013AE4BDC680E4C,5FB384605F53DCBF1CB02143D318DA3E8EE38A24,8E5F4EE45E0631A60E59CAA42E1464FD7120459D,1532A36172C70012B1057FBBFAFE2734EDBF4A3B,2020-09-23 14:42:25.963000,2020-09-23 14:42:34.330000
xy2b7x5v6ki5zopn,failed,not_found,70,724E86E7F5DA715529DC0ECAA013AE4BDC680E4C,FBBC3BD58B471F6227DC0F05265C6A37C770905F,B778066DAD76D6EEA7D0D31A82F168A84C0D7955,283312BB249FCB6633A7C7E1E8241461000E6004,2020-09-23 14:42:07,2020-09-23 14:42:09.589000
xy2b7x5v6ki5zopn,failed,not_found,111,724E86E7F5DA715529DC0ECAA013AE4BDC680E4C,58F3E2956EABB81F673E2FB90E16E001DB4AC3AE,CDE4149F0DC65A7BE1AE440340BE1C7A18135E29,28090710ABE433A47021F22208B3EC245A912900,2020-09-23 14:42:09.590000,2020-09-23 14:42:13.275000
xy2b7x5v6ki5zopn,failed,not_found,182,724E86E7F5DA715529DC0ECAA013AE4BDC680E4C,8F22AFDD06AA4238ADD93A8EA6FBC2BB9C652711,DB621E29A90544FF5AC75E5BD0FEE679A6812F44,280EC2C1108F58F39942C8740B0665702DC05E43,2020-09-23 14:42:13.276000,2020-09-23 14:42:16.959000
xy2b7x5v6ki5zopn,failed,not_found,260,724E86E7F5DA715529DC0ECAA013AE4BDC680E4C,A2F7674E837C4131D70A840262AFC269801F14BA,5AD3FB658E490BAD9515F363374AA41D65D31A02,42D47C736518BFA495CA31AEE40AE468F0BDA2A6,2020-09-23 14:42:16.960000,2020-09-23 14:42:22.137000
xy2b7x5v6ki5zopn,,,,,,,42B4F52C5B11E4D39855F654955425B0D5A0598B,2020-09-23 14:42:22.138000,
6at2px4uobqgnazj,failed,not_found,129,724E86E7F5DA715529DC0ECAA013AE4BDC680E4C,A09D20D85D0AA29C47C90ABEAFDB6B7A4BF7FD07,B0B26AEDB0D1E21EA8E06530CAAD953B464286FB,014EE24BCBDA160F236B2547A4639B27E303A1E7,2020-09-23 14:42:07.033000,2020-09-23 14:42:13.021000
6at2px4uobqgnazj,failed,not_found,234,724E86E7F5DA715529DC0ECAA013AE4BDC680E4C,A99B0D9E5FD5BC3C8F2D006EC91F8C7F40E09CB8,58A7199712C0E52B3C5F2F8E8B27B5A62BE58BC8,016093EE4BAE9AF473FC0C811A9D10FDAA9CA34B,2020-09-23 14:42:13.021000,2020-09-23 14:42:20.267000
6at2px4uobqgnazj,failed,not_found,351,724E86E7F5DA715529DC0ECAA013AE4BDC680E4C,128FC6D8FBF753121C5662FEE309CCD47B64BA6B,E546C96AEB2258BD0733949027E8F96156F6B290,014E24C0CD21D2B9829E841D5EC1D3C415F866BF,2020-09-23 14:42:20.267000,2020-09-23 14:42:26.033000
6at2px4uobqgnazj,failed,not_found,721,724E86E7F5DA715529DC0ECAA013AE4BDC680E4C,C9B34ABF2C30DA56BD006B7B42610098072BEF4C,A4771CB90024F1870D622960519945A3E49B40FE,CB5735385E25A292427963BF2E0D699EDAC64B96,2020-09-23 14:42:26.034000,2020-09-23 14:42:34.212000
6at2px4uobqgnazj,failed,not_found,1148,724E86E7F5DA715529DC0ECAA013AE4BDC680E4C,8841E775C3DE70E4414F0678DBD532C1F80FF62C,B1289B91C190A6803C1ADA6E381C0843CE039D70,CB81BCFD44FC142616BB5983648BD8AF01930789,2020-09-23 14:42:34.213000,2020-09-23 14:42:47.961000
6at2px4uobqgnazj,,,,,,,CB72A74E8197DF3B33EE6A0895E5BB871D10CF92,2020-09-23 14:42:47.962000,
jy6ky4o6epiroz5t,failed,not_found,72,724E86E7F5DA715529DC0ECAA013AE4BDC680E4C,7FF1A673A5E1F7E9D2495A36C185B890DBD96553,C7D48FA375F1DE6EA39FD95333A7475BBD83931D,E8663924FE2AAD4E081A17ED6976D0AE8010F47B,2020-09-23 14:42:07.034000,2020-09-23 14:42:09.220000
jy6ky4o6epiroz5t,failed,not_found,85,724E86E7F5DA715529DC0ECAA013AE4BDC680E4C,D14011FE605253565D934C69109DAE4316AD69A3,66C102FA5DDF48C9EEEB048C1630933B66C50ECC,2AB9FFCC6618FBBC973C457FC6BE5E8620A60FDC,2020-09-23 14:42:09.221000,2020-09-23 14:42:10.578000
jy6ky4o6epiroz5t,failed,not_found,246,724E86E7F5DA715529DC0ECAA013AE4BDC680E4C,D228AE265C966CA4E9A8C4B746A30A9737060A32,E5CC91BAFE7CCD68003E873D32E38027638D49D7,2ABA1345FC9975152372F42D06A1A7DCC870C2F5,2020-09-23 14:42:10.579000,2020-09-23 14:42:21.093000
jy6ky4o6epiroz5t,failed,not_found,376,724E86E7F5DA715529DC0ECAA013AE4BDC680E4C,F9BDA3990E2C84DFBF57C8D0B77E1E21109C210D,F6AAFCFB722532DA3E2A54135000E672B9473835,E8466E02C893B9A6602A251CCEA100F252E25B4B,2020-09-23 14:42:21.093000,2020-09-23 14:42:26.967000
jy6ky4o6epiroz5t,failed,not_found,812,724E86E7F5DA715529DC0ECAA013AE4BDC680E4C,438DC9B6B5C5375D332BB338D7E5C1B9EF448960,E947C029087FA1C3499BEF5D4372947C51223D8F,2AB6F7D59DF6153F4DB1DB6479C3422F5724C4BA,2020-09-23 14:42:26.967000,2020-09-23 14:42:36.537000
jy6ky4o6epiroz5t,failed,not_found,1338,724E86E7F5DA715529DC0ECAA013AE4BDC680E4C,06B308F54B4A779D74B30536964182A09C08AB8F,3FDCBC454FED8B5482956DB91CA089294511FA98,E8562C7CFBEB6501F2E02DA00203F958E8B1685C,2020-09-23 14:42:36.538000,2020-09-23 14:42:54.814000
fjq35xbddsiuka2u,failed,not_found,73,724E86E7F5DA715529DC0ECAA013AE4BDC680E4C,F37374DB9FA6EF14CED64FD294E8D8683F032EC8,D14EC16949648CEE84EA1664445029EA4B597074,9CA4AB2B042C173AC56479C69F5F436E9F1E0F94,2020-09-23 14:42:07.052000,2020-09-23 14:42:09.371000
fjq35xbddsiuka2u,failed,not_found,108,724E86E7F5DA715529DC0ECAA013AE4BDC680E4C,334DF2164322B98FCC567BC444947B74AC92DAEA,E36536404200A74930DB165858BD5BB554D2BEA2,837D5EA513DF7FDDA36BE569C646151CDA4B9935,2020-09-23 14:42:09.371000,2020-09-23 14:42:12.166000
fjq35xbddsiuka2u,failed,not_found,161,724E86E7F5DA715529DC0ECAA013AE4BDC680E4C,5856DB884578915E7C7A0B7B11E4145B1D2A4E2B,D8056CAD4A3D6EE7D82748027474BF5C53E569D9,9C900A7F6F5DD034CFFD192DAEC9CCAA813DB022,2020-09-23 14:42:12.167000,2020-09-23 14:42:15.263000
fjq35xbddsiuka2u,failed,not_found,218,724E86E7F5DA715529DC0ECAA013AE4BDC680E4C,C5A1D5B7CB0D12A7B7334F2915134E6DA8F5C46D,A3E7A4395E7C1F30692018E4FB0980B103E38488,836460C721577873AD1FF8AB000112A9360EB3A0,2020-09-23 14:42:15.264000,2020-09-23 14:42:19.749000
fjq35xbddsiuka2u,failed,not_found,335,724E86E7F5DA715529DC0ECAA013AE4BDC680E4C,5B4D6B845AC3CC97EB3169D0C774469364322948,AF77AA5BD924319510F99B30CD0932D32B01B5C5,9C962AEF978496612C521D09632E59ED055D53ED,2020-09-23 14:42:19.750000,2020-09-23 14:42:25.203000
fjq35xbddsiuka2u,failed,not_found,749,724E86E7F5DA715529DC0ECAA013AE4BDC680E4C,45D81A594C458BAA2AFADADC507B6C784EB68D63,F244C5F5DDE2F29CA1F88E4C9F9FACCC48BCA857,8370FC4C190D0020FA594D8232DFE34B5B30AF05,2020-09-23 14:42:25.204000,2020-09-23 14:42:35.265000
4uv6znapeywbvqwo,failed,not_found,76,724E86E7F5DA715529DC0ECAA013AE4BDC680E4C,B2D03CDF45EB4D74A65FAC4F00EBA785C9663A5F,118496882F58E787DC24F5C219B93F22BA5820D8,3EAA79A75F96F4A082DB92E5FA231452BAD3F80C,2020-09-23 14:42:07.443000,2020-09-23 14:42:09.704000
4uv6znapeywbvqwo,failed,not_found,112,724E86E7F5DA715529DC0ECAA013AE4BDC680E4C,4E98AA295B7171996D18DD1F6A19F64AB4036B4A,B33B994C8B9902B6F73957B2E61F71C932130C5D,3EDD00245D93664A33A724BA377150E5531ED033,2020-09-23 14:42:09.705000,2020-09-23 14:42:13.138000
4uv6znapeywbvqwo,failed,not_found,178,724E86E7F5DA715529DC0ECAA013AE4BDC680E4C,037BCD0EBDF7DB9F3D562DA27D463F0F78F1494B,F38FB55A8CCA6A00CDD024A5EA2CFECB38A48E15,A389C523BE3B29EA59C75AC557BF5CFB69586DCB,2020-09-23 14:42:13.139000,2020-09-23 14:42:17.113000
4uv6znapeywbvqwo,failed,not_found,264,724E86E7F5DA715529DC0ECAA013AE4BDC680E4C,F0C9513539800F762ECAE37F16370D7CBA5E52C2,A6E0F950CAC74AF867CA21976069529D6D4D3E30,A3901DDB7799A11E9BAB90BD1DDA734DBA196337,2020-09-23 14:42:17.113000,2020-09-23 14:42:22.237000
4uv6znapeywbvqwo,failed,not_found,488,724E86E7F5DA715529DC0ECAA013AE4BDC680E4C,CACD9D63B759B35555D8C965A3E01071E9DFB44C,66BD39FE805AED414ADE400CAAD862C9CC3AC34E,3ECBB7D8D5F93F4A1E1F9C3784B6B62DB8491633,2020-09-23 14:42:22.237000,2020-09-23 14:42:29.681000
4uv6znapeywbvqwo,failed,not_found,948,724E86E7F5DA715529DC0ECAA013AE4BDC680E4C,F8DE8132E599A194E20DDB738AF64A7200CD5949,CACD9D63B759B35555D8C965A3E01071E9DFB44C,A3AFBDEE30238E44899C9F8B7666D12B09C8EE32,2020-09-23 14:42:29.681000,2020-09-23 14:42:40.238000
t4hkd4hpovwfkfso,failed,not_found,77,724E86E7F5DA715529DC0ECAA013AE4BDC680E4C,6E66D978514FF86CDEF01FE30C23A1002925AA02,7BE4752877553A96CD4035D0C526BCD09E81CC64,761A60D0364D9AA03114F72550483287ED060B2D,2020-09-23 14:42:07.444000,2020-09-23 14:42:09.707000
t4hkd4hpovwfkfso,failed,not_found,113,724E86E7F5DA715529DC0ECAA013AE4BDC680E4C,18F34AE6567F5FB081C4353D5EDA5CEE155810C4,02648F2F135C7296A27B1F59D2AE4EEC25D9A877,12AD30E5D25AA67F519780E2111E611A455FDC89,2020-09-23 14:42:09.708000,2020-09-23 14:42:13.260000
t4hkd4hpovwfkfso,failed,not_found,180,724E86E7F5DA715529DC0ECAA013AE4BDC680E4C,9E1E4F5B5F94812D02C4D18CB4086CE71CA5C614,EEFFC0D532AB63BB3E9CAEADA822971F6D3AE8D6,12B1A5769D38FF47CF68C2235E1BDA315DF400F2,2020-09-23 14:42:13.260000,2020-09-23 14:42:16.577000
t4hkd4hpovwfkfso,failed,not_found,255,724E86E7F5DA715529DC0ECAA013AE4BDC680E4C,BEA7C058ECD27BE8E73A76CBE13A917A83192685,D5C6F62A5D1B3C711CA5E6F9D3772A432E96F6C2,7614EF326635DA810638E2F5D449D10AE2BB7158,2020-09-23 14:42:16.577000,2020-09-23 14:42:21.787000
t4hkd4hpovwfkfso,failed,not_found,401,724E86E7F5DA715529DC0ECAA013AE4BDC680E4C,6FB20BB05A841CDDB308E85A4D117FCFC911F5EA,01B70C7C497FC8667DB5EB82C40D8F9214D6A484,12CF6DB4DAE106206D6C6B09988E865C0509843B,2020-09-23 14:42:21.788000,2020-09-23 14:42:27.885000
t4hkd4hpovwfkfso,failed,not_found,855,724E86E7F5DA715529DC0ECAA013AE4BDC680E4C,F17B5CE022C164202A00B3669EFCAB72CF80B93C,B0A63BC3FDA67A7ADD1BE08BAA8309C4B204D29B,762213D327B0A76057F4B61CD587ED4238CD900E,2020-09-23 14:42:27.885000,2020-09-23 14:42:37.541000
i6nzzwitz7rt7zfw,failed,not_found,78,724E86E7F5DA715529DC0ECAA013AE4BDC680E4C,7F745D212FD281756B1254B3B84A2E8A5FD89A94,CE694BA8D019EE60D8E7838CC177E689CEA825EA,4CDCC833FB70B9F3915522FDC90E52C531FEEC49,2020-09-23 14:42:07.444000,2020-09-23 14:42:09.836000
i6nzzwitz7rt7zfw,failed,not_found,116,724E86E7F5DA715529DC0ECAA013AE4BDC680E4C,A3B110E35CFC250DA9F4045A2A76E011424D22D7,BF0FB582E37F738CD33C3651125F2772705BB8E8,B6E33C39C1C94E582CBB8C24CCE351F2129807C6,2020-09-23 14:42:09.836000,2020-09-23 14:42:12.822000
i6nzzwitz7rt7zfw,failed,not_found,172,724E86E7F5DA715529DC0ECAA013AE4BDC680E4C,994FB6A842C0CEE1F1C4CBA9A7604C5FF6014CFC,34B84952AFCDB00444F27805A5EDEF5F7DD549C7,B6F03C344830AD50DF28EA7848C216801CF9AD8D,2020-09-23 14:42:12.823000,2020-09-23 14:42:16.958000
i6nzzwitz7rt7zfw,failed,not_found,293,724E86E7F5DA715529DC0ECAA013AE4BDC680E4C,A8F83F4A96BA838870174C812EEB4BF1A54B980A,3A9443710224E5182895C342D1D36C1D460A1206,B6B93C97796C2DC2176D6691B0D81E0EEDEDA534,2020-09-23 14:42:16.959000,2020-09-23 14:42:24.014000
i6nzzwitz7rt7zfw,failed,not_found,741,724E86E7F5DA715529DC0ECAA013AE4BDC680E4C,39AECA37A43E762716C2AE8474220477FBAB7A21,51800AF38B30ED1454DD74CB412BADCED5F60593,4CF05E75DD23A18E6E5681C4011E5254784A3EE0,2020-09-23 14:42:24.016000,2020-09-23 14:42:35.543000
i6nzzwitz7rt7zfw,failed,not_found,1305,724E86E7F5DA715529DC0ECAA013AE4BDC680E4C,24F97F98C45E4754655BE66799049763DAEE99CE,2BE597D0A2255A4E8F44CBFB126B7A7A12A9737B,4CE6D83FFA8AD24767007E8C972F371F2468F09A,2020-09-23 14:42:35.543000,2020-09-23 14:42:53.795000
7xnkev3xn6s7vifi,failed,not_found,79,724E86E7F5DA715529DC0ECAA013AE4BDC680E4C,E0C1C9EA1A66B033BB4DAB5EFD4819044605EE54,0C3D5E19E3C75B505C8ACD26F89DCA2DF970553E,CB9D5FB6DFF0D5E3E283446C4BFC31B88A20A4AE,2020-09-23 14:42:07.444000,2020-09-23 14:42:11.536000
7xnkev3xn6s7vifi,failed,not_found,145,724E86E7F5DA715529DC0ECAA013AE4BDC680E4C,CA6A1295456D14F8C78CE623EB779EF2C1CCC7F0,E05EAB588285C01E8807F00A07CDBBC4662A58D9,CB92FA4D7D71F134CE1F1FFF2BFF53E88DD4A1DB,2020-09-23 14:42:11.536000,2020-09-23 14:42:14.443000
7xnkev3xn6s7vifi,failed,not_found,208,724E86E7F5DA715529DC0ECAA013AE4BDC680E4C,322C6E3A973BC10FC36DE3037AD27BC89F14723B,A56A0120A21557832000D5C68FCD7DE08E82A3B0,0F59911D698D3FFE2433B7AB31362FB1EA10237F,2020-09-23 14:42:14.444000,2020-09-23 14:42:18.714000
7xnkev3xn6s7vifi,failed,not_found,305,724E86E7F5DA715529DC0ECAA013AE4BDC680E4C,891FB8477529A6B2894B7A3129402E0FD5DD281F,DEA98B7F9BA8B7F8A098D3939A6FE446084B48E7,0F6A04276CB95D042AEE8D28B745878F827D210D,2020-09-23 14:42:18.715000,2020-09-23 14:42:24.217000
7xnkev3xn6s7vifi,failed,not_found,558,724E86E7F5DA715529DC0ECAA013AE4BDC680E4C,73283C4DEBC01D3E4A5FD1BB1F2B50D927379F59,40CDE936B04B4573A47223396006443CA5EAC845,CB81BCFD44FC142616BB5983648BD8AF01930789,2020-09-23 14:42:24.217000,2020-09-23 14:42:31.501000
7xnkev3xn6s7vifi,failed,not_found,984,724E86E7F5DA715529DC0ECAA013AE4BDC680E4C,A23A7219B1EA9D583E66DFF26D62573DE64A9C29,D39328D2EAE3816F9C5D5D1BB19D1C14E2E79482,0F52E9652F96AD1D500AC062350A149902C128B9,2020-09-23 14:42:31.501000,2020-09-23 14:42:40.799000
lvdeo7wmpc675cre,failed,not_found,89,724E86E7F5DA715529DC0ECAA013AE4BDC680E4C,622842AE5ECFF0809B4C986D52CA75C349ED11E8,40CDE936B04B4573A47223396006443CA5EAC845,EDEDB8797873D340328B5FEDBD7744A7D1DF151F,2020-09-23 14:42:08.301000,2020-09-23 14:42:11.525000
lvdeo7wmpc675cre,failed,not_found,144,724E86E7F5DA715529DC0ECAA013AE4BDC680E4C,F0F13714732C347312426EC2B8D5C4940EAA45BA,CB21756D213C09812ED2B03DC111CDE937387F9D,EDFD5FFE9D97ADC0BAFE30A3BD8454F36FFDEF69,2020-09-23 14:42:11.525000,2020-09-23 14:42:15.067000
lvdeo7wmpc675cre,failed,not_found,214,724E86E7F5DA715529DC0ECAA013AE4BDC680E4C,2AE2CA4BD2B7754F29432C25E03314D52AC4CAF1,68F175CCABE727AA2D2309BCD8789499CEE36ED7,7D928720EC0CB5C2AFE04DF0EBC37BD59B00EAB4,2020-09-23 14:42:15.067000,2020-09-23 14:42:19.014000
lvdeo7wmpc675cre,failed,not_found,308,724E86E7F5DA715529DC0ECAA013AE4BDC680E4C,66DFC51E724E38DDCB3AB67DDF4C0BB0F1F49C0B,D228AE265C966CA4E9A8C4B746A30A9737060A32,7D921363817BE896B5462E90033DA937BEF7CE3F,2020-09-23 14:42:19.014000,2020-09-23 14:42:24.365000
lvdeo7wmpc675cre,failed,not_found,601,724E86E7F5DA715529DC0ECAA013AE4BDC680E4C,87754D0D79DF70F74FF1D45219AE9B6F0E40D53A,7B2FD4FFD565993CB4C4334AC0A0C42985EBEADB,EDEA19172EC8B1463BDD19E3A18778C5756710A1,2020-09-23 14:42:24.365000,2020-09-23 14:42:32.067000
lvdeo7wmpc675cre,failed,not_found,1080,724E86E7F5DA715529DC0ECAA013AE4BDC680E4C,C8B23EA543FAD6F820E5841A8380DC28C83AEA0F,CB72A74E8197DF3B33EE6A0895E5BB871D10CF92,7D9C03F812241DB08ADA96635E727A2EF7879384,2020-09-23 14:42:32.067000,2020-09-23 14:42:43.887000
fixf25ojrf7hk67i,failed,not_found,90,724E86E7F5DA715529DC0ECAA013AE4BDC680E4C,E0B3B10226F067A1B215178D19A19EF311E7FDC3,12B6C5B34B03988D86A48B88F7922157AAD8FFD7,85A885433E50B1874F11CEC9BE98451E24660976,2020-09-23 14:42:08.306000,2020-09-23 14:42:11.114000
fixf25ojrf7hk67i,failed,not_found,133,724E86E7F5DA715529DC0ECAA013AE4BDC680E4C,F0AE51D182DA3B1FB452666EE3E5EA906C431CBF,994FB6A842C0CEE1F1C4CBA9A7604C5FF6014CFC,2751A18D2966DB9A955FAE0BD7D7431B9E2FECA4,2020-09-23 14:42:11.114000,2020-09-23 14:42:13.958000
fixf25ojrf7hk67i,failed,not_found,223,724E86E7F5DA715529DC0ECAA013AE4BDC680E4C,06D0FB9C6860E8D7FB99EA310A016707AFAA71CE,F7B024DB02C601185C202E26DFFD2AD525C16A36,276AE7A0E974FC96B0933F1DA8FD51FD3BA59944,2020-09-23 14:42:13.959000,2020-09-23 14:42:19.601000
fixf25ojrf7hk67i,failed,not_found,333,724E86E7F5DA715529DC0ECAA013AE4BDC680E4C,B778066DAD76D6EEA7D0D31A82F168A84C0D7955,A1B7C1F83E5DA4376FD2E1DBA7AC28A71AB332AD,85BFDBFCF9E711CF0F1A22C115368724D7C101F7,2020-09-23 14:42:19.602000,2020-09-23 14:42:25.342000
fixf25ojrf7hk67i,failed,not_found,758,724E86E7F5DA715529DC0ECAA013AE4BDC680E4C,BC04B9297BB7612B0216240C090E0D6F5BE66B67,2CE9BE1FC88B9D0FA03F387C9E4F000B5D4B2AE9,2757DFBECFF7B5B02680F5CE084A44FDBC08B196,2020-09-23 14:42:25.342000,2020-09-23 14:42:35.889000
fixf25ojrf7hk67i,failed,not_found,1316,724E86E7F5DA715529DC0ECAA013AE4BDC680E4C,529CA3EB08AD6EC1791B5110AA3540A4CFA1197F,9127D95DAA81291F26BE45B1A73E2F1145887B94,85A3AC041E3FCD796AF5D653953D5E27A56E3719,2020-09-23 14:42:35.890000,2020-09-23 14:42:53.248000
pbpkxwpngrcip4ay,failed,not_found,91,724E86E7F5DA715529DC0ECAA013AE4BDC680E4C,4352D58B2641E8C1787750EFD3A07A88224967AC,DA91C260D6A78F748BDF17131A1F1D18443BE1EB,9B22542BA085F8ECCC8B6D0F8897B8DB1C6E6D65,2020-09-23 14:42:08.307000,2020-09-23 14:42:11.383000
pbpkxwpngrcip4ay,failed,not_found,138,724E86E7F5DA715529DC0ECAA013AE4BDC680E4C,58C948AFA3065F84D98095CF8C18DE8B53738411,43A8F247F9FA636BE30D4DFE66B55233A2D8A738,9B047A91AC809AA020A1F42E3E785DBCEBF3652F,2020-09-23 14:42:11.384000,2020-09-23 14:42:13.867000
pbpkxwpngrcip4ay,failed,not_found,195,724E86E7F5DA715529DC0ECAA013AE4BDC680E4C,768B488AE2C61B6FA837E3AB8DB7601E1A0B8492,6B9EA8927AB6E94E216067E65372182343A5AFA2,CF773DE0B4F537BB80DA35643299403B7BF11AFA,2020-09-23 14:42:13.867000,2020-09-23 14:42:18.095000
pbpkxwpngrcip4ay,failed,not_found,282,724E86E7F5DA715529DC0ECAA013AE4BDC680E4C,E5CC91BAFE7CCD68003E873D32E38027638D49D7,A4A2FE36988069304CFF837064277FAB6348AF03,CF8CC4763298F77FF64DAF340D26D1BBF3362C5B,2020-09-23 14:42:18.095000,2020-09-23 14:42:23.496000
pbpkxwpngrcip4ay,failed,not_found,523,724E86E7F5DA715529DC0ECAA013AE4BDC680E4C,8C612213C4B5C154FA90847F36FBF36DB78AB1AC,CE863C22AD5ABBEAF606AE35A22781C409D895E5,9AED373BD9415E83BDCFC735FCA288178829459A,2020-09-23 14:42:23.497000,2020-09-23 14:42:30.019000
pbpkxwpngrcip4ay,failed,not_found,979,724E86E7F5DA715529DC0ECAA013AE4BDC680E4C,26220AEA188B8D0E47BB541E1A616EB3AD70295F,8358BDDA9C9A680B4E3A2809E5C24F5B3624D5C2,CF7D2B4BECD17E04FA0D604229888F91D1665C01,2020-09-23 14:42:30.020000,2020-09-23 14:42:40.755000
xyrhdwbvoc3ymuvt,failed,not_found,92,724E86E7F5DA715529DC0ECAA013AE4BDC680E4C,EE010EF80A27AC0B02CDC2B8B214A6201BB02D2B,FE296180018833AF03A8EACD5894A614623D3F76,957354D72042719C310A907FBFE42A3232C78757,2020-09-23 14:42:08.308000,2020-09-23 14:42:10.953000
xyrhdwbvoc3ymuvt,failed,not_found,110,724E86E7F5DA715529DC0ECAA013AE4BDC680E4C,99D5C9A5A7238986D1EA1D7771CF81B4A192C4D0,C303038FDCC72805A160FF64E994333A49ECDA71,5ADA85FC78D694F57ADBDCDF3EA7CC39CA552A85,2020-09-23 14:42:10.954000,2020-09-23 14:42:12.563000
xyrhdwbvoc3ymuvt,failed,not_found,233,724E86E7F5DA715529DC0ECAA013AE4BDC680E4C,19DEA2B8BBD3613C50CA24C96C4DE0C3ADAF4A3E,0085057C17BD2E1809E284825F06F94E72FB418C,5AD3FB658E490BAD9515F363374AA41D65D31A02,2020-09-23 14:42:12.564000,2020-09-23 14:42:20.608000
xyrhdwbvoc3ymuvt,failed,not_found,366,724E86E7F5DA715529DC0ECAA013AE4BDC680E4C,BE9B12FAAB7429842D643E2308390ECD8961E0A1,2EB3C230180694A1E848001E20F36F76A2287039,95A30F58E3DE3BE75D5CBAF7426BBF5786F2C1E3,2020-09-23 14:42:20.608000,2020-09-23 14:42:26.876000
xyrhdwbvoc3ymuvt,failed,not_found,808,724E86E7F5DA715529DC0ECAA013AE4BDC680E4C,A99B0D9E5FD5BC3C8F2D006EC91F8C7F40E09CB8,81C55D403A82BF6E7C3FBDBD41D102B7088900D9,5ACC0FB6043235708F7E018E315101FA2194CBB4,2020-09-23 14:42:26.876000,2020-09-23 14:42:44.856000
xyrhdwbvoc3ymuvt,,,,,,,95B9052EECDB4B833F130ABD564E720643BA7952,2020-09-23 14:42:44.857000,
sbhzc3u3k5zorbty,failed,not_found,103,724E86E7F5DA715529DC0ECAA013AE4BDC680E4C,4CD4DFFEF3971C902A22100D911CAC639BE2EF5C,14D57DEDF0A4554A2D21AD53CCCC43E31158C733,410118E874D2263F1CDCD567F81875A8E38B2B3C,2020-09-23 14:42:09.288000,2020-09-23 14:42:11.622000
sbhzc3u3k5zorbty,failed,not_found,169,724E86E7F5DA715529DC0ECAA013AE4BDC680E4C,E1A24015947A6302F7DE89BB16E4FA3812B7C65B,A1B7C1F83E5DA4376FD2E1DBA7AC28A71AB332AD,41280DE9ABE5BF10F7F5DCB13A28C07082064147,2020-09-23 14:42:11.622000,2020-09-23 14:42:16.668000
sbhzc3u3k5zorbty,failed,not_found,236,724E86E7F5DA715529DC0ECAA013AE4BDC680E4C,7992F172EDBE69B99F0190651BAC14DD0FD9E5C8,C5BF27560E4B007365FBA96D32F9E74614218C8E,A231513B758330E6E6DB18F5B6EC6DAAA406C31D,2020-09-23 14:42:16.669000,2020-09-23 14:42:20.324000
sbhzc3u3k5zorbty,failed,not_found,359,724E86E7F5DA715529DC0ECAA013AE4BDC680E4C,2AE2CA4BD2B7754F29432C25E03314D52AC4CAF1,18CA9EA099BB9861E354D2A6FF49337A7E81C2F3,A22B1C2EF2255987F8AB8AA0B1A8E23F5023EEB8,2020-09-23 14:42:20.325000,2020-09-23 14:42:25.895000
sbhzc3u3k5zorbty,failed,not_found,707,724E86E7F5DA715529DC0ECAA013AE4BDC680E4C,2096BCFEBB95A1134F39FCF8CEB076FF41A2B48B,9EB3FD84065E5622A57EFEF14E41A01B5B99A022,A23A7219B1EA9D583E66DFF26D62573DE64A9C29,2020-09-23 14:42:25.895000,2020-09-23 14:42:33.953000
sbhzc3u3k5zorbty,failed,not_found,1144,724E86E7F5DA715529DC0ECAA013AE4BDC680E4C,CD39C258265B25EAA4ABA4FDCB2DF98104CAA362,41CEB66108B70108F148BF7778260A87723AACA1,412767ECB0CEF7DCBAF8748DDBA8575860DD6782,2020-09-23 14:42:33.953000,2020-09-23 14:42:47.438000
bnfhua5uznvwmnpo,failed,not_found,104,724E86E7F5DA715529DC0ECAA013AE4BDC680E4C,18ECBFC3A6834CB67414640C7F1E765E542CED2C,0EFEAA8E74F9D9024A019702D31380C7B5CBDEEA,8C601BFCF56E25120C18A18B9856010A8BD659BD,2020-09-23 14:42:09.306000,2020-09-23 14:42:11.711000
bnfhua5uznvwmnpo,failed,not_found,379,724E86E7F5DA715529DC0ECAA013AE4BDC680E4C,72A33E374DE5AD1E617394896F0FD8B092D3E7C4,B198C0B4B8C551F174FBB841A172616E3DB3124D,8C4D95BCE64C6D9DA75F728EA20DC2D8B41F53FA,2020-09-23 14:42:11.711000,2020-09-23 14:42:28.408000
bnfhua5uznvwmnpo,failed,not_found,800,724E86E7F5DA715529DC0ECAA013AE4BDC680E4C,7B7C7F31205D7AEB5DFFEDA08E00282A78CD76E0,9ECF0C8EEA5C07DE54A346EDB371B48845A3FD0F,8C4ECFC848AF887DA98641FD649087D865161195,2020-09-23 14:42:28.408000,2020-09-23 14:42:36.226000
bnfhua5uznvwmnpo,failed,not_found,1326,724E86E7F5DA715529DC0ECAA013AE4BDC680E4C,675F05FDECF1DCF836ED274D65EBE919C4743B91,C8F402FDF89E5B51D862AD68D8C17DFA5A371BA0,81E7D5AEA47DA21030118297475DC59A01C291E1,2020-09-23 14:42:36.226000,2020-09-23 14:42:53.665000
bnfhua5uznvwmnpo,,,,,,,81E0F62FF2687A96A1E9C4C91E0F0676276338DB,2020-09-23 14:42:53.666000,
dsyuusqoslmttzhb,failed,not_found,105,724E86E7F5DA715529DC0ECAA013AE4BDC680E4C,197CEA93D6643434C074EE7C2431F0B369A01491,3F65766ADE067D9D08920E3B74DAB9040EDD26B2,2D418A89F79DB4A8E658BA549FBB974D1D22DD1A,2020-09-23 14:42:09.311000,2020-09-23 14:42:11.941000
dsyuusqoslmttzhb,failed,not_found,158,724E86E7F5DA715529DC0ECAA013AE4BDC680E4C,9B047A91AC809AA020A1F42E3E785DBCEBF3652F,BE9B12FAAB7429842D643E2308390ECD8961E0A1,9A1B4E6D96C9321657FA31036A54C4216EE978A2,2020-09-23 14:42:11.941000,2020-09-23 14:42:15.068000
dsyuusqoslmttzhb,failed,not_found,215,724E86E7F5DA715529DC0ECAA013AE4BDC680E4C,F35D115BDD5987D301BE0FD27DAB05F5F4B2ABAE,23A2D8DDF761F35CC63BDF65E604B76A7E2F6971,9A08E378EA3FA18183CB0522D7665550E1B42BB4,2020-09-23 14:42:15.069000,2020-09-23 14:42:19.178000
dsyuusqoslmttzhb,failed,not_found,312,724E86E7F5DA715529DC0ECAA013AE4BDC680E4C,288DA2F27E30BC73FC8A84367696C9DF6B4C1B90,513753D2C4A1246DCC21241C5BE5022CCBD2645C,2D317788EE8EBD11BE698EC58AB871DC6E0FC297,2020-09-23 14:42:19.179000,2020-09-23 14:42:24.181000
dsyuusqoslmttzhb,failed,not_found,630,724E86E7F5DA715529DC0ECAA013AE4BDC680E4C,70F09E981D6D4A34A35F248F0C873CBA356A0612,B5558CFA70A5308582B25767C9698E6DBE6A90B2,9A0AAF2E43BE3744CD1D6CD532C861F5A568F7A9,2020-09-23 14:42:24.181000,2020-09-23 14:42:32.681000
dsyuusqoslmttzhb,failed,not_found,1330,724E86E7F5DA715529DC0ECAA013AE4BDC680E4C,D8A2D0080B0C73E1DC0EC9F33B497F64E5FB3F52,9EB3FD84065E5622A57EFEF14E41A01B5B99A022,2D63EC24CB7CA7ACFBC1439752A54A916195067D,2020-09-23 14:42:32.682000,2020-09-23 14:42:53.706000
haf733oeg3fkgtbg,failed,not_found,106,724E86E7F5DA715529DC0ECAA013AE4BDC680E4C,6E4B0D429CD87AB6C25D72E298294C583FF8BA4A,C1939D36649DE98A202429631D8EFC70128D5F5F,1E7FE364A814340CBD79AA2B3365E718D3B1A67C,2020-09-23 14:42:09.311000,2020-09-23 14:42:12.134000
haf733oeg3fkgtbg,failed,not_found,142,724E86E7F5DA715529DC0ECAA013AE4BDC680E4C,ADE92B0150C933FFE00683E7492F1D930AFABB6D,FB016E16B8CD7A0E53DEEF31ED8754E4F6B8E837,AF4997738E0CFC014CD04FB09A670D2C5F1E79A4,2020-09-23 14:42:12.135000,2020-09-23 14:42:14.344000
haf733oeg3fkgtbg,failed,not_found,206,724E86E7F5DA715529DC0ECAA013AE4BDC680E4C,3E04505D362AA324E6E4E1C8516CCD9EF4D41B9C,AFE05115595A1D028E91AD41F6A07239DB04CEBC,1E7BDE03151AAB779CB4AFEAEEA52536FFAA9400,2020-09-23 14:42:14.344000,2020-09-23 14:42:19.589000
haf733oeg3fkgtbg,failed,not_found,331,724E86E7F5DA715529DC0ECAA013AE4BDC680E4C,3A27CC4147062E4EFDF46F848FEA7FF032A04E5F,8358BDDA9C9A680B4E3A2809E5C24F5B3624D5C2,AF7094B62864DE941DCD88A2F0DBAFECF3997E47,2020-09-23 14:42:19.589000,2020-09-23 14:42:25.233000
haf733oeg3fkgtbg,failed,not_found,757,724E86E7F5DA715529DC0ECAA013AE4BDC680E4C,431702B3A68A6015F9955DD4FD0129175B43EA0F,EC65D72BB9668553999DE4E6CF380207ACA941EA,1E7416D0CF37A6661B0130F54C6EBEF071E36C4D,2020-09-23 14:42:25.234000,2020-09-23 14:42:34.888000
haf733oeg3fkgtbg,failed,not_found,1349,724E86E7F5DA715529DC0ECAA013AE4BDC680E4C,C4B21A66B27E82FEF6AC97CEAEFE42DFF5C7511C,09092FF120A9FD9DC1AEAC899B5C3CFECBA6C279,AF57275D067ACF1EADE51E32860C8E569190BB24,2020-09-23 14:42:34.888000,2020-09-23 14:42:53.934000
252ahjrrvblbjarv,failed,not_found,131,724E86E7F5DA715529DC0ECAA013AE4BDC680E4C,96CAA917F65BCD62CECD236F67652BFD7C69E52E,75FB9A4469199F251581061391214ACFDC682EF4,896364B7996F5DFBA0E15D1A2E06D0B98B555DD6,2020-09-23 14:42:11.755000,2020-09-23 14:42:13.786000
252ahjrrvblbjarv,failed,not_found,174,724E86E7F5DA715529DC0ECAA013AE4BDC680E4C,2AD82F3964D325B3FE2FF74E980FB006374EF190,587B1EAF1E22E148EFB010DAA337ACDCD4DB5CBA,898AA9A17ECBB05FEA4FE7418BD1C64F45D9A614,2020-09-23 14:42:13.786000,2020-09-23 14:42:16.513000
252ahjrrvblbjarv,failed,not_found,250,724E86E7F5DA715529DC0ECAA013AE4BDC680E4C,6B9EA8927AB6E94E216067E65372182343A5AFA2,070229A4CC2CFFB24EB667298A7DB5E8D11EB701,B576A394DFC12B7E900D643C900484765D58C30F,2020-09-23 14:42:16.513000,2020-09-23 14:42:21.326000
252ahjrrvblbjarv,failed,not_found,392,724E86E7F5DA715529DC0ECAA013AE4BDC680E4C,5975858B6A1F37CCC96026B946EACF08E1772D0E,C69BE3F0326A7328556501BE237408F32748247D,89AE5F96CB97919EF13B172E0E4E2CB50CC33F1A,2020-09-23 14:42:21.327000,2020-09-23 14:42:27.266000
252ahjrrvblbjarv,failed,not_found,820,724E86E7F5DA715529DC0ECAA013AE4BDC680E4C,6D4D5193A0E290C027FE6B66731133F70946A155,E7EF73B4722CFAF0E8AA2151D3AA78701DE5F19B,B5831845F631C3E053B12D4714332E930219A014,2020-09-23 14:42:27.266000,2020-09-23 14:42:37.188000
252ahjrrvblbjarv,failed,not_found,1400,724E86E7F5DA715529DC0ECAA013AE4BDC680E4C,5CCC3569C67B7F1BB733664D43DF4645F2A4B04D,B33B994C8B9902B6F73957B2E61F71C932130C5D,B581401A839EBD1F812DC78297FD09D60BFFA635,2020-09-23 14:42:37.188000,2020-09-23 14:42:58.212000
dfg5d6yrwnkcysml,failed,not_found,150,724E86E7F5DA715529DC0ECAA013AE4BDC680E4C,A212DA5DAF940D8CA63064926A1B0FF035DDCE02,CACD9D63B759B35555D8C965A3E01071E9DFB44C,E45EC3830D8AD7F23FF1BEF8AC1F7519555A3515,2020-09-23 14:42:11.763000,2020-09-23 14:42:14.690000
dfg5d6yrwnkcysml,failed,not_found,211,724E86E7F5DA715529DC0ECAA013AE4BDC680E4C,B8BF2948E7830586F64EE92CCEABFB202E2FBF85,21E9162916687FDC3CD966D11F34766F51902B45,E46979A3053D43ADF187463A6E4856C875BC8C89,2020-09-23 14:42:14.690000,2020-09-23 14:42:19.273000
dfg5d6yrwnkcysml,failed,not_found,318,724E86E7F5DA715529DC0ECAA013AE4BDC680E4C,25E078CD1E537A7418318168F7E1990EF2A160C8,1A3AC11BF85CE386E19863F5CDF7769BA30E4A06,E46777C6EFB6036190EFAAD9B13EE9D0E75C5510,2020-09-23 14:42:19.273000,2020-09-23 14:42:24.508000
dfg5d6yrwnkcysml,failed,not_found,610,724E86E7F5DA715529DC0ECAA013AE4BDC680E4C,EE010EF80A27AC0B02CDC2B8B214A6201BB02D2B,FA32998AF5628483D8E7B7BB0A4641D33A206A28,A2DD0EF31813E9B7F6DB435504A406E1AD2B76AB,2020-09-23 14:42:24.509000,2020-09-23 14:42:31.832000
dfg5d6yrwnkcysml,failed,not_found,1200,724E86E7F5DA715529DC0ECAA013AE4BDC680E4C,C239952D0C8E4EABC3E6B0A8E0B623689174E3C6,CDAF0B74C45FD5B1955198A8D92C8A518A53D07B,A2D437DF654C3BE5428FD475A3B41EBABC7C832C,2020-09-23 14:42:31.832000,2020-09-23 14:42:48.375000
dfg5d6yrwnkcysml,,,,,,,A2DB293FFC5A76A718863BF1AEDBC8DFB1CB1097,2020-09-23 14:42:48.376000,
est7aionq4y6zduh,failed,not_found,175,724E86E7F5DA715529DC0ECAA013AE4BDC680E4C,0C039F35C2E40DCB71CD8A07E97C7FD7787D42D6,D1C60F9BCF2DBA07A775978F66C9927D3A9490BB,11DF0017A43AF1F08825CD5D973297F81AB00FF3,2020-09-23 14:42:11.764000,2020-09-23 14:42:16.170000
est7aionq4y6zduh,failed,not_found,221,724E86E7F5DA715529DC0ECAA013AE4BDC680E4C,E00DFD54DC165D5452FBD3530D30186DAD016A0C,46EC7BB31BFEC251B89E0C0715DEC4AA8208A1BA,11C3D14A1166AEDED6D247A32DE6451F6C95223A,2020-09-23 14:42:16.171000,2020-09-23 14:42:19.263000
est7aionq4y6zduh,failed,not_found,316,724E86E7F5DA715529DC0ECAA013AE4BDC680E4C,A932F56F69D24A96A0CBC4F32922A62DEFD28C77,1CD48F4ED0F1821FFBF1940802A13EEFD4C27502,2998955C80A5C5575A960202AFCE0D7DF633F6EF,2020-09-23 14:42:19.263000,2020-09-23 14:42:24.408000
est7aionq4y6zduh,failed,not_found,606,724E86E7F5DA715529DC0ECAA013AE4BDC680E4C,63540827C4832D214984EA47B7A68C593F9F862F,BAFC09A9079FA19D17A120356DCB005536AF332E,29A39144AD141242436D07901F7A8B91F7516A66,2020-09-23 14:42:24.409000,2020-09-23 14:42:32.181000
est7aionq4y6zduh,failed,not_found,1088,724E86E7F5DA715529DC0ECAA013AE4BDC680E4C,2BE633EE1B2229B9F7C9B2019067C7896FCE6A53,937F201D2797314953F268D252F5C98D3FA9F71E,120C197151B36EF1E0D813767EBE2C80C5578BF5,2020-09-23 14:42:32.182000,2020-09-23 14:42:44
est7aionq4y6zduh,,,,,,,29B1FF46029E21D60C9C544E22E8453CC461EF7D,2020-09-23 14:42:44,
ogw7w4f7n326osfq,failed,not_found,152,724E86E7F5DA715529DC0ECAA013AE4BDC680E4C,B517198B86B3859C307857C59F6660A281FC8B47,E5AA85FA69CDC31900C86E6427C7E5DE11DE9E2D,E4B478B4C4B7B489276E7BF5BF257A0F1EDF67BA,2020-09-23 14:42:11.764000,2020-09-23 14:42:15.348000
ogw7w4f7n326osfq,failed,not_found,228,724E86E7F5DA715529DC0ECAA013AE4BDC680E4C,39CF2F22E5018C01FD57DEB1AB8FDFA4592633FB,D1C60F9BCF2DBA07A775978F66C9927D3A9490BB,E4A7CF32D1EC81521E234C8BF46384E75838A8D7,2020-09-23 14:42:15.349000,2020-09-23 14:42:20.226000
ogw7w4f7n326osfq,failed,not_found,320,724E86E7F5DA715529DC0ECAA013AE4BDC680E4C,02928855BFAD787F8B363F21860D1E7D156E0655,F29A5D7E317934CDFFFA3DD9B26AC9AB48CB1C6C,E4B04C7D734B2294E8ECE057303E89B91EE88462,2020-09-23 14:42:20.227000,2020-09-23 14:42:24.772000
ogw7w4f7n326osfq,failed,not_found,634,724E86E7F5DA715529DC0ECAA013AE4BDC680E4C,917A2DADBA0D7727DF7FFD46AD923FD937686A3D,EFA2E7B073AA4CE2DAF7160F23C90DB805948F4A,08394C4873C8A71BE9F53593F9B4AD694BFCDB90,2020-09-23 14:42:24.772000,2020-09-23 14:42:32.446000
ogw7w4f7n326osfq,failed,not_found,1048,724E86E7F5DA715529DC0ECAA013AE4BDC680E4C,A2C6C931D8627C6605288970889DDB88C7BA2142,A51A7CBED6AC410A48D091EB32C52583542734C6,0824D7C7FB117D5C6AC01581FD798E670C37C804,2020-09-23 14:42:32.448000,2020-09-23 14:42:43.559000
ogw7w4f7n326osfq,,,,,,,081C9DF6A615A300B382C004DFE2CC37B561C9A0,2020-09-23 14:42:43.560000,
a2pwjopetpz3i556,failed,not_found,153,724E86E7F5DA715529DC0ECAA013AE4BDC680E4C,BE0F7333AC3F6D2AB76F3B930DD511337B573741,4B483F57D9660EBF33FA3CCA670FFD1BBB0F315A,437143A8E2D86B3BEB77B9ECD49AC77CD360FBDA,2020-09-23 14:42:11.767000,2020-09-23 14:42:14.886000
a2pwjopetpz3i556,failed,not_found,212,724E86E7F5DA715529DC0ECAA013AE4BDC680E4C,4CE6D83FFA8AD24767007E8C972F371F2468F09A,B058FBDEA69774C28EAC1111E167BC0AD4A904E0,435B0937725ECC8252F906800E46C90974408B63,2020-09-23 14:42:14.886000,2020-09-23 14:42:18.714000
a2pwjopetpz3i556,failed,not_found,303,724E86E7F5DA715529DC0ECAA013AE4BDC680E4C,A99B0D9E5FD5BC3C8F2D006EC91F8C7F40E09CB8,1F6ABD086F40B890A33C93CC4606EE68B31C9556,4352D58B2641E8C1787750EFD3A07A88224967AC,2020-09-23 14:42:18.714000,2020-09-23 14:42:24.529000
a2pwjopetpz3i556,failed,not_found,618,724E86E7F5DA715529DC0ECAA013AE4BDC680E4C,7272FA27A7F99E88D59BE2018E3F14FB88BF9786,876C7CE43774366250D3E768E690DAB9D4B5D5A3,3DCFC8F04E088BB33228FED97662D4E87B0F195A,2020-09-23 14:42:24.530000,2020-09-23 14:42:32.048000
a2pwjopetpz3i556,failed,not_found,1076,724E86E7F5DA715529DC0ECAA013AE4BDC680E4C,47175EA5C1B830AD72F2ED14C089B443758376E1,575F15A0A41B951BEE03E25B2A0A3FC3E8D7C7D1,3DE14798CDD62F6FA29DF21F418B4DFCEB0D59F4,2020-09-23 14:42:32.049000,2020-09-23 14:42:43.882000
a2pwjopetpz3i556,,,,,,,3DD93E6A1959804D0E36D26E83CA86E3AD3F4DE4,2020-09-23 14:42:43.883000,
gkjik45n46xhxxur,failed,not_found,154,724E86E7F5DA715529DC0ECAA013AE4BDC680E4C,AD3E0998B5872256689E3CC4FE97B7E194D22960,DAD19570682F47FB775B263330BD62B7BF0DEEA8,C44CC64BED927031A5B3B0A7CDF6A9E28F058B3F,2020-09-23 14:42:11.768000,2020-09-23 14:42:15.521000
gkjik45n46xhxxur,failed,not_found,230,724E86E7F5DA715529DC0ECAA013AE4BDC680E4C,D814C3CA8115AC4FB753D3E0CF54FAFE2A5F0A6F,02758CD398E3F842EF82478078AAAE0273770DB2,C793A33F28826D1F184504312C668EA8157AEF28,2020-09-23 14:42:15.522000,2020-09-23 14:42:20.120000
gkjik45n46xhxxur,failed,not_found,341,724E86E7F5DA715529DC0ECAA013AE4BDC680E4C,00C22D3BC1822EB8EA380AF04245337399E796E2,F3F3F4900B87CF4A6B4A7F9402502FC457B7B1FC,C793AB88565DDD3C9E4C6F15CCB9D8C7EF964CE9,2020-09-23 14:42:20.121000,2020-09-23 14:42:25.748000
gkjik45n46xhxxur,failed,not_found,703,724E86E7F5DA715529DC0ECAA013AE4BDC680E4C,12D552E8AF7AA2B71B218B5BBF6A5FEFA6F26BA0,3337D5168C034C79665BE1A9575168A59BED9BCD,C78D4AB34C920D156160C811C39B1BB92A6BED7D,2020-09-23 14:42:25.748000,2020-09-23 14:42:34.218000
gkjik45n46xhxxur,failed,not_found,1152,724E86E7F5DA715529DC0ECAA013AE4BDC680E4C,36FA7085B8CF7293DEFA82A8C0281E0EE43F3B5E,BA0A023DF7D0A03E2CB5A180E1DD54B0950AA5C1,C47E8F025645C621BE8BF8B5F6C8564A41259F7B,2020-09-23 14:42:34.218000,2020-09-23 14:42:47.036000
gkjik45n46xhxxur,,,,,,,C46E672994B5319273714C2BAE07411CB4EF5A1F,2020-09-23 14:42:47.037000,
e75dwfxjxgwtniim,failed,not_found,155,724E86E7F5DA715529DC0ECAA013AE4BDC680E4C,EFCCA5852D18207A7A93C13EF3460458CAAEA9D9,A1B28D636A56AAFFE92ADCCA937AA4BD5333BB4C,BF7A29C67B0502CF3082B1332BBFBCABAAC550D5,2020-09-23 14:42:11.768000,2020-09-23 14:42:15.254000
e75dwfxjxgwtniim,failed,not_found,252,724E86E7F5DA715529DC0ECAA013AE4BDC680E4C,9EFF16EA25FF27BC438A3FBF23C5315E576467AF,0F89912E6A4C4A8ACE43C58FF8B83CA299BFF74F,BF735F669481EE1CCC348F0731551C933D1E2278,2020-09-23 14:42:15.255000,2020-09-23 14:42:19.072000
e75dwfxjxgwtniim,failed,not_found,310,724E86E7F5DA715529DC0ECAA013AE4BDC680E4C,67CDF7A4D06E98E55AAE595BBEBF38E64C4CCBF3,2AE2CA4BD2B7754F29432C25E03314D52AC4CAF1,EC9C4CDB403204731122C9D3FA44DFAE667DC82D,2020-09-23 14:42:19.072000,2020-09-23 14:42:24.165000
e75dwfxjxgwtniim,failed,not_found,550,724E86E7F5DA715529DC0ECAA013AE4BDC680E4C,72C2EB697C3CD4CE7408359B386DEE6B2888F714,E81D56AE3FE9919F3A42AB11100901E6BAEC4FCB,EC7DF86078FCD97796087E8A8D37131E74A37CBF,2020-09-23 14:42:24.166000,2020-09-23 14:42:30.365000
e75dwfxjxgwtniim,failed,not_found,983,724E86E7F5DA715529DC0ECAA013AE4BDC680E4C,05C621B44EF6833889AE7B7E2A0B476569C47E37,425835370C1FBE178C21CB53C76672F12BDE091A,EC8C36BC209BA499263E93D0826046667AAC14BA,2020-09-23 14:42:30.366000,2020-09-23 14:42:40.908000
e75dwfxjxgwtniim,,,,,,,BF7BFCB3096FC81FBD0B7ADA66164431EC7FD117,2020-09-23 14:42:40.909000,
z6eteukfrolhvt7g,failed,not_found,220,724E86E7F5DA715529DC0ECAA013AE4BDC680E4C,58BC63142C881F88D08E071DEB63DBA09DE62141,D1AD15805646EAE6938F1842619F8EF0029089FC,51374C8DA459C67329FFD5C7502CCAE4194910CC,2020-09-23 14:42:11.769000,2020-09-23 14:42:19.965000
z6eteukfrolhvt7g,failed,not_found,578,724E86E7F5DA715529DC0ECAA013AE4BDC680E4C,7BE4752877553A96CD4035D0C526BCD09E81CC64,1CD48F4ED0F1821FFBF1940802A13EEFD4C27502,E58A48A62336A08CC3C6B40802923754E65A2609,2020-09-23 14:42:19.966000,2020-09-23 14:42:31.920000
z6eteukfrolhvt7g,failed,not_found,1068,724E86E7F5DA715529DC0ECAA013AE4BDC680E4C,0409605E8343562A790FFE846CB3BD7C04429F70,BCDE75725B927738B6FD34EA2D78F4FA77B99848,E577304251F48A85CC0039B659698C7673F721D3,2020-09-23 14:42:31.920000,2020-09-23 14:42:44.069000
z6eteukfrolhvt7g,,,,,,,513753D2C4A1246DCC21241C5BE5022CCBD2645C,2020-09-23 14:42:44.069000,
zimw52wbhsd2m4ve,failed,not_found,164,724E86E7F5DA715529DC0ECAA013AE4BDC680E4C,7D4261853A5CC5E96C8886391919FF2DA02A5801,6315278A91710062D90B288199EFA06E4AAA9E8F,F5E368D9FC8693BB85D2F65A262E676353BAD69D,2020-09-23 14:42:12.310000,2020-09-23 14:42:15.578000
zimw52wbhsd2m4ve,failed,not_found,232,724E86E7F5DA715529DC0ECAA013AE4BDC680E4C,B3D56C1E0AD84BA93AF6DC533A8569C3D0E8A58B,5645739E8EF72CA7D9EE1E12678B51A6FF8711C1,F5DB8E33F8D351B600932251EFE67357485405F2,2020-09-23 14:42:15.579000,2020-09-23 14:42:20.580000
zimw52wbhsd2m4ve,failed,not_found,364,724E86E7F5DA715529DC0ECAA013AE4BDC680E4C,42D47C736518BFA495CA31AEE40AE468F0BDA2A6,3A7528436E0DD9675FB12750F3EDE23CF74F4ACB,F5E1B96BFE700FF8BF09DE5A02181EBB48E218F7,2020-09-23 14:42:20.581000,2020-09-23 14:42:26.402000
zimw52wbhsd2m4ve,failed,not_found,860,724E86E7F5DA715529DC0ECAA013AE4BDC680E4C,43E187B8C7361F47EA968ED5389435865D7F4FE7,210001EE8A8E086983A3BD48F0D936996451C9CB,E1DE607E31C2C0FB6F8FC959BF7B58CE35D95990,2020-09-23 14:42:26.402000,2020-09-23 14:42:37.702000
zimw52wbhsd2m4ve,failed,not_found,1372,724E86E7F5DA715529DC0ECAA013AE4BDC680E4C,906933A309F15D7CF379127078A6791DF9B0C763,F6740DEABFD5F62612FA025A5079EA72846B1F67,E1B54925C59ECE813269B9A3309B7A5EB57E9B98,2020-09-23 14:42:37.702000,2020-09-23 14:42:54.988000
zimw52wbhsd2m4ve,,,,,,,E1BAB4F5B0E9D7891DCD9790C8F186D81728348F,2020-09-23 14:42:54.988000,
qwcon4fkrzivqm5p,failed,not_found,165,724E86E7F5DA715529DC0ECAA013AE4BDC680E4C,1145A39EC0CE18834E67D2799E3C5D87453C5EF2,39CF2F22E5018C01FD57DEB1AB8FDFA4592633FB,0E5522CB4F79E36C0BB263BABC861CFC686929AE,2020-09-23 14:42:12.319000,2020-09-23 14:42:15.579000
qwcon4fkrzivqm5p,failed,not_found,262,724E86E7F5DA715529DC0ECAA013AE4BDC680E4C,4AD9C116A1942D58A714433CA24F087F18036A7E,7B0D94D348D9F98C50B6674C5CB17AF35EA2605F,4A411DD8EBBD539AA0090A305856B9C838F7F2D6,2020-09-23 14:42:15.579000,2020-09-23 14:42:22.400000
qwcon4fkrzivqm5p,failed,not_found,780,724E86E7F5DA715529DC0ECAA013AE4BDC680E4C,9A48EC8AAFB2E8C9E20408596383DB74F1196747,7EF6E998564211FB86881FEA2627AA9119BD9842,0E5D730466E5BB675BC9704C374DBE7E19F06165,2020-09-23 14:42:22.400000,2020-09-23 14:42:35.423000
qwcon4fkrzivqm5p,failed,not_found,1300,724E86E7F5DA715529DC0ECAA013AE4BDC680E4C,F9674F45A25CAA977E7B872807E0A070C121F5FA,06E72526BBE040C51C5ADFBAA07ADD9AEB5E1FA1,4A3B874F0187F2CF0DA3C8F76063B070F9F7A14F,2020-09-23 14:42:35.423000,2020-09-23 14:42:53.247000
qwcon4fkrzivqm5p,,,,,,,4A3EA0E1E4381199A9D80D88AF7D334644DF082B,2020-09-23 14:42:53.248000,
f55rpalkx623l2ja,failed,not_found,166,724E86E7F5DA715529DC0ECAA013AE4BDC680E4C,587B1EAF1E22E148EFB010DAA337ACDCD4DB5CBA,5FB384605F53DCBF1CB02143D318DA3E8EE38A24,D7A80E95892AAF51FF24CF7C2CE49311931B55F7,2020-09-23 14:42:12.319000,2020-09-23 14:42:16.910000
f55rpalkx623l2ja,failed,not_found,258,724E86E7F5DA715529DC0ECAA013AE4BDC680E4C,B32B93C90DCAF0012328A8D55D621D26B186E11A,1F78D47D20BA3ACF9DCE50F4533A5CEA232CF398,A597AC866E40CAB5A67759ADE4942192E99DE684,2020-09-23 14:42:16.911000,2020-09-23 14:42:22.203000
f55rpalkx623l2ja,,,,,,,A5866E3505E93D2D0BF391D1FA28931527989827,2020-09-23 14:42:22.204000,
zt6gqmbaoqeqgvn7,failed,not_found,168,724E86E7F5DA715529DC0ECAA013AE4BDC680E4C,C2B45199FC6F98E21BFAFE0833348F288FA337E3,94F16DA2BDDBA092954FF8EC29F9234A69949403,6A1AF5C55985A32E44462D3F5CFEB1701418D9DC,2020-09-23 14:42:12.322000,2020-09-23 14:42:15.920000
zt6gqmbaoqeqgvn7,failed,not_found,239,724E86E7F5DA715529DC0ECAA013AE4BDC680E4C,77A56CB237740E24AEA2D61C8C8936232AFC1BD8,A2C6C931D8627C6605288970889DDB88C7BA2142,572FC2E6D89E8D773488A76F05DDEE3173A076E0,2020-09-23 14:42:15.921000,2020-09-23 14:42:20.866000
zt6gqmbaoqeqgvn7,failed,not_found,787,724E86E7F5DA715529DC0ECAA013AE4BDC680E4C,4FF53BC47097B50DA5B68D72C5B25CC079F4A787,F3F3F4900B87CF4A6B4A7F9402502FC457B7B1FC,6A1B4F8A87E327F4E115A385206C0880DB051B3B,2020-09-23 14:42:20.867000,2020-09-23 14:42:35.725000
zt6gqmbaoqeqgvn7,failed,not_found,1311,724E86E7F5DA715529DC0ECAA013AE4BDC680E4C,40CDE936B04B4573A47223396006443CA5EAC845,1BB9F857B41ABFB3BE0570F8A86DDCFD198713A2,573051CAA3EEEE2B75EBD096BB1F70D3FDAC5F3A,2020-09-23 14:42:35.725000,2020-09-23 14:42:53.477000
zt6gqmbaoqeqgvn7,,,,,,,573EA7F927259DBF7DC6CDF0C99C592635AE686D,2020-09-23 14:42:53.477000,
tko2pwcepy3ef7md,failed,not_found,183,724E86E7F5DA715529DC0ECAA013AE4BDC680E4C,EFA2E7B073AA4CE2DAF7160F23C90DB805948F4A,B5558CFA70A5308582B25767C9698E6DBE6A90B2,F6D600CF13B3BBE2A91A0653F1EC9D00E7CB3A6B,2020-09-23 14:42:13.283000,2020-09-23 14:42:16.831000
tko2pwcepy3ef7md,failed,not_found,287,724E86E7F5DA715529DC0ECAA013AE4BDC680E4C,5EBA4A9F483E07FD717BA81DD6F7344AF82F7D5D,DC40A59D4D744F2C3C7A655EC6BF3A59AFA1C66C,F6AAFCFB722532DA3E2A54135000E672B9473835,2020-09-23 14:42:16.832000,2020-09-23 14:42:23.286000
tko2pwcepy3ef7md,failed,not_found,781,724E86E7F5DA715529DC0ECAA013AE4BDC680E4C,8A6F5A21493685B50F1B46A87A2099D6C410F237,1A002B6E163D502F23381391718E11A568976403,F6A358DD367B3282D6EF5824C9D45E1A19C7E815,2020-09-23 14:42:23.287000,2020-09-23 14:42:35.288000
tko2pwcepy3ef7md,failed,not_found,1367,724E86E7F5DA715529DC0ECAA013AE4BDC680E4C,A4F11D693FAB6E949B2B7C18153C3F7989896007,8841E775C3DE70E4414F0678DBD532C1F80FF62C,E2B9BA96723C59E65AE07E82B74C7A31AF874225,2020-09-23 14:42:35.289000,2020-09-23 14:42:54.742000
tko2pwcepy3ef7md,,,,,,,E2B8DEC970657EE1CB872F37E81E59526285EF3F,2020-09-23 14:42:54.743000,
ua6u5z3xbpbacoca,failed,not_found,185,724E86E7F5DA715529DC0ECAA013AE4BDC680E4C,928C991C655BF10189FF084C79A41772AE6155C6,E81993EA52B73285CFFD02FEC003569D21483001,62712B2C24A169B24336CD2FE2BE55DA67476C8B,2020-09-23 14:42:13.295000,2020-09-23 14:42:17.668000
ua6u5z3xbpbacoca,failed,not_found,280,724E86E7F5DA715529DC0ECAA013AE4BDC680E4C,C92F69EE5756200F160CCFAFE9C3C984D3E6D561,CDA2C336AD87E22DF02983887A3F74B21070D02D,6287129CB9EC475E816A0D283FE4E45D632A4A4B,2020-09-23 14:42:17.668000,2020-09-23 14:42:22.602000
ua6u5z3xbpbacoca,failed,not_found,461,724E86E7F5DA715529DC0ECAA013AE4BDC680E4C,96D656384559910834CFDB128D843F819D5D2FD5,B33B994C8B9902B6F73957B2E61F71C932130C5D,6270D21D6CEF0A4B1ABEA0730983AAE08126701A,2020-09-23 14:42:22.603000,2020-09-23 14:42:29.313000
ua6u5z3xbpbacoca,failed,not_found,923,724E86E7F5DA715529DC0ECAA013AE4BDC680E4C,BF0FB582E37F738CD33C3651125F2772705BB8E8,BA0BA7A976F153DBB050266CD3D21F499FCB975D,258837F888FF885131F8F12BC409D69F99597E6A,2020-09-23 14:42:29.313000,2020-09-23 14:42:40.794000
ua6u5z3xbpbacoca,,,,,,,257342F27502A108EECA766F3B125441B3DD4F4E,2020-09-23 14:42:40.794000,
5lcwgklesdzjd3xe,failed,not_found,186,724E86E7F5DA715529DC0ECAA013AE4BDC680E4C,5790B62AD6C79A1092B30993A8F0F7F23A969FD6,874D84382C892F3F61CC9E106BF08843DE0B865A,0B58A95E539FFA6C05C010F5C1DA35FB8038E3A8,2020-09-23 14:42:13.295000,2020-09-23 14:42:17.032000
5lcwgklesdzjd3xe,failed,not_found,263,724E86E7F5DA715529DC0ECAA013AE4BDC680E4C,D56A98D38FC3C75E0347EEF3DD9C12749AF7C7C5,6B5A63BFEEA8EF58DA812F4F05BE98C869809DFB,86F2828CB4B0875515607F4E2097951542B713EF,2020-09-23 14:42:17.032000,2020-09-23 14:42:22.293000
5lcwgklesdzjd3xe,failed,not_found,514,724E86E7F5DA715529DC0ECAA013AE4BDC680E4C,E5CC91BAFE7CCD68003E873D32E38027638D49D7,5AD3FB658E490BAD9515F363374AA41D65D31A02,0B555940D37DC849728841C0B290074E1A1BDCA8,2020-09-23 14:42:22.293000,2020-09-23 14:42:29.836000
5lcwgklesdzjd3xe,failed,not_found,968,724E86E7F5DA715529DC0ECAA013AE4BDC680E4C,46736616C5A895D636C93EF9F8A289C3BC93EE53,3F3E911D64F8DED71208D614782ABED41F4D7A0D,870E97E5846D8308EA469A5BB5A50D2838503DBE,2020-09-23 14:42:29.837000,2020-09-23 14:42:40.720000
5lcwgklesdzjd3xe,,,,,,,86FBA753C8D25653E086B98FFF8AA084F862DB67,2020-09-23 14:42:40.720000,
gckqyd4sq6imesed,failed,not_found,187,724E86E7F5DA715529DC0ECAA013AE4BDC680E4C,56781CCC9F6D29FEA148799AB588429C893A473C,7B57933E29D520471D7E67AB48B06B62832828F9,2E12778C3FBE28C9E9C8AC6A76FF4509DC41599B,2020-09-23 14:42:13.301000,2020-09-23 14:42:17.018000
gckqyd4sq6imesed,failed,not_found,261,724E86E7F5DA715529DC0ECAA013AE4BDC680E4C,03910F285A33F365838EC66EF2C2EF754D046760,D08660B6D70B6249A57D89BB7A8F2EA2C952BD35,2DFDEA5DD415B95594BFB12D59FE841167F94B5F,2020-09-23 14:42:17.019000,2020-09-23 14:42:22.883000
gckqyd4sq6imesed,failed,not_found,600,724E86E7F5DA715529DC0ECAA013AE4BDC680E4C,B576A394DFC12B7E900D643C900484765D58C30F,BF0FB582E37F738CD33C3651125F2772705BB8E8,E233F3609689B34A86B15ECEB6DE7B51AA311704,2020-09-23 14:42:22.883000,2020-09-23 14:42:31.785000
gckqyd4sq6imesed,failed,not_found,1056,724E86E7F5DA715529DC0ECAA013AE4BDC680E4C,1804C06A266F0DA26DF58CD559E01C2F7C3FC42A,0CC18E42E5ECADFE76862CE2EB7189EFA17A11FD,2DF58694C18525A4892F514D01039BCF44A05433,2020-09-23 14:42:31.785000,2020-09-23 14:42:43.561000
gckqyd4sq6imesed,,,,,,,E20A99DE17D99F73D888C7D33C46807B71A197FB,2020-09-23 14:42:43.561000,
bhy3jqawe2c62hmj,failed,not_found,231,724E86E7F5DA715529DC0ECAA013AE4BDC680E4C,0042B9F5B608D06DBFF5C075C84F2BBB9B294A5B,58F3E2956EABB81F673E2FB90E16E001DB4AC3AE,742091486D04734C57D97BCEFB53D22ED0B77881,2020-09-23 14:42:14.261000,2020-09-23 14:42:20.879000
bhy3jqawe2c62hmj,failed,not_found,374,724E86E7F5DA715529DC0ECAA013AE4BDC680E4C,1FA58F4E722AB35E27E2FF601122627B01103642,A99B0D9E5FD5BC3C8F2D006EC91F8C7F40E09CB8,5B701D5C806F91D8A3C6B3E92624727EC43E26C2,2020-09-23 14:42:20.879000,2020-09-23 14:42:26.305000
bhy3jqawe2c62hmj,failed,not_found,733,724E86E7F5DA715529DC0ECAA013AE4BDC680E4C,6DA5D1B9B239501838E19CC0ACBAFAE737AEEC5B,3D5D6178C44537E3692853B344385F6572A55767,5B7ECD80310B35E6B95FC887E143C889CF8C2841,2020-09-23 14:42:26.305000,2020-09-23 14:42:34.441000
bhy3jqawe2c62hmj,failed,not_found,1175,724E86E7F5DA715529DC0ECAA013AE4BDC680E4C,2EB3C230180694A1E848001E20F36F76A2287039,7D928720EC0CB5C2AFE04DF0EBC37BD59B00EAB4,5B6F8535D0DFB1C26FE54E15FA3C82D8D8AB380B,2020-09-23 14:42:34.441000,2020-09-23 14:42:47.871000
bhy3jqawe2c62hmj,,,,,,,7430F66B1CABCB52D583C9C3035EE19A3E87A23E,2020-09-23 14:42:47.871000,
qquxhbijsaxzruli,failed,not_found,237,724E86E7F5DA715529DC0ECAA013AE4BDC680E4C,5B1F0DAF378A1FAFCFD5FA9CDC66D1023DC0276E,97B7BA747B62A9962DEDCE404FF33106D4032F91,135BDF845FA5B15D5B7A1CB2491EC18B15F2574C,2020-09-23 14:42:14.268000,2020-09-23 14:42:20.533000
qquxhbijsaxzruli,failed,not_found,447,724E86E7F5DA715529DC0ECAA013AE4BDC680E4C,00B57BF614F7ED3051073B5D4526FF0B23AF217B,F244C5F5DDE2F29CA1F88E4C9F9FACCC48BCA857,135F2A8B32F583845F2B0E133EFD84C25026761B,2020-09-23 14:42:20.533000,2020-09-23 14:42:28.474000
qquxhbijsaxzruli,failed,not_found,904,724E86E7F5DA715529DC0ECAA013AE4BDC680E4C,CC100DC017A25E244C35C964BB518E4308415ACC,CDAF0B74C45FD5B1955198A8D92C8A518A53D07B,2DCEA7E830BB77C9B332EEB7C1501A5EE2BA0001,2020-09-23 14:42:28.475000,2020-09-23 14:42:39.568000
qquxhbijsaxzruli,,,,,,,2DB8A946826D0CB4F5C3A8264628DD0F16F6612D,2020-09-23 14:42:39.569000,
qq7k2zr5bs3ftdzf,failed,not_found,204,724E86E7F5DA715529DC0ECAA013AE4BDC680E4C,208F39CCF602D9549E57D6A386259C1129B8D244,BF735F669481EE1CCC348F0731551C933D1E2278,EBB50442D1D826DBE9C61A9EE5E0A2CE44DD989A,2020-09-23 14:42:14.275000,2020-09-23 14:42:18.553000
qq7k2zr5bs3ftdzf,failed,not_found,400,724E86E7F5DA715529DC0ECAA013AE4BDC680E4C,E432C6B90254DD0675F86D3E4D5F3A2CA100DE8B,CEC92F3BE8A2F3A46D3C042721D6BDBF2F40F4C5,EBB799FADD615E93CA97BE5583E5EB97DD21E10F,2020-09-23 14:42:18.554000,2020-09-23 14:42:24.153000
qq7k2zr5bs3ftdzf,failed,not_found,546,724E86E7F5DA715529DC0ECAA013AE4BDC680E4C,7E44E0D39CE8666A98EA5DEBCBB8E12B3906410F,FEDE31337E4E19E06B97D282F08B0A0E8B9C5526,EBC5539131FEEA004C41986C0BD03B5C85BBEBD5,2020-09-23 14:42:24.153000,2020-09-23 14:42:30.401000
qq7k2zr5bs3ftdzf,failed,not_found,988,724E86E7F5DA715529DC0ECAA013AE4BDC680E4C,855BC2DABE24C861CD887DB9B2E950424B49FC34,E7EF73B4722CFAF0E8AA2151D3AA78701DE5F19B,FE00A3A835680E67FBBC895A724E2657BB253E97,2020-09-23 14:42:30.401000,2020-09-23 14:42:41.349000
qq7k2zr5bs3ftdzf,,,,,,,FE1AF5E909002134BFF834F4AD5E1DE723779002,2020-09-23 14:42:41.349000,
joh7y7dxdz7dys7e,failed,not_found,205,724E86E7F5DA715529DC0ECAA013AE4BDC680E4C,891FB8477529A6B2894B7A3129402E0FD5DD281F,6A35EE13D4354FF0A03374C063B10290614BB6A9,84CB0782C8CA81A7263EE86F321EDFECC611369A,2020-09-23 14:42:14.280000,2020-09-23 14:42:18.518000
joh7y7dxdz7dys7e,failed,not_found,297,724E86E7F5DA715529DC0ECAA013AE4BDC680E4C,0677DF0B05ECDA2EF45F26C3332731043BB89AB8,A13281DBD8F8E484E95DD273B3EE7FC14C1B0A7A,CF556653E704F7B619E1BBC0AE86A8E2E185A17F,2020-09-23 14:42:18.519000,2020-09-23 14:42:24.833000
joh7y7dxdz7dys7e,failed,not_found,1161,724E86E7F5DA715529DC0ECAA013AE4BDC680E4C,02758CD398E3F842EF82478078AAAE0273770DB2,543F96D0C17CDBAC326F644DB0C8A17193BCCFC9,CF6A6080091BB210AA3892FEFE2F6A396DA08DF3,2020-09-23 14:42:24.834000,2020-09-23 14:42:47.238000
joh7y7dxdz7dys7e,,,,,,,84D361B736A8CD1E8818D0FC186892E91AB76881,2020-09-23 14:42:47.239000,
wiivwtsdjvzum57p,failed,not_found,343,724E86E7F5DA715529DC0ECAA013AE4BDC680E4C,97B7BA747B62A9962DEDCE404FF33106D4032F91,912B7597346A74A44AD4B6068C645772B758DCB7,BBDE12C320FD1C3FFBEC15202F46D5620FC1444E,2020-09-23 14:42:15.272000,2020-09-23 14:42:25.422000
wiivwtsdjvzum57p,failed,not_found,750,724E86E7F5DA715529DC0ECAA013AE4BDC680E4C,D777D31F95081D0F7223AAD5F8A74977D524145D,F83A64E0FA85BC224807919772FE14E1BA07CEF5,BBD1B1A22695396C75DFF338A8FF7A12804A607A,2020-09-23 14:42:25.422000,2020-09-23 14:42:34.885000
wiivwtsdjvzum57p,failed,not_found,1348,724E86E7F5DA715529DC0ECAA013AE4BDC680E4C,846B3EAAF0C07FF72FC79AEBB11FA3ADC58F240F,9AD3DB628164C1E3D77D9DF9D79327B3DF4260FA,BBD8F4DF8FF5C69A6A989DB8C1EE2CA7ADFE0755,2020-09-23 14:42:34.885000,2020-09-23 14:42:53.796000
wiivwtsdjvzum57p,,,,,,,108FBE210539A1E6868FC43A0BB0A38DCA12D558,2020-09-23 14:42:53.796000,
czqx5scou7m72fnq,failed,not_found,225,724E86E7F5DA715529DC0ECAA013AE4BDC680E4C,A0C59410B9030AC1385C4CA44C8DBFE13AF4BC9B,D76110E770FB5F6D09CB801D6379C33A1A6C0CC3,7ABA39F796B24333F85FA500A057DE9D700E1534,2020-09-23 14:42:15.272000,2020-09-23 14:42:19.978000
czqx5scou7m72fnq,failed,not_found,339,724E86E7F5DA715529DC0ECAA013AE4BDC680E4C,599A708756048993A1029B2775EEF8C9E40BB640,431702B3A68A6015F9955DD4FD0129175B43EA0F,7AAF5597B18D82CC90CA95FB7976A1CEA4A32E06,2020-09-23 14:42:19.978000,2020-09-23 14:42:25.662000
czqx5scou7m72fnq,failed,not_found,699,724E86E7F5DA715529DC0ECAA013AE4BDC680E4C,EA8CEAA8939F20108D4388B6EAE867A5AC6442C1,76D2EBA82BBCCA3DF9F254A9A8372A10A26F3D14,C49100FF01914CB5A07FEB344D99899EF81A000D,2020-09-23 14:42:25.663000,2020-09-23 14:42:34.965000
czqx5scou7m72fnq,,,,,,,C49A177510CAA653DA6727BF0E07FB7F56A0F09D,2020-09-23 14:42:34.965000,
pvvqghjp47bpu5wu,failed,not_found,253,724E86E7F5DA715529DC0ECAA013AE4BDC680E4C,94318CC2299A3826D81899EB23C25A2B7D6B1FFE,A56A0120A21557832000D5C68FCD7DE08E82A3B0,75258E755064AA2412BC6BAB885756A3201F8C73,2020-09-23 14:42:15.273000,2020-09-23 14:42:21.621000
pvvqghjp47bpu5wu,failed,not_found,398,724E86E7F5DA715529DC0ECAA013AE4BDC680E4C,F3F3F4900B87CF4A6B4A7F9402502FC457B7B1FC,CC100DC017A25E244C35C964BB518E4308415ACC,FEA045FF57EE6A7E318DAF72AF916B5F8B0F4997,2020-09-23 14:42:21.621000,2020-09-23 14:42:27.733000
pvvqghjp47bpu5wu,failed,not_found,843,724E86E7F5DA715529DC0ECAA013AE4BDC680E4C,E65BA17239C454A82082B0B4F3DDD8D83E4FD893,28AA7AFE8B1EDD7D4278D2A02027E09A75B528D0,FE9CB0E0629636EBD8D0C71F46E387B944C01BCF,2020-09-23 14:42:27.734000,2020-09-23 14:42:37.216000
pvvqghjp47bpu5wu,,,,,,,FEDE31337E4E19E06B97D282F08B0A0E8B9C5526,2020-09-23 14:42:37.216000,
id5l3pgt5znhyxxt,failed,not_found,267,724E86E7F5DA715529DC0ECAA013AE4BDC680E4C,CB1CE5D58F07BCACBD06FBA82ED2359D5E8CE911,F6740DEABFD5F62612FA025A5079EA72846B1F67,C0585931F974D8158E6AF83A077CFBEFC234F9A1,2020-09-23 14:42:15.278000,2020-09-23 14:42:22.666000
id5l3pgt5znhyxxt,failed,not_found,562,724E86E7F5DA715529DC0ECAA013AE4BDC680E4C,82DA9678A0BAE60087AA68A3E1D6E6A2C4246D6D,5856DB884578915E7C7A0B7B11E4145B1D2A4E2B,6C143720FFF8469EF6A5C5B4066366340CF6C0D1,2020-09-23 14:42:22.667000,2020-09-23 14:42:30.692000
id5l3pgt5znhyxxt,failed,not_found,1008,724E86E7F5DA715529DC0ECAA013AE4BDC680E4C,F6740DEABFD5F62612FA025A5079EA72846B1F67,4623A9EC53BFD83155929E56D6F7B55B5E718C24,C080D1200C1D9D3E538EF777A4DC05C7DA77BFC4,2020-09-23 14:42:30.693000,2020-09-23 14:42:42.118000
id5l3pgt5znhyxxt,,,,,,,C0804913BB431D64E0621E5BCE5DA97D624CACD1,2020-09-23 14:42:42.118000,
lniaowqz7neea6jr,failed,not_found,242,724E86E7F5DA715529DC0ECAA013AE4BDC680E4C,4FDDFAD51B24DDABB62FB59071F4DC421E76C685,23A2D8DDF761F35CC63BDF65E604B76A7E2F6971,00E89DDEF944B42FD652F80C2480D5E20DF13194,2020-09-23 14:42:16.381000,2020-09-23 14:42:20.735000
lniaowqz7neea6jr,failed,not_found,434,724E86E7F5DA715529DC0ECAA013AE4BDC680E4C,D002C061F56CB6FE6FF7A27747EC2A7369ABBA9A,39CF2F22E5018C01FD57DEB1AB8FDFA4592633FB,5C5D61F279AA0816F506FD5CE86C30F256291DDE,2020-09-23 14:42:20.736000,2020-09-23 14:42:28.259000
lniaowqz7neea6jr,failed,not_found,876,724E86E7F5DA715529DC0ECAA013AE4BDC680E4C,F2ED5032B52021E7BADBBB82E6594F1A872FFD09,0CB40D12177CBABAB87652BBFC00A7E6F4434D3E,5C4B505FCFCE0E340A86D0E7960B24A13ED5677C,2020-09-23 14:42:28.259000,2020-09-23 14:42:38.237000
lniaowqz7neea6jr,,,,,,,00E1649E69FF91D7F01E74A5E62EF14F7D9915E4,2020-09-23 14:42:38.237000,
hwavu7sgsguycs3r,failed,not_found,306,724E86E7F5DA715529DC0ECAA013AE4BDC680E4C,81A59766272894D27FE8375C4F83A6BA453671EF,BF0FB582E37F738CD33C3651125F2772705BB8E8,4AC4F120C119C72356BC9C33BF14E26D2BF052D4,2020-09-23 14:42:16.385000,2020-09-23 14:42:24.581000
hwavu7sgsguycs3r,failed,not_found,622,724E86E7F5DA715529DC0ECAA013AE4BDC680E4C,6D72E970EB5218702C854BE250EC0663CC14D9BD,E0F638ECCE918B5455CE29D2CD9ECC9DBD8F8B21,4AD9C116A1942D58A714433CA24F087F18036A7E,2020-09-23 14:42:24.581000,2020-09-23 14:42:32.040000
hwavu7sgsguycs3r,failed,not_found,1072,724E86E7F5DA715529DC0ECAA013AE4BDC680E4C,9B2BC7EFD661072AFADC533BE8DCF1C19D8C2DCC,7D277B076A1A044F0FDEE9EAB02CFFF655C29894,4AD0B40B0FC679CC300F398BCEBE9D000833F62C,2020-09-23 14:42:32.046000,2020-09-23 14:42:44.791000
hwavu7sgsguycs3r,,,,,,,94A27C2F372C96D5B1E5C3AA2E2EEECC5C40D74C,2020-09-23 14:42:44.791000,
vjdkn66zuqgo2hrr,failed,not_found,273,724E86E7F5DA715529DC0ECAA013AE4BDC680E4C,8A136F5D0DACBBB6D8537DA4A806C44EF7E9037B,8F893399C8CA284583E3A526A6B4E5FD75449E87,B2866F6401809F93B73346CB460D02202FDACA25,2020-09-23 14:42:16.385000,2020-09-23 14:42:24.236000
vjdkn66zuqgo2hrr,failed,not_found,563,724E86E7F5DA715529DC0ECAA013AE4BDC680E4C,5FB384605F53DCBF1CB02143D318DA3E8EE38A24,A123F404BD9A15D96CC7930C2BE28103341AC68B,B2ABDED0AB51FAE1D7E682CB31849FFF103030B3,2020-09-23 14:42:24.236000,2020-09-23 14:42:31.500000
vjdkn66zuqgo2hrr,failed,not_found,1024,724E86E7F5DA715529DC0ECAA013AE4BDC680E4C,2FD0BA57A34DC2792AF470398F72F37F9E51DC2D,E747773C61CF671A222EB913DE17DA33074A6D76,3F6EBCE3AEF01229EA7EADEC0BD50F316342988D,2020-09-23 14:42:31.500000,2020-09-23 14:42:43.647000
vjdkn66zuqgo2hrr,,,,,,,B291D30517D23299AD7CEE3E60DFE60D0E3A4664,2020-09-23 14:42:43.648000,
zfv43nmjch26gg2r,failed,not_found,247,724E86E7F5DA715529DC0ECAA013AE4BDC680E4C,503431F94FF8FB69F10AD59DE31F3B2C3449D990,8C9704A8068E46CD91287DE3C332EFE2E21C685A,BC170D6C79EB09EF17193466097D1C7788031A3D,2020-09-23 14:42:16.386000,2020-09-23 14:42:21.460000
zfv43nmjch26gg2r,failed,not_found,394,724E86E7F5DA715529DC0ECAA013AE4BDC680E4C,8C9704A8068E46CD91287DE3C332EFE2E21C685A,AE17FAAF8F302A506AF2167666EC62882804403F,9938E3AAC64CE9D56B743ECD8B2CA235AFB9DF74,2020-09-23 14:42:21.461000,2020-09-23 14:42:27.593000
zfv43nmjch26gg2r,failed,not_found,839,724E86E7F5DA715529DC0ECAA013AE4BDC680E4C,AA8B7237B4D2C76ED4AF24B3B47B375812AACC83,F0E40D2CD68BCEE16FA6B768FE48062AEF093B1E,BC38744FD82618B37EE6A5A61BBCCE8788D55E3D,2020-09-23 14:42:27.593000,2020-09-23 14:42:39.296000
zfv43nmjch26gg2r,,,,,,,9910C6DEEA9907EE7AEFCE0DA072F94F86EBFD48,2020-09-23 14:42:39.296000,
juq5uvt4jrldiddg,failed,not_found,270,724E86E7F5DA715529DC0ECAA013AE4BDC680E4C,088A6237EED87EDEB0E1E3AD0A4A419F963F0787,2802B96E4BE4FDBFB0F5D5DFBF7E5AB541A18DF0,484F666C491BCDE22B45E0E19D1CEA5ACC5A9611,2020-09-23 14:42:17.295000,2020-09-23 14:42:22.591000
juq5uvt4jrldiddg,failed,not_found,605,724E86E7F5DA715529DC0ECAA013AE4BDC680E4C,769A297017BB5E92A9A5A3D76725CA12D694AA30,F263F4F57A20D8C19E9F9C84150C60F7A49F2DB5,09486CB8270415F271BC844238BE702B9DE53812,2020-09-23 14:42:22.592000,2020-09-23 14:42:32.183000
juq5uvt4jrldiddg,failed,not_found,1092,724E86E7F5DA715529DC0ECAA013AE4BDC680E4C,EEDF0AF1F892C82F056063827B47283CC9AEAA41,E96C071A67833C2C93D74F7C84C99148E15181F8,0964EFD3186C2AF2763B0C1EE5B4A2FA77E0449B,2020-09-23 14:42:32.183000,2020-09-23 14:42:46.099000
juq5uvt4jrldiddg,,,,,,,484A10BA2B8D48A5F0216674C8DD50EF27BC32F3,2020-09-23 14:42:46.099000,
6hmx5za377ddjmln,failed,not_found,271,724E86E7F5DA715529DC0ECAA013AE4BDC680E4C,DC9564AE8BC7BF5F722E3677C897ED1B578C8D81,883F49ECDF48809308C0E5409E5A264B94050140,CA4E9DFE87DE87E502F3B503D07EC8EFCAEE2549,2020-09-23 14:42:17.296000,2020-09-23 14:42:22.322000
6hmx5za377ddjmln,failed,not_found,437,724E86E7F5DA715529DC0ECAA013AE4BDC680E4C,09092FF120A9FD9DC1AEAC899B5C3CFECBA6C279,84CB0782C8CA81A7263EE86F321EDFECC611369A,828112B80D28A92311A8C6C7CCF369B316C40744,2020-09-23 14:42:22.322000,2020-09-23 14:42:28.651000
6hmx5za377ddjmln,failed,not_found,911,724E86E7F5DA715529DC0ECAA013AE4BDC680E4C,C3636ECA4B40900056590AA7DBFC6ED09379852F,4F1B6DDF9A8D7747BF5DD562B895A700008EC906,8275CE20C53D79EC51CA87292E7FC58F238F100C,2020-09-23 14:42:28.652000,2020-09-23 14:42:39.942000
6hmx5za377ddjmln,,,,,,,825AD5D33B2A5C41BC647047D6B63AC41C4C5021,2020-09-23 14:42:39.942000,
wautqlnpccyqmlhx,failed,not_found,272,724E86E7F5DA715529DC0ECAA013AE4BDC680E4C,288C100FFA656938C23F32207CAF0DA932ECD247,8101421BEFCCF4C271D5483C5AABCAAD245BBB9D,28F4F392F8F19E3FBDE09616D9DB8143A1E2DDD3,2020-09-23 14:42:17.296000,2020-09-23 14:42:22.494000
wautqlnpccyqmlhx,failed,not_found,451,724E86E7F5DA715529DC0ECAA013AE4BDC680E4C,450AB46ADFD541B3905A5C6140BC53EB8C68C9A5,D52A160303C638D9FB03463F8A6B7934D5787F4C,30C19B81981F450C402306E2E7CFB6C3F79CB6B2,2020-09-23 14:42:22.494000,2020-09-23 14:42:28.992000
wautqlnpccyqmlhx,failed,not_found,915,724E86E7F5DA715529DC0ECAA013AE4BDC680E4C,C1B79C4CD9B713BBB6B0522155B46A7BFE3BFAAE,C35C9FA3FC501BDC22A83FC05102733951E386D0,28C52CDBB78DA46124DA62EC1D6796689E719210,2020-09-23 14:42:28.992000,2020-09-23 14:42:39.188000
wautqlnpccyqmlhx,,,,,,,30B6CF0FCBA0505FD7105907999C751D799AE4D2,2020-09-23 14:42:39.189000,
zxfmtugk27o6ctsi,failed,not_found,217,724E86E7F5DA715529DC0ECAA013AE4BDC680E4C,5DE37A3371AAE7638748EB43C9F1CE66E09D4470,5F58E9417DF94A66529864FA1134635614958A44,BF735F669481EE1CCC348F0731551C933D1E2278,2020-09-23 14:42:17.297000,2020-09-23 14:42:21.516000
zxfmtugk27o6ctsi,failed,not_found,396,724E86E7F5DA715529DC0ECAA013AE4BDC680E4C,63B32F7E5389E8DBC5E1BCEFE48312DA7CCEF5D6,96DCD1D17C1F0FA4DED207C148E54C0A55553076,0694244F5E80089976608450E4154F8444C06948,2020-09-23 14:42:21.516000,2020-09-23 14:42:27.902000
zxfmtugk27o6ctsi,failed,not_found,864,724E86E7F5DA715529DC0ECAA013AE4BDC680E4C,963879BB424D9A637A63105D5C26A2453C2C2272,F5DB8E33F8D351B600932251EFE67357485405F2,0677DF0B05ECDA2EF45F26C3332731043BB89AB8,2020-09-23 14:42:27.903000,2020-09-23 14:42:40.720000
zxfmtugk27o6ctsi,,,,,,,BF5C0C5D3A1C6654FEBA5FF66B00734DF073DB50,2020-09-23 14:42:40.720000,
3to3slgpz7tosp27,failed,not_found,495,724E86E7F5DA715529DC0ECAA013AE4BDC680E4C,4FDDFAD51B24DDABB62FB59071F4DC421E76C685,D11217B44873FD7C879E541844B4C20B9A7E5CFB,24D95498C0E3912DDF57AE8B3AF8AF9E25486315,2020-09-23 14:42:18.299000,2020-09-23 14:42:29.836000
3to3slgpz7tosp27,failed,not_found,964,724E86E7F5DA715529DC0ECAA013AE4BDC680E4C,3BB035514F8246AC367B5370F4FE120BB11D8C6D,18EA6AFA3609A0B24752FBF411A2DAADE27DE129,83AEDBDB4BE3AD0ED91850BF1A521B843077759E,2020-09-23 14:42:29.836000,2020-09-23 14:42:40.755000
3to3slgpz7tosp27,,,,,,,24E544FE0746A937019FDA9433E728FE28040A4E,2020-09-23 14:42:40.755000,
gwnbghrcdshxifk4,failed,not_found,289,724E86E7F5DA715529DC0ECAA013AE4BDC680E4C,6D163F649ECBE9DC20F016236EF36D7E1559E98E,79D110419709C4B3D1F92FC3CE121B5317DBE8B3,B214C768C88BB08F017BE30CBB603939F3DDA661,2020-09-23 14:42:18.299000,2020-09-23 14:42:23.675000
gwnbghrcdshxifk4,failed,not_found,531,724E86E7F5DA715529DC0ECAA013AE4BDC680E4C,B1289B91C190A6803C1ADA6E381C0843CE039D70,9781B0EE81E95941073AFA37542B36ED71018D49,B20FA6C1B2B0F7548EC8434A46F3611700C057BD,2020-09-23 14:42:23.676000,2020-09-23 14:42:31.833000
gwnbghrcdshxifk4,failed,not_found,1064,724E86E7F5DA715529DC0ECAA013AE4BDC680E4C,74B8B22AF950B0BE11D8A228FB09D2F5279FB757,EE7CD2A763435C7006095BD167C790ABE5BC4DEA,B21211A1A2C68F2D9E57E3C7AEAF4F04AFC10E7F,2020-09-23 14:42:31.833000,2020-09-23 14:42:43.809000
gwnbghrcdshxifk4,,,,,,,49EE9F5CF520D07319E310C90EB18E071F274DAA,2020-09-23 14:42:43.809000,
lxjxt45sglpj2fnn,failed,not_found,292,724E86E7F5DA715529DC0ECAA013AE4BDC680E4C,32EE911D968BE3E016ECA572BB1ED0A9EE43FC2F,D54247E35545388D9C42E4716EDC59F67907789F,25350509AE9D23736871CFCC2CF80BF9C9AA5D36,2020-09-23 14:42:18.300000,2020-09-23 14:42:23.676000
lxjxt45sglpj2fnn,failed,not_found,457,724E86E7F5DA715529DC0ECAA013AE4BDC680E4C,3A94EFBF4A220B35A92D0A5B4A80D6324C3C306A,4CFE65E16DBE9D9ED0CFFBD9BEEEE4EAE50CD33F,2543BCADFCBA2B5ADE83FB93194B5E9D45810532,2020-09-23 14:42:23.676000,2020-09-23 14:42:29.123000
lxjxt45sglpj2fnn,failed,not_found,919,724E86E7F5DA715529DC0ECAA013AE4BDC680E4C,617EB1F3994E13EFE20D4D6A4273B724776D05D2,3EC215A86954AE2BBB4C1C7020DA5B97B229B217,271C445DEAA2E0DB1E740CDBC61D77BA9133155B,2020-09-23 14:42:29.123000,2020-09-23 14:42:40.572000
lxjxt45sglpj2fnn,,,,,,,254FF480BF5642929460532FF59BCE15DF1070EB,2020-09-23 14:42:40.573000,
wvyulxokkwihscr5,failed,not_found,295,724E86E7F5DA715529DC0ECAA013AE4BDC680E4C,CDAEBA458F6129776643751934076A51D851C348,06B308F54B4A779D74B30536964182A09C08AB8F,5B52301188A4D0A96190DAB170973FA39116495D,2020-09-23 14:42:18.300000,2020-09-23 14:42:24.298000
wvyulxokkwihscr5,failed,not_found,568,724E86E7F5DA715529DC0ECAA013AE4BDC680E4C,118496882F58E787DC24F5C219B93F22BA5820D8,09A70E396DE93F54D4541BBB0EC8E2B23761F34F,95B9052EECDB4B833F130ABD564E720643BA7952,2020-09-23 14:42:24.299000,2020-09-23 14:42:31.344000
wvyulxokkwihscr5,failed,not_found,1020,724E86E7F5DA715529DC0ECAA013AE4BDC680E4C,AD0FCFD83EA4899DB34735E599701592DEA13690,7ED3D8AFAC750F8CC0BDF8C87FE3BCBA2BBE2209,5B0DBAC2C854B8EB0E0DD39AD94B66F2FEDC4871,2020-09-23 14:42:31.345000,2020-09-23 14:42:43.053000
wvyulxokkwihscr5,,,,,,,95A30F58E3DE3BE75D5CBAF7426BBF5786F2C1E3,2020-09-23 14:42:43.053000,
xbc4sinwdqmt4ath,failed,not_found,324,724E86E7F5DA715529DC0ECAA013AE4BDC680E4C,A0C59410B9030AC1385C4CA44C8DBFE13AF4BC9B,211310CD09EC290505C1F24018AE5330076412A0,E41B16F7DDF52EBB1DB4268AB2FE340B37AD8904,2020-09-23 14:42:19.320000,2020-09-23 14:42:24.938000
xbc4sinwdqmt4ath,failed,not_found,642,724E86E7F5DA715529DC0ECAA013AE4BDC680E4C,277F5717A62B3A728C98B3168E484BC08B4997E3,1CD48F4ED0F1821FFBF1940802A13EEFD4C27502,C63D7C4FAE5424D6286411D33497A2191882EB0A,2020-09-23 14:42:24.939000,2020-09-23 14:42:32.498000
xbc4sinwdqmt4ath,failed,not_found,1120,724E86E7F5DA715529DC0ECAA013AE4BDC680E4C,BEBA52AC89045D6EAD68E977DF3F98BCF8330AAF,1F4105C688E835A56AF3D66C787677B57240FFA2,E4012D3B0DFB5CB743A21C2CA41231BBA29786BB,2020-09-23 14:42:32.498000,2020-09-23 14:42:46.339000
xbc4sinwdqmt4ath,,,,,,,C63110BDD8736D2C2A733FF962F58D58FDE63A2D,2020-09-23 14:42:46.339000,
eizltmwikzktt3lh,failed,not_found,290,724E86E7F5DA715529DC0ECAA013AE4BDC680E4C,3A51E32A303A0E0A3AB8AA1CCBE98FF8791E2341,963879BB424D9A637A63105D5C26A2453C2C2272,912709C7F560CC3E9FE9604B58D598B1BFAED8C7,2020-09-23 14:42:19.338000,2020-09-23 14:42:23.375000
eizltmwikzktt3lh,failed,not_found,518,724E86E7F5DA715529DC0ECAA013AE4BDC680E4C,7A3E534C033E3836BD5AF223B642853C502AB33A,5D765770B4DB110D88787457978AB4008CF65CAC,910842202572BBB890692971614758AD9F3FEBD7,2020-09-23 14:42:23.375000,2020-09-23 14:42:29.872000
eizltmwikzktt3lh,failed,not_found,972,724E86E7F5DA715529DC0ECAA013AE4BDC680E4C,945AA2F6C2EC644B533D048C79E035A6CF092C4F,425835370C1FBE178C21CB53C76672F12BDE091A,F0B8B0371FD44A5CA3B05411176AE7EBD5B025BC,2020-09-23 14:42:29.873000,2020-09-23 14:42:40.346000
eizltmwikzktt3lh,,,,,,,F0A3054C76604DC75D3F57F55C27F1BFB643F107,2020-09-23 14:42:40.347000,
okv5zxz6qiblpgtp,failed,not_found,327,724E86E7F5DA715529DC0ECAA013AE4BDC680E4C,3F065BB0B02FB2303E144383D16C47A7DED75AE7,954666871AF443730E97772E183DAD1F45583FB7,6E642BD08A5D687B2C55E35936E3272636A90362,2020-09-23 14:42:19.339000,2020-09-23 14:42:24.750000
okv5zxz6qiblpgtp,failed,not_found,564,724E86E7F5DA715529DC0ECAA013AE4BDC680E4C,D56A98D38FC3C75E0347EEF3DD9C12749AF7C7C5,A35944904C0C18955AFB76539CF5EBF805C0A31D,6E8E5CA9B6F567416ADA21E990E7746BC223B0C0,2020-09-23 14:42:24.750000,2020-09-23 14:42:31.061000
okv5zxz6qiblpgtp,failed,not_found,936,724E86E7F5DA715529DC0ECAA013AE4BDC680E4C,1A3AC11BF85CE386E19863F5CDF7769BA30E4A06,901C2689FDABE7165AB7AC4E8231F12A2674916E,5E16EF9247D192830EF696B554B5C633188FFE27,2020-09-23 14:42:31.062000,2020-09-23 14:42:40.836000
okv5zxz6qiblpgtp,,,,,,,6E66D978514FF86CDEF01FE30C23A1002925AA02,2020-09-23 14:42:40.836000,
t33mjayesv5phmed,failed,not_found,329,724E86E7F5DA715529DC0ECAA013AE4BDC680E4C,A4CC39184AD287D72C2247738835811C7A7ECB8E,3F065BB0B02FB2303E144383D16C47A7DED75AE7,3C5491293747761AFE9AF014FDA4B92960304D21,2020-09-23 14:42:19.349000,2020-09-23 14:42:25.406000
t33mjayesv5phmed,failed,not_found,765,724E86E7F5DA715529DC0ECAA013AE4BDC680E4C,103336165A0D2EFCAD3605339843A0A7710B8B92,C7FF606D59C7F6BECA8A341D3CF11B423F382D5D,3C5915348D731505C48112F4F03235FDE7B8C837,2020-09-23 14:42:25.407000,2020-09-23 14:42:34.611000
t33mjayesv5phmed,failed,not_found,1196,724E86E7F5DA715529DC0ECAA013AE4BDC680E4C,D87698D8E2276C7E93D531B7C2A1B27D58C71876,EDFD5FFE9D97ADC0BAFE30A3BD8454F36FFDEF69,3C79699D4FBC37DE1A212D5033B56DAE079AC0EF,2020-09-23 14:42:34.612000,2020-09-23 14:42:47.963000
t33mjayesv5phmed,,,,,,,BA0BA7A976F153DBB050266CD3D21F499FCB975D,2020-09-23 14:42:47.963000,
pfgtrty62tn3qbe6,failed,not_found,349,724E86E7F5DA715529DC0ECAA013AE4BDC680E4C,5FB384605F53DCBF1CB02143D318DA3E8EE38A24,928C991C655BF10189FF084C79A41772AE6155C6,8E33A4B1985004E5FBA5F8BF61AE3A23A2BF78E8,2020-09-23 14:42:20.264000,2020-09-23 14:42:26.348000
pfgtrty62tn3qbe6,failed,not_found,1162,724E86E7F5DA715529DC0ECAA013AE4BDC680E4C,929BB84A68198CE35E2F2828812840AF5C2CBC4A,C78D4AB34C920D156160C811C39B1BB92A6BED7D,EF6604B95A942F1C7AD807DF10F93B9E00C47A6B,2020-09-23 14:42:26.348000,2020-09-23 14:42:47.122000
pfgtrty62tn3qbe6,,,,,,,8DF22EEAAE24835783E0581FB2C7CFFE80A5C070,2020-09-23 14:42:47.123000,
6r7kssmpfkolpxe4,failed,not_found,353,724E86E7F5DA715529DC0ECAA013AE4BDC680E4C,5D995EC983ED3DF9DAABD32B9BF1540AFF42A457,461453F94FA0E3CBB011685E22CDAFD2AF0DFDC3,1B9FACF25E17D26E307EA7CFA7D455B144B032E5,2020-09-23 14:42:20.302000,2020-09-23 14:42:26.053000
6r7kssmpfkolpxe4,failed,not_found,725,724E86E7F5DA715529DC0ECAA013AE4BDC680E4C,4B483F57D9660EBF33FA3CCA670FFD1BBB0F315A,A4F11D693FAB6E949B2B7C18153C3F7989896007,B9877C7A9EAD7439C186B6B4C2885612BA379874,2020-09-23 14:42:26.053000,2020-09-23 14:42:34.253000
6r7kssmpfkolpxe4,failed,not_found,1156,724E86E7F5DA715529DC0ECAA013AE4BDC680E4C,F5F4019509109A07E90C45A022CEED9ECA1643C8,9B24B2149631167704362E07356A9E9BFC1F0F05,1B9235656503E80E913E9C9A139AD89D36E2DFFD,2020-09-23 14:42:34.253000,2020-09-23 14:42:46.943000
6r7kssmpfkolpxe4,,,,,,,1B91B86B67317A63636FE38ABE6C4E701A2B1A99,2020-09-23 14:42:46.944000,
meamy5crjnmplxfa,failed,not_found,299,724E86E7F5DA715529DC0ECAA013AE4BDC680E4C,208F39CCF602D9549E57D6A386259C1129B8D244,8CDF2F3A8ABD834CF9F3E8FC202DF64625BFB443,EBB799FADD615E93CA97BE5583E5EB97DD21E10F,2020-09-23 14:42:20.315000,2020-09-23 14:42:27.838000
meamy5crjnmplxfa,failed,not_found,1353,724E86E7F5DA715529DC0ECAA013AE4BDC680E4C,FB016E16B8CD7A0E53DEEF31ED8754E4F6B8E837,F9A3542D5863CD665B7FF758E73DAD40832D0064,41E041EC676622FFEE59F56BC75B99CD0D47F653,2020-09-23 14:42:27.838000,2020-09-23 14:42:54.989000
meamy5crjnmplxfa,,,,,,,EBC5539131FEEA004C41986C0BD03B5C85BBEBD5,2020-09-23 14:42:54.989000,
ypelybnzf5fjqmw7,failed,not_found,357,724E86E7F5DA715529DC0ECAA013AE4BDC680E4C,6C9F1A9CA87546159E5D4C33C78128C26DF3CECD,2CE96A8A1DA032664C90F574AFFBECE18A6E8DFC,B34CC9056250847D1980F08285B01CF0B718C0B6,2020-09-23 14:42:20.316000,2020-09-23 14:42:26.426000
ypelybnzf5fjqmw7,failed,not_found,799,724E86E7F5DA715529DC0ECAA013AE4BDC680E4C,57FC927F1CDADEC93380E247EE949A3787A0DB7E,3CEA56B817455E13C4B063E7D3E7726C286F7C9B,E623A5E043ED2B74CC280BD004514FDD0854DC8C,2020-09-23 14:42:26.426000,2020-09-23 14:42:37.090000
ypelybnzf5fjqmw7,,,,,,,B34E09B1C68F46483A1A90551ACC78D87C80C08A,2020-09-23 14:42:37.090000,
e6mij5eavym5ivfm,failed,not_found,344,724E86E7F5DA715529DC0ECAA013AE4BDC680E4C,D1B1A550FEE3A05E71CA9080D14CCA3B746C0C17,2AA5F598F9A1812F01CD99E3B59BB87362ED7438,29BBD80A1702C7FDEF6557C492F44E9EBAB2854A,2020-09-23 14:42:21.272000,2020-09-23 14:42:25.915000
e6mij5eavym5ivfm,failed,not_found,711,724E86E7F5DA715529DC0ECAA013AE4BDC680E4C,6D163F649ECBE9DC20F016236EF36D7E1559E98E,41A3C16269C7B63DB6EB741DBDDB4E1F586B1592,1FDF4D0660A7497222C3BA24FEEA316244093CD7,2020-09-23 14:42:25.915000,2020-09-23 14:42:34.556000
e6mij5eavym5ivfm,failed,not_found,1358,724E86E7F5DA715529DC0ECAA013AE4BDC680E4C,104DC15ACFA69CF94F89E8ED0F6CDB2D298234D2,B33B994C8B9902B6F73957B2E61F71C932130C5D,29B1FF46029E21D60C9C544E22E8453CC461EF7D,2020-09-23 14:42:34.556000,2020-09-23 14:42:54.616000
e6mij5eavym5ivfm,,,,,,,29DDD25C8383FDA559D4E0E88F820AB88C26212A,2020-09-23 14:42:54.617000,
weepwvkwikb4wvxe,failed,not_found,386,724E86E7F5DA715529DC0ECAA013AE4BDC680E4C,6B7ABD237CF25E5F787F365AF5FC4C86F0213A9F,62274AC17DCCF4030A6AD8CEBED0C36E7B8592D8,B43409C6A047E50FC7B7A23321102957BAFC3D6B,2020-09-23 14:42:21.287000,2020-09-23 14:42:27.808000
weepwvkwikb4wvxe,failed,not_found,1295,724E86E7F5DA715529DC0ECAA013AE4BDC680E4C,6BE5AA34A5C391724677A3FDC2AA77B3768F6E26,DC26790B303AFF12256AF7D016BAA70C8A883450,B428E8A48C62E35536E5F30BA348A05ACE5FDF14,2020-09-23 14:42:27.809000,2020-09-23 14:42:37.607000
weepwvkwikb4wvxe,,,,,,,B42C797CC8CD63C60FB643E820A11D113DF4F5C8,2020-09-23 14:42:37.607000,
vdwsngmvcg4fnbpy,failed,not_found,388,724E86E7F5DA715529DC0ECAA013AE4BDC680E4C,211310CD09EC290505C1F24018AE5330076412A0,BFA905EA10DFD54A38A0C119FAE00182DE4C173B,D4C16732E765EB52EB0B749DB35DC14C8E0DF996,2020-09-23 14:42:21.324000,2020-09-23 14:42:27.262000
vdwsngmvcg4fnbpy,failed,not_found,816,724E86E7F5DA715529DC0ECAA013AE4BDC680E4C,22A6BE98D201B101C32661739967BF4DED12EF96,DE4EB74B8105751568A75649F6672A31F2A3DE20,D4C5BAEA92CADCC02D64E0DD9F1A49024C57F05C,2020-09-23 14:42:27.263000,2020-09-23 14:42:37.789000
vdwsngmvcg4fnbpy,,,,,,,D4D107680B0897DFFEE500E625A98AAA8060C7F1,2020-09-23 14:42:37.789000,
n3gsjy6xecu7lady,failed,not_found,762,724E86E7F5DA715529DC0ECAA013AE4BDC680E4C,1D81272219B679D511930499AD8286BCD8F6C445,A09D20D85D0AA29C47C90ABEAFDB6B7A4BF7FD07,7F0CF3D96C1C910020149EEA5A10294117DC67AA,2020-09-23 14:42:21.326000,2020-09-23 14:42:34.965000
n3gsjy6xecu7lady,failed,not_found,1371,724E86E7F5DA715529DC0ECAA013AE4BDC680E4C,94318CC2299A3826D81899EB23C25A2B7D6B1FFE,FF8F56B5E1A36341F84FF72927CEB3F0AC6BC6A9,7F04E089C6BED83E04FB2AE196BDE34B808094F5,2020-09-23 14:42:34.966000,2020-09-23 14:42:54.143000
n3gsjy6xecu7lady,,,,,,,0EAD0000E01B073AE88B1B4A0E63A6B9407BA255,2020-09-23 14:42:54.143000,
fgga677k3emw6rd4,failed,not_found,416,724E86E7F5DA715529DC0ECAA013AE4BDC680E4C,2AA5F598F9A1812F01CD99E3B59BB87362ED7438,06E93D74423FE856DE1EE6478F93BF2860BA6D2D,796338999A7E34CA4C0F2C6092618C82C0D335D9,2020-09-23 14:42:22.277000,2020-09-23 14:42:28.599000
fgga677k3emw6rd4,failed,not_found,856,724E86E7F5DA715529DC0ECAA013AE4BDC680E4C,CB92FA4D7D71F134CE1F1FFF2BFF53E88DD4A1DB,D87698D8E2276C7E93D531B7C2A1B27D58C71876,5E1207FC5BE02728D9D0B540384EB081B53987E6,2020-09-23 14:42:28.600000,2020-09-23 14:42:37.826000
fgga677k3emw6rd4,,,,,,,7961C9991F022C8A363FD440CA395D47DB5D44D5,2020-09-23 14:42:37.826000,
2e56oii7shdnnwe6,failed,not_found,420,724E86E7F5DA715529DC0ECAA013AE4BDC680E4C,706A7674A217BA905FE677E82236B7B968A23DB7,55A92BE2A76C64A5A0DB0D4F61D5DCA37B55EE52,39BC283D9734073A13BE346ACD4091C0FA505CA4,2020-09-23 14:42:22.277000,2020-09-23 14:42:28.217000
2e56oii7shdnnwe6,failed,not_found,872,724E86E7F5DA715529DC0ECAA013AE4BDC680E4C,7ACF89AB8C6F17598A07F73695C9ED51093584C6,74AC10CA94E400BA4D69E397562597CA04FC5352,39AB354F12B497FCD443B85BEAB5BAF4B391CFAC,2020-09-23 14:42:28.218000,2020-09-23 14:42:37.974000
2e56oii7shdnnwe6,,,,,,,0A0C01DD0044E70318D9E3DA5F125A09069C57C1,2020-09-23 14:42:37.974000,
hko6rupwiueyo6to,failed,not_found,424,724E86E7F5DA715529DC0ECAA013AE4BDC680E4C,F1B1E1267A9301244120EF7D47CD4174FD94FD60,55804F9D37F7B27BD0426B3CB06C64B4D0F95546,58A7199712C0E52B3C5F2F8E8B27B5A62BE58BC8,2020-09-23 14:42:22.290000,2020-09-23 14:42:28.388000
hko6rupwiueyo6to,failed,not_found,896,724E86E7F5DA715529DC0ECAA013AE4BDC680E4C,23A2D8DDF761F35CC63BDF65E604B76A7E2F6971,E81993EA52B73285CFFD02FEC003569D21483001,88D5F0BD87F9BC1A96FCBFDCEDB1C0E6BAB1D14E,2020-09-23 14:42:28.388000,2020-09-23 14:42:38.052000
hko6rupwiueyo6to,,,,,,,88CF8D42D49B7C8E9D03ABE5DAE7AF25E9902008,2020-09-23 14:42:38.052000,
7jlhrot6chmrx5gk,failed,not_found,428,724E86E7F5DA715529DC0ECAA013AE4BDC680E4C,1E1A7C9134637383BE653C41973995A229D81595,BD3FBEC1D67C48A2583DB378B92A59C5E9AB4DA2,C9FAA93525ACE580BDB03ABC662ED2045262BD89,2020-09-23 14:42:22.291000,2020-09-23 14:42:28.216000
7jlhrot6chmrx5gk,failed,not_found,868,724E86E7F5DA715529DC0ECAA013AE4BDC680E4C,855BC2DABE24C861CD887DB9B2E950424B49FC34,327F5823438B8EC86EC33355C147D8455AB1C14B,57CB4D6FB898E8B7CA9A01018AB6BCB727BF20A9,2020-09-23 14:42:28.216000,2020-09-23 14:42:37.791000
7jlhrot6chmrx5gk,,,,,,,57C6DF5B93E54EB9C8DB90029D9E9A1111BD34D2,2020-09-23 14:42:37.791000,
zyl77w4aneamckgy,failed,not_found,484,724E86E7F5DA715529DC0ECAA013AE4BDC680E4C,ACA0B8702A6A0B890217A3D26B7220EB6E1CFFD1,35DBE43445BB44D817084200BA05E8A0573EDFD4,221E976B546E60048A01950250399B8534D4E4B7,2020-09-23 14:42:23.274000,2020-09-23 14:42:29.630000
zyl77w4aneamckgy,failed,not_found,1165,724E86E7F5DA715529DC0ECAA013AE4BDC680E4C,16FD7E5D67B7054EE4E7FDDF04AFB48216CA640A,7A2A6F39F485C4FC95FB885FFF37C436FD2BB7E5,221546DAE86B003139B13BD6F6AE1B4B42B59DF8,2020-09-23 14:42:29.630000,2020-09-23 14:42:46.507000
zyl77w4aneamckgy,,,,,,,221F035A330AC4231A2E3D901F1CB11483C19F66,2020-09-23 14:42:46.508000,
7bs37o25ul4rfbev,failed,not_found,499,724E86E7F5DA715529DC0ECAA013AE4BDC680E4C,ACBBB426CE1D0641A590BF1FC1CF05416FC0FF6F,79E3B585803DE805CCBC00C1EF36B1E74372861D,A7143CD3C548EB63D98647D592A7AE3EA02B142B,2020-09-23 14:42:23.302000,2020-09-23 14:42:29.821000
7bs37o25ul4rfbev,failed,not_found,960,724E86E7F5DA715529DC0ECAA013AE4BDC680E4C,1CE9AB21F6A077CFD5588DC0868AC56AED5EA504,EE7CD2A763435C7006095BD167C790ABE5BC4DEA,A9A4213EA3D707857368C683F2208C83B8755D8A,2020-09-23 14:42:29.821000,2020-09-23 14:42:41.192000
7bs37o25ul4rfbev,,,,,,,A99B0D9E5FD5BC3C8F2D006EC91F8C7F40E09CB8,2020-09-23 14:42:41.193000,
xdc57cal7ibta3od,failed,not_found,583,724E86E7F5DA715529DC0ECAA013AE4BDC680E4C,2AA5F598F9A1812F01CD99E3B59BB87362ED7438,4B483F57D9660EBF33FA3CCA670FFD1BBB0F315A,0B19BBFDC498CCEA23027B1D7BD8E20121B95E60,2020-09-23 14:42:23.316000,2020-09-23 14:42:31.585000
xdc57cal7ibta3od,failed,not_found,1031,724E86E7F5DA715529DC0ECAA013AE4BDC680E4C,54DE63F4587058B79152A75A0238D7F7A0279215,1F78D47D20BA3ACF9DCE50F4533A5CEA232CF398,0AF90285D6B3ECC52ABFA3CB31404DF6FAF93134,2020-09-23 14:42:31.586000,2020-09-23 14:42:42.749000
xdc57cal7ibta3od,,,,,,,7E460670C18752F8F69A9FC4550E9BFBB90BB81E,2020-09-23 14:42:42.749000,
o5dd4uc3dnxf27e3,failed,not_found,507,724E86E7F5DA715529DC0ECAA013AE4BDC680E4C,876C7CE43774366250D3E768E690DAB9D4B5D5A3,213F2B4AB09EE6FF8CA21B804B2E1BD8835088D3,889C9C1821CAB437ABAA9286E07D3141179F043A,2020-09-23 14:42:23.317000,2020-09-23 14:42:29.999000
o5dd4uc3dnxf27e3,failed,not_found,900,724E86E7F5DA715529DC0ECAA013AE4BDC680E4C,C5A1D5B7CB0D12A7B7334F2915134E6DA8F5C46D,BE9B12FAAB7429842D643E2308390ECD8961E0A1,88AE3BC088396F1D3FCC4F2F588C0DC837599D20,2020-09-23 14:42:30,2020-09-23 14:42:38.524000
o5dd4uc3dnxf27e3,,,,,,,D5D8C31E1F845B46564B112233EECFB539060915,2020-09-23 14:42:38.524000,
atgwg352wn2qtbrn,failed,not_found,771,724E86E7F5DA715529DC0ECAA013AE4BDC680E4C,FC30F566E7B50D9C6ED6BB86DA4BF4B07AD52DE5,12CF6DB4DAE106206D6C6B09988E865C0509843B,5D765770B4DB110D88787457978AB4008CF65CAC,2020-09-23 14:42:24.318000,2020-09-23 14:42:35.103000
atgwg352wn2qtbrn,failed,not_found,1365,724E86E7F5DA715529DC0ECAA013AE4BDC680E4C,9ACD9D526D1F82D7A00225742F1BDB374D7D17D4,DA8D76F5F5819693B5C96F499BA19F7404014769,5D78D7D2A16F6B4D3166FD9D1FD4A715B14A56DF,2020-09-23 14:42:35.104000,2020-09-23 14:42:54.341000
atgwg352wn2qtbrn,,,,,,,5D83B34F5D5D6D29BBBDC4C165C871800A323A7B,2020-09-23 14:42:54.341000,
sxf6tul4yzwfnpgg,failed,not_found,775,724E86E7F5DA715529DC0ECAA013AE4BDC680E4C,5856DB884578915E7C7A0B7B11E4145B1D2A4E2B,44DC23661E05DEFD94398936D9334987ABCB6E5E,16F7E9E93D6CC469392AD0BA020A3F359DF98345,2020-09-23 14:42:24.348000,2020-09-23 14:42:35.386000
sxf6tul4yzwfnpgg,failed,not_found,1285,724E86E7F5DA715529DC0ECAA013AE4BDC680E4C,CCBB2D86A63075F4A2B799A36EF0338F488B0F14,5B1F0DAF378A1FAFCFD5FA9CDC66D1023DC0276E,241F67E50CA7D5E522F94E28B5AB5ABE4F166616,2020-09-23 14:42:35.387000,2020-09-23 14:42:52.283000
sxf6tul4yzwfnpgg,,,,,,,16BB0A28C79E7700E73C068C68F3366EB552424D,2020-09-23 14:42:52.284000,
xoj55uaapskiq4it,failed,not_found,592,724E86E7F5DA715529DC0ECAA013AE4BDC680E4C,43FF3346A3F8E4ED27F631DC956C4CD8D6173D7A,81E18725397D620DA548ABBE24D9CD263DEF2FDC,749EF4A434DFD00DAB31E93DE86233FB916D31E3,2020-09-23 14:42:24.349000,2020-09-23 14:42:31.775000
xoj55uaapskiq4it,failed,not_found,1052,724E86E7F5DA715529DC0ECAA013AE4BDC680E4C,2AE2CA4BD2B7754F29432C25E03314D52AC4CAF1,EE4AF632058F0734C1426B1AD689F47445CA2056,74A55E12F6A9FD17165A356C00407F4D206E8368,2020-09-23 14:42:31.776000,2020-09-23 14:42:43.346000
xoj55uaapskiq4it,,,,,,,74A19D86DDF63F1133B414B81F36E1F44640811F,2020-09-23 14:42:43.347000,
rcvgubm7rl4ancm4,failed,not_found,596,724E86E7F5DA715529DC0ECAA013AE4BDC680E4C,856DAB2FDC9EED88A27BE2265FA6BD5489EF178E,8841E775C3DE70E4414F0678DBD532C1F80FF62C,9492AA2A2AF773EE3C95C6ECC2526D822EBF4E37,2020-09-23 14:42:24.362000,2020-09-23 14:42:32.153000
rcvgubm7rl4ancm4,failed,not_found,1171,724E86E7F5DA715529DC0ECAA013AE4BDC680E4C,BD6FFF1AD5A88A8D43870D43EC4450081B4B2BBA,E05EAB588285C01E8807F00A07CDBBC4662A58D9,949545960655C17A26F6525F67C554233CFE163F,2020-09-23 14:42:32.154000,2020-09-23 14:42:48.098000
rcvgubm7rl4ancm4,,,,,,,9492CC046A0BB01638C2332073AA0600B3F31252,2020-09-23 14:42:48.098000,
cbkhyqrbzd7evain,failed,not_found,785,724E86E7F5DA715529DC0ECAA013AE4BDC680E4C,F08A525ACA965CF6A55F0587BF4B7373D98B954E,131FBC8A3D4B44DE9B258ADC58674082B1E06D2C,4060BE838E47FDFFFEB045CAF6630AC663AE2AD2,2020-09-23 14:42:25.422000,2020-09-23 14:42:35.328000
cbkhyqrbzd7evain,failed,not_found,1270,724E86E7F5DA715529DC0ECAA013AE4BDC680E4C,1CD48F4ED0F1821FFBF1940802A13EEFD4C27502,03E0F4EE272731601773F48E64240D3A8896A5E3,405F35A10556611FB81CA3E5C01BF1A54F11BD4C,2020-09-23 14:42:35.328000,2020-09-23 14:42:51.362000
cbkhyqrbzd7evain,,,,,,,4061C553CA88021B8302F0814365070AAE617270,2020-09-23 14:42:51.363000,
iae26kewp7rsgq36,failed,not_found,791,724E86E7F5DA715529DC0ECAA013AE4BDC680E4C,87754D0D79DF70F74FF1D45219AE9B6F0E40D53A,A65E1523F313405BB60E4AA136A69EFA504C4F60,6AE6C0AF05A3F2688CD6241FAAF5F2027E8032B0,2020-09-23 14:42:25.423000,2020-09-23 14:42:35.974000
iae26kewp7rsgq36,failed,not_found,1321,724E86E7F5DA715529DC0ECAA013AE4BDC680E4C,6D163F649ECBE9DC20F016236EF36D7E1559E98E,98F788200CC64060695B07555F09A8FE47679AC8,5EEE4C799C55FC8BBDB8EB5E65A48C60C8F15640,2020-09-23 14:42:35.975000,2020-09-23 14:42:53.329000
iae26kewp7rsgq36,,,,,,,6B0962E99C62CFDFCAD6D91384B11D499FCE6D46,2020-09-23 14:42:53.329000,
cw2zpi4554ceprhm,failed,not_found,614,724E86E7F5DA715529DC0ECAA013AE4BDC680E4C,431702B3A68A6015F9955DD4FD0129175B43EA0F,CEC92F3BE8A2F3A46D3C042721D6BDBF2F40F4C5,0A58B05D403A2663EB56124F8C7AAB0CABFAA115,2020-09-23 14:42:25.454000,2020-09-23 14:42:32.258000
cw2zpi4554ceprhm,failed,not_found,1012,724E86E7F5DA715529DC0ECAA013AE4BDC680E4C,74F44514E060866912DFFE1554D0D135C9DC5148,B1E43B11A955CBA31F5261A22CBFCE204C95D5DE,3A209C005F58AF0BCDDEDC4423CFFD3AB3B826F5,2020-09-23 14:42:32.258000,2020-09-23 14:42:42.668000
cw2zpi4554ceprhm,,,,,,,0A2CE9D88D3BA28410EE3B24BD4DC16598753462,2020-09-23 14:42:42.668000,
ozoeql7bgivxm6tj,failed,not_found,695,724E86E7F5DA715529DC0ECAA013AE4BDC680E4C,E77B260DADB37C6E0AED1287843512B114705AD2,E11FC7C83F417808A4CDD84A5ABFC112844C477A,5262556D44A7F2434990FDE1AE7973C67DF49E58,2020-09-23 14:42:25.454000,2020-09-23 14:42:34.480000
ozoeql7bgivxm6tj,failed,not_found,1195,724E86E7F5DA715529DC0ECAA013AE4BDC680E4C,24F97F98C45E4754655BE66799049763DAEE99CE,ABC426893B642BDA2F78D7CAE99B251126F89F74,740E4C4842E4C190DFEC278EC1FD754FD261A864,2020-09-23 14:42:34.480000,2020-09-23 14:42:47.602000
ozoeql7bgivxm6tj,,,,,,,525EE34C1A7B89AB9DF585246DE30E32702913F5,2020-09-23 14:42:47.602000,
5cycavcb67a3fgso,failed,not_found,737,724E86E7F5DA715529DC0ECAA013AE4BDC680E4C,B33B994C8B9902B6F73957B2E61F71C932130C5D,2CF2DFBA221B77E96E9FE69725AE82F4E101BE4A,63C6AB74A5C288C2159DDC783BB00F88AB44427C,2020-09-23 14:42:26.346000,2020-09-23 14:42:34.478000
5cycavcb67a3fgso,failed,not_found,1179,724E86E7F5DA715529DC0ECAA013AE4BDC680E4C,BE394E28DCE7CAE18FA9F18321771E2102F9F5D1,F0A3054C76604DC75D3F57F55C27F1BFB643F107,63B32F7E5389E8DBC5E1BCEFE48312DA7CCEF5D6,2020-09-23 14:42:34.478000,2020-09-23 14:42:48.210000
5cycavcb67a3fgso,,,,,,,63A0D1B0E499ACC5510697384DBCAC16A18B0B5E,2020-09-23 14:42:48.210000,
6356j7esyafrewwm,failed,not_found,1163,724E86E7F5DA715529DC0ECAA013AE4BDC680E4C,17ABA734572DBB1050CF3800F0DD145BAE7ED9A7,A4F11D693FAB6E949B2B7C18153C3F7989896007,615ABEA2DE76EB3760BC51E7306BAA59F15CD8F2,2020-09-23 14:42:26.387000,2020-09-23 14:42:47.523000
6356j7esyafrewwm,,,,,,,75A931404453030821C547A4FAA9094A06C48C7A,2020-09-23 14:42:47.523000,
fnhvwoy7y7jnvhdb,failed,not_found,766,724E86E7F5DA715529DC0ECAA013AE4BDC680E4C,72C2EB697C3CD4CE7408359B386DEE6B2888F714,23A2D8DDF761F35CC63BDF65E604B76A7E2F6971,771E0824EF82D85E04D80116554111E37F7EB796,2020-09-23 14:42:26.387000,2020-09-23 14:42:34.884000
fnhvwoy7y7jnvhdb,failed,not_found,1347,724E86E7F5DA715529DC0ECAA013AE4BDC680E4C,26B09A4C9F6A9D4815DB46EBA3626A0ED8D71E8F,92A125B9AB491AFC084E4257B552D0FB56090CB3,85C8D89DC303DD8F0D566677FCA8BA6A58A2ACAD,2020-09-23 14:42:34.884000,2020-09-23 14:42:54.285000
fnhvwoy7y7jnvhdb,,,,,,,7723D99F8DC709AFC1171D5BF8DAD04ADA20F98F,2020-09-23 14:42:54.285000,
eh42xodh6vlnzyd3,failed,not_found,767,724E86E7F5DA715529DC0ECAA013AE4BDC680E4C,64E257D94E739278D5954CC820C9D7EAC4E7A7B7,E5CC91BAFE7CCD68003E873D32E38027638D49D7,E54B0FA7D957593344B0C316C83ABC1CD2EE87EA,2020-09-23 14:42:26.387000,2020-09-23 14:42:34.924000
eh42xodh6vlnzyd3,failed,not_found,1360,724E86E7F5DA715529DC0ECAA013AE4BDC680E4C,0C3D5E19E3C75B505C8ACD26F89DCA2DF970553E,C680718A6F51A8F7C5D4E68269ED5B2C07FE531B,E56F07759E704C4F53334E161066F12FAF7F7C97,2020-09-23 14:42:34.924000,2020-09-23 14:42:54.811000
eh42xodh6vlnzyd3,,,,,,,E5507444DAC04539B8DC624299616141B0DB64D5,2020-09-23 14:42:54.812000,
ffw74xzn5rgpfkgp,failed,not_found,824,724E86E7F5DA715529DC0ECAA013AE4BDC680E4C,6FB20BB05A841CDDB308E85A4D117FCFC911F5EA,855BC2DABE24C861CD887DB9B2E950424B49FC34,D9D6C35E932FEF7100A00C99C199356E82DAB7E6,2020-09-23 14:42:27.336000,2020-09-23 14:42:36.985000
ffw74xzn5rgpfkgp,failed,not_found,1354,724E86E7F5DA715529DC0ECAA013AE4BDC680E4C,8701E70AC4C0C9E1FE47EA853FC997D29BE5D65C,7CD234DFEFE8F215EC9AE2BC1D2CAFC9E0D1CC00,05DC5DBEFB651BC02946DB3286F85DB1B5D2C3D6,2020-09-23 14:42:36.985000,2020-09-23 14:42:54.874000
ffw74xzn5rgpfkgp,,,,,,,D9B91878B46BB80E6D752E876BF9D481EFEAC5BF,2020-09-23 14:42:54.875000,
7kw7vssfszhjpgqn,failed,not_found,828,724E86E7F5DA715529DC0ECAA013AE4BDC680E4C,EE7CD2A763435C7006095BD167C790ABE5BC4DEA,230A8B2A8BA861210D9B4BA97745AEC217A94207,B63410CD48185ED34E9C6AE62D048D8A6854A5CA,2020-09-23 14:42:27.425000,2020-09-23 14:42:40.349000
7kw7vssfszhjpgqn,,,,,,,B6495EB04241A8D95996F7C8ACAF790B62E8111B,2020-09-23 14:42:40.349000,
j4ywocd43w4kvu6q,failed,not_found,776,724E86E7F5DA715529DC0ECAA013AE4BDC680E4C,B76A047C20D3E4F9B5A64428298DA55A90D62472,2F26D43258285FEB39E4320888DFAFA8A0D20E11,FDFD675D05216549EB7DA545E32ECFCEEAE805F2,2020-09-23 14:42:27.426000,2020-09-23 14:42:35.266000
j4ywocd43w4kvu6q,,,,,,,FE1AF5E909002134BFF834F4AD5E1DE723779002,2020-09-23 14:42:35.266000,
ondzdqr5q3dfxq57,failed,not_found,835,724E86E7F5DA715529DC0ECAA013AE4BDC680E4C,F6D600CF13B3BBE2A91A0653F1EC9D00E7CB3A6B,AA7630738F82C4DF26BB8EFF131564DACDEAC64C,36FA7085B8CF7293DEFA82A8C0281E0EE43F3B5E,2020-09-23 14:42:27.426000,2020-09-23 14:42:37.380000
ondzdqr5q3dfxq57,,,,,,,AB0CC19517476E610B86FF796B703643BFE21E89,2020-09-23 14:42:37.381000,
tb2vz4ugxor4znje,failed,not_found,880,724E86E7F5DA715529DC0ECAA013AE4BDC680E4C,5047962E97AFDC89C9B9EE98322F3E4CB7BEB639,562434D987CF49D45649B76ADCA993BEA8F78471,9971F51A3274758B5C59E1D6580ED2C13E13CBEC,2020-09-23 14:42:28.338000,2020-09-23 14:42:37.961000
tb2vz4ugxor4znje,,,,,,,9938E3AAC64CE9D56B743ECD8B2CA235AFB9DF74,2020-09-23 14:42:37.961000,
zyhrougiq7vnsf6j,failed,not_found,884,724E86E7F5DA715529DC0ECAA013AE4BDC680E4C,AF1FC704A5243CC0F08A335343D18A7D9FD871DE,96275921105DC2D41B79AD75804A301738B51E47,42B40A38F79F049129FA2F95532C5A64361A0D21,2020-09-23 14:42:28.339000,2020-09-23 14:42:37.882000
zyhrougiq7vnsf6j,,,,,,,42D47C736518BFA495CA31AEE40AE468F0BDA2A6,2020-09-23 14:42:37.882000,
putxhbkomfmtgbxl,failed,not_found,888,724E86E7F5DA715529DC0ECAA013AE4BDC680E4C,8FD3BAF5E14EBE1124D6253D59882AFE1C2B9B8E,CDAF0B74C45FD5B1955198A8D92C8A518A53D07B,939126EA4D25CB212A79746C133194F8A24C435B,2020-09-23 14:42:28.339000,2020-09-23 14:42:37.825000
putxhbkomfmtgbxl,,,,,,,931C16E83DE366852072912C77563112D1B2B1E6,2020-09-23 14:42:37.825000,
or24jt5l22f5d3dw,failed,not_found,892,724E86E7F5DA715529DC0ECAA013AE4BDC680E4C,9B2BC7EFD661072AFADC533BE8DCF1C19D8C2DCC,A2C6C931D8627C6605288970889DDB88C7BA2142,8D190826302B7785253D652DEB8C8355C6B247AD,2020-09-23 14:42:28.339000,2020-09-23 14:42:38.253000
or24jt5l22f5d3dw,,,,,,,8D1C8DBEE674341BEFE8DE75B88A20A301F90FA8,2020-09-23 14:42:38.254000,
5h7p6na5hsxmhas7,failed,not_found,927,724E86E7F5DA715529DC0ECAA013AE4BDC680E4C,25E078CD1E537A7418318168F7E1990EF2A160C8,529CA3EB08AD6EC1791B5110AA3540A4CFA1197F,A5A0E659B7490982190475422CD42176198E2E69,2020-09-23 14:42:29.429000,2020-09-23 14:42:40.163000
5h7p6na5hsxmhas7,,,,,,,8C25BA134D579B8AAF420E01215EB2CF06AAE907,2020-09-23 14:42:40.164000,
yeno3wpwmmoy7kul,failed,not_found,931,724E86E7F5DA715529DC0ECAA013AE4BDC680E4C,E235941C8403FB63EC91436FA4DCF6B020EB51A2,26220AEA188B8D0E47BB541E1A616EB3AD70295F,2076359FC3BEB6AB4D0F26C5419712A30CDE85D0,2020-09-23 14:42:29.487000,2020-09-23 14:42:40.869000
yeno3wpwmmoy7kul,,,,,,,205ED2C309999F0F18767A1ECCD384B580070BA9,2020-09-23 14:42:40.869000,
7cbml4ychmir4tot,failed,not_found,935,724E86E7F5DA715529DC0ECAA013AE4BDC680E4C,963879BB424D9A637A63105D5C26A2453C2C2272,4B351545DD58473F36B0A20E5500AC6ED51E8CD5,D82943434B24204FBF1B4B818CFEA64F205DEAC3,2020-09-23 14:42:29.507000,2020-09-23 14:42:40.463000
7cbml4ychmir4tot,,,,,,,BE92B305B0D30D2E846E3CFC696B3A244AF72192,2020-09-23 14:42:40.463000,
ejv42qomvg6pgz6g,failed,not_found,940,724E86E7F5DA715529DC0ECAA013AE4BDC680E4C,58FC2AAB3792AC37897D34331F4F4E00341DEC0C,163303F0583A1917326214379BD1AB2D286046EA,2CCCE975EAA30BC303DE0B5FCE50A25917F6A531,2020-09-23 14:42:29.507000,2020-09-23 14:42:40.719000
ejv42qomvg6pgz6g,,,,,,,71539D1911ECB826069A4D156771AC4F9F4632A7,2020-09-23 14:42:40.720000,
rpfgbt5josxbps6m,failed,not_found,992,724E86E7F5DA715529DC0ECAA013AE4BDC680E4C,870D9148A25F84C138F72DC647ABC390ED34383B,F3CEC87ED91E0B0B1D86BE4D7DE90F00B607ECAF,6270D21D6CEF0A4B1ABEA0730983AAE08126701A,2020-09-23 14:42:30.402000,2020-09-23 14:42:41.337000
rpfgbt5josxbps6m,,,,,,,8A167971BAE692DB1CCABB92635169AE79C99753,2020-09-23 14:42:41.338000,
ycnqdnpi6eiqh3fw,failed,not_found,996,724E86E7F5DA715529DC0ECAA013AE4BDC680E4C,DA9E02BB8080E473157052F70439B7886AA8569D,9EA65D1BB607ADA4B9A6B2A58BAA2C960DF8BDEA,A2CBEC70217814A9DFB21069F8510BE418ABB094,2020-09-23 14:42:30.478000,2020-09-23 14:42:41.852000
ycnqdnpi6eiqh3fw,,,,,,,A2C3CB1520C75BEDB21244FD1DF1C371C26E959E,2020-09-23 14:42:41.852000,
nswqs2onxe4rc3t2,failed,not_found,1000,724E86E7F5DA715529DC0ECAA013AE4BDC680E4C,02F250898E6213FC6B5BAEA368322BEE015AD677,CDAF0B74C45FD5B1955198A8D92C8A518A53D07B,3B5C6ED2C1DECEB32BF1AD9B7B272F4CE9CE0656,2020-09-23 14:42:30.480000,2020-09-23 14:42:42.437000
nswqs2onxe4rc3t2,,,,,,,3B4C5729F829CA2E895B81AF834A63DB336D0FFE,2020-09-23 14:42:42.437000,
gixsqbfmsasbdr5z,failed,not_found,1004,724E86E7F5DA715529DC0ECAA013AE4BDC680E4C,9EFF16EA25FF27BC438A3FBF23C5315E576467AF,950134F4ABA3291EEE4E7A2F26546DB7070776A4,5368AB8D9033A357729D3578617A6493AB5DA3A8,2020-09-23 14:42:30.533000,2020-09-23 14:42:42.192000
gixsqbfmsasbdr5z,,,,,,,53412DCC555335B400DB72750ED0BE08D034D779,2020-09-23 14:42:42.192000,
7vnkewugzvfssupd,failed,not_found,1035,724E86E7F5DA715529DC0ECAA013AE4BDC680E4C,7A2A6F39F485C4FC95FB885FFF37C436FD2BB7E5,88CF8D42D49B7C8E9D03ABE5DAE7AF25E9902008,40C773D9F2B16143CDB2ADB661DDC6BB12EF3E2C,2020-09-23 14:42:31.625000,2020-09-23 14:42:42.987000
7vnkewugzvfssupd,,,,,,,40D37C29CAB20A2C078B269AE4E944B1E0BD5A97,2020-09-23 14:42:42.987000,
hmx7y2o5qsqsqicl,failed,not_found,1039,724E86E7F5DA715529DC0ECAA013AE4BDC680E4C,18EA6AFA3609A0B24752FBF411A2DAADE27DE129,62CD9D19F8DD8F058131F90EFA99C55DB6F1BDB8,1617A702B30320C37A5C9FA3CFB737A2AFA9198D,2020-09-23 14:42:31.693000,2020-09-23 14:42:43.753000
hmx7y2o5qsqsqicl,,,,,,,F836446663F1EB816F13708955F105D0B2F5C8E0,2020-09-23 14:42:43.753000,
rllsclqdfujq34oe,failed,not_found,1043,724E86E7F5DA715529DC0ECAA013AE4BDC680E4C,F83A64E0FA85BC224807919772FE14E1BA07CEF5,383CFCF03B225B3EDCA519197BAA310A58CEAABC,41D2F6D866E7638138CF9F282A280F96BD020D25,2020-09-23 14:42:31.732000,2020-09-23 14:42:43.142000
rllsclqdfujq34oe,,,,,,,41DC047802522B360256954C8EA4B16F53F2DCD4,2020-09-23 14:42:43.142000,
wgku6u5nk7pg3tdl,failed,not_found,1047,724E86E7F5DA715529DC0ECAA013AE4BDC680E4C,04DFE047ACDF7A6620ACA782FAFC5EF1AE7F4754,23A2D8DDF761F35CC63BDF65E604B76A7E2F6971,12A1ABE96BB9C950F12028EA4CEB9FC64953B014,2020-09-23 14:42:31.733000,2020-09-23 14:42:43.470000
wgku6u5nk7pg3tdl,,,,,,,12B1A5769D38FF47CF68C2235E1BDA315DF400F2,2020-09-23 14:42:43.471000,
jx3kk6ylr7pkjid6,failed,not_found,1201,724E86E7F5DA715529DC0ECAA013AE4BDC680E4C,5D995EC983ED3DF9DAABD32B9BF1540AFF42A457,6E4B0D429CD87AB6C25D72E298294C583FF8BA4A,D6D6B6614C9EF2DAD13AC0C94487AD8ED3B6877F,2020-09-23 14:42:32.323000,2020-09-23 14:42:48.217000
jx3kk6ylr7pkjid6,,,,,,,D6EBBCF4F6502586089113D8C37B0FF5A6152A50,2020-09-23 14:42:48.217000,
z7jmen2xoeaj27yc,failed,not_found,1116,724E86E7F5DA715529DC0ECAA013AE4BDC680E4C,E00DFD54DC165D5452FBD3530D30186DAD016A0C,B3D56C1E0AD84BA93AF6DC533A8569C3D0E8A58B,68D2ABD936233A569E2B46D6228816149A16B4FA,2020-09-23 14:42:32.347000,2020-09-23 14:42:45.950000
z7jmen2xoeaj27yc,,,,,,,5047962E97AFDC89C9B9EE98322F3E4CB7BEB639,2020-09-23 14:42:45.950000,
5eygikvumrmyxz56,failed,not_found,1334,724E86E7F5DA715529DC0ECAA013AE4BDC680E4C,4D524D243B3D756C566484EB54B14AC43C7CE928,133F46E459299E1DCBE91525C353A9DB25C474DB,C6E184C0983C68B7E8BFC6215E7289E09E97AA0E,2020-09-23 14:42:32.347000,2020-09-23 14:42:54.146000
5eygikvumrmyxz56,,,,,,,83381B9F72D753F3F57A5380F6C6D2EB07A4837F,2020-09-23 14:42:54.146000,
kcptgc77zjxsukxf,failed,not_found,1205,724E86E7F5DA715529DC0ECAA013AE4BDC680E4C,41145C3169D810DB360FF2FCA232093B02C0B262,5CFC486780CBD4446B764E51608D6574003B350D,1D81272219B679D511930499AD8286BCD8F6C445,2020-09-23 14:42:32.348000,2020-09-23 14:42:48.611000
kcptgc77zjxsukxf,,,,,,,3E13E2EB87CCF5690564EE33E9F9F9F80B229FBB,2020-09-23 14:42:48.612000,
isuwqmpays7a5ix3,failed,not_found,1335,724E86E7F5DA715529DC0ECAA013AE4BDC680E4C,2E12778C3FBE28C9E9C8AC6A76FF4509DC41599B,16FD7E5D67B7054EE4E7FDDF04AFB48216CA640A,ACA0B8702A6A0B890217A3D26B7220EB6E1CFFD1,2020-09-23 14:42:33.633000,2020-09-23 14:42:53.747000
isuwqmpays7a5ix3,,,,,,,AC898F652D60F9CBD872D102DE1848AED94A77B2,2020-09-23 14:42:53.748000,
27f6r6z7fjgxhvet,failed,not_found,1132,724E86E7F5DA715529DC0ECAA013AE4BDC680E4C,B2DDB6EE22244CE22245D6F5446E08FEEC57FF59,B5CCA5A4521F60DDB596C1A6404D8DEECDD85BFB,5AE12CAAA489A0739F56E79CC287526FAB55A6FB,2020-09-23 14:42:33.634000,2020-09-23 14:42:46.861000
27f6r6z7fjgxhvet,,,,,,,5AEAA32FE69683F8B1271E4A331F16A21BF808B7,2020-09-23 14:42:46.861000,
s73tkyrgeg5b2ryg,failed,not_found,1136,724E86E7F5DA715529DC0ECAA013AE4BDC680E4C,C8F402FDF89E5B51D862AD68D8C17DFA5A371BA0,FA32998AF5628483D8E7B7BB0A4641D33A206A28,5F58E9417DF94A66529864FA1134635614958A44,2020-09-23 14:42:33.799000,2020-09-23 14:42:46.862000
s73tkyrgeg5b2ryg,,,,,,,7A6EC43FD4CD5990230FCE48EC37AFC578E36CE6,2020-09-23 14:42:46.862000,
cjhjqfmhfmmm7maw,failed,not_found,1140,724E86E7F5DA715529DC0ECAA013AE4BDC680E4C,58FAB58A7DC8E99B9313F6E488E2140D4BE28416,587B1EAF1E22E148EFB010DAA337ACDCD4DB5CBA,D2F16CBF1BD891968D65D44CD21507E3371279F3,2020-09-23 14:42:33.800000,2020-09-23 14:42:47.120000
cjhjqfmhfmmm7maw,,,,,,,A726E45892B784980DD88F168DF802B6018B6BF0,2020-09-23 14:42:47.121000,
yyzoae4iqxjssliw,failed,not_found,1183,724E86E7F5DA715529DC0ECAA013AE4BDC680E4C,AC2275831607A95CD8B939C3B8DC466CCF48E2B9,2F26D43258285FEB39E4320888DFAFA8A0D20E11,E37322752F135A344FA33E17F4AFA74C27A687E6,2020-09-23 14:42:34.479000,2020-09-23 14:42:48.052000
yyzoae4iqxjssliw,,,,,,,C2481FAAA5508F6C2A64873972281220E9778476,2020-09-23 14:42:48.052000,
vi76bm4huruyofga,failed,not_found,1187,724E86E7F5DA715529DC0ECAA013AE4BDC680E4C,21EB2176DFD7364A8E3705ABF518E880362425FC,21E9162916687FDC3CD966D11F34766F51902B45,CD5CF125FED4BE5DA5F259F75AF3D4DD182C54D0,2020-09-23 14:42:34.480000,2020-09-23 14:42:48.217000
vi76bm4huruyofga,,,,,,,7E8597BB39D4C7EDC4ABF7538B6531655A2DA334,2020-09-23 14:42:48.217000,
whw2iosoulsed4oh,failed,not_found,1191,724E86E7F5DA715529DC0ECAA013AE4BDC680E4C,F1D2914852B0E05452E93C80D57E0F713C4C98F4,71539D1911ECB826069A4D156771AC4F9F4632A7,6A642CAF73BDBEC64DD9A44B9B973C70B3E74707,2020-09-23 14:42:34.480000,2020-09-23 14:42:56.252000
whw2iosoulsed4oh,,,,,,,EDC4243F57F9B856B400398D5F6C354F8408EEA9,2020-09-23 14:42:56.252000,
n54m3he7hpxobc2i,failed,not_found,1336,724E86E7F5DA715529DC0ECAA013AE4BDC680E4C,876C7CE43774366250D3E768E690DAB9D4B5D5A3,F075C0935F331763ADFB9E07E4D4D35A74E297D7,B3D56C1E0AD84BA93AF6DC533A8569C3D0E8A58B,2020-09-23 14:42:34.556000,2020-09-23 14:42:54.006000
n54m3he7hpxobc2i,,,,,,,B3AA9132A7D759863BFAB6CD12DA6646F2A5D1AD,2020-09-23 14:42:54.006000,
qabg3n7divfbsk5m,failed,not_found,1275,724E86E7F5DA715529DC0ECAA013AE4BDC680E4C,7C22E89AB620E77DF1B4A33787A5EC3F2AB4A8D1,2083FBB5A67DB15F8ABF0C8319594EE9FBE65DAF,16324C89132BE14F19E13FD6EB3226FC5AE3F059,2020-09-23 14:42:35.385000,2020-09-23 14:42:54.560000
qabg3n7divfbsk5m,,,,,,,D6670FB54B21818CE7C13524AA003258B8E35D38,2020-09-23 14:42:54.560000,
sn26wex2ppnsqg5m,failed,not_found,1280,724E86E7F5DA715529DC0ECAA013AE4BDC680E4C,5DB9AE27A44EB7B476CC04A66C67A71C97A001E6,CCAA620D5CAB34CE95FE3C863D9E6520C07451D8,C1939D36649DE98A202429631D8EFC70128D5F5F,2020-09-23 14:42:35.386000,2020-09-23 14:42:51.360000
sn26wex2ppnsqg5m,,,,,,,C1B79C4CD9B713BBB6B0522155B46A7BFE3BFAAE,2020-09-23 14:42:51.360000,
z63adxuvmtmfo6vh,failed,not_found,1290,724E86E7F5DA715529DC0ECAA013AE4BDC680E4C,1841CB960128806151B61FC6D87AFBE9A98B99D7,0C8433B6B92E2F1C744F3CFBE49ADA7CBEFEEBFA,6C251FA7F45E9DEDF5F69BA3D167F6BA736F49CD,2020-09-23 14:42:35.423000,2020-09-23 14:42:53.705000
z63adxuvmtmfo6vh,,,,,,,6C143720FFF8469EF6A5C5B4066366340CF6C0D1,2020-09-23 14:42:53.705000,
gaoyv34n4qnwycxh,failed,not_found,847,724E86E7F5DA715529DC0ECAA013AE4BDC680E4C,79E3B585803DE805CCBC00C1EF36B1E74372861D,7B7C7F31205D7AEB5DFFEDA08E00282A78CD76E0,B428E8A48C62E35536E5F30BA348A05ACE5FDF14,2020-09-23 14:42:35.423000,2020-09-23 14:42:53.665000
gaoyv34n4qnwycxh,,,,,,,B42C797CC8CD63C60FB643E820A11D113DF4F5C8,2020-09-23 14:42:53.665000,
sngcagtozqbcj6yn,failed,not_found,1343,724E86E7F5DA715529DC0ECAA013AE4BDC680E4C,D4C381686A379E3CC3C09F95E1F6E4BFF27C489C,F9674F45A25CAA977E7B872807E0A070C121F5FA,A51A7CBED6AC410A48D091EB32C52583542734C6,2020-09-23 14:42:36.746000,2020-09-23 14:42:53.790000
sngcagtozqbcj6yn,,,,,,,C4B21A66B27E82FEF6AC97CEAEFE42DFF5C7511C,2020-09-23 14:42:53.791000,
muenz2qhnu246igm,failed,not_found,1377,724E86E7F5DA715529DC0ECAA013AE4BDC680E4C,3EC215A86954AE2BBB4C1C7020DA5B97B229B217,FC30F566E7B50D9C6ED6BB86DA4BF4B07AD52DE5,2F77315CAE477550E47773BA5B1323F7FFBE3A3E,2020-09-23 14:42:36.834000,2020-09-23 14:42:56.842000
muenz2qhnu246igm,,,,,,,2F81DA22A649EBB0CCD20A97527207E2E841F5F6,2020-09-23 14:42:56.843000,
dq6fd52yivuftbpx,failed,not_found,1306,724E86E7F5DA715529DC0ECAA013AE4BDC680E4C,A8B756D4771D7665FC27BAB03DE45EDB12914E0B,F31C03A766FAA33B62B12105D822FFE69A3BB0E5,9D21F034C3BFF4E7737D08CF775DC1745706801F,2020-09-23 14:42:36.834000,2020-09-23 14:42:54.342000
dq6fd52yivuftbpx,,,,,,,9D462FB499BA316E485ED80E0073802D2283FAAB,2020-09-23 14:42:54.342000,
ahvejprrmwqub7uj,,,,,,,7AB8B08DF8B90D108EFC37D74CA90A7B939A023D,2020-09-23 14:42:36.834000,
lo4sey7p24opcrka,,,,,,,6DFB4AC8B5E7B1AD0B3F5F465F774A421C66CBBA,2020-09-23 14:42:37.702000,
cbiczuikxu4uu4yk,,,,,,,B55B11A739C43396B10CC621D9C9F9D7F3A8CDE4,2020-09-23 14:42:37.702000,
5vv62gfqoxg7fr25,,,,,,,AC5CECEF6AF649F2A7F047D102FE9B461DA9234E,2020-09-23 14:42:37.789000,
m2rkiqbbf2tpgz2i,,,,,,,767E210C587AFB83AF4F654B77F9B9330E4AC8F9,2020-09-23 14:42:37.791000,
2vbok3uzms7toxxp,,,,,,,D941D380E5228E7B4D372AF4D484629A96DC48B9,2020-09-23 14:42:38.314000,
hpeis6xxb2oyus4e,,,,,,,005ED97213F725867E422B8DC0443361BBB24E3C,2020-09-23 14:42:38.346000,
hvwuhil2alx2fw3h,,,,,,,82DA9678A0BAE60087AA68A3E1D6E6A2C4246D6D,2020-09-23 14:42:38.346000,
m2mxdk6rmwixzvo7,,,,,,,AE9B4F3B133CF4FC75BD0685F047EA4253C49B09,2020-09-23 14:42:38.449000,
rnuu6pqrpphpmrrh,,,,,,,AD86CD1A49573D52A7B6F4A35750F161AAD89C88,2020-09-23 14:42:39.670000,
zsnnctpgpqhbvb6p,,,,,,,C0C4F339046EB824999F711D178472FDF53BE7F5,2020-09-23 14:42:39.762000,
ouqrgfd2rfbur6ye,,,,,,,9BB6624A2DE95FC73CCC46C034A83494172EE4D3,2020-09-23 14:42:39.941000,
4yu4sungmhq4epsw,,,,,,,F24F8BEA2779A79111F33F6832B062BED306B9CB,2020-09-23 14:42:39.942000,
zpoo2remzjfpacy3,,,,,,,495B496867C84BBC92338301D924850F226E75DA,2020-09-23 14:42:40.463000,
pj7wegsfpmrethyx,,,,,,,15C3F39B273727B6AEF44975C5E6F8FA341C2F4B,2020-09-23 14:42:40.532000,
v3qwas3kkzhenvmf,,,,,,,9973E1E9730A58FDBA9E112D2B3342D2C0D921B5,2020-09-23 14:42:40.533000,
dor235vlhsidiqd4,,,,,,,3AFDAAD91A15B4C6A7686A53AA8627CA871FF491,2020-09-23 14:42:40.533000,
6widcwi3h43vpbtx,,,,,,,6117337636B8CB979F09B67530477DFFCA61BF88,2020-09-23 14:42:41.652000,
ywa76u4fednklqwu,,,,,,,E41B16F7DDF52EBB1DB4268AB2FE340B37AD8904,2020-09-23 14:42:41.653000,
y5ltbr7zjh7f4y2s,,,,,,,342A1AC764D89248E66458C077CFF668D05FFF34,2020-09-23 14:42:41.694000,
jhbzlv6tuoab66tx,,,,,,,0A58B05D403A2663EB56124F8C7AAB0CABFAA115,2020-09-23 14:42:41.786000,
cebzv5entssljeyf,,,,,,,14CF04009FFE81448391F3FA626E9D2F114BDE54,2020-09-23 14:42:42.749000,
b3fvvb7pja2lbmow,,,,,,,2C6C970E027A99EFF3E6977CD1BCDD9586E0BFB3,2020-09-23 14:42:42.855000,
lkiiqj2ndeft6f47,,,,,,,EF4D8571D6569C67A3E97B356CBBEBC19473B34F,2020-09-23 14:42:42.856000,
dnuitahrdgd7pkjo,,,,,,,E13F7EE1535ED8AEAB92A5EEAEE9A0C782ED33E2,2020-09-23 14:42:42.893000,
ghowquqcxjycir3q,,,,,,,081C9DF6A615A300B382C004DFE2CC37B561C9A0,2020-09-23 14:42:43.559000,
izxf2lxw533h4mhg,,,,,,,C19B33758B3A5144894233EC4C95D7985B9FD101,2020-09-23 14:42:43.561000,
qzqoz72dxejvg3bu,,,,,,,DEF8C760A79FEF2358E03AE5A1950086ABEB953E,2020-09-23 14:42:43.643000,
wst5keccr7muyswa,,,,,,,248CE89A310534DF139DF6A36BD87EB4CA237DCF,2020-09-23 14:42:43.646000,
5t5psx2vdd4x2izj,,,,,,,7C5C0E83CA290FFF6D5E30D9E0E3FFC9BAE0D0C5,2020-09-23 14:42:44.364000,
ulamykflkjtdxmgr,,,,,,,2DEF1C5F4529665BB08A593C65BAF6917E9D2081,2020-09-23 14:42:44.364000,
f5mi6syf2uezjg5k,,,,,,,CAF57EB30FD17389954C9F2B43026734F80E39C0,2020-09-23 14:42:44.408000,
4rp2ddj32uoeprtl,,,,,,,A1B7C1F83E5DA4376FD2E1DBA7AC28A71AB332AD,2020-09-23 14:42:44.408000,
4dtfr47y3xp7gf5f,,,,,,,D1AD15805646EAE6938F1842619F8EF0029089FC,2020-09-23 14:42:45.648000,
dzxl2wmvotbjueif,,,,,,,C2C1CF6FC9E9159E66804E05911E2D5A507F63D6,2020-09-23 14:42:45.809000,
f6zafrdvvfgwie5w,,,,,,,6ED6758622A73F54F0EF59A9D31D71AABD7A70DA,2020-09-23 14:42:45.810000,
3ncvctdmp23afrb6,,,,,,,098B3457ABA31AD65A3AF47F61B623E35B3FAB2D,2020-09-23 14:42:45.950000,
lgr3ugfrcnoqtpqd,,,,,,,B9962C193AE4313D625E9BFB9415C4306214D330,2020-09-23 14:42:46.641000,
cimfxgnhjiutcowa,,,,,,,5436FC72ABDEAC39BF58E64E5E12C462A7D3D088,2020-09-23 14:42:46.641000,
th4maqzvksthfig6,,,,,,,FD00BDB335960AFDCA6CD565B81DEF2BA7F27E7D,2020-09-23 14:42:46.861000,
ak66j5lxdgvphzxl,,,,,,,1AAC19D892F84910AB94C45092241ABA3CFC4C89,2020-09-23 14:42:46.861000,
lylpoyrvikgjqjhv,,,,,,,D80A50EF9BFD77CFCEA5326F389E24F932D6F9DA,2020-09-23 14:42:47.601000,
wvcdnqw45g46hcaj,,,,,,,2248161EC43AE5CCF3BAFB225CAF2539FA098A99,2020-09-23 14:42:47.820000,
jxrwgsww4ly74d2v,,,,,,,A171F8332AA037A2855C390488F8EFDFD438AAE6,2020-09-23 14:42:47.820000,
fkhbaofdj5pj6t3p,,,,,,,BB5630967607D8A8B6CA854AF954FE8372D1662A,2020-09-23 14:42:47.821000,
kng2fw7dnizrlu2c,,,,,,,C51701910DEA998F4F51287A71B7E94449A3E9BC,2020-09-23 14:42:48.442000,
2adexx4rbsamyfmx,,,,,,,EFB37362202CB367BB783904D7954D879FEB73EE,2020-09-23 14:42:48.544000,
3k7soskymbvdgnap,,,,,,,F7B024DB02C601185C202E26DFFD2AD525C16A36,2020-09-23 14:42:48.555000,
7si47djjelsiimqs,,,,,,,C08DE49658E5B3CFC6F2A952B453C4B608C9A16A,2020-09-23 14:42:48.555000,
ezz64myfmlrii45m,,,,,,,29B1FF46029E21D60C9C544E22E8453CC461EF7D,2020-09-23 14:42:49.362000,
6muzlvwq55mb67jx,,,,,,,8C25BA134D579B8AAF420E01215EB2CF06AAE907,2020-09-23 14:42:49.362000,
oeu6hywschjz5b3a,,,,,,,6E642BD08A5D687B2C55E35936E3272636A90362,2020-09-23 14:42:49.362000,
vshs57cf7tdcmmay,,,,,,,B2D07EABB8F071FF29947B7886281DF1E255BADA,2020-09-23 14:42:49.362000,
enh5ty6k6y5erjnx,,,,,,,4D52E15C5637FB70736DD3B03F2AAE7C253BF4B4,2020-09-23 14:42:51.098000,
2s7mxtryaqncjotu,,,,,,,F35D115BDD5987D301BE0FD27DAB05F5F4B2ABAE,2020-09-23 14:42:51.099000,
2th2a4w5zx46y456,,,,,,,CF6A6080091BB210AA3892FEFE2F6A396DA08DF3,2020-09-23 14:42:51.362000,
wujtr4bmo5d6rghj,,,,,,,A1FC8E424167AD70B6FA4953D9348BCD82CEB788,2020-09-23 14:42:51.362000,
4m6aqjxv6cmshcla,,,,,,,8FDEAE759A90C648863BED85D07113D3FA2AA6FF,2020-09-23 14:42:52.286000,
snsxenmgejlfhebj,,,,,,,7863A1C08114FF834E9C38990D6B2EA8AB3749FE,2020-09-23 14:42:52.588000,
zkrhul7jjpwbdujf,,,,,,,94EC34B871936504BE70671B44760BC99242E1F3,2020-09-23 14:42:52.591000,
7osyl24jiornp2t5,,,,,,,7E08734909378D7F38FE8FDC9429DCC1521EEB57,2020-09-23 14:42:52.845000,
l3kxemaa5xs5kvzd,,,,,,,0DD55CF27BBA1F51131A46BC0A0EED68A177D1BB,2020-09-23 14:42:53.247000,
w6v23nickrij3uda,,,,,,,25F49247646F1F9C9C4B31217AE004308B271359,2020-09-23 14:42:53.250000,
qwxdiwzhf7spuqta,,,,,,,4B919C783B1145060DF518940252FE2B5B128F67,2020-09-23 14:42:53.330000,
kjxuyh2t22vj6tvu,,,,,,,22404A3E87F2D7FE2FC6359FDE71B6DC2D6E730F,2020-09-23 14:42:53.331000,
cxwed7okeyaj364r,,,,,,,CA4E9DFE87DE87E502F3B503D07EC8EFCAEE2549,2020-09-23 14:42:53.476000,
mmyysjwb4vx47hcx,,,,,,,8D1C8DBEE674341BEFE8DE75B88A20A301F90FA8,2020-09-23 14:42:53.477000,
y7zneqaa2radoeqh,,,,,,,5436FC72ABDEAC39BF58E64E5E12C462A7D3D088,2020-09-23 14:42:53.665000,
ltc2jyugi3l6kfw5,,,,,,,D426B3F7FF144AAE24AECD72ED96820DDB338055,2020-09-23 14:42:53.705000,
k67ycqurgqmykrmb,,,,,,,27A4E3F95718C8C699B795B47BAFFAAF67194A23,2020-09-23 14:42:54.450000,
6rwgql6z7crhkotj,,,,,,,A14F90953AE9462CF3A862C4CA95F73BF94A6F8B,2020-09-23 14:42:54.559000,
2oyqjwlnqpquhgux,,,,,,,E03E581AA42A211F69DC63608B1980F10AE52C26,2020-09-23 14:42:54.560000,
noaek6spaqgxd2lm,,,,,,,248CE89A310534DF139DF6A36BD87EB4CA237DCF,2020-09-23 14:42:54.616000,
huunmdsmd7ofcwty,,,,,,,4EB55679FA91363B97372554F8DC7C63F4E5B101,2020-09-23 14:42:55.379000,
m6cbtuwhp2drdjbo,,,,,,,E006EA04C696BBD6E35407538131305FF3CB8C16,2020-09-23 14:42:55.379000,
j7sj6suvpy4nt5en,,,,,,,856B7EFB7E09D02A29DD2FF024B7E1EFE21FE9EB,2020-09-23 14:42:55.380000,
qlgfnz4bwy7jrux4,,,,,,,2FFBAEBC4D4A88CA96BD5F6B0D3A1D1A7A00D5F2,2020-09-23 14:42:55.546000,
n42tjfph33wxvwzu,,,,,,,5333C98E703385743AE931ECC929C5E4B32A0CD0,2020-09-23 14:42:57.095000,
hk2uvqddgsgzxbbf,,,,,,,31FC0066DA78D1464A2542E8D9EBF6FD6F99AE1E,2020-09-23 14:42:57.321000,
4coesmdqnq2ytdjm,,,,,,,BAF223E9DF62D3261F1675C6CFC4E5D50F15FA57,2020-09-23 14:42:57.652000,
y476go6x7szrmyj3,,,,,,,58ED9C9C35E433EE58764D62892B4FFD518A3CD0,2020-09-23 14:42:57.653000,
