addr,status,reason,circ,guard_fp,middle_fp,exit_fp,hsdir_fp,start,end
lsvwnam6njpzldu6,failed,not_found,,,,,5786D04C5A2885D19E606F13C4203F60AEE38110,2020-09-24 21:38:57.298000,2020-09-24 21:38:58.270000
lsvwnam6njpzldu6,failed,not_found,122,9A51C5D79C30B9F3B527EC77EF901DDAB76C3AB5,AFF320BA96E4338B61A008D2CA250FFE0E23B09C,1B90395827F7499A37C73F09BC5AA0225808F6FC,575F15A0A41B951BEE03E25B2A0A3FC3E8D7C7D1,2020-09-24 21:38:58.271000,2020-09-24 21:39:15.127000
lsvwnam6njpzldu6,failed,not_found,168,9A51C5D79C30B9F3B527EC77EF901DDAB76C3AB5,03910F285A33F365838EC66EF2C2EF754D046760,CE34F2DA5B7B419D9D126530DCE86EA87D6D13EE,578E007E5E4535FBFEF7758D8587B07B4C8C5D06,2020-09-24 21:39:15.127000,2020-09-24 21:39:17.755000
lsvwnam6njpzldu6,failed,not_found,198,9A51C5D79C30B9F3B527EC77EF901DDAB76C3AB5,3BADB3EFFB87534736BFAC9A2024AB78401BDBC3,1C8B3C3D8BC705883B7799C915B2FE1E0FEB006F,828112B80D28A92311A8C6C7CCF369B316C40744,2020-09-24 21:39:17.756000,2020-09-24 21:39:20.063000
lsvwnam6njpzldu6,failed,not_found,227,9A51C5D79C30B9F3B527EC77EF901DDAB76C3AB5,55B5A9DB9C2B57C035437A3CC52A6B11D877CBDD,44BD70C13DAA7513D6F47773804178B009F21ED5,8275CE20C53D79EC51CA87292E7FC58F238F100C,2020-09-24 21:39:20.064000,2020-09-24 21:39:22.608000
lsvwnam6njpzldu6,failed,not_found,262,9A51C5D79C30B9F3B527EC77EF901DDAB76C3AB5,1CD48F4ED0F1821FFBF1940802A13EEFD4C27502,DBDF797B095015AB3B7AD07B44307687A3409E89,825AD5D33B2A5C41BC647047D6B63AC41C4C5021,2020-09-24 21:39:22.609000,2020-09-24 21:39:25.290000
llmek2q22qbyvlpn,failed,not_found,,,,,53CBD4285918F168B92D05CAA9BC0CF499DF72C7,2020-09-24 21:38:57.302000,2020-09-24 21:38:58.211000
llmek2q22qbyvlpn,failed,not_found,10,9A51C5D79C30B9F3B527EC77EF901DDAB76C3AB5,44354E35E9F7F97AF27686D03B0D591686E35394,77A56CB237740E24AEA2D61C8C8936232AFC1BD8,1A90B9C24AAF9564D23761977E496A1066E0AD67,2020-09-24 21:38:58.212000,2020-09-24 21:39:00.918000
llmek2q22qbyvlpn,failed,not_found,21,9A51C5D79C30B9F3B527EC77EF901DDAB76C3AB5,0C3D5E19E3C75B505C8ACD26F89DCA2DF970553E,F5C3DA7642BB037E0D279359AE88CD7FC03A98A0,53D79BBFEDB5DE1C3CF4839B2875859CE54D7BB1,2020-09-24 21:39:00.918000,2020-09-24 21:39:03.792000
llmek2q22qbyvlpn,failed,not_found,34,9A51C5D79C30B9F3B527EC77EF901DDAB76C3AB5,44517C72DD0C7206E2B6E9FE3917406AE8AF3193,E130296683B896A117CE5DA531A5645644178734,1A7A2516A961F2838F7F94786A8811BE82F9CFFE,2020-09-24 21:39:03.793000,2020-09-24 21:39:06.064000
llmek2q22qbyvlpn,failed,not_found,54,9A51C5D79C30B9F3B527EC77EF901DDAB76C3AB5,A9406A006D6E7B5DA30F2C6D4E42A338B5E340B2,F1612C915458BCF52CC49559E84A0D0240FA7F23,53C9F4954E7A7332BB0C610C5B8E04CA065AF29B,2020-09-24 21:39:06.064000,2020-09-24 21:39:12.281000
llmek2q22qbyvlpn,failed,not_found,126,9A51C5D79C30B9F3B527EC77EF901DDAB76C3AB5,E130296683B896A117CE5DA531A5645644178734,F4A4D78F16E9A0353AD5BBEF4632C7022E20FB20,1A6CD4A78BC5A4F19CF2F27C4AB32E44C8B20769,2020-09-24 21:39:12.281000,2020-09-24 21:39:14.264000
nofplynghvab6nli,failed,not_found,,,,,CB72A74E8197DF3B33EE6A0895E5BB871D10CF92,2020-09-24 21:38:57.704000,2020-09-24 21:38:58.607000
nofplynghvab6nli,failed,not_found,12,9A51C5D79C30B9F3B527EC77EF901DDAB76C3AB5,40CDE936B04B4573A47223396006443CA5EAC845,954B221CFDC3F56A15FE3C29F85D5FE34BB144B2,CB4EBE9C475A60A5F2CDA92C83CE093BD945D940,2020-09-24 21:38:58.608000,2020-09-24 21:39:01.152000
nofplynghvab6nli,failed,not_found,18,9A51C5D79C30B9F3B527EC77EF901DDAB76C3AB5,7CA5DD27BAA6DCDDD537CE8CB5E11E63642F48F1,58ED9C9C35E433EE58764D62892B4FFD518A3CD0,CB5735385E25A292427963BF2E0D699EDAC64B96,2020-09-24 21:39:01.152000,2020-09-24 21:39:02.217000
nofplynghvab6nli,failed,not_found,29,9A51C5D79C30B9F3B527EC77EF901DDAB76C3AB5,60A9E1FE4D020383A4A0FE58E5950983D08D65E7,CA4DF2B63A43080C57CF9A561D4A155F97EC5A4F,90FD830C357A5109AB3C505287713F1AC811174C,2020-09-24 21:39:02.218000,2020-09-24 21:39:04.649000
nofplynghvab6nli,failed,not_found,45,9A51C5D79C30B9F3B527EC77EF901DDAB76C3AB5,B55B11A739C43396B10CC621D9C9F9D7F3A8CDE4,76678E6D3663BBC4DD7AE5B3F794066C1E022AA1,910842202572BBB890692971614758AD9F3FEBD7,2020-09-24 21:39:04.649000,2020-09-24 21:39:08.065000
nofplynghvab6nli,failed,not_found,65,9A51C5D79C30B9F3B527EC77EF901DDAB76C3AB5,856DAB2FDC9EED88A27BE2265FA6BD5489EF178E,2F09BD6D9A2D5A7D6D26C17651CE8ECF0B7BA257,912709C7F560CC3E9FE9604B58D598B1BFAED8C7,2020-09-24 21:39:08.066000,2020-09-24 21:39:14.695000
mo7bgj225fgp74ik,failed,not_found,8,9A51C5D79C30B9F3B527EC77EF901DDAB76C3AB5,7A3E534C033E3836BD5AF223B642853C502AB33A,44DC23661E05DEFD94398936D9334987ABCB6E5E,954B2AEA8FDCF0DF701A2EC9285640B929546DF7,2020-09-24 21:38:57.729000,2020-09-24 21:39:00.294000
mo7bgj225fgp74ik,failed,not_found,19,9A51C5D79C30B9F3B527EC77EF901DDAB76C3AB5,98AEF7B834D688773CE2BCC5A32761A4943CF623,217B9BE70DC602F6D929132EA2A9DF60BAED8CE0,D00AC7CD91B2F1345EADB0132D823967E2646DDF,2020-09-24 21:39:00.295000,2020-09-24 21:39:02.344000
mo7bgj225fgp74ik,failed,not_found,32,9A51C5D79C30B9F3B527EC77EF901DDAB76C3AB5,D87A947A2405C41208C57D32ED1D0CA2EBE93AF6,461453F94FA0E3CBB011685E22CDAFD2AF0DFDC3,9554FC0CF9A5200542E3375C8AE4E939C4594228,2020-09-24 21:39:02.345000,2020-09-24 21:39:05.356000
mo7bgj225fgp74ik,failed,not_found,36,9A51C5D79C30B9F3B527EC77EF901DDAB76C3AB5,0C6D3655763B1A3A60FC42135CD60765AFE953BA,1F6ABD086F40B890A33C93CC4606EE68B31C9556,9556C2C62CA9A9A296C049BA7BDC10ABD3FF0170,2020-09-24 21:39:05.356000,2020-09-24 21:39:06.778000
mo7bgj225fgp74ik,failed,not_found,62,9A51C5D79C30B9F3B527EC77EF901DDAB76C3AB5,38E48C9509E18F405749859EEF299EBC1B829602,6D2D7E8FD6B730850960A3AC1B3640098E97F3AF,D007C5B3FC015AD4F708CA2DBB443F9FB5915987,2020-09-24 21:39:06.779000,2020-09-24 21:39:08.954000
mo7bgj225fgp74ik,failed,not_found,85,9A51C5D79C30B9F3B527EC77EF901DDAB76C3AB5,56927E61B51E6F363FB55498150A6DDFCF7077F2,3B5C6ED2C1DECEB32BF1AD9B7B272F4CE9CE0656,D018720BE031BA9CC0DF4C0E21ADBC649C325C62,2020-09-24 21:39:08.955000,2020-09-24 21:39:10.854000
sv2pgekeau4465fu,failed,not_found,13,9A51C5D79C30B9F3B527EC77EF901DDAB76C3AB5,B143D439B72D239A419F8DCE07B8A8EB1B486FA7,118496882F58E787DC24F5C219B93F22BA5820D8,1A7A2516A961F2838F7F94786A8811BE82F9CFFE,2020-09-24 21:38:58.713000,2020-09-24 21:39:00.975000
sv2pgekeau4465fu,failed,not_found,22,9A51C5D79C30B9F3B527EC77EF901DDAB76C3AB5,30D457317789E20449CBC12E02F5658FA23E0BEE,5CF2BC575B3537AEE1E531021E2DB682B591C5A4,8F89078575FEE57675A922E9E088918F63AC750C,2020-09-24 21:39:00.976000,2020-09-24 21:39:04.424000
sv2pgekeau4465fu,failed,not_found,38,9A51C5D79C30B9F3B527EC77EF901DDAB76C3AB5,724E86E7F5DA715529DC0ECAA013AE4BDC680E4C,8EA58F28DCA60F56C6F2131BDFE9BF5FAF2233CE,8F8911CEB5CAA353735DE1EF566B132AB649EF4C,2020-09-24 21:39:04.425000,2020-09-24 21:39:06.680000
sv2pgekeau4465fu,failed,not_found,57,9A51C5D79C30B9F3B527EC77EF901DDAB76C3AB5,CEC92F3BE8A2F3A46D3C042721D6BDBF2F40F4C5,7E8597BB39D4C7EDC4ABF7538B6531655A2DA334,8F7E120C1D4371FEA19E3C158C180D7DE4EE505C,2020-09-24 21:39:06.681000,2020-09-24 21:39:08.666000
sv2pgekeau4465fu,failed,not_found,77,9A51C5D79C30B9F3B527EC77EF901DDAB76C3AB5,43FF3346A3F8E4ED27F631DC956C4CD8D6173D7A,D64D25D465B9D145320E5A4A32BB45B53BFDA06F,1A61BF490CA2F3BE6E1F90D57E688E75B90F0E7B,2020-09-24 21:39:08.667000,2020-09-24 21:39:10.603000
sv2pgekeau4465fu,failed,not_found,166,9A51C5D79C30B9F3B527EC77EF901DDAB76C3AB5,D54247E35545388D9C42E4716EDC59F67907789F,AFF320BA96E4338B61A008D2CA250FFE0E23B09C,1A6CD4A78BC5A4F19CF2F27C4AB32E44C8B20769,2020-09-24 21:39:10.604000,2020-09-24 21:39:17.052000
jlu5275mes35gtqz,failed,not_found,14,9A51C5D79C30B9F3B527EC77EF901DDAB76C3AB5,77A6151CE190059973D12E5E461F5B84AC583CB9,A0C59410B9030AC1385C4CA44C8DBFE13AF4BC9B,83B5DB940A719B67F5BF616FEEC9D8D4F764D1AB,2020-09-24 21:38:58.723000,2020-09-24 21:39:02.327000
jlu5275mes35gtqz,failed,not_found,31,9A51C5D79C30B9F3B527EC77EF901DDAB76C3AB5,85A3AC041E3FCD796AF5D653953D5E27A56E3719,55580D71B317A072F4A4DCF6EA4EDB015734AEE7,83AEDBDB4BE3AD0ED91850BF1A521B843077759E,2020-09-24 21:39:02.328000,2020-09-24 21:39:04.648000
jlu5275mes35gtqz,failed,not_found,44,9A51C5D79C30B9F3B527EC77EF901DDAB76C3AB5,79D9E66BB2FDBF25E846B635D8248FE1194CFD26,CD0F9AA1A5064430B1DE8E645CBA7A502B27ED5F,83B48E68C31C13AA12E2A9F9C1CBE1D9B3F4E03A,2020-09-24 21:39:04.649000,2020-09-24 21:39:06.712000
jlu5275mes35gtqz,failed,not_found,59,9A51C5D79C30B9F3B527EC77EF901DDAB76C3AB5,99339F3E68BCCC1391BF14C821D80766FE0C5956,D08660B6D70B6249A57D89BB7A8F2EA2C952BD35,3239007CE1FB2ECDFDF2067DF23B949295DC5EF6,2020-09-24 21:39:06.712000,2020-09-24 21:39:08.710000
jlu5275mes35gtqz,failed,not_found,79,9A51C5D79C30B9F3B527EC77EF901DDAB76C3AB5,FDD40AA573AFABB54813BB65F023D75ED49A97E8,216D8778B43123805F3FE3D7157223F34EF74A40,322C6E3A973BC10FC36DE3037AD27BC89F14723B,2020-09-24 21:39:08.711000,2020-09-24 21:39:10.957000
jlu5275mes35gtqz,failed,not_found,131,9A51C5D79C30B9F3B527EC77EF901DDAB76C3AB5,2F644DDEF8BAA31BA0240E6C6D36665D90DA57C9,C1B79C4CD9B713BBB6B0522155B46A7BFE3BFAAE,322BB33F4887230B0767F54BA08A450B68D777F2,2020-09-24 21:39:10.958000,2020-09-24 21:39:14.613000
cflarenuttlfuyn7imozr4atzvfbiw3ezgbdjdldmdx7srterayaozid,received,,9,9A51C5D79C30B9F3B527EC77EF901DDAB76C3AB5,994FB6A842C0CEE1F1C4CBA9A7604C5FF6014CFC,31419A64188BC8070EE89F3CEE6AA98EAAC7E8E8,FB4BC8A17AD016963AA34EB98060F475DBB2DD9D,2020-09-24 21:38:59.676000,2020-09-24 21:39:00.776000
re532jyunwthyfds,failed,not_found,16,9A51C5D79C30B9F3B527EC77EF901DDAB76C3AB5,D39328D2EAE3816F9C5D5D1BB19D1C14E2E79482,E96C071A67833C2C93D74F7C84C99148E15181F8,6F6586F1631CAC1115B9561656E7664D386B7F4B,2020-09-24 21:38:59.734000,2020-09-24 21:39:02.204000
re532jyunwthyfds,failed,not_found,23,9A51C5D79C30B9F3B527EC77EF901DDAB76C3AB5,7B0D94D348D9F98C50B6674C5CB17AF35EA2605F,05B451C0562FDE23307AFA84FD6A37652E615233,6F7E602D79D16C871F8984B98658F2C9928F2FD9,2020-09-24 21:39:02.205000,2020-09-24 21:39:03.409000
re532jyunwthyfds,failed,not_found,28,9A51C5D79C30B9F3B527EC77EF901DDAB76C3AB5,F6CD4DBF5850AC4386DD9A424918AD3C6BA2716F,9127D95DAA81291F26BE45B1A73E2F1145887B94,5043E5D2E9CE99066DF1FBF0B18E065B08131863,2020-09-24 21:39:03.410000,2020-09-24 21:39:04.631000
re532jyunwthyfds,failed,not_found,43,9A51C5D79C30B9F3B527EC77EF901DDAB76C3AB5,DCE8DBF94576272AD10D996C9AA0794A4567F304,E1DE607E31C2C0FB6F8FC959BF7B58CE35D95990,503431F94FF8FB69F10AD59DE31F3B2C3449D990,2020-09-24 21:39:04.631000,2020-09-24 21:39:06.546000
re532jyunwthyfds,failed,not_found,55,9A51C5D79C30B9F3B527EC77EF901DDAB76C3AB5,73283C4DEBC01D3E4A5FD1BB1F2B50D927379F59,DC2B1E4348AF306326FA63EEDB76EA6139133485,6F4E9FD00D4251D98BE96FB1AA546FE34676A95B,2020-09-24 21:39:06.546000,2020-09-24 21:39:08.709000
re532jyunwthyfds,failed,not_found,78,9A51C5D79C30B9F3B527EC77EF901DDAB76C3AB5,6DFEB41C04CCE846871338E85DD5ACF5CFB6C1DD,06E72526BBE040C51C5ADFBAA07ADD9AEB5E1FA1,5047962E97AFDC89C9B9EE98322F3E4CB7BEB639,2020-09-24 21:39:08.710000,2020-09-24 21:39:10.496000
mh4uf7evdtrocj7v,failed,not_found,17,9A51C5D79C30B9F3B527EC77EF901DDAB76C3AB5,74AC10CA94E400BA4D69E397562597CA04FC5352,A1FC8E424167AD70B6FA4953D9348BCD82CEB788,205ED2C309999F0F18767A1ECCD384B580070BA9,2020-09-24 21:38:59.747000,2020-09-24 21:39:02.272000
mh4uf7evdtrocj7v,failed,not_found,30,9A51C5D79C30B9F3B527EC77EF901DDAB76C3AB5,E5CC91BAFE7CCD68003E873D32E38027638D49D7,8ADA1AB31B9B49CFFF5A450816053BF4CB72E4AC,20462CBA5DA4C2D963567D17D0B7249718114A68,2020-09-24 21:39:02.273000,2020-09-24 21:39:04.837000
mh4uf7evdtrocj7v,failed,not_found,48,9A51C5D79C30B9F3B527EC77EF901DDAB76C3AB5,F9910CE2A3E9D467FCDD9D5228695BA1827B010D,4F500157ABF70A1A94636D268A742A8B227B8BFD,205352549229B724BBCDF0996EE0E7251A0833FA,2020-09-24 21:39:04.837000,2020-09-24 21:39:07.396000
mh4uf7evdtrocj7v,failed,not_found,68,9A51C5D79C30B9F3B527EC77EF901DDAB76C3AB5,DCAA1CED7183B561D18CF580BE9933BD9168D101,BF0FB582E37F738CD33C3651125F2772705BB8E8,EBDD9A8BC45D0543D0FDC93940EE06E56E749A99,2020-09-24 21:39:07.397000,2020-09-24 21:39:09.328000
mh4uf7evdtrocj7v,failed,not_found,90,9A51C5D79C30B9F3B527EC77EF901DDAB76C3AB5,C0F3C0EF81D84182379AA4CA5AD5A5289D011145,230A8B2A8BA861210D9B4BA97745AEC217A94207,EBE718E1A49EE229071702964F8DB1F318075FF8,2020-09-24 21:39:09.329000,2020-09-24 21:39:14.161000
mh4uf7evdtrocj7v,failed,not_found,138,9A51C5D79C30B9F3B527EC77EF901DDAB76C3AB5,070229A4CC2CFFB24EB667298A7DB5E8D11EB701,DD0AA66DD9E4E71FFAFAB658DF8300F1CEEA0364,EBDE762412D1F0D75338053F5A5A9B6EE053D642,2020-09-24 21:39:14.162000,2020-09-24 21:39:15.096000
z4r3hnrge4em5qo7,failed,not_found,123,9A51C5D79C30B9F3B527EC77EF901DDAB76C3AB5,5ACC0FB6043235708F7E018E315101FA2194CBB4,4623A9EC53BFD83155929E56D6F7B55B5E718C24,A4E7318199A347B70E85B4C8581E608CAEDAD8AC,2020-09-24 21:39:01.569000,2020-09-24 21:39:14.849000
z4r3hnrge4em5qo7,failed,not_found,161,9A51C5D79C30B9F3B527EC77EF901DDAB76C3AB5,6199EFB9443F343D49CA795337D43A6543F24E74,32437FADA2B55E6F446870203311860AD8588569,DD5DA21CC5036533AE2010DE2C7E72BE2CDF9C5E,2020-09-24 21:39:14.849000,2020-09-24 21:39:17
z4r3hnrge4em5qo7,failed,not_found,188,9A51C5D79C30B9F3B527EC77EF901DDAB76C3AB5,62712B2C24A169B24336CD2FE2BE55DA67476C8B,77E01A5D31748474C4F5F086C2461E04A26B34F1,A4F11D693FAB6E949B2B7C18153C3F7989896007,2020-09-24 21:39:17,2020-09-24 21:39:19.508000
z4r3hnrge4em5qo7,failed,not_found,203,9A51C5D79C30B9F3B527EC77EF901DDAB76C3AB5,F4F92D8B840C2D053197AC3EF9C58F3DCFBB20FE,44FE825405384A8CE396D3369F45A4D62ECDAF66,A4DEEE8F4467621C0A3CB7F4E25CB6F7A11FAEE4,2020-09-24 21:39:19.509000,2020-09-24 21:39:20.366000
z4r3hnrge4em5qo7,failed,not_found,230,9A51C5D79C30B9F3B527EC77EF901DDAB76C3AB5,0512FE6BE9CCA0ED133152E64010B2FBA141EB10,39F096961ED2576975C866D450373A9913AFDC92,DD823AFB415380A802DCAEB9461AE637604107FB,2020-09-24 21:39:20.367000,2020-09-24 21:39:22.835000
z4r3hnrge4em5qo7,failed,not_found,267,9A51C5D79C30B9F3B527EC77EF901DDAB76C3AB5,E14B30A83FF80C576B2EC0F2C8A5F29D41B8DC8E,BAF223E9DF62D3261F1675C6CFC4E5D50F15FA57,DD8BD7307017407FCC36F8D04A688F74A0774C02,2020-09-24 21:39:22.836000,2020-09-24 21:39:24.673000
yhvnwjqlnx2vtcrz,failed,not_found,25,9A51C5D79C30B9F3B527EC77EF901DDAB76C3AB5,A7B204645DAC7AFDB5046EF0013C5BDC2CF09456,58F3E2956EABB81F673E2FB90E16E001DB4AC3AE,903A2A7991C838E70FF5A586CD387749B3589669,2020-09-24 21:39:01.595000,2020-09-24 21:39:04.252000
yhvnwjqlnx2vtcrz,failed,not_found,33,9A51C5D79C30B9F3B527EC77EF901DDAB76C3AB5,91BAB54C6923454F4E5EDC59313C45002B238665,61004152C709672EE739F2667B56EF5550A51332,90633012A1A752D8D02FEC8374A4BF98941A1900,2020-09-24 21:39:04.253000,2020-09-24 21:39:05.095000
yhvnwjqlnx2vtcrz,failed,not_found,50,9A51C5D79C30B9F3B527EC77EF901DDAB76C3AB5,E00DFD54DC165D5452FBD3530D30186DAD016A0C,E59CC0060074E14CA8E9469999B862C5E1CE49E9,557B39146EB121C8CFA22C48AD78BDBDBC8FF3A1,2020-09-24 21:39:05.095000,2020-09-24 21:39:07.270000
yhvnwjqlnx2vtcrz,failed,not_found,67,9A51C5D79C30B9F3B527EC77EF901DDAB76C3AB5,8358BDDA9C9A680B4E3A2809E5C24F5B3624D5C2,63540827C4832D214984EA47B7A68C593F9F862F,5582BBEC12380E34D7DFB8C237939A0B317B205E,2020-09-24 21:39:07.271000,2020-09-24 21:39:09.303000
yhvnwjqlnx2vtcrz,failed,not_found,89,9A51C5D79C30B9F3B527EC77EF901DDAB76C3AB5,6DFEB41C04CCE846871338E85DD5ACF5CFB6C1DD,547C1CDB516798EC66A01F04A5884DCE1A151919,5598C4CE251DD848C2C743DEF457EDEFAF3105C4,2020-09-24 21:39:09.304000,2020-09-24 21:39:11.259000
yhvnwjqlnx2vtcrz,failed,not_found,113,9A51C5D79C30B9F3B527EC77EF901DDAB76C3AB5,F5FF69763918E7107AFD712F49E16BCECAF550AC,99339F3E68BCCC1391BF14C821D80766FE0C5956,903044B185D293317A0CB4E7EB7FF898B076E3CB,2020-09-24 21:39:11.259000,2020-09-24 21:39:13.358000
226nndztcsunkdht,failed,not_found,26,9A51C5D79C30B9F3B527EC77EF901DDAB76C3AB5,DC40A59D4D744F2C3C7A655EC6BF3A59AFA1C66C,DD0AA66DD9E4E71FFAFAB658DF8300F1CEEA0364,AE1337069C16BD843B6767328919C3349770459D,2020-09-24 21:39:01.734000,2020-09-24 21:39:03.828000
226nndztcsunkdht,failed,not_found,35,9A51C5D79C30B9F3B527EC77EF901DDAB76C3AB5,2779DB3B7A0EEC32F39792E393CAA134847BBF6C,D079D6818926684C5979C18171FB18862A4A5792,AE236568ED01527850FA0D5BEFBBF6C6BDA47AF0,2020-09-24 21:39:03.829000,2020-09-24 21:39:06.180000
226nndztcsunkdht,failed,not_found,49,9A51C5D79C30B9F3B527EC77EF901DDAB76C3AB5,4F0E5D4E184C40E2B9A89664005B308A1DEE3756,1CD48F4ED0F1821FFBF1940802A13EEFD4C27502,59680308004ED32F04E1C56AB9C68B14CC7B5B7C,2020-09-24 21:39:06.181000,2020-09-24 21:39:07.621000
226nndztcsunkdht,failed,not_found,69,9A51C5D79C30B9F3B527EC77EF901DDAB76C3AB5,C303038FDCC72805A160FF64E994333A49ECDA71,2935E0F03B71BE44F6F265FEF976E810BAAD6F4E,AE2A1BEA5F2D240B721DB02F0705C0F484BD82D4,2020-09-24 21:39:07.622000,2020-09-24 21:39:10.264000
226nndztcsunkdht,failed,not_found,99,9A51C5D79C30B9F3B527EC77EF901DDAB76C3AB5,BFD3FC19AD1F691C01B5392DE90D3510B8D1B886,3FFBA34E170D3377500E3E21BB3429345967532F,5974B3F4C66D83BBC9622E0F0F023FE48428DB9B,2020-09-24 21:39:10.265000,2020-09-24 21:39:13.148000
226nndztcsunkdht,failed,not_found,140,9A51C5D79C30B9F3B527EC77EF901DDAB76C3AB5,CC6910CF21D17C1BD68FE224CE7685BEB42558A8,6B9EA8927AB6E94E216067E65372182343A5AFA2,595E9FA86E06021D53465FF0365C7FF92A4A115D,2020-09-24 21:39:13.149000,2020-09-24 21:39:15.247000
vc4qqqhspsubpmhy,failed,not_found,27,9A51C5D79C30B9F3B527EC77EF901DDAB76C3AB5,DC3A65CF4E1BB0A0B98B438297E0C4171516122D,44496B18C68356AF3A58ACAD835429C37B9432ED,947FFF456CFCEF5DCAB09422E1945A8D21AEEC62,2020-09-24 21:39:01.756000,2020-09-24 21:39:04.298000
vc4qqqhspsubpmhy,failed,not_found,37,9A51C5D79C30B9F3B527EC77EF901DDAB76C3AB5,B058FBDEA69774C28EAC1111E167BC0AD4A904E0,88D5F0BD87F9BC1A96FCBFDCEDB1C0E6BAB1D14E,3FF0DD5AC13713D319E09C40E93E0D26717B851D,2020-09-24 21:39:04.299000,2020-09-24 21:39:06.710000
vc4qqqhspsubpmhy,failed,not_found,58,9A51C5D79C30B9F3B527EC77EF901DDAB76C3AB5,DEF35CE8FCC5B5ED35DEC379A9EDF420FF419677,14E72D4DA10B66353E583F26EE04AC0D563EA7EF,3FEBFB6A491D30CACC2C2995EDB41717A6F94E95,2020-09-24 21:39:06.711000,2020-09-24 21:39:09.464000
vc4qqqhspsubpmhy,failed,not_found,91,9A51C5D79C30B9F3B527EC77EF901DDAB76C3AB5,053C847373A2F82106370DBB016B5E8A14DA9101,9E6BA60AFBF9A4946A52770ABCDFC95703DAD6CB,94890F37CE0CD5D020773CA7A0E397AA592E5AF3,2020-09-24 21:39:09.464000,2020-09-24 21:39:11.747000
vc4qqqhspsubpmhy,failed,not_found,120,9A51C5D79C30B9F3B527EC77EF901DDAB76C3AB5,7A2A6F39F485C4FC95FB885FFF37C436FD2BB7E5,2507E6A97AC52DC09FA519D31340156EEC626A5B,3FE39429CB7077BBB13D2774591A1B80EE493742,2020-09-24 21:39:11.748000,2020-09-24 21:39:13.720000
vc4qqqhspsubpmhy,failed,not_found,144,9A51C5D79C30B9F3B527EC77EF901DDAB76C3AB5,DB5DE88B4914F60CDEEF581ECCA8DEA59EF26A90,73DCA56424912F69F1478D6630DF27CFE8F41439,946DFB46168670825EC1A725D178D4BE087BF6E1,2020-09-24 21:39:13.721000,2020-09-24 21:39:15.976000
hds723z4tzhzx6ll,failed,not_found,39,9A51C5D79C30B9F3B527EC77EF901DDAB76C3AB5,E3D61BAEA0B7CB12CACEDC8821C520557BDFCEA3,EEDF0AF1F892C82F056063827B47283CC9AEAA41,9E0058300401F6687EAE59F9FE82DB89230344C1,2020-09-24 21:39:04.552000,2020-09-24 21:39:07.245000
hds723z4tzhzx6ll,failed,not_found,53,9A51C5D79C30B9F3B527EC77EF901DDAB76C3AB5,5A224EFAC453F7EF2D0435E336890DECDC5CEBFD,D10B9112E59DEAA4C6FA507521E61EB86D2C2A7E,9DEEACDE2C4947EDCCAF453C76ED0EC0F2B684A6,2020-09-24 21:39:07.246000,2020-09-24 21:39:08.349000
hds723z4tzhzx6ll,failed,not_found,76,9A51C5D79C30B9F3B527EC77EF901DDAB76C3AB5,8CCED391D2E1B6ED1E78769FBDCFB70E5C91849D,FEDF4998951A750D5D7974DF243035499E84882E,53B8B5C2A33C489B54300D558BFEE2C3B12F3875,2020-09-24 21:39:08.350000,2020-09-24 21:39:10.382000
hds723z4tzhzx6ll,failed,not_found,101,9A51C5D79C30B9F3B527EC77EF901DDAB76C3AB5,FD79B7F9230858B48E75F389661840C702511078,0CAFFFE470E88AF156D6750B616995B3790F24EF,9E198CC6DA30481F42E4A22E29E4A922C12F9F94,2020-09-24 21:39:10.383000,2020-09-24 21:39:12.907000
hds723z4tzhzx6ll,failed,not_found,136,9A51C5D79C30B9F3B527EC77EF901DDAB76C3AB5,C8B23EA543FAD6F820E5841A8380DC28C83AEA0F,D6E4F36157A6795FC8E3515A595A4BFC80F150E4,53C9F4954E7A7332BB0C610C5B8E04CA065AF29B,2020-09-24 21:39:12.908000,2020-09-24 21:39:15.611000
hds723z4tzhzx6ll,failed,not_found,169,9A51C5D79C30B9F3B527EC77EF901DDAB76C3AB5,58E89A05564E6844FACC5D78A73EF593222561A2,66BD39FE805AED414ADE400CAAD862C9CC3AC34E,53B379F4063B3B91B24A7DFFCC2F6533F51B3245,2020-09-24 21:39:15.612000,2020-09-24 21:39:18.467000
kzqw2ji7wsv7djte,failed,not_found,40,9A51C5D79C30B9F3B527EC77EF901DDAB76C3AB5,8E7ACAD878BBD61097C0E0D557160F5D59BCE5CA,C93000A754F1927ACD3B60734BD8D417868BF043,46F90EF3A3628C134DBB4654D0E4FF7EB914B690,2020-09-24 21:39:04.614000,2020-09-24 21:39:06.566000
kzqw2ji7wsv7djte,failed,not_found,56,9A51C5D79C30B9F3B527EC77EF901DDAB76C3AB5,061E0496931D23A81A2B685C9339D36857DD0FA1,FE9CB0E0629636EBD8D0C71F46E387B944C01BCF,46E0487EEEFD694CE625CC6E12D032395C01DB82,2020-09-24 21:39:06.567000,2020-09-24 21:39:08.772000
kzqw2ji7wsv7djte,failed,not_found,82,9A51C5D79C30B9F3B527EC77EF901DDAB76C3AB5,912B7597346A74A44AD4B6068C645772B758DCB7,CB1CE5D58F07BCACBD06FBA82ED2359D5E8CE911,5ACC0FB6043235708F7E018E315101FA2194CBB4,2020-09-24 21:39:08.772000,2020-09-24 21:39:10.494000
kzqw2ji7wsv7djte,failed,not_found,102,9A51C5D79C30B9F3B527EC77EF901DDAB76C3AB5,9A48EC8AAFB2E8C9E20408596383DB74F1196747,AE17FAAF8F302A506AF2167666EC62882804403F,46EC7BB31BFEC251B89E0C0715DEC4AA8208A1BA,2020-09-24 21:39:10.495000,2020-09-24 21:39:12.476000
kzqw2ji7wsv7djte,failed,not_found,128,9A51C5D79C30B9F3B527EC77EF901DDAB76C3AB5,74A55E12F6A9FD17165A356C00407F4D206E8368,66DFC51E724E38DDCB3AB67DDF4C0BB0F1F49C0B,5ADA85FC78D694F57ADBDCDF3EA7CC39CA552A85,2020-09-24 21:39:12.476000,2020-09-24 21:39:14.828000
kzqw2ji7wsv7djte,failed,not_found,160,9A51C5D79C30B9F3B527EC77EF901DDAB76C3AB5,331452F317390D3C78BCD759170699E55C5570C9,69B53A5AE5025DA8947F7C32F69CA90375ED2A4E,5AD3FB658E490BAD9515F363374AA41D65D31A02,2020-09-24 21:39:14.829000,2020-09-24 21:39:16.967000
omzcrbwmsphbzrwc,failed,not_found,41,9A51C5D79C30B9F3B527EC77EF901DDAB76C3AB5,0F6E5CA4BF5565D9AA9FDDCA165AFC6A5305763D,8ABC4D5F6182C7E79B087D1ED9E5CF652C83E52C,89FD4FB2A5FD73B50F2E5D85C4707883F8CD5130,2020-09-24 21:39:04.615000,2020-09-24 21:39:06.977000
omzcrbwmsphbzrwc,failed,not_found,64,9A51C5D79C30B9F3B527EC77EF901DDAB76C3AB5,AA7630738F82C4DF26BB8EFF131564DACDEAC64C,4825FABA5D4A44E6DFC307544EF15F15FB37FA49,89C7E852CC2FA537ED78775ADC3BEA24672B4154,2020-09-24 21:39:06.977000,2020-09-24 21:39:09.171000
omzcrbwmsphbzrwc,failed,not_found,88,9A51C5D79C30B9F3B527EC77EF901DDAB76C3AB5,2AE2CA4BD2B7754F29432C25E03314D52AC4CAF1,103336165A0D2EFCAD3605339843A0A7710B8B92,89AE5F96CB97919EF13B172E0E4E2CB50CC33F1A,2020-09-24 21:39:09.172000,2020-09-24 21:39:11.250000
omzcrbwmsphbzrwc,failed,not_found,112,9A51C5D79C30B9F3B527EC77EF901DDAB76C3AB5,DC9E3C6576CC9A04AAE1C465210A972A722571A0,D14EC16949648CEE84EA1664445029EA4B597074,73A5A81688BD536BFBABE18630F5BD6306C9AC8E,2020-09-24 21:39:11.251000,2020-09-24 21:39:13.016000
omzcrbwmsphbzrwc,failed,not_found,139,9A51C5D79C30B9F3B527EC77EF901DDAB76C3AB5,876C7CE43774366250D3E768E690DAB9D4B5D5A3,E5CC91BAFE7CCD68003E873D32E38027638D49D7,73CC65219889443C06E06A0B6D427B1FE1C37379,2020-09-24 21:39:13.016000,2020-09-24 21:39:14.785000
omzcrbwmsphbzrwc,failed,not_found,217,9A51C5D79C30B9F3B527EC77EF901DDAB76C3AB5,FF06E7A068A1CA66CE593DCE85E2477807C48302,D237E2F1FE64CA47F40544CB53403ABF8F51C3D8,73C4C4AE90A8F83D3A091B395C7D5B913D50604D,2020-09-24 21:39:14.786000,2020-09-24 21:39:21.996000
33ckk5uh7pczpwux,failed,not_found,42,9A51C5D79C30B9F3B527EC77EF901DDAB76C3AB5,037BCD0EBDF7DB9F3D562DA27D463F0F78F1494B,D4C381686A379E3CC3C09F95E1F6E4BFF27C489C,C9BC841E180B35F229FD47664F84CF8A8ADB3F68,2020-09-24 21:39:04.615000,2020-09-24 21:39:06.816000
33ckk5uh7pczpwux,failed,not_found,63,9A51C5D79C30B9F3B527EC77EF901DDAB76C3AB5,014BD09636373B78CC28BA70E36C7190E3DE236A,92BBADCB0697F5EB1792C607EE2DC1C291A98ADC,C9D02B1644BD47C136E379FDFAF4973D1A1CE07C,2020-09-24 21:39:06.816000,2020-09-24 21:39:08.806000
33ckk5uh7pczpwux,failed,not_found,83,9A51C5D79C30B9F3B527EC77EF901DDAB76C3AB5,EEDF0AF1F892C82F056063827B47283CC9AEAA41,8CA736F332937E4FA0F5F48488B823F31883123C,C9DF39AABF4E34309E04E1E56DB9FA6CF37AE140,2020-09-24 21:39:08.807000,2020-09-24 21:39:11.021000
33ckk5uh7pczpwux,failed,not_found,111,9A51C5D79C30B9F3B527EC77EF901DDAB76C3AB5,1CD48F4ED0F1821FFBF1940802A13EEFD4C27502,D53AE170BF6650A2C6640484FE1B5DD1C0AB895B,86CDD0D92AB972538416A382D99666736CDDF141,2020-09-24 21:39:11.022000,2020-09-24 21:39:14.697000
33ckk5uh7pczpwux,failed,not_found,156,9A51C5D79C30B9F3B527EC77EF901DDAB76C3AB5,CA95B3584C44DED8107AF5B3D8C25C562CC64DD4,F5C3DA7642BB037E0D279359AE88CD7FC03A98A0,86F2828CB4B0875515607F4E2097951542B713EF,2020-09-24 21:39:14.697000,2020-09-24 21:39:16.553000
33ckk5uh7pczpwux,failed,not_found,181,9A51C5D79C30B9F3B527EC77EF901DDAB76C3AB5,5790B62AD6C79A1092B30993A8F0F7F23A969FD6,FD449127D30D8F5D124653D9EF736EDF4A12B4DC,86D924EDE1498B4E1DD08D2260F3E9FE454012E1,2020-09-24 21:39:16.554000,2020-09-24 21:39:18.574000
f3oskyyxfqfot7gw,failed,not_found,46,9A51C5D79C30B9F3B527EC77EF901DDAB76C3AB5,EA3616A0B9BBBDC74121D8D6F01EABDDCF6BE35D,8C9BAB83C944DBD8B321F822706F0A5E6D48A484,E5A3CA10182C35F691BCF678F193D10F4B0F972F,2020-09-24 21:39:04.757000,2020-09-24 21:39:07.691000
f3oskyyxfqfot7gw,failed,not_found,70,9A51C5D79C30B9F3B527EC77EF901DDAB76C3AB5,3FE39429CB7077BBB13D2774591A1B80EE493742,CC701FCE86D6AF95FC3D5B71645D3430794910C1,E5A3F4D29B0E3AC5DD93D9921FE203702F558BD0,2020-09-24 21:39:07.691000,2020-09-24 21:39:09.517000
f3oskyyxfqfot7gw,failed,not_found,92,9A51C5D79C30B9F3B527EC77EF901DDAB76C3AB5,450AB46ADFD541B3905A5C6140BC53EB8C68C9A5,F4FB9A80308AE71CA8057F4158DD6B3C8EE375F9,6B185DEEB249E4BA6182ECA077530C45E98A6C5F,2020-09-24 21:39:09.517000,2020-09-24 21:39:12.839000
f3oskyyxfqfot7gw,failed,not_found,134,9A51C5D79C30B9F3B527EC77EF901DDAB76C3AB5,79D110419709C4B3D1F92FC3CE121B5317DBE8B3,FA8138622F8EBE01091BEE60810AB2F0DD6E4D21,6B0962E99C62CFDFCAD6D91384B11D499FCE6D46,2020-09-24 21:39:12.840000,2020-09-24 21:39:15.963000
f3oskyyxfqfot7gw,failed,not_found,174,9A51C5D79C30B9F3B527EC77EF901DDAB76C3AB5,A3AFBDEE30238E44899C9F8B7666D12B09C8EE32,6ED3BE22B2261258017B3F0584706265985D7AE9,6B13A2C3331FB5F8B37F0AEE9341D5CF1C21F3AD,2020-09-24 21:39:15.964000,2020-09-24 21:39:18.468000
f3oskyyxfqfot7gw,failed,not_found,206,9A51C5D79C30B9F3B527EC77EF901DDAB76C3AB5,22E6FBDB8D77B4C0FA017D6C5F9B45BECDCBCFF8,081C9DF6A615A300B382C004DFE2CC37B561C9A0,E5AA85FA69CDC31900C86E6427C7E5DE11DE9E2D,2020-09-24 21:39:18.469000,2020-09-24 21:39:20.475000
ydq26f4krmbyhrnz,failed,not_found,47,9A51C5D79C30B9F3B527EC77EF901DDAB76C3AB5,8A5E7C2D09835974B4D58252BAD51FD8AD54F9CE,44BD70C13DAA7513D6F47773804178B009F21ED5,A36D13036750E477E0C5628A5BE4FECB63286D80,2020-09-24 21:39:04.780000,2020-09-24 21:39:07.012000
ydq26f4krmbyhrnz,failed,not_found,66,9A51C5D79C30B9F3B527EC77EF901DDAB76C3AB5,90D43CF5541ECF57C1833FED33FFDFF239C4817C,1C8B3C3D8BC705883B7799C915B2FE1E0FEB006F,0AAF0B549639B01EDB6E190C8551EDC2C8EDA2A5,2020-09-24 21:39:07.013000,2020-09-24 21:39:08.914000
ydq26f4krmbyhrnz,failed,not_found,84,9A51C5D79C30B9F3B527EC77EF901DDAB76C3AB5,64E257D94E739278D5954CC820C9D7EAC4E7A7B7,F3936F97C14EFCFD18154DF4443B91FEDD071F47,A3901DDB7799A11E9BAB90BD1DDA734DBA196337,2020-09-24 21:39:08.915000,2020-09-24 21:39:10.785000
ydq26f4krmbyhrnz,failed,not_found,107,9A51C5D79C30B9F3B527EC77EF901DDAB76C3AB5,53134D9637D9FBE565FA1E3AF82B23CC964C56D6,FD449127D30D8F5D124653D9EF736EDF4A12B4DC,A389C523BE3B29EA59C75AC557BF5CFB69586DCB,2020-09-24 21:39:10.786000,2020-09-24 21:39:12.840000
ydq26f4krmbyhrnz,failed,not_found,135,9A51C5D79C30B9F3B527EC77EF901DDAB76C3AB5,05B451C0562FDE23307AFA84FD6A37652E615233,F0AE51D182DA3B1FB452666EE3E5EA906C431CBF,0AB05FC63CF9AC7070C1D89BB1A1189C319E1A92,2020-09-24 21:39:12.840000,2020-09-24 21:39:14.986000
ydq26f4krmbyhrnz,failed,not_found,165,9A51C5D79C30B9F3B527EC77EF901DDAB76C3AB5,61004152C709672EE739F2667B56EF5550A51332,B9EAEADEDD4937363CD25FCD7022E55764B8DBBA,0A9771723D8DE2E015718303DCC8BCD88AFC620A,2020-09-24 21:39:14.987000,2020-09-24 21:39:17.172000
fg3lemdxjopj63pp,failed,not_found,51,9A51C5D79C30B9F3B527EC77EF901DDAB76C3AB5,1684B30AE2ADD371E5D3A8B3F28ACA4CE9CA2E00,F24F8BEA2779A79111F33F6832B062BED306B9CB,9E836A0C79C4FFDC2DC364916FD290177FF7F185,2020-09-24 21:39:05.720000,2020-09-24 21:39:07.920000
fg3lemdxjopj63pp,failed,not_found,73,9A51C5D79C30B9F3B527EC77EF901DDAB76C3AB5,9AFAFAF168741F001305BBD122B7A7DBA8665353,AECBAD3537B7E5D2BF2967B627D23E36283B3D2A,ABF940561A8E528559747D2237847E1BD823CDB8,2020-09-24 21:39:07.920000,2020-09-24 21:39:09.968000
fg3lemdxjopj63pp,failed,not_found,96,9A51C5D79C30B9F3B527EC77EF901DDAB76C3AB5,138ED47EE2156E6492FDE0B61338D973C9717F32,8E5F4EE45E0631A60E59CAA42E1464FD7120459D,AC2275831607A95CD8B939C3B8DC466CCF48E2B9,2020-09-24 21:39:09.968000,2020-09-24 21:39:11.661000
fg3lemdxjopj63pp,failed,not_found,116,9A51C5D79C30B9F3B527EC77EF901DDAB76C3AB5,B13C2C569F3FD0C530B7D96E5FF7933DF7A0E834,211310CD09EC290505C1F24018AE5330076412A0,9E8FB4EFEF3A6B62D0F0152B0606753D413BE337,2020-09-24 21:39:11.662000,2020-09-24 21:39:14.379000
fg3lemdxjopj63pp,failed,not_found,151,9A51C5D79C30B9F3B527EC77EF901DDAB76C3AB5,73A62B590CC4F290D068FA20A12D6408A0D8B60C,C2F653A5CEE30C8D5713FA4AE7F75E992A479196,9E6BA60AFBF9A4946A52770ABCDFC95703DAD6CB,2020-09-24 21:39:14.379000,2020-09-24 21:39:16.741000
fg3lemdxjopj63pp,failed,not_found,187,9A51C5D79C30B9F3B527EC77EF901DDAB76C3AB5,98F788200CC64060695B07555F09A8FE47679AC8,E3E75603998661EA67C6767493FC606830DDC345,AC00AEBA1AE2A80CF4184C4362157BF91487B902,2020-09-24 21:39:16.742000,2020-09-24 21:39:19.396000
7uhrz2whqttaay7f,failed,not_found,52,9A51C5D79C30B9F3B527EC77EF901DDAB76C3AB5,B0DB2F173F0DB364BABF7A465D796B3C048F1F33,114FB145113A8D53818F0BA9363DFBC81DC8447F,A8B887B3DC8B864E2F0B58F92B0C10D493B5AFFE,2020-09-24 21:39:05.731000,2020-09-24 21:39:07.921000
7uhrz2whqttaay7f,failed,not_found,74,9A51C5D79C30B9F3B527EC77EF901DDAB76C3AB5,2F2710152A2344B1DE3EF619E85CB1B298643D27,54F5D800DD9783FCF2200E80EF3D1A867A3F6D6B,9973E1E9730A58FDBA9E112D2B3342D2C0D921B5,2020-09-24 21:39:07.921000,2020-09-24 21:39:10.322000
7uhrz2whqttaay7f,failed,not_found,100,9A51C5D79C30B9F3B527EC77EF901DDAB76C3AB5,DBE82FA23B9FE3CB2462A6FCF5289DED3CBF4AEE,9C34EAD957DF77978BCF356F3F96B9A79E3961CB,A8C29881A396DD0B00FC4C794C0EF68554F8CA68,2020-09-24 21:39:10.323000,2020-09-24 21:39:12.194000
7uhrz2whqttaay7f,failed,not_found,110,9A51C5D79C30B9F3B527EC77EF901DDAB76C3AB5,41A3C16269C7B63DB6EB741DBDDB4E1F586B1592,5C01B2D72D75F109550963F810C2010BDA208549,998A0704E0AA4F373A7CEA51628E895320EC2EDB,2020-09-24 21:39:12.195000,2020-09-24 21:39:13.623000
7uhrz2whqttaay7f,failed,not_found,141,9A51C5D79C30B9F3B527EC77EF901DDAB76C3AB5,1D54F7CCB7C7A185EE8AA5616C079DD923EB57F2,113143469021882C3A4B82F084F8125B08EE471E,A8AC5C1BA09DB94123E2BB990984B8A89E2896B0,2020-09-24 21:39:13.623000,2020-09-24 21:39:15.793000
7uhrz2whqttaay7f,failed,not_found,172,9A51C5D79C30B9F3B527EC77EF901DDAB76C3AB5,288C100FFA656938C23F32207CAF0DA932ECD247,856DAB2FDC9EED88A27BE2265FA6BD5489EF178E,9971F51A3274758B5C59E1D6580ED2C13E13CBEC,2020-09-24 21:39:15.794000,2020-09-24 21:39:17.817000
c2pghcppxlgly4ab,failed,not_found,60,9A51C5D79C30B9F3B527EC77EF901DDAB76C3AB5,09A70E396DE93F54D4541BBB0EC8E2B23761F34F,E3D61BAEA0B7CB12CACEDC8821C520557BDFCEA3,66F8C32B94D73B51A5D2FA079C6A09047C9ABA71,2020-09-24 21:39:06.729000,2020-09-24 21:39:08.984000
c2pghcppxlgly4ab,failed,not_found,86,9A51C5D79C30B9F3B527EC77EF901DDAB76C3AB5,AE17FAAF8F302A506AF2167666EC62882804403F,645C3F0545E0975A49F69EC272C0C3EA28586825,66FE9812C3545F0651C0EE7342751EFB52513FAA,2020-09-24 21:39:08.985000,2020-09-24 21:39:11.236000
c2pghcppxlgly4ab,failed,not_found,98,9A51C5D79C30B9F3B527EC77EF901DDAB76C3AB5,F31C03A766FAA33B62B12105D822FFE69A3BB0E5,66BD39FE805AED414ADE400CAAD862C9CC3AC34E,CE58CF666F209857502FCEAF1CB52F638AFFBD63,2020-09-24 21:39:11.236000,2020-09-24 21:39:12.366000
c2pghcppxlgly4ab,failed,not_found,127,9A51C5D79C30B9F3B527EC77EF901DDAB76C3AB5,8EB722FA1AE9DDE1914BC21FEA22819D4DE99DB4,34133CC3192CF7538089B14511400DF21BA5A077,CE68E04E721157C4FEB99FFAA9037F3B0B7E1CCD,2020-09-24 21:39:12.366000,2020-09-24 21:39:15.092000
c2pghcppxlgly4ab,failed,not_found,149,9A51C5D79C30B9F3B527EC77EF901DDAB76C3AB5,73713518E8BD7110D0C6D84F0682C1E0B7541F79,54F5D800DD9783FCF2200E80EF3D1A867A3F6D6B,66F3438B93260F9AC2DFE879BD6A3F830DCE9366,2020-09-24 21:39:15.092000,2020-09-24 21:39:17.755000
c2pghcppxlgly4ab,failed,not_found,197,9A51C5D79C30B9F3B527EC77EF901DDAB76C3AB5,9AFAFAF168741F001305BBD122B7A7DBA8665353,CA95B3584C44DED8107AF5B3D8C25C562CC64DD4,CE47F0356D86CF0A1A2008D97623216D560FB0A8,2020-09-24 21:39:17.755000,2020-09-24 21:39:20.099000
q3h6lgub6tsgs4ti,failed,not_found,61,9A51C5D79C30B9F3B527EC77EF901DDAB76C3AB5,BA820A3CA53A4956C76C04B3BA170D7E67D2179A,081C9DF6A615A300B382C004DFE2CC37B561C9A0,F1855E09E867ECD00A4CB7D36D58170A7574C0FF,2020-09-24 21:39:06.752000,2020-09-24 21:39:09.091000
q3h6lgub6tsgs4ti,failed,not_found,75,9A51C5D79C30B9F3B527EC77EF901DDAB76C3AB5,E6C04728E9339DF22F331B7017D4A7AA3F252F0B,4060BE838E47FDFFFEB045CAF6630AC663AE2AD2,419C3FC74B87C36EEE3AD9140ED3ECE429825CF5,2020-09-24 21:39:09.092000,2020-09-24 21:39:10.046000
q3h6lgub6tsgs4ti,failed,not_found,87,9A51C5D79C30B9F3B527EC77EF901DDAB76C3AB5,C3799054BC7F0D201FB7C0F9DE31BF1F3D868A37,0B25110BA3473A6DC04AB58A3A0D5E4D6922A0E0,41A3C16269C7B63DB6EB741DBDDB4E1F586B1592,2020-09-24 21:39:10.047000,2020-09-24 21:39:10.855000
q3h6lgub6tsgs4ti,failed,not_found,108,9A51C5D79C30B9F3B527EC77EF901DDAB76C3AB5,4B351545DD58473F36B0A20E5500AC6ED51E8CD5,F4C0EDAA0BF0F7EC138746F8FEF1CE26C7860265,41D2F6D866E7638138CF9F282A280F96BD020D25,2020-09-24 21:39:10.855000,2020-09-24 21:39:13.961000
q3h6lgub6tsgs4ti,failed,not_found,148,9A51C5D79C30B9F3B527EC77EF901DDAB76C3AB5,0BC314281C83167F24C7CFCD68DE069B02A92345,42B4F52C5B11E4D39855F654955425B0D5A0598B,F1A7CE1B1D558DC24E39B6B30FF217ECCEECF141,2020-09-24 21:39:13.962000,2020-09-24 21:39:15.964000
q3h6lgub6tsgs4ti,failed,not_found,175,9A51C5D79C30B9F3B527EC77EF901DDAB76C3AB5,562434D987CF49D45649B76ADCA993BEA8F78471,8A6F5A21493685B50F1B46A87A2099D6C410F237,F19461FDDD9EA9352E48026168881F8778277786,2020-09-24 21:39:15.965000,2020-09-24 21:39:18.575000
kwoowhnjvdb5tg6j,failed,not_found,71,9A51C5D79C30B9F3B527EC77EF901DDAB76C3AB5,E130296683B896A117CE5DA531A5645644178734,863FDDA3CA537CE03646B3AEBD3FD1CC6B077FBE,0AAF0B549639B01EDB6E190C8551EDC2C8EDA2A5,2020-09-24 21:39:07.727000,2020-09-24 21:39:09.967000
kwoowhnjvdb5tg6j,failed,not_found,95,9A51C5D79C30B9F3B527EC77EF901DDAB76C3AB5,6A2676DACAFDBD00C5B94BD343690957A12BB758,3A30D99AE164733D16AA3A86D67B1D8B82A07FF5,0AB05FC63CF9AC7070C1D89BB1A1189C319E1A92,2020-09-24 21:39:09.968000,2020-09-24 21:39:11.684000
kwoowhnjvdb5tg6j,failed,not_found,176,9A51C5D79C30B9F3B527EC77EF901DDAB76C3AB5,C1939D36649DE98A202429631D8EFC70128D5F5F,F0C9513539800F762ECAE37F16370D7CBA5E52C2,E8C80BE6CA6E90CFFA941027668539EBDCE4EF1A,2020-09-24 21:39:11.684000,2020-09-24 21:39:18.697000
kwoowhnjvdb5tg6j,failed,not_found,208,9A51C5D79C30B9F3B527EC77EF901DDAB76C3AB5,CDA2C336AD87E22DF02983887A3F74B21070D02D,554CE9DE4480AC2F11825BEE0CD543CC14FE9C43,0A9771723D8DE2E015718303DCC8BCD88AFC620A,2020-09-24 21:39:18.697000,2020-09-24 21:39:20.999000
kwoowhnjvdb5tg6j,failed,not_found,240,9A51C5D79C30B9F3B527EC77EF901DDAB76C3AB5,22E6FBDB8D77B4C0FA017D6C5F9B45BECDCBCFF8,C7E7D8C4850D6A4EFA848F7C3922F4CA3442E4C1,E8D114B3C78D8E6E7FEB1004650DD632C2143C9E,2020-09-24 21:39:21,2020-09-24 21:39:22.979000
kwoowhnjvdb5tg6j,failed,not_found,271,9A51C5D79C30B9F3B527EC77EF901DDAB76C3AB5,AED04C65D2D0D70DB2932D7D5A0BA58169168CC1,724E86E7F5DA715529DC0ECAA013AE4BDC680E4C,E8C8667CAF3D5148E52ECF736A7B204982F78EAA,2020-09-24 21:39:22.979000,2020-09-24 21:39:24.785000
wa44x52dt7m3fvzp,failed,not_found,72,9A51C5D79C30B9F3B527EC77EF901DDAB76C3AB5,C3E0E9EA1FF3FCFC27E856BFE61533020DD7F090,26220AEA188B8D0E47BB541E1A616EB3AD70295F,D43EF31799FDCE5A235D1E76F4324C00F6804B05,2020-09-24 21:39:07.745000,2020-09-24 21:39:09.983000
wa44x52dt7m3fvzp,failed,not_found,97,9A51C5D79C30B9F3B527EC77EF901DDAB76C3AB5,174D93DF6242BD4ABE2C09E6607892C3A3905675,E36536404200A74930DB165858BD5BB554D2BEA2,D9B91878B46BB80E6D752E876BF9D481EFEAC5BF,2020-09-24 21:39:09.984000,2020-09-24 21:39:11.817000
wa44x52dt7m3fvzp,failed,not_found,121,9A51C5D79C30B9F3B527EC77EF901DDAB76C3AB5,21EB2176DFD7364A8E3705ABF518E880362425FC,5A224EFAC453F7EF2D0435E336890DECDC5CEBFD,D9D6C35E932FEF7100A00C99C199356E82DAB7E6,2020-09-24 21:39:11.818000,2020-09-24 21:39:13.718000
wa44x52dt7m3fvzp,failed,not_found,142,9A51C5D79C30B9F3B527EC77EF901DDAB76C3AB5,8ABC4D5F6182C7E79B087D1ED9E5CF652C83E52C,3239007CE1FB2ECDFDF2067DF23B949295DC5EF6,DA13C3CD7EB23CDFD739C31855658BC5B63841EE,2020-09-24 21:39:13.719000,2020-09-24 21:39:16.069000
wa44x52dt7m3fvzp,failed,not_found,196,9A51C5D79C30B9F3B527EC77EF901DDAB76C3AB5,AD7552F2CFBF472F9FFE748D3E82994EA6050A76,2BE597D0A2255A4E8F44CBFB126B7A7A12A9737B,D439FC3B5F0A81796F4622320197A90032CAE4DB,2020-09-24 21:39:16.070000,2020-09-24 21:39:22.425000
wa44x52dt7m3fvzp,failed,not_found,258,9A51C5D79C30B9F3B527EC77EF901DDAB76C3AB5,722BA3958D6F4B9A7CE927001CE7FED8625A749E,79C674E6C1AC90687CCCF644D24C17AC1E535A3C,D4825DF61F9C8FC64C57CFAE943BF1D705B06ACE,2020-09-24 21:39:22.426000,2020-09-24 21:39:24.636000
4g3lrkfwi35cbr3j,failed,not_found,80,9A51C5D79C30B9F3B527EC77EF901DDAB76C3AB5,3F065BB0B02FB2303E144383D16C47A7DED75AE7,56781CCC9F6D29FEA148799AB588429C893A473C,AF1F15819AC766D6508A2B05DA989E99AB511F9F,2020-09-24 21:39:08.734000,2020-09-24 21:39:10.575000
4g3lrkfwi35cbr3j,failed,not_found,103,9A51C5D79C30B9F3B527EC77EF901DDAB76C3AB5,021DDCD687FD505B7EA7E75DA6CEF0D778AA07FB,64B43A6198B6C1F97D9ED8929F5A8913C3815935,AF42BD51EEBA9329E110AA8D206FED316E1DA671,2020-09-24 21:39:10.575000,2020-09-24 21:39:12.544000
4g3lrkfwi35cbr3j,failed,not_found,129,9A51C5D79C30B9F3B527EC77EF901DDAB76C3AB5,79509683AB4C8DDAF90A120C69A4179C6CD5A387,A857DA8F3728DE4475BFCD86D91351F5E302B3DF,AF1C02D6BF9827BB956F09C454C28B431B1EFFE7,2020-09-24 21:39:12.544000,2020-09-24 21:39:14.498000
4g3lrkfwi35cbr3j,failed,not_found,153,9A51C5D79C30B9F3B527EC77EF901DDAB76C3AB5,2AD82F3964D325B3FE2FF74E980FB006374EF190,63B32F7E5389E8DBC5E1BCEFE48312DA7CCEF5D6,58A7199712C0E52B3C5F2F8E8B27B5A62BE58BC8,2020-09-24 21:39:14.499000,2020-09-24 21:39:16.552000
4g3lrkfwi35cbr3j,failed,not_found,180,9A51C5D79C30B9F3B527EC77EF901DDAB76C3AB5,890530C5B510A506F5CF206EFEC1595F96E727A5,D64D25D465B9D145320E5A4A32BB45B53BFDA06F,587B1EAF1E22E148EFB010DAA337ACDCD4DB5CBA,2020-09-24 21:39:16.553000,2020-09-24 21:39:18.973000
4g3lrkfwi35cbr3j,failed,not_found,214,9A51C5D79C30B9F3B527EC77EF901DDAB76C3AB5,B81B38902BF026BF2591CA2D73B99CEEB03F0869,82DA9678A0BAE60087AA68A3E1D6E6A2C4246D6D,58B44B5591A96EC08114B041CC6B1BB1521DF2BE,2020-09-24 21:39:18.974000,2020-09-24 21:39:21.665000
p4bwvadsrcdbsupv,failed,not_found,137,9A51C5D79C30B9F3B527EC77EF901DDAB76C3AB5,3BAACE149DB31574B327BF835B594B707D12CD58,453E51CBAA4C2169EBCB05583247DD6201E87FAD,43C83536DACCD110FF11E049A890064F6F87BEB2,2020-09-24 21:39:08.753000,2020-09-24 21:39:14.905000
p4bwvadsrcdbsupv,failed,not_found,162,9A51C5D79C30B9F3B527EC77EF901DDAB76C3AB5,8859E68A7C95BD5AB403F16DAD92681E184D3710,D76110E770FB5F6D09CB801D6379C33A1A6C0CC3,B0DA07C71D8E5066C2C391EA963260B4F584D84C,2020-09-24 21:39:14.905000,2020-09-24 21:39:17.677000
p4bwvadsrcdbsupv,failed,not_found,193,9A51C5D79C30B9F3B527EC77EF901DDAB76C3AB5,E38CCCE275ADC46DF35FB764AA28D4EF722CFA54,A4F11D693FAB6E949B2B7C18153C3F7989896007,B0DD527BE01842D46030265FBD9928217A709F28,2020-09-24 21:39:17.678000,2020-09-24 21:39:20.064000
p4bwvadsrcdbsupv,failed,not_found,228,9A51C5D79C30B9F3B527EC77EF901DDAB76C3AB5,F5FF69763918E7107AFD712F49E16BCECAF550AC,B63626A3CA6F0521847853DDEC6D4044C80B903E,B0E5AE9FD3BA34998F2595478343F463747E9F05,2020-09-24 21:39:20.065000,2020-09-24 21:39:22.482000
p4bwvadsrcdbsupv,failed,not_found,259,9A51C5D79C30B9F3B527EC77EF901DDAB76C3AB5,672A56A583C658372E63ACEB43E7F791C2819548,4F500157ABF70A1A94636D268A742A8B227B8BFD,43DDEF0543EC11B7623305908E0BB48E3733F08A,2020-09-24 21:39:22.482000,2020-09-24 21:39:24.670000
p4bwvadsrcdbsupv,failed,not_found,290,9A51C5D79C30B9F3B527EC77EF901DDAB76C3AB5,4518DDDAEA13C80C619A1393CDA730176664BF09,1DC17C4A52A458B5C8B1E79157F8665696210E10,43E896D36AAB20B5B63094BBC52CAD4B560E47BF,2020-09-24 21:39:24.671000,2020-09-24 21:39:26.819000
kcbh4mhaxfqzu2bt,failed,not_found,93,9A51C5D79C30B9F3B527EC77EF901DDAB76C3AB5,BF37445EA2A9F3D04F4B87DFAC624AEF21B559D5,05B451C0562FDE23307AFA84FD6A37652E615233,963879BB424D9A637A63105D5C26A2453C2C2272,2020-09-24 21:39:09.716000,2020-09-24 21:39:11.580000
kcbh4mhaxfqzu2bt,failed,not_found,115,9A51C5D79C30B9F3B527EC77EF901DDAB76C3AB5,9EA65D1BB607ADA4B9A6B2A58BAA2C960DF8BDEA,06E72526BBE040C51C5ADFBAA07ADD9AEB5E1FA1,9634E9F53EB46828AE7E06839FEE595950286B1D,2020-09-24 21:39:11.581000,2020-09-24 21:39:13.910000
kcbh4mhaxfqzu2bt,failed,not_found,147,9A51C5D79C30B9F3B527EC77EF901DDAB76C3AB5,DA4B488C2826DFBBD04D635DA1E71A2BA5B20747,D267AAA0034D14A961FA3DBB93BDF8C56ED29E68,96211F57FA0A399EC48D1972BA3F8EE6E4D6978C,2020-09-24 21:39:13.910000,2020-09-24 21:39:16.662000
kcbh4mhaxfqzu2bt,failed,not_found,184,9A51C5D79C30B9F3B527EC77EF901DDAB76C3AB5,9DB400402B545DC41DE342E14644F74B7DA4F789,4E98AA295B7171996D18DD1F6A19F64AB4036B4A,87357FCC2BF2C21F069714381BCA6C3E7EFCBD5D,2020-09-24 21:39:16.663000,2020-09-24 21:39:18.944000
kcbh4mhaxfqzu2bt,failed,not_found,213,9A51C5D79C30B9F3B527EC77EF901DDAB76C3AB5,BB5630967607D8A8B6CA854AF954FE8372D1662A,7ECF294C43DB959BDC0E7EFC913C3AC231DE7442,872B18761953254914F77C71846E8A2623C52591,2020-09-24 21:39:18.945000,2020-09-24 21:39:21.359000
kcbh4mhaxfqzu2bt,failed,not_found,226,9A51C5D79C30B9F3B527EC77EF901DDAB76C3AB5,8CA736F332937E4FA0F5F48488B823F31883123C,07C3EBBE41DF9FE8551DF69642FEBA70E954DC0F,870E97E5846D8308EA469A5BB5A50D2838503DBE,2020-09-24 21:39:21.360000,2020-09-24 21:39:22.481000
cyebjywbmbfhxsqu,failed,not_found,94,9A51C5D79C30B9F3B527EC77EF901DDAB76C3AB5,7A3E534C033E3836BD5AF223B642853C502AB33A,945AA2F6C2EC644B533D048C79E035A6CF092C4F,BE394E28DCE7CAE18FA9F18321771E2102F9F5D1,2020-09-24 21:39:09.733000,2020-09-24 21:39:11.546000
cyebjywbmbfhxsqu,failed,not_found,167,9A51C5D79C30B9F3B527EC77EF901DDAB76C3AB5,A4E120350425BAD920307FFA74440F95D0172302,E8BAE7393740A700D50B010DED9D9EC9A66B390D,E8130F7A29B624A70A0EC506671D66BAA32F1A5F,2020-09-24 21:39:11.546000,2020-09-24 21:39:17.888000
cyebjywbmbfhxsqu,failed,not_found,201,9A51C5D79C30B9F3B527EC77EF901DDAB76C3AB5,ED701136F074C44FA7B4E6D5B153C49A07855C7F,52D5FB2004C67127C73B71478238FA66122BD443,E81993EA52B73285CFFD02FEC003569D21483001,2020-09-24 21:39:17.888000,2020-09-24 21:39:20.605000
cyebjywbmbfhxsqu,failed,not_found,233,9A51C5D79C30B9F3B527EC77EF901DDAB76C3AB5,0FE31E8B143BCA123905993356D1DE49C715E455,F878E3AD594F013195A051CD1072BF33D543A235,E81AE352A41ECB6C1C67A00816A7B22EDE206F01,2020-09-24 21:39:20.605000,2020-09-24 21:39:22.484000
cyebjywbmbfhxsqu,failed,not_found,260,9A51C5D79C30B9F3B527EC77EF901DDAB76C3AB5,04A28A62F27D9C4A60F9ED0C4264E98B988C65A3,066735D43FB476FA64578C5D829E176DF53E5A00,BE3B9024A0EBBE72FF212979FB695FC6117E1EF5,2020-09-24 21:39:22.485000,2020-09-24 21:39:25.177000
cyebjywbmbfhxsqu,failed,not_found,300,9A51C5D79C30B9F3B527EC77EF901DDAB76C3AB5,56781CCC9F6D29FEA148799AB588429C893A473C,E3D61BAEA0B7CB12CACEDC8821C520557BDFCEA3,BE48173BCF9F2C3448192916BEEF01EA745F7DA3,2020-09-24 21:39:25.178000,2020-09-24 21:39:27.208000
msh7deldh6kjjh54,failed,not_found,105,9A51C5D79C30B9F3B527EC77EF901DDAB76C3AB5,6EF78BB131DA33F9D266BC4BB5972261E34DBD13,A59AD84F92B2E5A76EBFE3BE62D3B28AF9BFD127,32828476F4F84E15C42B4C360A5CD8DE4C3C2BE7,2020-09-24 21:39:10.720000,2020-09-24 21:39:12.664000
msh7deldh6kjjh54,failed,not_found,130,9A51C5D79C30B9F3B527EC77EF901DDAB76C3AB5,383CFCF03B225B3EDCA519197BAA310A58CEAABC,ACA0B8702A6A0B890217A3D26B7220EB6E1CFFD1,72A33E374DE5AD1E617394896F0FD8B092D3E7C4,2020-09-24 21:39:12.664000,2020-09-24 21:39:14.511000
msh7deldh6kjjh54,failed,not_found,154,9A51C5D79C30B9F3B527EC77EF901DDAB76C3AB5,3EC215A86954AE2BBB4C1C7020DA5B97B229B217,58A9921DD0A1389356634625C5B14ACC1194A95C,729DAA09F1E225DBAAF2F42F3C82FD3BBE7AD5DE,2020-09-24 21:39:14.512000,2020-09-24 21:39:16.637000
msh7deldh6kjjh54,failed,not_found,205,9A51C5D79C30B9F3B527EC77EF901DDAB76C3AB5,F50CF02A0E6A9D9B25F7EB220FC26F7BD1B74999,AB803469D8B0C3F00620D98DE99CA8F646428E66,32AABA8EC57AA18E27A19F31F1112FE6AEEE413E,2020-09-24 21:39:16.638000,2020-09-24 21:39:20.934000
msh7deldh6kjjh54,failed,not_found,239,9A51C5D79C30B9F3B527EC77EF901DDAB76C3AB5,5FB384605F53DCBF1CB02143D318DA3E8EE38A24,235D3444236ABC28F412E93814F6B783200D4630,7292EF58742CC793F7AB3846D87001178328F9A2,2020-09-24 21:39:20.934000,2020-09-24 21:39:23.019000
msh7deldh6kjjh54,failed,not_found,272,9A51C5D79C30B9F3B527EC77EF901DDAB76C3AB5,DC40A59D4D744F2C3C7A655EC6BF3A59AFA1C66C,AC6A78BAE7BBCAC798C7AD17460147214F9EA0CD,327F5823438B8EC86EC33355C147D8455AB1C14B,2020-09-24 21:39:23.020000,2020-09-24 21:39:25.340000
6dyo6u57nagrpyjb,failed,not_found,125,9A51C5D79C30B9F3B527EC77EF901DDAB76C3AB5,A0FA50A070CFB4B89737A27F3259F92C118A0AF0,980B28A19B0A66948035A3FE143E5CF613C84122,C8F6F6C1834454F1E927A4A05E8E54EB623D4B73,2020-09-24 21:39:10.730000,2020-09-24 21:39:14.258000
6dyo6u57nagrpyjb,failed,not_found,202,9A51C5D79C30B9F3B527EC77EF901DDAB76C3AB5,ABA31795BAD2AB8097F3AD0FE1A920E518D3D3F3,D079D6818926684C5979C18171FB18862A4A5792,D89267FB10BF625D31FF7687AF7D12B03BBF757C,2020-09-24 21:39:14.259000,2020-09-24 21:39:20.091000
6dyo6u57nagrpyjb,failed,not_found,229,9A51C5D79C30B9F3B527EC77EF901DDAB76C3AB5,FA85FE81093FE5D53DDCEA2DBA286E8CCC9C6DDD,44DC23661E05DEFD94398936D9334987ABCB6E5E,C8F402FDF89E5B51D862AD68D8C17DFA5A371BA0,2020-09-24 21:39:20.092000,2020-09-24 21:39:22.288000
6dyo6u57nagrpyjb,failed,not_found,256,9A51C5D79C30B9F3B527EC77EF901DDAB76C3AB5,310723122778237508274A36E9557B060A531BDD,2CE2DEE830B954EDA3A6BB57EA7420E0F5EE3C13,C8DE26D2D119BE7F509E672EE1A3D5FB25DCBA97,2020-09-24 21:39:22.289000,2020-09-24 21:39:24.294000
6dyo6u57nagrpyjb,failed,not_found,283,9A51C5D79C30B9F3B527EC77EF901DDAB76C3AB5,C0CBBD17F848C8F9A49104A96DB498013B30F14F,1CD48F4ED0F1821FFBF1940802A13EEFD4C27502,D8733048FC8EC9102466AD8F3098622BF1BF71FD,2020-09-24 21:39:24.294000,2020-09-24 21:39:26.383000
6dyo6u57nagrpyjb,failed,not_found,362,9A51C5D79C30B9F3B527EC77EF901DDAB76C3AB5,1DC17C4A52A458B5C8B1E79157F8665696210E10,47A83EC4D144FB8094A57DC5AEB39E9F6F174036,D8A1F5A8EA1AF53E3414B9C48FE6B10C31ACC9B2,2020-09-24 21:39:26.384000,2020-09-24 21:39:32.124000
xhv7yiqbea7u7ew6,failed,not_found,118,9A51C5D79C30B9F3B527EC77EF901DDAB76C3AB5,8E8E9D3FD1F25814CDB57A7DBAA290114EADE7BE,2E74F4A6EB5ED3C0182A54900E3A671C5C8DB2D8,82DA9678A0BAE60087AA68A3E1D6E6A2C4246D6D,2020-09-24 21:39:11.724000,2020-09-24 21:39:13.534000
xhv7yiqbea7u7ew6,failed,not_found,124,9A51C5D79C30B9F3B527EC77EF901DDAB76C3AB5,E52100E894FE8E5FA38EB6775C35685B9FD17E1F,C239952D0C8E4EABC3E6B0A8E0B623689174E3C6,C31413C323DB2BD55B4371A5D46880D9EBD2FA80,2020-09-24 21:39:13.534000,2020-09-24 21:39:14.472000
xhv7yiqbea7u7ew6,failed,not_found,152,9A51C5D79C30B9F3B527EC77EF901DDAB76C3AB5,E8BAE7393740A700D50B010DED9D9EC9A66B390D,D8EA105E79803FB0040A8C2A676D93DAEA2CFFF0,C3443C3A0F6FE548262EA987A955D5BD4FD27C24,2020-09-24 21:39:14.473000,2020-09-24 21:39:16.636000
xhv7yiqbea7u7ew6,failed,not_found,182,9A51C5D79C30B9F3B527EC77EF901DDAB76C3AB5,63DE54637F349FD686CF1C036827B5BE826B9F7C,58F3E2956EABB81F673E2FB90E16E001DB4AC3AE,82ED9AEC94184EC6DD299A5CDB3378B04BB17489,2020-09-24 21:39:16.637000,2020-09-24 21:39:19.146000
xhv7yiqbea7u7ew6,failed,not_found,219,9A51C5D79C30B9F3B527EC77EF901DDAB76C3AB5,1079E628FC6B0025656AC024F2D9975C441498CD,39F096961ED2576975C866D450373A9913AFDC92,C33B36DBD576D4DE141443D28122575DA159D1B3,2020-09-24 21:39:19.146000,2020-09-24 21:39:22.121000
xhv7yiqbea7u7ew6,failed,not_found,242,9A51C5D79C30B9F3B527EC77EF901DDAB76C3AB5,7D8EBB86CF2EB560F938BEF018E1D8FD6B36B327,0C3D5E19E3C75B505C8ACD26F89DCA2DF970553E,82E988DADF83051ECE69D64AFC47662788D8AA1F,2020-09-24 21:39:22.122000,2020-09-24 21:39:22.980000
tqkefufozpmr6vr5,failed,not_found,119,9A51C5D79C30B9F3B527EC77EF901DDAB76C3AB5,99774357E7FD1F113F242C469D1D399D444AA51A,930106E732385FD01810AB243E7022C42639BC06,FDD9CD7406582E0B56C4A27D44126AE843EAF6DD,2020-09-24 21:39:11.746000,2020-09-24 21:39:13.719000
tqkefufozpmr6vr5,failed,not_found,143,9A51C5D79C30B9F3B527EC77EF901DDAB76C3AB5,08F06A0DDAFABF9A26FCB2E392A1435F9E048216,BF7168623AD4FF542A9E940C4CCF575D9BE16323,FDFD675D05216549EB7DA545E32ECFCEEAE805F2,2020-09-24 21:39:13.719000,2020-09-24 21:39:17.606000
tqkefufozpmr6vr5,failed,not_found,191,9A51C5D79C30B9F3B527EC77EF901DDAB76C3AB5,7992F172EDBE69B99F0190651BAC14DD0FD9E5C8,44354E35E9F7F97AF27686D03B0D591686E35394,412AB9D6A761ECADB60D7EA4F2CB389C0AF42F3F,2020-09-24 21:39:17.607000,2020-09-24 21:39:19.869000
tqkefufozpmr6vr5,failed,not_found,222,9A51C5D79C30B9F3B527EC77EF901DDAB76C3AB5,D64D25D465B9D145320E5A4A32BB45B53BFDA06F,16FD7E5D67B7054EE4E7FDDF04AFB48216CA640A,FE00A3A835680E67FBBC895A724E2657BB253E97,2020-09-24 21:39:19.869000,2020-09-24 21:39:22.027000
tqkefufozpmr6vr5,failed,not_found,249,9A51C5D79C30B9F3B527EC77EF901DDAB76C3AB5,56781CCC9F6D29FEA148799AB588429C893A473C,D5C01B85FB3A48D55698CA660A2DE8935388816E,412767ECB0CEF7DCBAF8748DDBA8575860DD6782,2020-09-24 21:39:22.027000,2020-09-24 21:39:24.441000
tqkefufozpmr6vr5,failed,not_found,286,9A51C5D79C30B9F3B527EC77EF901DDAB76C3AB5,ACBF3D504CFF3D74D1991AFDF6AC070606232B10,23A2D8DDF761F35CC63BDF65E604B76A7E2F6971,41280DE9ABE5BF10F7F5DCB13A28C07082064147,2020-09-24 21:39:24.442000,2020-09-24 21:39:27.210000
oqlmdxbflfchryng,failed,not_found,132,9A51C5D79C30B9F3B527EC77EF901DDAB76C3AB5,E013D74009BC7D03CD4BAFAD011CFBB93C63563C,3151FB419FAB0FD86D7BE4F7DFD620E99E105D92,4F9BE3A549730D4B5705E1B89D637CA824A57DA1,2020-09-24 21:39:12.775000,2020-09-24 21:39:14.906000
oqlmdxbflfchryng,failed,not_found,163,9A51C5D79C30B9F3B527EC77EF901DDAB76C3AB5,1733D57AA16D2E9E5A448DA607FCA5FA989E4F4D,CEA2E066A7F8EC0F235F5190E25DD3C9F86F084B,4FA1F401F8C3E8326031E7994045BE67F36033A6,2020-09-24 21:39:14.906000,2020-09-24 21:39:17.834000
oqlmdxbflfchryng,failed,not_found,200,9A51C5D79C30B9F3B527EC77EF901DDAB76C3AB5,0B25110BA3473A6DC04AB58A3A0D5E4D6922A0E0,4FF53BC47097B50DA5B68D72C5B25CC079F4A787,B5CCA5A4521F60DDB596C1A6404D8DEECDD85BFB,2020-09-24 21:39:17.834000,2020-09-24 21:39:19.870000
oqlmdxbflfchryng,failed,not_found,223,9A51C5D79C30B9F3B527EC77EF901DDAB76C3AB5,CEC92F3BE8A2F3A46D3C042721D6BDBF2F40F4C5,6245DC873D6F613C795D48663D65BD8A2266CAF6,4FAB66DD36CF53A4D1F8D933037FA509ADE063BA,2020-09-24 21:39:19.870000,2020-09-24 21:39:22.347000
oqlmdxbflfchryng,failed,not_found,257,9A51C5D79C30B9F3B527EC77EF901DDAB76C3AB5,51B3FCCAB714011E317723FAACB718DCEC6EE5E7,C69BE3F0326A7328556501BE237408F32748247D,B5B666F5F7E910DFF44AD58CD62A4B3F415ECB60,2020-09-24 21:39:22.348000,2020-09-24 21:39:25.082000
oqlmdxbflfchryng,failed,not_found,299,9A51C5D79C30B9F3B527EC77EF901DDAB76C3AB5,B4A96C0852DD0841579D33E09A98D641EACCD73E,D907BCD0B9510C462EEB0688FD5421CD2E172B77,B5C6F712D656C9390056AA9BA7020C87EEE9FA30,2020-09-24 21:39:25.082000,2020-09-24 21:39:27.015000
mimcrs7etfd3q2j6,failed,not_found,133,9A51C5D79C30B9F3B527EC77EF901DDAB76C3AB5,0CDCFB0B6E1500E57BDD7F240543EBAEF81C11CA,FB016E16B8CD7A0E53DEEF31ED8754E4F6B8E837,A69221A7EC7498D2F88A0FB795261013FA36CAAE,2020-09-24 21:39:12.776000,2020-09-24 21:39:14.985000
mimcrs7etfd3q2j6,failed,not_found,164,9A51C5D79C30B9F3B527EC77EF901DDAB76C3AB5,E81D56AE3FE9919F3A42AB11100901E6BAEC4FCB,D237E2F1FE64CA47F40544CB53403ABF8F51C3D8,CCF28BC8FB26C8C172DEE741702056914D2849BD,2020-09-24 21:39:14.986000,2020-09-24 21:39:17.093000
mimcrs7etfd3q2j6,failed,not_found,177,9A51C5D79C30B9F3B527EC77EF901DDAB76C3AB5,0C3D5E19E3C75B505C8ACD26F89DCA2DF970553E,E3E75603998661EA67C6767493FC606830DDC345,CCD879EE5FBC5FE758C8EC098D40372C7C82C5C0,2020-09-24 21:39:17.094000,2020-09-24 21:39:18.120000
mimcrs7etfd3q2j6,failed,not_found,204,9A51C5D79C30B9F3B527EC77EF901DDAB76C3AB5,A751D8BEE222564B7BA657F74B6658836FF1AEEA,DA9E02BB8080E473157052F70439B7886AA8569D,A68D02474552FA8A1B2332F8E4D64F7A25C8CF0F,2020-09-24 21:39:18.121000,2020-09-24 21:39:20.574000
mimcrs7etfd3q2j6,failed,not_found,232,9A51C5D79C30B9F3B527EC77EF901DDAB76C3AB5,DBE82FA23B9FE3CB2462A6FCF5289DED3CBF4AEE,55A92BE2A76C64A5A0DB0D4F61D5DCA37B55EE52,CCF2FD0048FCC9A842BE881472CEC148BB4EF458,2020-09-24 21:39:20.574000,2020-09-24 21:39:22.485000
mimcrs7etfd3q2j6,failed,not_found,261,9A51C5D79C30B9F3B527EC77EF901DDAB76C3AB5,72AEC98AD2DCCE15106F07F35D1B0D02A1530521,01B70C7C497FC8667DB5EB82C40D8F9214D6A484,A690C6AA8102C027D297AF3401BFE16918CCF7A6,2020-09-24 21:39:22.485000,2020-09-24 21:39:24.637000
z75ktt5b7ai2aqym,failed,not_found,145,9A51C5D79C30B9F3B527EC77EF901DDAB76C3AB5,1CD48F4ED0F1821FFBF1940802A13EEFD4C27502,B8E514ADDC653D61DE1FCB67821BB0303778782F,CFDF99EE1923D870329F8DAE54398FD45409F01F,2020-09-24 21:39:13.779000,2020-09-24 21:39:16.172000
z75ktt5b7ai2aqym,failed,not_found,179,9A51C5D79C30B9F3B527EC77EF901DDAB76C3AB5,5FB384605F53DCBF1CB02143D318DA3E8EE38A24,06E72526BBE040C51C5ADFBAA07ADD9AEB5E1FA1,D000291816C0D9EE531FA4DD185EC1AD80386A5A,2020-09-24 21:39:16.173000,2020-09-24 21:39:18.718000
z75ktt5b7ai2aqym,failed,not_found,209,9A51C5D79C30B9F3B527EC77EF901DDAB76C3AB5,3D615DEF97F387631F50201FAFA6E7B67FDF3FEF,82DA9678A0BAE60087AA68A3E1D6E6A2C4246D6D,D002C061F56CB6FE6FF7A27747EC2A7369ABBA9A,2020-09-24 21:39:18.718000,2020-09-24 21:39:20.618000
z75ktt5b7ai2aqym,failed,not_found,234,9A51C5D79C30B9F3B527EC77EF901DDAB76C3AB5,9C060A1D5E10BBD4BEF9BCEFB29D33E07EBEF502,128D16508676598DC8C7465CC5A87A338208466C,1E7FE364A814340CBD79AA2B3365E718D3B1A67C,2020-09-24 21:39:20.618000,2020-09-24 21:39:22.896000
z75ktt5b7ai2aqym,failed,not_found,269,9A51C5D79C30B9F3B527EC77EF901DDAB76C3AB5,F244C5F5DDE2F29CA1F88E4C9F9FACCC48BCA857,3FE39429CB7077BBB13D2774591A1B80EE493742,1E9B32A00C594B032597D8B6A1DF79B734531530,2020-09-24 21:39:22.897000,2020-09-24 21:39:24.961000
z75ktt5b7ai2aqym,failed,not_found,294,9A51C5D79C30B9F3B527EC77EF901DDAB76C3AB5,876C7CE43774366250D3E768E690DAB9D4B5D5A3,AC61D1722091F2FC4760776AF2C230D9DC679C03,1E8F5916A194207798C12F8C419379C91C0255E3,2020-09-24 21:39:24.962000,2020-09-24 21:39:26.757000
fn5ajp76fipnl2xc,failed,not_found,146,9A51C5D79C30B9F3B527EC77EF901DDAB76C3AB5,52D5FB2004C67127C73B71478238FA66122BD443,6118DDB580EEDD6FE5F8D3CC0DF1EE17D8A2A4C6,CCAA620D5CAB34CE95FE3C863D9E6520C07451D8,2020-09-24 21:39:13.780000,2020-09-24 21:39:15.870000
fn5ajp76fipnl2xc,failed,not_found,173,9A51C5D79C30B9F3B527EC77EF901DDAB76C3AB5,C6AEEC1B52CA8D973327F19317A387089A0DED56,66BD39FE805AED414ADE400CAAD862C9CC3AC34E,CC977CAC791AC03BA742D61B9A4074E1A07509AC,2020-09-24 21:39:15.871000,2020-09-24 21:39:17.817000
fn5ajp76fipnl2xc,failed,not_found,250,9A51C5D79C30B9F3B527EC77EF901DDAB76C3AB5,340B09ACCF45A98711ABB067820E25A2F21452C6,9781B0EE81E95941073AFA37542B36ED71018D49,81A59766272894D27FE8375C4F83A6BA453671EF,2020-09-24 21:39:17.818000,2020-09-24 21:39:24.442000
fn5ajp76fipnl2xc,failed,not_found,287,9A51C5D79C30B9F3B527EC77EF901DDAB76C3AB5,872B18761953254914F77C71846E8A2623C52591,1DE443C3D9C0DC4BB0144180DAF4A3C25BBC91EC,CCA9745D141283864DA50C05A09565FAE1805EC8,2020-09-24 21:39:24.442000,2020-09-24 21:39:26.654000
fn5ajp76fipnl2xc,failed,not_found,315,9A51C5D79C30B9F3B527EC77EF901DDAB76C3AB5,02A29A2F958211F9BB5821153296EFFED900ECC6,5DE37A3371AAE7638748EB43C9F1CE66E09D4470,819C8AFEDAC733315A8F3DB80F043F13090C49F6,2020-09-24 21:39:26.655000,2020-09-24 21:39:28.581000
fn5ajp76fipnl2xc,failed,not_found,339,9A51C5D79C30B9F3B527EC77EF901DDAB76C3AB5,3239007CE1FB2ECDFDF2067DF23B949295DC5EF6,BBD1B1A22695396C75DFF338A8FF7A12804A607A,81A1D777C023EBB1DEE9E7FA8735629BA8F7497C,2020-09-24 21:39:28.582000,2020-09-24 21:39:30.350000
khqb3f7dgymutz6b,failed,not_found,216,9A51C5D79C30B9F3B527EC77EF901DDAB76C3AB5,03910F285A33F365838EC66EF2C2EF754D046760,13D13C0ECB5DE7D9B047E21F674505C90C1E0088,6222334659111D99DE9D26970ACC4022B290DFD0,2020-09-24 21:39:14.742000,2020-09-24 21:39:22.118000
khqb3f7dgymutz6b,failed,not_found,252,9A51C5D79C30B9F3B527EC77EF901DDAB76C3AB5,D0354E2C21D9C7D2882262FF2DAF35618ED58DBB,4FF53BC47097B50DA5B68D72C5B25CC079F4A787,6F7E602D79D16C871F8984B98658F2C9928F2FD9,2020-09-24 21:39:22.118000,2020-09-24 21:39:24.293000
khqb3f7dgymutz6b,failed,not_found,282,9A51C5D79C30B9F3B527EC77EF901DDAB76C3AB5,E7EF73B4722CFAF0E8AA2151D3AA78701DE5F19B,FD449127D30D8F5D124653D9EF736EDF4A12B4DC,6F6586F1631CAC1115B9561656E7664D386B7F4B,2020-09-24 21:39:24.293000,2020-09-24 21:39:26.430000
khqb3f7dgymutz6b,failed,not_found,313,9A51C5D79C30B9F3B527EC77EF901DDAB76C3AB5,96D656384559910834CFDB128D843F819D5D2FD5,CD5CF125FED4BE5DA5F259F75AF3D4DD182C54D0,6F4E9FD00D4251D98BE96FB1AA546FE34676A95B,2020-09-24 21:39:26.431000,2020-09-24 21:39:28.447000
khqb3f7dgymutz6b,failed,not_found,337,9A51C5D79C30B9F3B527EC77EF901DDAB76C3AB5,52D5FB2004C67127C73B71478238FA66122BD443,39BD825F627DDF78E322EB4378C17615506AD3A1,621EA822CEAC095845A0CFFFA503D2993AB10FF3,2020-09-24 21:39:28.448000,2020-09-24 21:39:30.513000
khqb3f7dgymutz6b,failed,not_found,367,9A51C5D79C30B9F3B527EC77EF901DDAB76C3AB5,021DDCD687FD505B7EA7E75DA6CEF0D778AA07FB,04A28A62F27D9C4A60F9ED0C4264E98B988C65A3,622842AE5ECFF0809B4C986D52CA75C349ED11E8,2020-09-24 21:39:30.514000,2020-09-24 21:39:32.716000
a2p555xkfwe5deym,failed,not_found,158,9A51C5D79C30B9F3B527EC77EF901DDAB76C3AB5,51F733EAC4DFD128CF957A14D5F2DC023803D1A2,E7882187F6FA695450719FD3738D640FBDFF5D48,7C5C0E83CA290FFF6D5E30D9E0E3FFC9BAE0D0C5,2020-09-24 21:39:14.782000,2020-09-24 21:39:17.655000
a2p555xkfwe5deym,failed,not_found,192,9A51C5D79C30B9F3B527EC77EF901DDAB76C3AB5,492FF91A6B43110681F7D5DD3B380E537699D3F1,4CE6D83FFA8AD24767007E8C972F371F2468F09A,901592FBE2A2335F5DC3A5434600B9A4F9D9C68E,2020-09-24 21:39:17.656000,2020-09-24 21:39:20.246000
a2p555xkfwe5deym,failed,not_found,218,9A51C5D79C30B9F3B527EC77EF901DDAB76C3AB5,BD3FBEC1D67C48A2583DB378B92A59C5E9AB4DA2,F8DE8132E599A194E20DDB738AF64A7200CD5949,901C2689FDABE7165AB7AC4E8231F12A2674916E,2020-09-24 21:39:20.246000,2020-09-24 21:39:21.147000
a2p555xkfwe5deym,failed,not_found,243,9A51C5D79C30B9F3B527EC77EF901DDAB76C3AB5,44354E35E9F7F97AF27686D03B0D591686E35394,BA856D21B1A22CAE677A712DA4C9F0852D799DF8,7C7FFB1C48B7E0C5C9B3D11FEC2F8500F464786A,2020-09-24 21:39:21.147000,2020-09-24 21:39:22.925000
a2p555xkfwe5deym,failed,not_found,270,9A51C5D79C30B9F3B527EC77EF901DDAB76C3AB5,6F1F13BF7774A849849F2EDF76FBE6022C6D4C1A,890480E14E634C8B4467C475E355A6FBF3D99CD5,7C56BA2175839470ACAAB72E045DD6820764B733,2020-09-24 21:39:22.926000,2020-09-24 21:39:25.779000
a2p555xkfwe5deym,failed,not_found,305,9A51C5D79C30B9F3B527EC77EF901DDAB76C3AB5,0F6E5CA4BF5565D9AA9FDDCA165AFC6A5305763D,DA53984DBA28420169F34F4F44CB24E3A0946747,901B90EC8B96C6451854C325229E8B37EB5819BB,2020-09-24 21:39:25.780000,2020-09-24 21:39:27.772000
ugrv6yfbkon5kg37,failed,not_found,190,9A51C5D79C30B9F3B527EC77EF901DDAB76C3AB5,EE7CD2A763435C7006095BD167C790ABE5BC4DEA,3B953203AF332D8FE1452E1CE7CB50A3B5297DB2,2AB6F7D59DF6153F4DB1DB6479C3422F5724C4BA,2020-09-24 21:39:15.717000,2020-09-24 21:39:20.005000
ugrv6yfbkon5kg37,failed,not_found,225,9A51C5D79C30B9F3B527EC77EF901DDAB76C3AB5,D079D6818926684C5979C18171FB18862A4A5792,890480E14E634C8B4467C475E355A6FBF3D99CD5,BD3FBEC1D67C48A2583DB378B92A59C5E9AB4DA2,2020-09-24 21:39:20.006000,2020-09-24 21:39:22.123000
ugrv6yfbkon5kg37,failed,not_found,253,9A51C5D79C30B9F3B527EC77EF901DDAB76C3AB5,40CDE936B04B4573A47223396006443CA5EAC845,B143D439B72D239A419F8DCE07B8A8EB1B486FA7,2AA5F598F9A1812F01CD99E3B59BB87362ED7438,2020-09-24 21:39:22.124000,2020-09-24 21:39:24.186000
ugrv6yfbkon5kg37,failed,not_found,275,9A51C5D79C30B9F3B527EC77EF901DDAB76C3AB5,B42C797CC8CD63C60FB643E820A11D113DF4F5C8,BA856D21B1A22CAE677A712DA4C9F0852D799DF8,BD4012B7B05E4E0953AE46EF4D8E265E79B1627E,2020-09-24 21:39:24.187000,2020-09-24 21:39:25.272000
ugrv6yfbkon5kg37,failed,not_found,281,9A51C5D79C30B9F3B527EC77EF901DDAB76C3AB5,41A3C16269C7B63DB6EB741DBDDB4E1F586B1592,AA34219475E41282095DD3C088009EE562AF14E5,2AB9FFCC6618FBBC973C457FC6BE5E8620A60FDC,2020-09-24 21:39:25.273000,2020-09-24 21:39:26.269000
ugrv6yfbkon5kg37,failed,not_found,298,9A51C5D79C30B9F3B527EC77EF901DDAB76C3AB5,05349C0F35C5635A708888004F8B022931E8BEE6,96DAFDCE92BA94E4CC95F8314AE48E272A702FDC,BD439540C7B86367B7F279C9CDD4BD601A850787,2020-09-24 21:39:26.269000,2020-09-24 21:39:27.173000
tx2yigbizw4widum,failed,not_found,171,9A51C5D79C30B9F3B527EC77EF901DDAB76C3AB5,36EFABA1FFE1D0246B36C141F9226F4F09B8951C,B53CCA073616E30BA3376EC40577FBBBFB812C2C,70FF4E669EC69F8E324537D05ADDAAED76303D8D,2020-09-24 21:39:15.735000,2020-09-24 21:39:18.545000
tx2yigbizw4widum,failed,not_found,207,9A51C5D79C30B9F3B527EC77EF901DDAB76C3AB5,BFA905EA10DFD54A38A0C119FAE00182DE4C173B,8EA58F28DCA60F56C6F2131BDFE9BF5FAF2233CE,70F09E981D6D4A34A35F248F0C873CBA356A0612,2020-09-24 21:39:18.546000,2020-09-24 21:39:20.696000
tx2yigbizw4widum,failed,not_found,236,9A51C5D79C30B9F3B527EC77EF901DDAB76C3AB5,65BCA5B95D3631771AF358CC73933F85B68DDFA4,7FF1A673A5E1F7E9D2495A36C185B890DBD96553,71026B999E15ECC0BCCA56B972E210CCA76AD96A,2020-09-24 21:39:20.697000,2020-09-24 21:39:23.572000
tx2yigbizw4widum,failed,not_found,276,9A51C5D79C30B9F3B527EC77EF901DDAB76C3AB5,BDDF8187EA4419951CFD0A54088B634564F63AF3,5CB30C264BB9EB17CF2FC6AEB611593B54C371C2,724E86E7F5DA715529DC0ECAA013AE4BDC680E4C,2020-09-24 21:39:23.573000,2020-09-24 21:39:25.478000
tx2yigbizw4widum,failed,not_found,301,9A51C5D79C30B9F3B527EC77EF901DDAB76C3AB5,ECB24A326D382F84B7BD630CFDBE1A0CDCE0245A,0E2EEC125A6AC8D5EBF5DB36B776A3DA5510E7A0,72411A2CE6EB24D8CDA8688A6B3A55CC1290D441,2020-09-24 21:39:25.478000,2020-09-24 21:39:28.024000
tx2yigbizw4widum,failed,not_found,335,9A51C5D79C30B9F3B527EC77EF901DDAB76C3AB5,53E73B74B930BCF51621E6F06E65A3E3BC78E83A,DA53984DBA28420169F34F4F44CB24E3A0946747,723E21FD6F91905E84E583D4619A2D1E282B8180,2020-09-24 21:39:28.025000,2020-09-24 21:39:30.228000
x3phvfdbyualir5g,failed,not_found,212,9A51C5D79C30B9F3B527EC77EF901DDAB76C3AB5,96D656384559910834CFDB128D843F819D5D2FD5,A6C983C2F7EEADD55CE9169E540EBD95423FC260,7D4261853A5CC5E96C8886391919FF2DA02A5801,2020-09-24 21:39:16.720000,2020-09-24 21:39:20.652000
x3phvfdbyualir5g,failed,not_found,235,9A51C5D79C30B9F3B527EC77EF901DDAB76C3AB5,D1F2C5C820B3F96BE6144CBFB84FDDF9D0EC0810,CDA9361C072A86719AA3D5A283F5BFBCBF82133B,7D41FED58481A0E594C642E74176C811778D91A6,2020-09-24 21:39:20.653000,2020-09-24 21:39:22.652000
x3phvfdbyualir5g,failed,not_found,324,9A51C5D79C30B9F3B527EC77EF901DDAB76C3AB5,63540827C4832D214984EA47B7A68C593F9F862F,B56B9FE93F83B4FA69234B17A060E8A8E7446D19,7D3307C578AD1B1D818D74E38635BDACB390A845,2020-09-24 21:39:22.653000,2020-09-24 21:39:29.324000
x3phvfdbyualir5g,failed,not_found,336,9A51C5D79C30B9F3B527EC77EF901DDAB76C3AB5,96D656384559910834CFDB128D843F819D5D2FD5,7D8EBB86CF2EB560F938BEF018E1D8FD6B36B327,D4DC70B25409B8E4B0FD482B8A70CA6A3F4A123C,2020-09-24 21:39:29.325000,2020-09-24 21:39:30.217000
x3phvfdbyualir5g,failed,not_found,365,9A51C5D79C30B9F3B527EC77EF901DDAB76C3AB5,72B2B12A3F60408BDBC98C6DF53988D3A0B3F0EE,D0681DAAABC320310B8616951D6C19F69F778A6F,D4D107680B0897DFFEE500E625A98AAA8060C7F1,2020-09-24 21:39:30.218000,2020-09-24 21:39:32.792000
x3phvfdbyualir5g,failed,not_found,397,9A51C5D79C30B9F3B527EC77EF901DDAB76C3AB5,E130296683B896A117CE5DA531A5645644178734,44354E35E9F7F97AF27686D03B0D591686E35394,D50101A2ABD09DC245F7E96C0818D003CDD62351,2020-09-24 21:39:32.793000,2020-09-24 21:39:34.978000
53hbvmfd3ok47j3e,failed,not_found,186,9A51C5D79C30B9F3B527EC77EF901DDAB76C3AB5,6B88E20FEE8EB47F1A8E30207F327005C61A013D,40A60D1F1E8AFBED22FCB30B3FBE2E275A14CF99,0FF7D03AC5F31F93E3AE11ABF74313D071E11ED3,2020-09-24 21:39:16.736000,2020-09-24 21:39:18.974000
53hbvmfd3ok47j3e,failed,not_found,215,9A51C5D79C30B9F3B527EC77EF901DDAB76C3AB5,24F97F98C45E4754655BE66799049763DAEE99CE,B340E3BA587E36462D8DE44DAE0F7CAB6748F064,0FF233C8D78A17B8DB7C8257D2E05CD5AA7C6B88,2020-09-24 21:39:18.975000,2020-09-24 21:39:21.580000
53hbvmfd3ok47j3e,failed,not_found,244,9A51C5D79C30B9F3B527EC77EF901DDAB76C3AB5,DD823AFB415380A802DCAEB9461AE637604107FB,9CFA49D7F6C1774FFECC12AD3F3E59BD781285EF,0FF9F882501FB1D610522DF6AAD6E75C95F8F2B8,2020-09-24 21:39:21.580000,2020-09-24 21:39:23.497000
53hbvmfd3ok47j3e,failed,not_found,251,9A51C5D79C30B9F3B527EC77EF901DDAB76C3AB5,7DAC367AF33DBEFEDC684789490E213FD348BE36,AB687988F260DE9EDC3B36C66287DE2660ED1CE0,0677DF0B05ECDA2EF45F26C3332731043BB89AB8,2020-09-24 21:39:23.497000,2020-09-24 21:39:24.634000
53hbvmfd3ok47j3e,failed,not_found,289,9A51C5D79C30B9F3B527EC77EF901DDAB76C3AB5,4011E1BB0E5B9A22AF665B553BFFDDE22A517B16,2419F2F1EFF9AAB703C1CC958AA73DDEDF6782AA,06432D1B5A7C132071626D186D7F1A429C5BBED9,2020-09-24 21:39:24.635000,2020-09-24 21:39:26.536000
53hbvmfd3ok47j3e,failed,not_found,314,9A51C5D79C30B9F3B527EC77EF901DDAB76C3AB5,C5D91B75D9B991FB53C41AB694D97C961D37B5AB,04DFE047ACDF7A6620ACA782FAFC5EF1AE7F4754,064D3C4CC1B854839B0979FE1C2F05ABAB7F9D68,2020-09-24 21:39:26.537000,2020-09-24 21:39:28.616000
vdz3vtmifmajudoc,failed,not_found,224,9A51C5D79C30B9F3B527EC77EF901DDAB76C3AB5,754CB99117E6ED570DFCFB7D9F12674B97A4E28E,A541C211909264081DC3A4F8E105F06139DDCD8B,E4A7CF32D1EC81521E234C8BF46384E75838A8D7,2020-09-24 21:39:17.723000,2020-09-24 21:39:22.224000
vdz3vtmifmajudoc,failed,not_found,295,9A51C5D79C30B9F3B527EC77EF901DDAB76C3AB5,263907E9D48FBEAE6E64B10C628AE8BDF466869B,4B68D0E5392ED6F3469A37880631353A96558631,6CBACBF2C525B09A55464D836432812A30FEF414,2020-09-24 21:39:22.225000,2020-09-24 21:39:27.263000
vdz3vtmifmajudoc,failed,not_found,311,9A51C5D79C30B9F3B527EC77EF901DDAB76C3AB5,00C22D3BC1822EB8EA380AF04245337399E796E2,0C3D5E19E3C75B505C8ACD26F89DCA2DF970553E,E4B478B4C4B7B489276E7BF5BF257A0F1EDF67BA,2020-09-24 21:39:27.263000,2020-09-24 21:39:28.362000
vdz3vtmifmajudoc,failed,not_found,326,9A51C5D79C30B9F3B527EC77EF901DDAB76C3AB5,8C00FA7369A7A308F6A137600F0FA07990D9D451,E5CC91BAFE7CCD68003E873D32E38027638D49D7,E4B04C7D734B2294E8ECE057303E89B91EE88462,2020-09-24 21:39:28.362000,2020-09-24 21:39:29.325000
vdz3vtmifmajudoc,failed,not_found,349,9A51C5D79C30B9F3B527EC77EF901DDAB76C3AB5,B778066DAD76D6EEA7D0D31A82F168A84C0D7955,2F9AFDE43DC8E3F05803304C01BD3DBF329169AC,6CB7D0F355B60EF166439E96876BCDEBF8FD8E0F,2020-09-24 21:39:29.325000,2020-09-24 21:39:31.486000
vdz3vtmifmajudoc,failed,not_found,384,9A51C5D79C30B9F3B527EC77EF901DDAB76C3AB5,A3A6D9D7DBED00F7E6508B55D3449FF6B6C5DF90,87C08DDFD32C62F3C56D371F9774D27BFDBB807B,6CC25EF1B7BA8E6AB5B4F62B3D7D1B6C2E5DB6F3,2020-09-24 21:39:31.486000,2020-09-24 21:39:34.227000
kesimgqiutbowzot,failed,not_found,195,9A51C5D79C30B9F3B527EC77EF901DDAB76C3AB5,0042B9F5B608D06DBFF5C075C84F2BBB9B294A5B,0990E0F4F2C127BDDA9B6726400FAC077F6C83B0,837D5EA513DF7FDDA36BE569C646151CDA4B9935,2020-09-24 21:39:17.748000,2020-09-24 21:39:20.421000
kesimgqiutbowzot,failed,not_found,254,9A51C5D79C30B9F3B527EC77EF901DDAB76C3AB5,014E24C0CD21D2B9829E841D5EC1D3C415F866BF,213F2B4AB09EE6FF8CA21B804B2E1BD8835088D3,C542D452D42DBD01A071D2DA1CE6EE15AF40F5C2,2020-09-24 21:39:20.421000,2020-09-24 21:39:24.345000
kesimgqiutbowzot,failed,not_found,284,9A51C5D79C30B9F3B527EC77EF901DDAB76C3AB5,7F3D20E72A24ED2EBD92AA9C430B805BA389D02B,5C9CA36D31340CA64BE095CF50ED71A50085A470,83AEDBDB4BE3AD0ED91850BF1A521B843077759E,2020-09-24 21:39:24.346000,2020-09-24 21:39:26.681000
kesimgqiutbowzot,failed,not_found,316,9A51C5D79C30B9F3B527EC77EF901DDAB76C3AB5,62A60158A2C302E3DA792D7A4F5339F41321E5D9,5CF342DBBD6170BEE00CD52ACB4076D551085E7F,C554F4F1EF719D33AA612457960C889F1FB64A4B,2020-09-24 21:39:26.682000,2020-09-24 21:39:28.635000
kesimgqiutbowzot,failed,not_found,341,9A51C5D79C30B9F3B527EC77EF901DDAB76C3AB5,E130296683B896A117CE5DA531A5645644178734,310723122778237508274A36E9557B060A531BDD,838749E0065B79086D12B5C1D7869B99EEFE1DB0,2020-09-24 21:39:28.636000,2020-09-24 21:39:30.616000
kesimgqiutbowzot,failed,not_found,368,9A51C5D79C30B9F3B527EC77EF901DDAB76C3AB5,C2481FAAA5508F6C2A64873972281220E9778476,0CF8F3E6590F45D50B70F2F7DA6605ECA6CD408F,C545ED3BE029B226D74B3F798235951D2FEEE3E1,2020-09-24 21:39:30.617000,2020-09-24 21:39:32.839000
x7t7lbmdx7i6m2f4,failed,not_found,210,9A51C5D79C30B9F3B527EC77EF901DDAB76C3AB5,DCC6C70E8F4340CBD633F506BC9E7D99818601D9,B8F6E68B36BEE2BF548750BDCCC3C2A7DB56A623,320D73AF6CC78987E710789847BFB8D61C31BD4B,2020-09-24 21:39:18.755000,2020-09-24 21:39:21
x7t7lbmdx7i6m2f4,failed,not_found,241,9A51C5D79C30B9F3B527EC77EF901DDAB76C3AB5,4A60B05738087419BFF41A41D2059873EE16E1E9,672A56A583C658372E63ACEB43E7F791C2819548,320DB7BEA72C058BA2EEF098BF1AEFBA29371BE0,2020-09-24 21:39:21.001000,2020-09-24 21:39:23.020000
x7t7lbmdx7i6m2f4,failed,not_found,273,9A51C5D79C30B9F3B527EC77EF901DDAB76C3AB5,DA8D76F5F5819693B5C96F499BA19F7404014769,57DE17E5368653AA53B6EFA4CBEE2F8DEB4314FA,A810FF1E5C7983D43B3517506479274B5DA5AC73,2020-09-24 21:39:23.021000,2020-09-24 21:39:25.977000
x7t7lbmdx7i6m2f4,failed,not_found,308,9A51C5D79C30B9F3B527EC77EF901DDAB76C3AB5,3A9443710224E5182895C342D1D36C1D460A1206,BE8737597F2E6B4F805893202C935125829A902E,322BB33F4887230B0767F54BA08A450B68D777F2,2020-09-24 21:39:25.978000,2020-09-24 21:39:27.986000
x7t7lbmdx7i6m2f4,failed,not_found,334,9A51C5D79C30B9F3B527EC77EF901DDAB76C3AB5,3A9443710224E5182895C342D1D36C1D460A1206,33AA6CFE161A698169B548C9D973DAE6DED6BF0E,A838296B9F01A9E2487BC3A25D5E5F2FB8A979FA,2020-09-24 21:39:27.987000,2020-09-24 21:39:29.993000
x7t7lbmdx7i6m2f4,failed,not_found,361,9A51C5D79C30B9F3B527EC77EF901DDAB76C3AB5,80F9AC81E0C64C6CFEBE264522C545604F2C4361,3CEA56B817455E13C4B063E7D3E7726C286F7C9B,A81B621D6401BBEEC8E2C84228141BAFA711D0D9,2020-09-24 21:39:29.994000,2020-09-24 21:39:32.405000
3ihn7hzowymmtj5w,failed,not_found,274,9A51C5D79C30B9F3B527EC77EF901DDAB76C3AB5,A0DFB31231C718829FA18EAB4D0CD51DEDBAE08C,41E041EC676622FFEE59F56BC75B99CD0D47F653,82ACC2C54FA8E53FB1A9C990CD0CD00077329DFD,2020-09-24 21:39:18.756000,2020-09-24 21:39:25.050000
3ihn7hzowymmtj5w,failed,not_found,297,9A51C5D79C30B9F3B527EC77EF901DDAB76C3AB5,D56A98D38FC3C75E0347EEF3DD9C12749AF7C7C5,431702B3A68A6015F9955DD4FD0129175B43EA0F,82B94663F141978FB2252A166A7FCFF0BA3A1701,2020-09-24 21:39:25.050000,2020-09-24 21:39:26.901000
3ihn7hzowymmtj5w,failed,not_found,321,9A51C5D79C30B9F3B527EC77EF901DDAB76C3AB5,8885EA6F74A694825B13B8A7080F6CF164DF74FB,77A56CB237740E24AEA2D61C8C8936232AFC1BD8,82DA9678A0BAE60087AA68A3E1D6E6A2C4246D6D,2020-09-24 21:39:26.901000,2020-09-24 21:39:29.379000
3ihn7hzowymmtj5w,failed,not_found,351,9A51C5D79C30B9F3B527EC77EF901DDAB76C3AB5,BDDF8187EA4419951CFD0A54088B634564F63AF3,41CEB66108B70108F148BF7778260A87723AACA1,310056E3539B2EE9F227B0D230B0835554051475,2020-09-24 21:39:29.379000,2020-09-24 21:39:31.182000
3ihn7hzowymmtj5w,failed,not_found,432,9A51C5D79C30B9F3B527EC77EF901DDAB76C3AB5,ACBF3D504CFF3D74D1991AFDF6AC070606232B10,DC9E3C6576CC9A04AAE1C465210A972A722571A0,30E747B3058994CCCBEAF8B5B4791A9F1628AB7D,2020-09-24 21:39:31.183000,2020-09-24 21:39:37.656000
3ihn7hzowymmtj5w,failed,not_found,483,9A51C5D79C30B9F3B527EC77EF901DDAB76C3AB5,019FEB22CE04CBD0489B7F24BE038518B64FA223,9E6BA60AFBF9A4946A52770ABCDFC95703DAD6CB,30E899AAFEB7429FEA43A15F2B43759D965E289F,2020-09-24 21:39:37.657000,2020-09-24 21:39:41.541000
zq7a3q3c3rndb6xc,failed,not_found,220,9A51C5D79C30B9F3B527EC77EF901DDAB76C3AB5,CBD00958A3B897774E333D75C24E6A75F5220DCC,C5A1D5B7CB0D12A7B7334F2915134E6DA8F5C46D,FBBC3BD58B471F6227DC0F05265C6A37C770905F,2020-09-24 21:39:19.734000,2020-09-24 21:39:21.713000
zq7a3q3c3rndb6xc,failed,not_found,245,9A51C5D79C30B9F3B527EC77EF901DDAB76C3AB5,E1DE607E31C2C0FB6F8FC959BF7B58CE35D95990,890480E14E634C8B4467C475E355A6FBF3D99CD5,FB855A4E362D9DA8661A42D324AB5A06D02E3935,2020-09-24 21:39:21.713000,2020-09-24 21:39:23.773000
zq7a3q3c3rndb6xc,failed,not_found,303,9A51C5D79C30B9F3B527EC77EF901DDAB76C3AB5,EAA823552F959DFD038E9AC8FA89345A738B6C00,F117B31DF6A73D6F015BCEE4E6AB13474B18A16F,FB8796036069BB4787D639F92681ECC2FD7AEB22,2020-09-24 21:39:23.773000,2020-09-24 21:39:28.494000
zq7a3q3c3rndb6xc,failed,not_found,338,9A51C5D79C30B9F3B527EC77EF901DDAB76C3AB5,8C612213C4B5C154FA90847F36FBF36DB78AB1AC,C1335B1DB938644FCD54EE744D91354F94EDD1BC,3A6164437EF523E4907E7D97CAB135EFC39621F6,2020-09-24 21:39:28.495000,2020-09-24 21:39:30.782000
zq7a3q3c3rndb6xc,failed,not_found,371,9A51C5D79C30B9F3B527EC77EF901DDAB76C3AB5,C0CBBD17F848C8F9A49104A96DB498013B30F14F,66BD39FE805AED414ADE400CAAD862C9CC3AC34E,3A8557B067FBE53F168BBEAA7D14D1298AE52A52,2020-09-24 21:39:30.783000,2020-09-24 21:39:32.926000
zq7a3q3c3rndb6xc,failed,not_found,402,9A51C5D79C30B9F3B527EC77EF901DDAB76C3AB5,6B5A63BFEEA8EF58DA812F4F05BE98C869809DFB,1C0736CF3744A3B87C2D2269B8BD3388C7E60552,3A7528436E0DD9675FB12750F3EDE23CF74F4ACB,2020-09-24 21:39:32.927000,2020-09-24 21:39:34.810000
jmvlijt5z6wswq6r,failed,not_found,221,9A51C5D79C30B9F3B527EC77EF901DDAB76C3AB5,9B2BC7EFD661072AFADC533BE8DCF1C19D8C2DCC,CACD9D63B759B35555D8C965A3E01071E9DFB44C,221546DAE86B003139B13BD6F6AE1B4B42B59DF8,2020-09-24 21:39:19.759000,2020-09-24 21:39:21.728000
jmvlijt5z6wswq6r,failed,not_found,246,9A51C5D79C30B9F3B527EC77EF901DDAB76C3AB5,4D136F1700DF10B8DEE9EEF20F56063AE3A7E55E,4D04F9851D460F3D47CE74A1756A34441D0BFFAF,F5AD7DE58D0E038B48761AD995F9117DA072BA47,2020-09-24 21:39:21.729000,2020-09-24 21:39:24.406000
jmvlijt5z6wswq6r,failed,not_found,285,9A51C5D79C30B9F3B527EC77EF901DDAB76C3AB5,14D57DEDF0A4554A2D21AD53CCCC43E31158C733,3E374F99ACA96A5179153914B722CE8449534A63,221E976B546E60048A01950250399B8534D4E4B7,2020-09-24 21:39:24.407000,2020-09-24 21:39:26.791000
jmvlijt5z6wswq6r,failed,not_found,319,9A51C5D79C30B9F3B527EC77EF901DDAB76C3AB5,BA27D43AC00F014945DC32D036056F13FE1D5243,CEC0E348E90D60EBC562F338499E1C74298F9DDA,2201444B080E69C8E68217EE2FDA1E3F9CDDFDE6,2020-09-24 21:39:26.792000,2020-09-24 21:39:28.838000
jmvlijt5z6wswq6r,failed,not_found,346,9A51C5D79C30B9F3B527EC77EF901DDAB76C3AB5,5CF342DBBD6170BEE00CD52ACB4076D551085E7F,18B160CD5E22BFC345AEE7BA84B7EA45BF457FCA,F5BF2C835E86DF291DC7D86DD1E1542F4887E3A7,2020-09-24 21:39:28.839000,2020-09-24 21:39:30.969000
jmvlijt5z6wswq6r,failed,not_found,373,9A51C5D79C30B9F3B527EC77EF901DDAB76C3AB5,9AFAFAF168741F001305BBD122B7A7DBA8665353,DC4F3F76FFDC5D55F3E917FAB263E76C03F4D666,F5B72145DD46D16E8BF8002AA1EC97DAB6942B9B,2020-09-24 21:39:30.969000,2020-09-24 21:39:33.333000
zr5yh6hibn5xugih,failed,not_found,237,9A51C5D79C30B9F3B527EC77EF901DDAB76C3AB5,A932F56F69D24A96A0CBC4F32922A62DEFD28C77,3E3CBA3F2870CE76A41D3E97A8D838AA703586E3,2037A6568C5771A5D8FF5C64FC1819247E6FEE7B,2020-09-24 21:39:20.742000,2020-09-24 21:39:22.861000
zr5yh6hibn5xugih,failed,not_found,268,9A51C5D79C30B9F3B527EC77EF901DDAB76C3AB5,D5607ADD1FDDB657482E23F09AB173310C802590,47E0EEB4E75C2C3633A7E294885F146B1E786DA9,20462CBA5DA4C2D963567D17D0B7249718114A68,2020-09-24 21:39:22.862000,2020-09-24 21:39:24.723000
zr5yh6hibn5xugih,failed,not_found,291,9A51C5D79C30B9F3B527EC77EF901DDAB76C3AB5,2E12778C3FBE28C9E9C8AC6A76FF4509DC41599B,F1A7CE1B1D558DC24E39B6B30FF217ECCEECF141,C87A4D8B534F78FDF0F4639B55F121401FEF259C,2020-09-24 21:39:24.723000,2020-09-24 21:39:26.861000
zr5yh6hibn5xugih,failed,not_found,364,9A51C5D79C30B9F3B527EC77EF901DDAB76C3AB5,070229A4CC2CFFB24EB667298A7DB5E8D11EB701,17ABA734572DBB1050CF3800F0DD145BAE7ED9A7,205352549229B724BBCDF0996EE0E7251A0833FA,2020-09-24 21:39:26.862000,2020-09-24 21:39:32.045000
zr5yh6hibn5xugih,failed,not_found,389,9A51C5D79C30B9F3B527EC77EF901DDAB76C3AB5,EAA823552F959DFD038E9AC8FA89345A738B6C00,1B91B86B67317A63636FE38ABE6C4E701A2B1A99,C88ABC7F51FC22668FECE61B4792527386E8FE25,2020-09-24 21:39:32.046000,2020-09-24 21:39:34.313000
zr5yh6hibn5xugih,failed,not_found,418,9A51C5D79C30B9F3B527EC77EF901DDAB76C3AB5,270934A4F7B669AA387F2D475FBE793D03694547,C2481FAAA5508F6C2A64873972281220E9778476,C8ADC3A9310689F8E89B024C142E3ABEF2980E9C,2020-09-24 21:39:34.314000,2020-09-24 21:39:37.014000
7jz5syfpwihthxsx,failed,not_found,238,9A51C5D79C30B9F3B527EC77EF901DDAB76C3AB5,58332DDDA15415CB3D13F5ECA3D54BE961B8C458,118496882F58E787DC24F5C219B93F22BA5820D8,5C01B2D72D75F109550963F810C2010BDA208549,2020-09-24 21:39:20.773000,2020-09-24 21:39:22.802000
7jz5syfpwihthxsx,failed,not_found,325,9A51C5D79C30B9F3B527EC77EF901DDAB76C3AB5,F94A7BAC5D1E3D9372437141E10695A625B8B533,1B90395827F7499A37C73F09BC5AA0225808F6FC,5BF17163CBE73D8CD9FDBE030C944EA05707DA93,2020-09-24 21:39:22.803000,2020-09-24 21:39:29.415000
7jz5syfpwihthxsx,failed,not_found,352,9A51C5D79C30B9F3B527EC77EF901DDAB76C3AB5,64798E5F481852097A5C1EE7BC90ECC79789EC5E,D408EA531AA2FA90F25BD14283D38FDBB2094BA3,5BF170F5773748C783BE4B67DABF5338C03B1AE7,2020-09-24 21:39:29.415000,2020-09-24 21:39:31.485000
7jz5syfpwihthxsx,failed,not_found,383,9A51C5D79C30B9F3B527EC77EF901DDAB76C3AB5,1CD48F4ED0F1821FFBF1940802A13EEFD4C27502,354F9C59F2C2636E77F857C668FCDA1700E35384,BA0BA7A976F153DBB050266CD3D21F499FCB975D,2020-09-24 21:39:31.486000,2020-09-24 21:39:33.875000
7jz5syfpwihthxsx,failed,not_found,471,9A51C5D79C30B9F3B527EC77EF901DDAB76C3AB5,5A14FBBBAF842124A0AF3C650F4302C5B549AB17,79D9E66BB2FDBF25E846B635D8248FE1194CFD26,BA12CEF016B1D1EA93AB944C4EECAD77AB3A6DDD,2020-09-24 21:39:33.876000,2020-09-24 21:39:40.314000
7jz5syfpwihthxsx,failed,not_found,501,9A51C5D79C30B9F3B527EC77EF901DDAB76C3AB5,C333C56EAAD404ACDDE2FB3A675C5F5DA46A81E2,3E3CBA3F2870CE76A41D3E97A8D838AA703586E3,BA38FDB6FE97442388C35FE83F371BB1C6C4324B,2020-09-24 21:39:40.315000,2020-09-24 21:39:42.650000
kis4nzetvsg4yh3x,failed,not_found,310,9A51C5D79C30B9F3B527EC77EF901DDAB76C3AB5,2F8B9500DC98C13FD28CC51E47D3416DE423ED78,FE54C9B92F5306A4520072B96085EC09909B01D1,0F52E9652F96AD1D500AC062350A149902C128B9,2020-09-24 21:39:21.742000,2020-09-24 21:39:28.713000
kis4nzetvsg4yh3x,failed,not_found,343,9A51C5D79C30B9F3B527EC77EF901DDAB76C3AB5,E546C96AEB2258BD0733949027E8F96156F6B290,62CF4982747BFDE3C0395A3894554BD8DC3C5D92,0F3B1BCB42C0E688D4A45887EFDD762B8D2F08F9,2020-09-24 21:39:28.714000,2020-09-24 21:39:31.484000
kis4nzetvsg4yh3x,failed,not_found,382,9A51C5D79C30B9F3B527EC77EF901DDAB76C3AB5,DCE8DBF94576272AD10D996C9AA0794A4567F304,724E86E7F5DA715529DC0ECAA013AE4BDC680E4C,0F19413E69DB6507EFDDEC9444C86E0574D6F471,2020-09-24 21:39:31.484000,2020-09-24 21:39:33.443000
kis4nzetvsg4yh3x,failed,not_found,409,9A51C5D79C30B9F3B527EC77EF901DDAB76C3AB5,A44062AE3484310CE728BBD7769E9CD44C09FBB0,FF09929A568B6941CE9B084F3A92CBBAE05D1942,587B1EAF1E22E148EFB010DAA337ACDCD4DB5CBA,2020-09-24 21:39:33.444000,2020-09-24 21:39:35.853000
kis4nzetvsg4yh3x,failed,not_found,441,9A51C5D79C30B9F3B527EC77EF901DDAB76C3AB5,BFA905EA10DFD54A38A0C119FAE00182DE4C173B,CBD85D49F9C8BC2FCAB1255C7D196524FE926659,5847D5A01C47166143F738C7703344517B39EB10,2020-09-24 21:39:35.854000,2020-09-24 21:39:38.384000
kis4nzetvsg4yh3x,failed,not_found,476,9A51C5D79C30B9F3B527EC77EF901DDAB76C3AB5,97B7BA747B62A9962DEDCE404FF33106D4032F91,6BE5AA34A5C391724677A3FDC2AA77B3768F6E26,58556883C97E01B4639611BAF43EBC843C0D1B51,2020-09-24 21:39:38.385000,2020-09-24 21:39:40.868000
7vdykrowr3htx66s,failed,not_found,248,9A51C5D79C30B9F3B527EC77EF901DDAB76C3AB5,F24F8BEA2779A79111F33F6832B062BED306B9CB,23A2D8DDF761F35CC63BDF65E604B76A7E2F6971,8BE58BA7A28DC6B4F211CE8EE86783B85133488D,2020-09-24 21:39:21.757000,2020-09-24 21:39:23.854000
7vdykrowr3htx66s,failed,not_found,280,9A51C5D79C30B9F3B527EC77EF901DDAB76C3AB5,BDD1B4801294D81C1F89C9AB488BA993DDF1B520,B576A394DFC12B7E900D643C900484765D58C30F,8C00FA7369A7A308F6A137600F0FA07990D9D451,2020-09-24 21:39:23.855000,2020-09-24 21:39:25.510000
7vdykrowr3htx66s,failed,not_found,302,9A51C5D79C30B9F3B527EC77EF901DDAB76C3AB5,7A3E534C033E3836BD5AF223B642853C502AB33A,C239952D0C8E4EABC3E6B0A8E0B623689174E3C6,547C1CDB516798EC66A01F04A5884DCE1A151919,2020-09-24 21:39:25.511000,2020-09-24 21:39:27.414000
7vdykrowr3htx66s,failed,not_found,328,9A51C5D79C30B9F3B527EC77EF901DDAB76C3AB5,B74DABBE248B935CDC1038CD5C9280878C8C94E7,27B90919AADA44C9B6C74E2A437F37730129E0C3,8BE79CE3261C027CE94F84D6CBE45F03BE9B8B59,2020-09-24 21:39:27.415000,2020-09-24 21:39:29.492000
7vdykrowr3htx66s,failed,not_found,354,9A51C5D79C30B9F3B527EC77EF901DDAB76C3AB5,9A48EC8AAFB2E8C9E20408596383DB74F1196747,EE010EF80A27AC0B02CDC2B8B214A6201BB02D2B,547E6E68ADE1B6F492C44443588A939610401DFB,2020-09-24 21:39:29.493000,2020-09-24 21:39:31.455000
7vdykrowr3htx66s,failed,not_found,381,9A51C5D79C30B9F3B527EC77EF901DDAB76C3AB5,76D2EBA82BBCCA3DF9F254A9A8372A10A26F3D14,7B2904FE8AA12E45EA3D65658ED8CECA4A51F7F8,547DA56F6B88B6C596B3E3086803CDA4F0EF8F21,2020-09-24 21:39:31.455000,2020-09-24 21:39:33.779000
q4gl5vbt4nrds6fd,failed,not_found,264,9A51C5D79C30B9F3B527EC77EF901DDAB76C3AB5,5B1F0DAF378A1FAFCFD5FA9CDC66D1023DC0276E,20FD9F93C8C67E198929FD9A0B8ED84134877FBB,85BFDBFCF9E711CF0F1A22C115368724D7C101F7,2020-09-24 21:39:22.733000,2020-09-24 21:39:25.049000
q4gl5vbt4nrds6fd,failed,not_found,296,9A51C5D79C30B9F3B527EC77EF901DDAB76C3AB5,B2D03CDF45EB4D74A65FAC4F00EBA785C9663A5F,E81993EA52B73285CFFD02FEC003569D21483001,85A885433E50B1874F11CEC9BE98451E24660976,2020-09-24 21:39:25.050000,2020-09-24 21:39:27.170000
q4gl5vbt4nrds6fd,failed,not_found,327,9A51C5D79C30B9F3B527EC77EF901DDAB76C3AB5,58F3E2956EABB81F673E2FB90E16E001DB4AC3AE,2935E0F03B71BE44F6F265FEF976E810BAAD6F4E,F88721B0D184361AD24B14CFD56832824A0E79F2,2020-09-24 21:39:27.170000,2020-09-24 21:39:29.594000
q4gl5vbt4nrds6fd,failed,not_found,357,9A51C5D79C30B9F3B527EC77EF901DDAB76C3AB5,AE236568ED01527850FA0D5BEFBBF6C6BDA47AF0,EE7CD2A763435C7006095BD167C790ABE5BC4DEA,85A3AC041E3FCD796AF5D653953D5E27A56E3719,2020-09-24 21:39:29.595000,2020-09-24 21:39:32.330000
q4gl5vbt4nrds6fd,failed,not_found,375,9A51C5D79C30B9F3B527EC77EF901DDAB76C3AB5,5AD3FB658E490BAD9515F363374AA41D65D31A02,2B24C281AD12EA96F72C2808E1AF041CEBE345D0,F878E3AD594F013195A051CD1072BF33D543A235,2020-09-24 21:39:32.331000,2020-09-24 21:39:33.299000
q4gl5vbt4nrds6fd,failed,not_found,391,9A51C5D79C30B9F3B527EC77EF901DDAB76C3AB5,E3D61BAEA0B7CB12CACEDC8821C520557BDFCEA3,F2ED5032B52021E7BADBBB82E6594F1A872FFD09,F8AA8D8CCBA0C5F2836DE6315CDFA6E4A31A0890,2020-09-24 21:39:33.300000,2020-09-24 21:39:34.458000
63khii35qc2xquh7,failed,not_found,265,9A51C5D79C30B9F3B527EC77EF901DDAB76C3AB5,3CD5F7766CF8E96FE315678B0CAC6A5B999FC47D,4FF53BC47097B50DA5B68D72C5B25CC079F4A787,A40D5345ACA7439DAEA3801C3C473731B68A6E9B,2020-09-24 21:39:22.764000,2020-09-24 21:39:34.785000
63khii35qc2xquh7,failed,not_found,288,9A51C5D79C30B9F3B527EC77EF901DDAB76C3AB5,90D43CF5541ECF57C1833FED33FFDFF239C4817C,12B1A5769D38FF47CF68C2235E1BDA315DF400F2,A44062AE3484310CE728BBD7769E9CD44C09FBB0,2020-09-24 21:39:24.598000,2020-09-24 21:39:32.837000
63khii35qc2xquh7,failed,not_found,340,9A51C5D79C30B9F3B527EC77EF901DDAB76C3AB5,59EA74708A9C1A24D2EB1A2F150C27119A5FC2A6,6245DC873D6F613C795D48663D65BD8A2266CAF6,A452410658C4F2986381839633CDB98FBFCBCAAF,2020-09-24 21:39:28.616000,2020-09-24 21:39:37.144000
5omzwvu53lfy5k3q,failed,not_found,278,9A51C5D79C30B9F3B527EC77EF901DDAB76C3AB5,8F22AFDD06AA4238ADD93A8EA6FBC2BB9C652711,F8DE8132E599A194E20DDB738AF64A7200CD5949,E6AB0CADE4A8300EAE81D51189C4B23ADE43B58C,2020-09-24 21:39:23.803000,2020-09-24 21:39:26.012000
5omzwvu53lfy5k3q,failed,not_found,309,9A51C5D79C30B9F3B527EC77EF901DDAB76C3AB5,F3CEC87ED91E0B0B1D86BE4D7DE90F00B607ECAF,16DB78459B845F4E728405EB694E32929E2B318A,E690103F3E388A3D9C125936F1AE5C64C1A26D51,2020-09-24 21:39:26.013000,2020-09-24 21:39:29.455000
5omzwvu53lfy5k3q,failed,not_found,353,9A51C5D79C30B9F3B527EC77EF901DDAB76C3AB5,74F44514E060866912DFFE1554D0D135C9DC5148,3A9443710224E5182895C342D1D36C1D460A1206,25F49247646F1F9C9C4B31217AE004308B271359,2020-09-24 21:39:29.455000,2020-09-24 21:39:32.370000
5omzwvu53lfy5k3q,failed,not_found,392,9A51C5D79C30B9F3B527EC77EF901DDAB76C3AB5,E1468D867FA3230EC1DACFCA87A800BAF22E79E0,235D3444236ABC28F412E93814F6B783200D4630,25C5206EE19969289F291F22B23052DA48F948A5,2020-09-24 21:39:32.371000,2020-09-24 21:39:34.408000
5omzwvu53lfy5k3q,failed,not_found,419,9A51C5D79C30B9F3B527EC77EF901DDAB76C3AB5,FD449127D30D8F5D124653D9EF736EDF4A12B4DC,6B5A63BFEEA8EF58DA812F4F05BE98C869809DFB,25E078CD1E537A7418318168F7E1990EF2A160C8,2020-09-24 21:39:34.409000,2020-09-24 21:39:36.498000
5omzwvu53lfy5k3q,failed,not_found,447,9A51C5D79C30B9F3B527EC77EF901DDAB76C3AB5,B33C5B8DDD2EB50EE0B9916547EBDE2BCA3BC567,6B9EA8927AB6E94E216067E65372182343A5AFA2,E689C03C0990FDCE4FD25C5F1DF17D5DA793B620,2020-09-24 21:39:36.499000,2020-09-24 21:39:38.596000
qfaq32cwomgupx7a,failed,not_found,279,9A51C5D79C30B9F3B527EC77EF901DDAB76C3AB5,EAA823552F959DFD038E9AC8FA89345A738B6C00,954666871AF443730E97772E183DAD1F45583FB7,CA4DF2B63A43080C57CF9A561D4A155F97EC5A4F,2020-09-24 21:39:23.853000,2020-09-24 21:39:25.888000
qfaq32cwomgupx7a,failed,not_found,306,9A51C5D79C30B9F3B527EC77EF901DDAB76C3AB5,8A6F5A21493685B50F1B46A87A2099D6C410F237,7044955A4D7B04CF70011D73B467B13CE5E69D41,CA37CD46799449D83B6B98B8C22C649906307888,2020-09-24 21:39:25.889000,2020-09-24 21:39:27.920000
qfaq32cwomgupx7a,failed,not_found,333,9A51C5D79C30B9F3B527EC77EF901DDAB76C3AB5,BDD1B4801294D81C1F89C9AB488BA993DDF1B520,513753D2C4A1246DCC21241C5BE5022CCBD2645C,72A33E374DE5AD1E617394896F0FD8B092D3E7C4,2020-09-24 21:39:27.921000,2020-09-24 21:39:29.791000
qfaq32cwomgupx7a,failed,not_found,360,9A51C5D79C30B9F3B527EC77EF901DDAB76C3AB5,14D57DEDF0A4554A2D21AD53CCCC43E31158C733,D710B8449C8EC4E3ED55B8C7483B6445ED9A0DBB,7292EF58742CC793F7AB3846D87001178328F9A2,2020-09-24 21:39:29.791000,2020-09-24 21:39:31.865000
qfaq32cwomgupx7a,failed,not_found,443,9A51C5D79C30B9F3B527EC77EF901DDAB76C3AB5,A5B93F8313132071E1E654EBCCBFE9F1F073D98F,A2C6C931D8627C6605288970889DDB88C7BA2142,729DAA09F1E225DBAAF2F42F3C82FD3BBE7AD5DE,2020-09-24 21:39:31.866000,2020-09-24 21:39:38.283000
qfaq32cwomgupx7a,failed,not_found,475,9A51C5D79C30B9F3B527EC77EF901DDAB76C3AB5,708A968F3644F8A547156368FEA3DB664110E631,9DB400402B545DC41DE342E14644F74B7DA4F789,CA29603FE2143C9BF06AFE76AB5D7940194271C1,2020-09-24 21:39:38.285000,2020-09-24 21:39:40.473000
b7nicmmuuluadix7,failed,not_found,292,9A51C5D79C30B9F3B527EC77EF901DDAB76C3AB5,3E3CBA3F2870CE76A41D3E97A8D838AA703586E3,855BC2DABE24C861CD887DB9B2E950424B49FC34,EB7551CC1130A01BB3B19128B6E2791BC2AA3052,2020-09-24 21:39:24.755000,2020-09-24 21:39:26.949000
b7nicmmuuluadix7,failed,not_found,322,9A51C5D79C30B9F3B527EC77EF901DDAB76C3AB5,CE1FD7659F2DFE92B883083C0C6C974616D17F3D,383CFCF03B225B3EDCA519197BAA310A58CEAABC,EB6BAF902533654A3E708BE3A384CA6615A721BF,2020-09-24 21:39:26.950000,2020-09-24 21:39:29.378000
b7nicmmuuluadix7,failed,not_found,350,9A51C5D79C30B9F3B527EC77EF901DDAB76C3AB5,A4E120350425BAD920307FFA74440F95D0172302,58ED9C9C35E433EE58764D62892B4FFD518A3CD0,A466DC1C546053060940AB279F1EA967167ECACB,2020-09-24 21:39:29.379000,2020-09-24 21:39:32.388000
b7nicmmuuluadix7,failed,not_found,393,9A51C5D79C30B9F3B527EC77EF901DDAB76C3AB5,2096BCFEBB95A1134F39FCF8CEB076FF41A2B48B,708A968F3644F8A547156368FEA3DB664110E631,A478E421F83194C114F41E94F95999672AED51FE,2020-09-24 21:39:32.389000,2020-09-24 21:39:34.513000
b7nicmmuuluadix7,failed,not_found,420,9A51C5D79C30B9F3B527EC77EF901DDAB76C3AB5,02648F2F135C7296A27B1F59D2AE4EEC25D9A877,44DF1007B545B4D8057F279025EBB33CF99BE227,EB6A879331A20D3D39874960E1076A8421F5A44C,2020-09-24 21:39:34.514000,2020-09-24 21:39:37.599000
b7nicmmuuluadix7,failed,not_found,466,9A51C5D79C30B9F3B527EC77EF901DDAB76C3AB5,8E39881472946D5BBE41765470D9E3099A0EB4C7,ACBBB426CE1D0641A590BF1FC1CF05416FC0FF6F,A452410658C4F2986381839633CDB98FBFCBCAAF,2020-09-24 21:39:37.599000,2020-09-24 21:39:39.862000
foc7fm5lwja2sxst,failed,not_found,293,9A51C5D79C30B9F3B527EC77EF901DDAB76C3AB5,FF9FC6D130FA26AE3AE8B23688691DC419F0F22E,BBD1B1A22695396C75DFF338A8FF7A12804A607A,8F89078575FEE57675A922E9E088918F63AC750C,2020-09-24 21:39:24.783000,2020-09-24 21:39:27.009000
foc7fm5lwja2sxst,failed,not_found,323,9A51C5D79C30B9F3B527EC77EF901DDAB76C3AB5,EA79FFE95F5779A34E9FB14CE934A76B22FE6ACE,A36D13036750E477E0C5628A5BE4FECB63286D80,8F8911CEB5CAA353735DE1EF566B132AB649EF4C,2020-09-24 21:39:27.010000,2020-09-24 21:39:29.029000
foc7fm5lwja2sxst,failed,not_found,347,9A51C5D79C30B9F3B527EC77EF901DDAB76C3AB5,BEA635C89C057DB8E879572C6A2C188239CFAD68,9456BBB3FB923DD1CDEC5C8B45D9615BC937DC42,8F7E120C1D4371FEA19E3C158C180D7DE4EE505C,2020-09-24 21:39:29.029000,2020-09-24 21:39:33.010000
foc7fm5lwja2sxst,failed,not_found,404,9A51C5D79C30B9F3B527EC77EF901DDAB76C3AB5,F37374DB9FA6EF14CED64FD294E8D8683F032EC8,C2B45199FC6F98E21BFAFE0833348F288FA337E3,ADB398B7F5AC2D936A8080758607F5CCB4B78F3E,2020-09-24 21:39:33.010000,2020-09-24 21:39:34.880000
foc7fm5lwja2sxst,failed,not_found,427,9A51C5D79C30B9F3B527EC77EF901DDAB76C3AB5,C3ACB0492A644E27A549BC3CDF3B7A129186E3BF,844AE9CAD04325E955E2BE1521563B79FE7094B7,ADB98B27D7A3FB5732068FD23602A1BCB3BE9F38,2020-09-24 21:39:34.881000,2020-09-24 21:39:36.978000
foc7fm5lwja2sxst,failed,not_found,510,9A51C5D79C30B9F3B527EC77EF901DDAB76C3AB5,D64D25D465B9D145320E5A4A32BB45B53BFDA06F,425835370C1FBE178C21CB53C76672F12BDE091A,AD9F6804869ADD53A55F20DA4A1FC107F38D079E,2020-09-24 21:39:36.978000,2020-09-24 21:39:43.857000
ancpde44pb2dzalm,failed,not_found,304,9A51C5D79C30B9F3B527EC77EF901DDAB76C3AB5,1252A53FE719AF72C0FD1E54D8DE08C0327E5A4A,8B6B10A0AED89408E509D4422EC926C89C7933D0,7BE4752877553A96CD4035D0C526BCD09E81CC64,2020-09-24 21:39:25.767000,2020-09-24 21:39:27.557000
ancpde44pb2dzalm,failed,not_found,329,9A51C5D79C30B9F3B527EC77EF901DDAB76C3AB5,3D9CE80399B68C01377FEC42395E399B9ED16E18,5ACC0FB6043235708F7E018E315101FA2194CBB4,AFA9E5B8D77B736CCA77704B465F9FA4B9566924,2020-09-24 21:39:27.558000,2020-09-24 21:39:29.562000
ancpde44pb2dzalm,failed,not_found,355,9A51C5D79C30B9F3B527EC77EF901DDAB76C3AB5,44354E35E9F7F97AF27686D03B0D591686E35394,E76E2BC2FC9273BFBA38947EB5572076270D49D5,7BE3CB407039AA39EB88EF3B00053D3F92EC32AB,2020-09-24 21:39:29.563000,2020-09-24 21:39:32.711000
ancpde44pb2dzalm,failed,not_found,394,9A51C5D79C30B9F3B527EC77EF901DDAB76C3AB5,8FD3BAF5E14EBE1124D6253D59882AFE1C2B9B8E,768B488AE2C61B6FA837E3AB8DB7601E1A0B8492,AFA0C24F635C3E198A151D09A796430F0778BA65,2020-09-24 21:39:32.712000,2020-09-24 21:39:34.562000
ancpde44pb2dzalm,failed,not_found,421,9A51C5D79C30B9F3B527EC77EF901DDAB76C3AB5,210001EE8A8E086983A3BD48F0D936996451C9CB,708A968F3644F8A547156368FEA3DB664110E631,7C0AA4E3B73E407E9F5FEB1912F8BE26D8AA124D,2020-09-24 21:39:34.563000,2020-09-24 21:39:36.766000
ancpde44pb2dzalm,failed,not_found,449,9A51C5D79C30B9F3B527EC77EF901DDAB76C3AB5,AE6A8C18E7499B586CD36246AC4BCAFFBBF93AB2,D5C01B85FB3A48D55698CA660A2DE8935388816E,AFD8484F0D84F95EAA11D62D822767FE6381A95D,2020-09-24 21:39:36.767000,2020-09-24 21:39:39.018000
a4bfcjul3xtsgily,failed,not_found,307,9A51C5D79C30B9F3B527EC77EF901DDAB76C3AB5,50C7B836942F14BDF1541B017CF21FD03F354E13,42D47C736518BFA495CA31AEE40AE468F0BDA2A6,41E041EC676622FFEE59F56BC75B99CD0D47F653,2020-09-24 21:39:25.892000,2020-09-24 21:39:27.561000
a4bfcjul3xtsgily,failed,not_found,330,9A51C5D79C30B9F3B527EC77EF901DDAB76C3AB5,083C52051140DB8AF770BD40C7C8883EFFF4CAF3,BF0FB582E37F738CD33C3651125F2772705BB8E8,41DC047802522B360256954C8EA4B16F53F2DCD4,2020-09-24 21:39:27.561000,2020-09-24 21:39:29.563000
a4bfcjul3xtsgily,failed,not_found,356,9A51C5D79C30B9F3B527EC77EF901DDAB76C3AB5,9171101E709ADE5881F5E2CA1100D4044B44263E,296A9A2C96249BC5D8CA8CF196EF5E3FCC80488E,41D2F6D866E7638138CF9F282A280F96BD020D25,2020-09-24 21:39:29.563000,2020-09-24 21:39:31.426000
a4bfcjul3xtsgily,failed,not_found,380,9A51C5D79C30B9F3B527EC77EF901DDAB76C3AB5,13F7EAE731CA4600951986921E08ECAB9B1D2AF6,50C7B836942F14BDF1541B017CF21FD03F354E13,543F96D0C17CDBAC326F644DB0C8A17193BCCFC9,2020-09-24 21:39:31.427000,2020-09-24 21:39:33.484000
a4bfcjul3xtsgily,failed,not_found,461,9A51C5D79C30B9F3B527EC77EF901DDAB76C3AB5,69534B8B5FCCD0BF1124945B1D0F5A35FB0A3542,39CF2F22E5018C01FD57DEB1AB8FDFA4592633FB,5436FC72ABDEAC39BF58E64E5E12C462A7D3D088,2020-09-24 21:39:33.485000,2020-09-24 21:39:39.467000
a4bfcjul3xtsgily,failed,not_found,487,9A51C5D79C30B9F3B527EC77EF901DDAB76C3AB5,0F977B4D6EBEECD578AC838A5FDDC81B636060A7,30D457317789E20449CBC12E02F5658FA23E0BEE,546E52A979FB0FBBDF1DDF360FB20AA03D22AACE,2020-09-24 21:39:39.468000,2020-09-24 21:39:42.184000
yzsipzqglwqvuvcf,failed,not_found,317,9A51C5D79C30B9F3B527EC77EF901DDAB76C3AB5,03910F285A33F365838EC66EF2C2EF754D046760,EAB20BD4083C820EC8329ED5AEBF12019A7749F3,11C3D14A1166AEDED6D247A32DE6451F6C95223A,2020-09-24 21:39:26.755000,2020-09-24 21:39:28.636000
yzsipzqglwqvuvcf,failed,not_found,342,9A51C5D79C30B9F3B527EC77EF901DDAB76C3AB5,0B555940D37DC849728841C0B290074E1A1BDCA8,070229A4CC2CFFB24EB667298A7DB5E8D11EB701,FA150B9FEBD863358C53C4A16E35A051411763A6,2020-09-24 21:39:28.637000,2020-09-24 21:39:30.783000
yzsipzqglwqvuvcf,failed,not_found,372,9A51C5D79C30B9F3B527EC77EF901DDAB76C3AB5,F6CD4DBF5850AC4386DD9A424918AD3C6BA2716F,64E257D94E739278D5954CC820C9D7EAC4E7A7B7,F9E32D4058F7F35E9BC4F1D8C3B2DAA0C4466660,2020-09-24 21:39:30.783000,2020-09-24 21:39:32.798000
yzsipzqglwqvuvcf,failed,not_found,400,9A51C5D79C30B9F3B527EC77EF901DDAB76C3AB5,90D43CF5541ECF57C1833FED33FFDFF239C4817C,BF7168623AD4FF542A9E940C4CCF575D9BE16323,F9D942D6A320777940A051C8A4B3EF3C0F28AD38,2020-09-24 21:39:32.798000,2020-09-24 21:39:35.271000
yzsipzqglwqvuvcf,failed,not_found,435,9A51C5D79C30B9F3B527EC77EF901DDAB76C3AB5,890480E14E634C8B4467C475E355A6FBF3D99CD5,8C4ECFC848AF887DA98641FD649087D865161195,118496882F58E787DC24F5C219B93F22BA5820D8,2020-09-24 21:39:35.272000,2020-09-24 21:39:37.369000
yzsipzqglwqvuvcf,failed,not_found,460,9A51C5D79C30B9F3B527EC77EF901DDAB76C3AB5,12B6C5B34B03988D86A48B88F7922157AAD8FFD7,A016192D0A87FC9354A7523A211BBD9CF859708B,1188DC549FDF5E8054E1FE8C789A632CD1872F7E,2020-09-24 21:39:37.370000,2020-09-24 21:39:39.863000
tt4l4feade3otgkc,failed,not_found,318,9A51C5D79C30B9F3B527EC77EF901DDAB76C3AB5,8BE58BA7A28DC6B4F211CE8EE86783B85133488D,FFB3455EC1DD7EEF917BE944365C8C362746F7FD,1C70C2AA7F3772CE07C4EF6B18A6E330150372EE,2020-09-24 21:39:26.789000,2020-09-24 21:39:30.134000
tt4l4feade3otgkc,failed,not_found,363,9A51C5D79C30B9F3B527EC77EF901DDAB76C3AB5,F00C8B7589FEE52BE84387CDB422C1F1386979C0,3DD93E6A1959804D0E36D26E83CA86E3AD3F4DE4,1C7700A94DBBFECFA234C1ADD0D23FB87D1D7599,2020-09-24 21:39:30.134000,2020-09-24 21:39:32.745000
tt4l4feade3otgkc,failed,not_found,396,9A51C5D79C30B9F3B527EC77EF901DDAB76C3AB5,7272FA27A7F99E88D59BE2018E3F14FB88BF9786,F0BCFE7041A46C0A0175B56FB94228CCBF0DB4D0,1C7215BC0123DDA23BDED0F9D2849D3AD80183CB,2020-09-24 21:39:32.746000,2020-09-24 21:39:34.523000
tt4l4feade3otgkc,failed,not_found,406,9A51C5D79C30B9F3B527EC77EF901DDAB76C3AB5,993845A39881E6A1C4DD6C9A73F45541DB1092AE,0ED0EA324C931CF41CB5272BFB1D015B3D5772A9,7DB8443AE29FBC450D34E55FA914F42BF929EE49,2020-09-24 21:39:34.523000,2020-09-24 21:39:36.203000
tt4l4feade3otgkc,failed,not_found,445,9A51C5D79C30B9F3B527EC77EF901DDAB76C3AB5,64B05F9A2122B5DB4ADCB0E6F083193F3170A902,3BB035514F8246AC367B5370F4FE120BB11D8C6D,7DA31D79E52D12685BBE8544E3C557F176B0FC84,2020-09-24 21:39:36.204000,2020-09-24 21:39:38.457000
tt4l4feade3otgkc,failed,not_found,456,9A51C5D79C30B9F3B527EC77EF901DDAB76C3AB5,2BAF092E8667C00CA3D9686C76D8EC3CC6BC7C5B,0E2EEC125A6AC8D5EBF5DB36B776A3DA5510E7A0,7DC099E84AD8ACC12DE92EEF2B1A9052B15D0AF1,2020-09-24 21:39:38.458000,2020-09-24 21:39:39.540000
cxuzxe6bku3o6osm,failed,not_found,331,9A51C5D79C30B9F3B527EC77EF901DDAB76C3AB5,56927E61B51E6F363FB55498150A6DDFCF7077F2,D5A2B3AE1E8047017A0BBC7209FD624DB84D47CE,67FBB854B6DBD2DCBA5747FD761BF36096EFC0C0,2020-09-24 21:39:27.727000,2020-09-24 21:39:30.165000
cxuzxe6bku3o6osm,failed,not_found,348,9A51C5D79C30B9F3B527EC77EF901DDAB76C3AB5,DD0AA66DD9E4E71FFAFAB658DF8300F1CEEA0364,7D928720EC0CB5C2AFE04DF0EBC37BD59B00EAB4,68016A9AC477AE039B8EE07C36CABC0440126A67,2020-09-24 21:39:30.165000,2020-09-24 21:39:31.136000
cxuzxe6bku3o6osm,failed,not_found,377,9A51C5D79C30B9F3B527EC77EF901DDAB76C3AB5,CD0EEE12E60E686E05DC3B730BFA53B4A22DBCCF,B644F1C0FB7992E653060308326540EC9BEB8BE8,67CDF7A4D06E98E55AAE595BBEBF38E64C4CCBF3,2020-09-24 21:39:31.136000,2020-09-24 21:39:33.409000
cxuzxe6bku3o6osm,failed,not_found,455,9A51C5D79C30B9F3B527EC77EF901DDAB76C3AB5,954666871AF443730E97772E183DAD1F45583FB7,D237E2F1FE64CA47F40544CB53403ABF8F51C3D8,8EE28EAF0874AF9B03EBBD79B5EB5059E2547355,2020-09-24 21:39:33.410000,2020-09-24 21:39:39.119000
cxuzxe6bku3o6osm,failed,not_found,482,9A51C5D79C30B9F3B527EC77EF901DDAB76C3AB5,65D6FEA17521A7FC2E1A633AECD33C146ACA3024,60F2139EA3E06410A05CBD6E8254E60A9063AD9D,8EE0534532EA31AA5172B1892F53B2F25C76EB02,2020-09-24 21:39:39.120000,2020-09-24 21:39:41.791000
cxuzxe6bku3o6osm,failed,not_found,517,9A51C5D79C30B9F3B527EC77EF901DDAB76C3AB5,754CB99117E6ED570DFCFB7D9F12674B97A4E28E,1AAC19D892F84910AB94C45092241ABA3CFC4C89,8EC7FE7F2A1189EB79A07C02FB3F1FD57132E42D,2020-09-24 21:39:41.792000,2020-09-24 21:39:44.297000
s2gua7dme7s7yrtc,failed,not_found,332,9A51C5D79C30B9F3B527EC77EF901DDAB76C3AB5,88F5FD94C520B22A1A5B98EC20003F046ED601DD,9E1E4F5B5F94812D02C4D18CB4086CE71CA5C614,F21DFB7CCD5EEF3E021086EC96EF7CFCAA72F4F3,2020-09-24 21:39:27.745000,2020-09-24 21:39:30.310000
s2gua7dme7s7yrtc,failed,not_found,366,9A51C5D79C30B9F3B527EC77EF901DDAB76C3AB5,0409605E8343562A790FFE846CB3BD7C04429F70,91517F219F7648E4B8BBF3C162C77DDC55315612,F21760E63FE2BB45629BB14FCDB0FD677485DAF8,2020-09-24 21:39:30.311000,2020-09-24 21:39:32.980000
s2gua7dme7s7yrtc,failed,not_found,403,9A51C5D79C30B9F3B527EC77EF901DDAB76C3AB5,F6AAFCFB722532DA3E2A54135000E672B9473835,165532BF5B1A34DF60D74375409D632D6FBEF83F,E61D63442BE06CC8CCA60C972DE1C3AE3DD7871E,2020-09-24 21:39:32.981000,2020-09-24 21:39:34.953000
s2gua7dme7s7yrtc,failed,not_found,428,9A51C5D79C30B9F3B527EC77EF901DDAB76C3AB5,19D353B8AA0927DF82CB26E0396C57BE27C0ACC5,B149064611DC466405E1825956F36B202DCE6E4A,F237DAC181708BEEFF180632CD7AB42ECA0ACF91,2020-09-24 21:39:34.953000,2020-09-24 21:39:37.511000
s2gua7dme7s7yrtc,failed,not_found,464,9A51C5D79C30B9F3B527EC77EF901DDAB76C3AB5,CF6A6080091BB210AA3892FEFE2F6A396DA08DF3,8EE28EAF0874AF9B03EBBD79B5EB5059E2547355,E617AD78CD262D6F68817BE6B178063B35F5FF77,2020-09-24 21:39:37.512000,2020-09-24 21:39:39.721000
s2gua7dme7s7yrtc,failed,not_found,489,9A51C5D79C30B9F3B527EC77EF901DDAB76C3AB5,8EE28EAF0874AF9B03EBBD79B5EB5059E2547355,575F15A0A41B951BEE03E25B2A0A3FC3E8D7C7D1,E6288334BC0F95345817811880DDEA184E63AE69,2020-09-24 21:39:39.722000,2020-09-24 21:39:41.512000
elusypjlcjxknyea,failed,not_found,344,9A51C5D79C30B9F3B527EC77EF901DDAB76C3AB5,CED424DF844971572655A1351D159ED79B6C1511,1EE882126F8CF613C67DC25415330D8CF328CDBA,0EB07340EF2D1608FC16F6268E1DA0C532EB3D11,2020-09-24 21:39:28.745000,2020-09-24 21:39:31.135000
elusypjlcjxknyea,failed,not_found,431,9A51C5D79C30B9F3B527EC77EF901DDAB76C3AB5,6D72E970EB5218702C854BE250EC0663CC14D9BD,8ABC4D5F6182C7E79B087D1ED9E5CF652C83E52C,0ED06F12AF64D5027422169B61D1AC5366C6FFE9,2020-09-24 21:39:31.136000,2020-09-24 21:39:37.700000
elusypjlcjxknyea,failed,not_found,468,9A51C5D79C30B9F3B527EC77EF901DDAB76C3AB5,DC40A59D4D744F2C3C7A655EC6BF3A59AFA1C66C,B872BA6804C8C6E140AE1897B44CF32B42FD2397,0EAD0000E01B073AE88B1B4A0E63A6B9407BA255,2020-09-24 21:39:37.700000,2020-09-24 21:39:40.629000
elusypjlcjxknyea,failed,not_found,502,9A51C5D79C30B9F3B527EC77EF901DDAB76C3AB5,63540827C4832D214984EA47B7A68C593F9F862F,1B9FACF25E17D26E307EA7CFA7D455B144B032E5,E39A758BD81DD27E8AA27998688E816D0A13DC82,2020-09-24 21:39:40.630000,2020-09-24 21:39:42.819000
elusypjlcjxknyea,failed,not_found,533,9A51C5D79C30B9F3B527EC77EF901DDAB76C3AB5,6E66D978514FF86CDEF01FE30C23A1002925AA02,B0DB2F173F0DB364BABF7A465D796B3C048F1F33,E38CCCE275ADC46DF35FB764AA28D4EF722CFA54,2020-09-24 21:39:42.820000,2020-09-24 21:39:44.862000
elusypjlcjxknyea,failed,not_found,561,9A51C5D79C30B9F3B527EC77EF901DDAB76C3AB5,3C8609D996441A690BF31A7AB0374D9E33FA2210,0085057C17BD2E1809E284825F06F94E72FB418C,E3A491D490DC1C3832D7F68615EEB4508C857D8B,2020-09-24 21:39:44.863000,2020-09-24 21:39:47.572000
j5tgq57ujhuuke2v,failed,not_found,345,9A51C5D79C30B9F3B527EC77EF901DDAB76C3AB5,87C08DDFD32C62F3C56D371F9774D27BFDBB807B,42D47C736518BFA495CA31AEE40AE468F0BDA2A6,84ABF6381FD0F96B882764F176B85980EBC31FE1,2020-09-24 21:39:28.780000,2020-09-24 21:39:31.389000
j5tgq57ujhuuke2v,failed,not_found,379,9A51C5D79C30B9F3B527EC77EF901DDAB76C3AB5,6D163F649ECBE9DC20F016236EF36D7E1559E98E,9F29D0DD4AEB62E742BDAEEF2DFD3BDD76953403,B428E8A48C62E35536E5F30BA348A05ACE5FDF14,2020-09-24 21:39:31.390000,2020-09-24 21:39:33.410000
j5tgq57ujhuuke2v,failed,not_found,408,9A51C5D79C30B9F3B527EC77EF901DDAB76C3AB5,BC123DB7F61E9DB31F23B37BF62A16DAA1010FC9,D079D6818926684C5979C18171FB18862A4A5792,84A8E41D03865822272F647D378AFF4AC73187F2,2020-09-24 21:39:33.410000,2020-09-24 21:39:35.274000
j5tgq57ujhuuke2v,failed,not_found,436,9A51C5D79C30B9F3B527EC77EF901DDAB76C3AB5,62A60158A2C302E3DA792D7A4F5339F41321E5D9,F3936F97C14EFCFD18154DF4443B91FEDD071F47,B426BB592E20008B7ED9E9D7AC5651ED8B0EB39E,2020-09-24 21:39:35.275000,2020-09-24 21:39:37.291000
j5tgq57ujhuuke2v,failed,not_found,459,9A51C5D79C30B9F3B527EC77EF901DDAB76C3AB5,12D552E8AF7AA2B71B218B5BBF6A5FEFA6F26BA0,3A51E32A303A0E0A3AB8AA1CCBE98FF8791E2341,B411027C926A9BFFCF7DA91E3CAF1856A321EFFD,2020-09-24 21:39:37.292000,2020-09-24 21:39:39.465000
j5tgq57ujhuuke2v,failed,not_found,486,9A51C5D79C30B9F3B527EC77EF901DDAB76C3AB5,28C52CDBB78DA46124DA62EC1D6796689E719210,B0DB2F173F0DB364BABF7A465D796B3C048F1F33,84AFAE19244541A404F763BA0E2F0CAD8A3FACF0,2020-09-24 21:39:39.465000,2020-09-24 21:39:42.183000
2gi4b63moasr3euq,failed,not_found,358,9A51C5D79C30B9F3B527EC77EF901DDAB76C3AB5,A0DFB31231C718829FA18EAB4D0CD51DEDBAE08C,FD8F5193CDFFC0C05F3CDFBEB2A71F9CC3CAE090,F0A97AAF092015293EC63D7E75D9C2B70B7C360B,2020-09-24 21:39:29.745000,2020-09-24 21:39:31.824000
2gi4b63moasr3euq,failed,not_found,387,9A51C5D79C30B9F3B527EC77EF901DDAB76C3AB5,50E43E33EBAB7EB9EAB6B352F3685229DAB25A84,E546C96AEB2258BD0733949027E8F96156F6B290,D78E2C8F971E5F3D9855376BE0D39407F4885E82,2020-09-24 21:39:31.824000,2020-09-24 21:39:34.157000
2gi4b63moasr3euq,failed,not_found,417,9A51C5D79C30B9F3B527EC77EF901DDAB76C3AB5,8EA58F28DCA60F56C6F2131BDFE9BF5FAF2233CE,8404E8B8AAB98208FAEFB1727B637133AD9C6FAF,F0A3054C76604DC75D3F57F55C27F1BFB643F107,2020-09-24 21:39:34.158000,2020-09-24 21:39:36.765000
2gi4b63moasr3euq,failed,not_found,508,9A51C5D79C30B9F3B527EC77EF901DDAB76C3AB5,E5CC91BAFE7CCD68003E873D32E38027638D49D7,88DF5D708E931C431902AAABEA981E7951E00085,D78D1B4489CF4FFB0FD74014BDF2D600D8EE5B05,2020-09-24 21:39:36.766000,2020-09-24 21:39:43.276000
2gi4b63moasr3euq,failed,not_found,537,9A51C5D79C30B9F3B527EC77EF901DDAB76C3AB5,C3ACB0492A644E27A549BC3CDF3B7A129186E3BF,32EE911D968BE3E016ECA572BB1ED0A9EE43FC2F,F0B580798BB303BA36ED1268568E2AD935B6C486,2020-09-24 21:39:43.276000,2020-09-24 21:39:45.321000
2gi4b63moasr3euq,failed,not_found,565,9A51C5D79C30B9F3B527EC77EF901DDAB76C3AB5,169535CC4C75FF79C6D548D41720064EE4FE61D2,AB10D5040BCBBA912FA448B8CF2A653DC8ACDC2C,D7829A21726220AF77401BE5B2B132963A0BE82B,2020-09-24 21:39:45.321000,2020-09-24 21:39:47.767000
2cwrqlyrt3dwucjs,failed,not_found,359,9A51C5D79C30B9F3B527EC77EF901DDAB76C3AB5,1034775A01EA629979D0A601EC85FDF2F584CC45,1B90395827F7499A37C73F09BC5AA0225808F6FC,96E0D19D735D47039844EA83372183BB606F87B4,2020-09-24 21:39:29.789000,2020-09-24 21:39:32.078000
2cwrqlyrt3dwucjs,failed,not_found,390,9A51C5D79C30B9F3B527EC77EF901DDAB76C3AB5,01B70C7C497FC8667DB5EB82C40D8F9214D6A484,DC9564AE8BC7BF5F722E3677C897ED1B578C8D81,96DAFDCE92BA94E4CC95F8314AE48E272A702FDC,2020-09-24 21:39:32.079000,2020-09-24 21:39:34.084000
2cwrqlyrt3dwucjs,failed,not_found,415,9A51C5D79C30B9F3B527EC77EF901DDAB76C3AB5,D0273C8566CC9AECE4C762376C9B066FE0F1DADD,081C9DF6A615A300B382C004DFE2CC37B561C9A0,96DCD1D17C1F0FA4DED207C148E54C0A55553076,2020-09-24 21:39:34.084000,2020-09-24 21:39:36.289000
2cwrqlyrt3dwucjs,failed,not_found,446,9A51C5D79C30B9F3B527EC77EF901DDAB76C3AB5,5FB384605F53DCBF1CB02143D318DA3E8EE38A24,F5F4019509109A07E90C45A022CEED9ECA1643C8,B6EC7139E1F47BB90D3C26EC4571E4BB0B4B6989,2020-09-24 21:39:36.290000,2020-09-24 21:39:38.517000
2cwrqlyrt3dwucjs,failed,not_found,477,9A51C5D79C30B9F3B527EC77EF901DDAB76C3AB5,671A68ABADA1402FB00676055F48EA123B9B060C,7A2A6F39F485C4FC95FB885FFF37C436FD2BB7E5,B6E33C39C1C94E582CBB8C24CCE351F2129807C6,2020-09-24 21:39:38.517000,2020-09-24 21:39:40.692000
2cwrqlyrt3dwucjs,failed,not_found,503,9A51C5D79C30B9F3B527EC77EF901DDAB76C3AB5,8BE79CE3261C027CE94F84D6CBE45F03BE9B8B59,DA96AC308288FBFD4641F25F1FA44DDD62FFE42B,B70629C29A032979E5AD00CC51D2330845AAFD6A,2020-09-24 21:39:40.692000,2020-09-24 21:39:43.376000
7uv4b2tsxrpgyo5r,failed,not_found,369,9A51C5D79C30B9F3B527EC77EF901DDAB76C3AB5,01AE2DE314276C82FCCC3603A1C2F3238E6544C9,54371D64F4AED8CD1EF8ED1B58C725C4063BDE42,3D07B333ED3A81C557D39DE8A4EABD9BC0D6B0C1,2020-09-24 21:39:30.744000,2020-09-24 21:39:33.056000
7uv4b2tsxrpgyo5r,failed,not_found,405,9A51C5D79C30B9F3B527EC77EF901DDAB76C3AB5,5ACC0FB6043235708F7E018E315101FA2194CBB4,96CFE178A1D12489D9D59A0CAE17FE86F5A3A79F,825AD5D33B2A5C41BC647047D6B63AC41C4C5021,2020-09-24 21:39:33.057000,2020-09-24 21:39:35.185000
7uv4b2tsxrpgyo5r,failed,not_found,434,9A51C5D79C30B9F3B527EC77EF901DDAB76C3AB5,F9246DEF2B653807236DA134F2AEAB103D58ABFE,901CBA6FF3B90618D3FFEFF040353C267F690DF8,828112B80D28A92311A8C6C7CCF369B316C40744,2020-09-24 21:39:35.185000,2020-09-24 21:39:37.227000
7uv4b2tsxrpgyo5r,failed,not_found,457,9A51C5D79C30B9F3B527EC77EF901DDAB76C3AB5,E617AD78CD262D6F68817BE6B178063B35F5FF77,60B1681670B185813E762B71F3C3B129A981F37B,3D636FB9D24EA781C3C2766C051064C6CA1C0D96,2020-09-24 21:39:37.228000,2020-09-24 21:39:39.859000
7uv4b2tsxrpgyo5r,failed,not_found,493,9A51C5D79C30B9F3B527EC77EF901DDAB76C3AB5,DA8D76F5F5819693B5C96F499BA19F7404014769,005ED97213F725867E422B8DC0443361BBB24E3C,8275CE20C53D79EC51CA87292E7FC58F238F100C,2020-09-24 21:39:39.859000,2020-09-24 21:39:42.143000
7uv4b2tsxrpgyo5r,failed,not_found,527,9A51C5D79C30B9F3B527EC77EF901DDAB76C3AB5,6565F31D9EC0C7DFFEA1920BE3BA4C73EF35B5C4,1322D90EA6EDA85B3A8566F2C04F2D8C5C7C1EF1,3D7B08458C7BC081358BC9FAA4FFB2593FFE0576,2020-09-24 21:39:42.144000,2020-09-24 21:39:44.667000
ci7q4nwum4tymcru,failed,not_found,370,9A51C5D79C30B9F3B527EC77EF901DDAB76C3AB5,43028D0071DE055180DAA82DE200B42FD2131C23,7E44E0D39CE8666A98EA5DEBCBB8E12B3906410F,450AB46ADFD541B3905A5C6140BC53EB8C68C9A5,2020-09-24 21:39:30.772000,2020-09-24 21:39:32.718000
ci7q4nwum4tymcru,failed,not_found,395,9A51C5D79C30B9F3B527EC77EF901DDAB76C3AB5,FB016E16B8CD7A0E53DEEF31ED8754E4F6B8E837,F004C51B7C3136D7DFC20469AA5329B8372A263A,44FAF1249D46C79CE33A5234D8501261C40E670D,2020-09-24 21:39:32.718000,2020-09-24 21:39:34.993000
ci7q4nwum4tymcru,failed,not_found,430,9A51C5D79C30B9F3B527EC77EF901DDAB76C3AB5,0C3D5E19E3C75B505C8ACD26F89DCA2DF970553E,AAA03044B42AD37D5C5592D6604A6D1B72F4B3BE,44FE825405384A8CE396D3369F45A4D62ECDAF66,2020-09-24 21:39:34.993000,2020-09-24 21:39:37.593000
ci7q4nwum4tymcru,failed,not_found,444,9A51C5D79C30B9F3B527EC77EF901DDAB76C3AB5,622842AE5ECFF0809B4C986D52CA75C349ED11E8,FC1E441E097BA36930AA2F615EFB325AF76D2595,8E38B11E849336D62AB6264FBAE9B03C70F07863,2020-09-24 21:39:37.594000,2020-09-24 21:39:39.016000
ci7q4nwum4tymcru,failed,not_found,481,9A51C5D79C30B9F3B527EC77EF901DDAB76C3AB5,461453F94FA0E3CBB011685E22CDAFD2AF0DFDC3,CD39C258265B25EAA4ABA4FDCB2DF98104CAA362,8E33A4B1985004E5FBA5F8BF61AE3A23A2BF78E8,2020-09-24 21:39:39.017000,2020-09-24 21:39:41.367000
ci7q4nwum4tymcru,failed,not_found,513,9A51C5D79C30B9F3B527EC77EF901DDAB76C3AB5,41CEB66108B70108F148BF7778260A87723AACA1,5D765770B4DB110D88787457978AB4008CF65CAC,8E39881472946D5BBE41765470D9E3099A0EB4C7,2020-09-24 21:39:41.368000,2020-09-24 21:39:43.276000
i46x55zvzajb545t,failed,not_found,385,9A51C5D79C30B9F3B527EC77EF901DDAB76C3AB5,AECBAD3537B7E5D2BF2967B627D23E36283B3D2A,91799AD097018FD5F83B70B978068FB83F72934F,6ED3BE22B2261258017B3F0584706265985D7AE9,2020-09-24 21:39:31.757000,2020-09-24 21:39:33.876000
i46x55zvzajb545t,failed,not_found,414,9A51C5D79C30B9F3B527EC77EF901DDAB76C3AB5,4D52A12D9AD22A7E1BE5B564953A7CA9C31DA675,322C6E3A973BC10FC36DE3037AD27BC89F14723B,025B66CEBC070FCB0519D206CF0CF4965C20C96E,2020-09-24 21:39:33.876000,2020-09-24 21:39:36.063000
i46x55zvzajb545t,failed,not_found,498,9A51C5D79C30B9F3B527EC77EF901DDAB76C3AB5,AD7552F2CFBF472F9FFE748D3E82994EA6050A76,15BE17C99FACE24470D40AF782D6A9C692AB36D6,6ED6758622A73F54F0EF59A9D31D71AABD7A70DA,2020-09-24 21:39:36.063000,2020-09-24 21:39:42.076000
i46x55zvzajb545t,failed,not_found,525,9A51C5D79C30B9F3B527EC77EF901DDAB76C3AB5,903044B185D293317A0CB4E7EB7FF898B076E3CB,23A2D8DDF761F35CC63BDF65E604B76A7E2F6971,6EEF8446BF9D43DA7F7D8505BDFC49BBE64BF822,2020-09-24 21:39:42.077000,2020-09-24 21:39:44.381000
i46x55zvzajb545t,failed,not_found,553,9A51C5D79C30B9F3B527EC77EF901DDAB76C3AB5,52026565263963A4DA7C0A737E43850951405CDB,D123C0F8F562804693C47D68C61786023B295E98,023EBBC57BEB7F45473B3DC2AA811FB3AABA4466,2020-09-24 21:39:44.382000,2020-09-24 21:39:46.651000
i46x55zvzajb545t,failed,not_found,604,9A51C5D79C30B9F3B527EC77EF901DDAB76C3AB5,3BB035514F8246AC367B5370F4FE120BB11D8C6D,E7EF73B4722CFAF0E8AA2151D3AA78701DE5F19B,02740F472D1DA5C1B77475F18940FE79F15AF4B8,2020-09-24 21:39:46.652000,2020-09-24 21:39:50.561000
ti2qrx37d5swqkqa,failed,not_found,386,9A51C5D79C30B9F3B527EC77EF901DDAB76C3AB5,57DE17E5368653AA53B6EFA4CBEE2F8DEB4314FA,B5D11485CE7613F8734D040BF9166F6AAFB30F46,1115E5065C3EE149B683CA2D7131839F2656B5AD,2020-09-24 21:39:31.823000,2020-09-24 21:39:34.975000
ti2qrx37d5swqkqa,failed,not_found,429,9A51C5D79C30B9F3B527EC77EF901DDAB76C3AB5,874D84382C892F3F61CC9E106BF08843DE0B865A,599A708756048993A1029B2775EEF8C9E40BB640,029E107A59D2B4FEBD06A6115167BD6D048D9C0A,2020-09-24 21:39:34.977000,2020-09-24 21:39:37.290000
ti2qrx37d5swqkqa,failed,not_found,458,9A51C5D79C30B9F3B527EC77EF901DDAB76C3AB5,E6C04728E9339DF22F331B7017D4A7AA3F252F0B,47C362713928A711FC105AF54993576E41CB1B7F,10CA859C429A17EFF704CC53D0080940148D59DA,2020-09-24 21:39:37.291000,2020-09-24 21:39:39.669000
ti2qrx37d5swqkqa,failed,not_found,488,9A51C5D79C30B9F3B527EC77EF901DDAB76C3AB5,B778066DAD76D6EEA7D0D31A82F168A84C0D7955,32A1ED707343CDEFFC105EC8DF068A0E154DF6CE,02930FFEB87968D518101EB79202F1C3766078DA,2020-09-24 21:39:39.670000,2020-09-24 21:39:41.906000
ti2qrx37d5swqkqa,failed,not_found,522,9A51C5D79C30B9F3B527EC77EF901DDAB76C3AB5,AFE05115595A1D028E91AD41F6A07239DB04CEBC,63BF46A63F9C21FD315CD061B3EAA3EB05283A0A,02928855BFAD787F8B363F21860D1E7D156E0655,2020-09-24 21:39:41.907000,2020-09-24 21:39:44.204000
ti2qrx37d5swqkqa,failed,not_found,550,9A51C5D79C30B9F3B527EC77EF901DDAB76C3AB5,FAE19F64F4C3B5351D95D1794CDC6A6AD0C8CB83,BF0FB582E37F738CD33C3651125F2772705BB8E8,10B689D11CDCB8EB74BF394880508C975058C608,2020-09-24 21:39:44.204000,2020-09-24 21:39:46.921000
aczwtdn5l6dakke4,failed,not_found,398,9A51C5D79C30B9F3B527EC77EF901DDAB76C3AB5,9B2BC7EFD661072AFADC533BE8DCF1C19D8C2DCC,856DAB2FDC9EED88A27BE2265FA6BD5489EF178E,520C85ABE6E731CECC28B1055854053FAA28061B,2020-09-24 21:39:32.794000,2020-09-24 21:39:34.836000
aczwtdn5l6dakke4,failed,not_found,426,9A51C5D79C30B9F3B527EC77EF901DDAB76C3AB5,D24FB714345D4B9061CEA89ACBAD343081F14928,438F3EA4C9FB0DB63F5377A3271AB5435FAD7E04,5A49AB08F68AA087CD7E18299CC56577D8A07747,2020-09-24 21:39:34.837000,2020-09-24 21:39:36.872000
aczwtdn5l6dakke4,failed,not_found,451,9A51C5D79C30B9F3B527EC77EF901DDAB76C3AB5,3EF75DDA77A5A0CFD58DC027BF7B1251D97CD084,AFF320BA96E4338B61A008D2CA250FFE0E23B09C,5A224EFAC453F7EF2D0435E336890DECDC5CEBFD,2020-09-24 21:39:36.873000,2020-09-24 21:39:39.356000
aczwtdn5l6dakke4,failed,not_found,473,9A51C5D79C30B9F3B527EC77EF901DDAB76C3AB5,BF0FB582E37F738CD33C3651125F2772705BB8E8,2EB3C230180694A1E848001E20F36F76A2287039,5A2C2BF25864F185AA91D2915943525609AC7F13,2020-09-24 21:39:39.357000,2020-09-24 21:39:41.311000
aczwtdn5l6dakke4,failed,not_found,499,9A51C5D79C30B9F3B527EC77EF901DDAB76C3AB5,E5CC82DF823F15F9EEF99F22BFB1F3CC5F5076EF,D598E2865164AF6D9958FC9A37D825C283A80C3B,52026565263963A4DA7C0A737E43850951405CDB,2020-09-24 21:39:41.312000,2020-09-24 21:39:42.394000
aczwtdn5l6dakke4,failed,not_found,530,9A51C5D79C30B9F3B527EC77EF901DDAB76C3AB5,CD39C258265B25EAA4ABA4FDCB2DF98104CAA362,3AB334331819AC0BA1A8AFE002D4321672109CAC,520952098AEC08A9FAF2802482A61AB1BF2EAC2A,2020-09-24 21:39:42.395000,2020-09-24 21:39:44.576000
6ofk72zi662rpg2y,failed,not_found,399,9A51C5D79C30B9F3B527EC77EF901DDAB76C3AB5,AD0FCFD83EA4899DB34735E599701592DEA13690,1CD48F4ED0F1821FFBF1940802A13EEFD4C27502,F38FB55A8CCA6A00CDD024A5EA2CFECB38A48E15,2020-09-24 21:39:32.795000,2020-09-24 21:39:34.736000
6ofk72zi662rpg2y,failed,not_found,422,9A51C5D79C30B9F3B527EC77EF901DDAB76C3AB5,D7DB8E82604F806766FC3F80213CF719A0481D0B,0C6D3655763B1A3A60FC42135CD60765AFE953BA,027E75C92F1231AE5F7BD4E1536696FE3040C460,2020-09-24 21:39:34.737000,2020-09-24 21:39:36.829000
6ofk72zi662rpg2y,failed,not_found,450,9A51C5D79C30B9F3B527EC77EF901DDAB76C3AB5,CD39C258265B25EAA4ABA4FDCB2DF98104CAA362,47175EA5C1B830AD72F2ED14C089B443758376E1,F37374DB9FA6EF14CED64FD294E8D8683F032EC8,2020-09-24 21:39:36.830000,2020-09-24 21:39:38.882000
6ofk72zi662rpg2y,failed,not_found,480,9A51C5D79C30B9F3B527EC77EF901DDAB76C3AB5,425E358E94FB53E7F11AF2D9AB60DE25F534BA1A,D4C381686A379E3CC3C09F95E1F6E4BFF27C489C,02758CD398E3F842EF82478078AAAE0273770DB2,2020-09-24 21:39:38.882000,2020-09-24 21:39:40.807000
6ofk72zi662rpg2y,failed,not_found,506,9A51C5D79C30B9F3B527EC77EF901DDAB76C3AB5,F24F8BEA2779A79111F33F6832B062BED306B9CB,23A2D8DDF761F35CC63BDF65E604B76A7E2F6971,F3889E2C68A673848CA9094F6F4A3653D7692109,2020-09-24 21:39:40.807000,2020-09-24 21:39:43.275000
6ofk72zi662rpg2y,failed,not_found,536,9A51C5D79C30B9F3B527EC77EF901DDAB76C3AB5,0E5D730466E5BB675BC9704C374DBE7E19F06165,BCDE75725B927738B6FD34EA2D78F4FA77B99848,02740F472D1DA5C1B77475F18940FE79F15AF4B8,2020-09-24 21:39:43.276000,2020-09-24 21:39:45.902000
2rbincpsmbai2cjx,failed,not_found,437,9A51C5D79C30B9F3B527EC77EF901DDAB76C3AB5,6ED6758622A73F54F0EF59A9D31D71AABD7A70DA,99339F3E68BCCC1391BF14C821D80766FE0C5956,158581827034DEF1BAB1FC248D180165452E53D3,2020-09-24 21:39:33.748000,2020-09-24 21:39:37.374000
2rbincpsmbai2cjx,failed,not_found,463,9A51C5D79C30B9F3B527EC77EF901DDAB76C3AB5,3FE1AA163445DC0E0677B5227F507907C4872A30,D0273C8566CC9AECE4C762376C9B066FE0F1DADD,205ED2C309999F0F18767A1ECCD384B580070BA9,2020-09-24 21:39:37.374000,2020-09-24 21:39:39.859000
2rbincpsmbai2cjx,failed,not_found,494,9A51C5D79C30B9F3B527EC77EF901DDAB76C3AB5,3239007CE1FB2ECDFDF2067DF23B949295DC5EF6,C013F6A7A2297FA4CD00D05EF4A1C5222B844B25,157CED138D3DE9CBFB5AE0232A319C2980F6C409,2020-09-24 21:39:39.860000,2020-09-24 21:39:41.605000
2rbincpsmbai2cjx,failed,not_found,515,9A51C5D79C30B9F3B527EC77EF901DDAB76C3AB5,C3263F4B4E92127B7CD15E8F9746B4382233424A,4FF53BC47097B50DA5B68D72C5B25CC079F4A787,20462CBA5DA4C2D963567D17D0B7249718114A68,2020-09-24 21:39:41.605000,2020-09-24 21:39:43.630000
2rbincpsmbai2cjx,failed,not_found,541,9A51C5D79C30B9F3B527EC77EF901DDAB76C3AB5,F3CEC87ED91E0B0B1D86BE4D7DE90F00B607ECAF,7FF1A673A5E1F7E9D2495A36C185B890DBD96553,157E7B94F1F908F9CDE33F083E8F089CA8AD19E9,2020-09-24 21:39:43.630000,2020-09-24 21:39:45.605000
2rbincpsmbai2cjx,failed,not_found,567,9A51C5D79C30B9F3B527EC77EF901DDAB76C3AB5,841DE1E065BCA8C1EBDC4A7140646F47A6257BD8,00962D2DD0B9BF3A6AF1D5EB201132388ACA1424,205352549229B724BBCDF0996EE0E7251A0833FA,2020-09-24 21:39:45.607000,2020-09-24 21:39:48.077000
zql7m3pbtt75irm7,failed,not_found,412,9A51C5D79C30B9F3B527EC77EF901DDAB76C3AB5,091F0E777170A967C60069B10F5404C3D14E90E8,216D8778B43123805F3FE3D7157223F34EF74A40,3322002CF72E17911FDEFE30E460BF486B0746C6,2020-09-24 21:39:33.778000,2020-09-24 21:39:36.445000
zql7m3pbtt75irm7,failed,not_found,433,9A51C5D79C30B9F3B527EC77EF901DDAB76C3AB5,CE863C22AD5ABBEAF606AE35A22781C409D895E5,CB92FA4D7D71F134CE1F1FFF2BFF53E88DD4A1DB,BE92B305B0D30D2E846E3CFC696B3A244AF72192,2020-09-24 21:39:36.445000,2020-09-24 21:39:37.594000
zql7m3pbtt75irm7,failed,not_found,465,9A51C5D79C30B9F3B527EC77EF901DDAB76C3AB5,5A14FBBBAF842124A0AF3C650F4302C5B549AB17,DBE82FA23B9FE3CB2462A6FCF5289DED3CBF4AEE,331FC9E123EC20877486845343B2D300B8F9E45A,2020-09-24 21:39:37.595000,2020-09-24 21:39:40.258000
zql7m3pbtt75irm7,failed,not_found,500,9A51C5D79C30B9F3B527EC77EF901DDAB76C3AB5,C22BA9ED6DEE071D2B37B9718DCCFB6A53EAD5E6,3E3CBA3F2870CE76A41D3E97A8D838AA703586E3,33294BC69FBE53BF3DE608E2D2F77BFB1B992CC6,2020-09-24 21:39:40.259000,2020-09-24 21:39:42.209000
zql7m3pbtt75irm7,failed,not_found,529,9A51C5D79C30B9F3B527EC77EF901DDAB76C3AB5,72C2EB697C3CD4CE7408359B386DEE6B2888F714,98AEF7B834D688773CE2BCC5A32761A4943CF623,BE8E43FC66E8150F4D334F884C8BA961856219AA,2020-09-24 21:39:42.210000,2020-09-24 21:39:44.864000
zql7m3pbtt75irm7,failed,not_found,562,9A51C5D79C30B9F3B527EC77EF901DDAB76C3AB5,005079A42356183CEA5A3ADD239303F44F12E7EA,2AE2CA4BD2B7754F29432C25E03314D52AC4CAF1,BE8737597F2E6B4F805893202C935125829A902E,2020-09-24 21:39:44.864000,2020-09-24 21:39:46.874000
qtr3orbj4hmzyjb2,failed,not_found,423,9A51C5D79C30B9F3B527EC77EF901DDAB76C3AB5,C3CFCC9B5993A6F0D1349858C598C4A78AFE51F9,12CF6DB4DAE106206D6C6B09988E865C0509843B,5A2C2BF25864F185AA91D2915943525609AC7F13,2020-09-24 21:39:34.782000,2020-09-24 21:39:38.203000
qtr3orbj4hmzyjb2,failed,not_found,474,9A51C5D79C30B9F3B527EC77EF901DDAB76C3AB5,41CEB66108B70108F148BF7778260A87723AACA1,9B2BC7EFD661072AFADC533BE8DCF1C19D8C2DCC,5A49AB08F68AA087CD7E18299CC56577D8A07747,2020-09-24 21:39:38.203000,2020-09-24 21:39:41.341000
qtr3orbj4hmzyjb2,failed,not_found,512,9A51C5D79C30B9F3B527EC77EF901DDAB76C3AB5,7A3E534C033E3836BD5AF223B642853C502AB33A,EE7CD2A763435C7006095BD167C790ABE5BC4DEA,5A224EFAC453F7EF2D0435E336890DECDC5CEBFD,2020-09-24 21:39:41.342000,2020-09-24 21:39:43.417000
qtr3orbj4hmzyjb2,failed,not_found,539,9A51C5D79C30B9F3B527EC77EF901DDAB76C3AB5,01FE2137C42E4802507A1FD97B0158116FD78A8C,D1E706B9021A0BF8E9663DB207D9D9EC03A70DAC,E0023AC14180112A2FFF00A84C6049862BB3E6C3,2020-09-24 21:39:43.418000,2020-09-24 21:39:46.280000
qtr3orbj4hmzyjb2,failed,not_found,575,9A51C5D79C30B9F3B527EC77EF901DDAB76C3AB5,FBD20387F64D67ED53AC5BD2E0302D44B2DA360C,D228AE265C966CA4E9A8C4B746A30A9737060A32,DFAA86AD46BEA875D5018CC1CECD77C9F979FB0E,2020-09-24 21:39:46.281000,2020-09-24 21:39:48.663000
qtr3orbj4hmzyjb2,failed,not_found,606,9A51C5D79C30B9F3B527EC77EF901DDAB76C3AB5,EA79FFE95F5779A34E9FB14CE934A76B22FE6ACE,FD449127D30D8F5D124653D9EF736EDF4A12B4DC,DFA40306BEA6EAF28CEF4AFED473A2877A90F9B5,2020-09-24 21:39:48.663000,2020-09-24 21:39:50.642000
srsa5hl7ziu5ybi6,failed,not_found,424,9A51C5D79C30B9F3B527EC77EF901DDAB76C3AB5,34DF8443F6ACD1A543AAA10A7621A389E31A4422,67738D287FBB686B0F6BF1221505BE17781D50DC,8CA16E878293D11F0E0803E5FC09F93A5C666889,2020-09-24 21:39:34.782000,2020-09-24 21:39:37.373000
srsa5hl7ziu5ybi6,failed,not_found,462,9A51C5D79C30B9F3B527EC77EF901DDAB76C3AB5,334DF2164322B98FCC567BC444947B74AC92DAEA,C3E0E9EA1FF3FCFC27E856BFE61533020DD7F090,8C9DF7FE2C6C8E253048D07EB1F3986841CF2407,2020-09-24 21:39:37.373000,2020-09-24 21:39:39.799000
srsa5hl7ziu5ybi6,failed,not_found,491,9A51C5D79C30B9F3B527EC77EF901DDAB76C3AB5,23B32039F3A201FB2C215C07E0EB3F38D67ABD13,769A297017BB5E92A9A5A3D76725CA12D694AA30,68EBB2CAB63B98F0BA802AD04059ED752665A138,2020-09-24 21:39:39.799000,2020-09-24 21:39:42.819000
srsa5hl7ziu5ybi6,failed,not_found,532,9A51C5D79C30B9F3B527EC77EF901DDAB76C3AB5,B76A047C20D3E4F9B5A64428298DA55A90D62472,F6CD4DBF5850AC4386DD9A424918AD3C6BA2716F,68D2ABD936233A569E2B46D6228816149A16B4FA,2020-09-24 21:39:42.819000,2020-09-24 21:39:44.621000
srsa5hl7ziu5ybi6,failed,not_found,564,9A51C5D79C30B9F3B527EC77EF901DDAB76C3AB5,63BF46A63F9C21FD315CD061B3EAA3EB05283A0A,5AE12CAAA489A0739F56E79CC287526FAB55A6FB,8C9E4277399C612C2032CD3C98C052F0D6EA4961,2020-09-24 21:39:44.622000,2020-09-24 21:39:47.324000
srsa5hl7ziu5ybi6,failed,not_found,574,9A51C5D79C30B9F3B527EC77EF901DDAB76C3AB5,8056080EE822B5CA1A8FFF52B7242A82C5E42FBB,B86137AE9681701901C6720E55C16805B46BD8E3,68C12E4894996FD16CC4A3C4FDFD2D236B9E8E11,2020-09-24 21:39:47.325000,2020-09-24 21:39:48.253000
bc3rqag5uepd7rmi,failed,not_found,438,9A51C5D79C30B9F3B527EC77EF901DDAB76C3AB5,D1F2C5C820B3F96BE6144CBFB84FDDF9D0EC0810,13EE0E14C6A2751633138277C1443A4C37DD55D4,84AFAE19244541A404F763BA0E2F0CAD8A3FACF0,2020-09-24 21:39:35.756000,2020-09-24 21:39:40.017000
bc3rqag5uepd7rmi,failed,not_found,496,9A51C5D79C30B9F3B527EC77EF901DDAB76C3AB5,296A9A2C96249BC5D8CA8CF196EF5E3FCC80488E,38CC95A8CE92A591D4A5779359BEFFBA13FA1B88,84A8E41D03865822272F647D378AFF4AC73187F2,2020-09-24 21:39:40.017000,2020-09-24 21:39:41.907000
bc3rqag5uepd7rmi,failed,not_found,523,9A51C5D79C30B9F3B527EC77EF901DDAB76C3AB5,7D928720EC0CB5C2AFE04DF0EBC37BD59B00EAB4,62CF4982747BFDE3C0395A3894554BD8DC3C5D92,375AAFD4E280B95136969E191AF4D9A1FA7C4FD9,2020-09-24 21:39:41.907000,2020-09-24 21:39:44.670000
bc3rqag5uepd7rmi,failed,not_found,557,9A51C5D79C30B9F3B527EC77EF901DDAB76C3AB5,3E53D3979DB07EFD736661C934A1DED14127B684,28090710ABE433A47021F22208B3EC245A912900,3760F67140B6662BFB38B9245C2B510455B88E45,2020-09-24 21:39:44.670000,2020-09-24 21:39:46.871000
bc3rqag5uepd7rmi,failed,not_found,585,9A51C5D79C30B9F3B527EC77EF901DDAB76C3AB5,8358BDDA9C9A680B4E3A2809E5C24F5B3624D5C2,52A022F16D8CDBF019E132F1538A1798F167973A,84ABF6381FD0F96B882764F176B85980EBC31FE1,2020-09-24 21:39:46.871000,2020-09-24 21:39:49.127000
bc3rqag5uepd7rmi,failed,not_found,615,9A51C5D79C30B9F3B527EC77EF901DDAB76C3AB5,3C79699D4FBC37DE1A212D5033B56DAE079AC0EF,7185B69E3267E71D0E4CBE30209677205DEA5E67,375DCBB2DBD94E5263BC0C015F0C9E756669617E,2020-09-24 21:39:49.128000,2020-09-24 21:39:51.658000
5kykg5i2qvq2yzth,failed,not_found,439,9A51C5D79C30B9F3B527EC77EF901DDAB76C3AB5,CDAF0B74C45FD5B1955198A8D92C8A518A53D07B,98AEF7B834D688773CE2BCC5A32761A4943CF623,5786D04C5A2885D19E606F13C4203F60AEE38110,2020-09-24 21:39:35.784000,2020-09-24 21:39:38.140000
5kykg5i2qvq2yzth,failed,not_found,472,9A51C5D79C30B9F3B527EC77EF901DDAB76C3AB5,74B8B22AF950B0BE11D8A228FB09D2F5279FB757,1BEDDE92960C406B94984086407DE78DCA333036,963879BB424D9A637A63105D5C26A2453C2C2272,2020-09-24 21:39:38.140000,2020-09-24 21:39:40.090000
5kykg5i2qvq2yzth,failed,not_found,497,9A51C5D79C30B9F3B527EC77EF901DDAB76C3AB5,9DB400402B545DC41DE342E14644F74B7DA4F789,103336165A0D2EFCAD3605339843A0A7710B8B92,578E007E5E4535FBFEF7758D8587B07B4C8C5D06,2020-09-24 21:39:40.090000,2020-09-24 21:39:41.994000
5kykg5i2qvq2yzth,failed,not_found,524,9A51C5D79C30B9F3B527EC77EF901DDAB76C3AB5,D237E2F1FE64CA47F40544CB53403ABF8F51C3D8,FE296180018833AF03A8EACD5894A614623D3F76,5790B62AD6C79A1092B30993A8F0F7F23A969FD6,2020-09-24 21:39:41.994000,2020-09-24 21:39:44.666000
5kykg5i2qvq2yzth,failed,not_found,556,9A51C5D79C30B9F3B527EC77EF901DDAB76C3AB5,271454031B99A7F5DDE486C554D40DBC4F050D29,3AB334331819AC0BA1A8AFE002D4321672109CAC,96211F57FA0A399EC48D1972BA3F8EE6E4D6978C,2020-09-24 21:39:44.667000,2020-09-24 21:39:46.779000
5kykg5i2qvq2yzth,failed,not_found,583,9A51C5D79C30B9F3B527EC77EF901DDAB76C3AB5,66BD39FE805AED414ADE400CAAD862C9CC3AC34E,061E0496931D23A81A2B685C9339D36857DD0FA1,9634E9F53EB46828AE7E06839FEE595950286B1D,2020-09-24 21:39:46.780000,2020-09-24 21:39:48.861000
pmw4hnhiyejhdgt6,failed,not_found,452,9A51C5D79C30B9F3B527EC77EF901DDAB76C3AB5,1CD48F4ED0F1821FFBF1940802A13EEFD4C27502,AED04C65D2D0D70DB2932D7D5A0BA58169168CC1,15C3F39B273727B6AEF44975C5E6F8FA341C2F4B,2020-09-24 21:39:36.948000,2020-09-24 21:39:39.422000
pmw4hnhiyejhdgt6,failed,not_found,485,9A51C5D79C30B9F3B527EC77EF901DDAB76C3AB5,C3636ECA4B40900056590AA7DBFC6ED09379852F,92BBADCB0697F5EB1792C607EE2DC1C291A98ADC,15A07041C8526DE32AF56EBF5D7F4982E30BF287,2020-09-24 21:39:39.422000,2020-09-24 21:39:41.669000
pmw4hnhiyejhdgt6,failed,not_found,516,9A51C5D79C30B9F3B527EC77EF901DDAB76C3AB5,B5053ABFF845C96B1DD8F45DCF32E6BE1E63F127,9A48EC8AAFB2E8C9E20408596383DB74F1196747,15BE17C99FACE24470D40AF782D6A9C692AB36D6,2020-09-24 21:39:41.669000,2020-09-24 21:39:44.416000
pmw4hnhiyejhdgt6,failed,not_found,554,9A51C5D79C30B9F3B527EC77EF901DDAB76C3AB5,410118E874D2263F1CDCD567F81875A8E38B2B3C,671A68ABADA1402FB00676055F48EA123B9B060C,06B308F54B4A779D74B30536964182A09C08AB8F,2020-09-24 21:39:44.417000,2020-09-24 21:39:46.994000
pmw4hnhiyejhdgt6,failed,not_found,589,9A51C5D79C30B9F3B527EC77EF901DDAB76C3AB5,5DB9AE27A44EB7B476CC04A66C67A71C97A001E6,AA8B7237B4D2C76ED4AF24B3B47B375812AACC83,06BBEAA6F73759A1795EB461D39D2AA168F305D1,2020-09-24 21:39:46.994000,2020-09-24 21:39:49.136000
pmw4hnhiyejhdgt6,failed,not_found,616,9A51C5D79C30B9F3B527EC77EF901DDAB76C3AB5,9063C7EC4A3273446DC05E9310A5C5B2F4235696,F8DE8132E599A194E20DDB738AF64A7200CD5949,06D0FB9C6860E8D7FB99EA310A016707AFAA71CE,2020-09-24 21:39:49.137000,2020-09-24 21:39:51.424000
gwtayiy66eyod4l3,failed,not_found,509,9A51C5D79C30B9F3B527EC77EF901DDAB76C3AB5,96CFE178A1D12489D9D59A0CAE17FE86F5A3A79F,D6A836B091949DB268139E72BDC3FDC573702055,BD439540C7B86367B7F279C9CDD4BD601A850787,2020-09-24 21:39:36.950000,2020-09-24 21:39:43.827000
gwtayiy66eyod4l3,failed,not_found,545,9A51C5D79C30B9F3B527EC77EF901DDAB76C3AB5,CEC92F3BE8A2F3A46D3C042721D6BDBF2F40F4C5,DA8D76F5F5819693B5C96F499BA19F7404014769,90B64F9E18B59AF322EBD28B8F8CD65C53E10CE1,2020-09-24 21:39:43.828000,2020-09-24 21:39:45.799000
gwtayiy66eyod4l3,failed,not_found,572,9A51C5D79C30B9F3B527EC77EF901DDAB76C3AB5,0D99F89BBB92BF5557F8D3F895DB218A72871089,FC30F566E7B50D9C6ED6BB86DA4BF4B07AD52DE5,BD3FBEC1D67C48A2583DB378B92A59C5E9AB4DA2,2020-09-24 21:39:45.800000,2020-09-24 21:39:47.914000
gwtayiy66eyod4l3,failed,not_found,596,9A51C5D79C30B9F3B527EC77EF901DDAB76C3AB5,8D912126FA40BD67EE7D5759BD19459450AEBEA1,84F0FEBFDFA8FBC6A2EA27F87EBB31F050AFD04D,BD4012B7B05E4E0953AE46EF4D8E265E79B1627E,2020-09-24 21:39:47.915000,2020-09-24 21:39:49.959000
gwtayiy66eyod4l3,failed,not_found,649,9A51C5D79C30B9F3B527EC77EF901DDAB76C3AB5,CACD9D63B759B35555D8C965A3E01071E9DFB44C,C43827BB94B59CE61987310F80A035C5AB9DF002,90BF7147B422A1BABEFA503656EBD17987424441,2020-09-24 21:39:49.960000,2020-09-24 21:39:54.419000
gwtayiy66eyod4l3,,,,,,,90C1BC10DF081A01D50E382D7271955E01FCF6C9,2020-09-24 21:39:54.419000,
7556i5bxtsfappbw,failed,not_found,469,9A51C5D79C30B9F3B527EC77EF901DDAB76C3AB5,695D811B130673C2DE8DCFC5A9E742790BD25066,263907E9D48FBEAE6E64B10C628AE8BDF466869B,3FEBFB6A491D30CACC2C2995EDB41717A6F94E95,2020-09-24 21:39:37.743000,2020-09-24 21:39:39.761000
7556i5bxtsfappbw,failed,not_found,490,9A51C5D79C30B9F3B527EC77EF901DDAB76C3AB5,4D52A12D9AD22A7E1BE5B564953A7CA9C31DA675,2D418A89F79DB4A8E658BA549FBB974D1D22DD1A,2E74F4A6EB5ED3C0182A54900E3A671C5C8DB2D8,2020-09-24 21:39:39.762000,2020-09-24 21:39:41.837000
7556i5bxtsfappbw,failed,not_found,520,9A51C5D79C30B9F3B527EC77EF901DDAB76C3AB5,3212FA08FB2358B271606E21B1DFBD6717B94FA3,3D5D6178C44537E3692853B344385F6572A55767,2E8E7262E39EF1661CC1173AA0F4731C921975A1,2020-09-24 21:39:41.838000,2020-09-24 21:39:44.300000
7556i5bxtsfappbw,failed,not_found,535,9A51C5D79C30B9F3B527EC77EF901DDAB76C3AB5,A6277ACC55DB0A488F615B9672427E0DD1B4F87C,4561FC085C3F3A7271FE960317F02DCD1E9C1188,3FF0DD5AC13713D319E09C40E93E0D26717B851D,2020-09-24 21:39:44.301000,2020-09-24 21:39:45.730000
7556i5bxtsfappbw,failed,not_found,568,9A51C5D79C30B9F3B527EC77EF901DDAB76C3AB5,BF0FB582E37F738CD33C3651125F2772705BB8E8,21239CC313A28B3E6CEE48D949BF7787471B1519,3FFDFB5A9A278C7C303745606DB5B68FC5B9FADF,2020-09-24 21:39:45.731000,2020-09-24 21:39:48.006000
7556i5bxtsfappbw,failed,not_found,598,9A51C5D79C30B9F3B527EC77EF901DDAB76C3AB5,FD449127D30D8F5D124653D9EF736EDF4A12B4DC,431702B3A68A6015F9955DD4FD0129175B43EA0F,2E6EE0D63EEAA9FF044AA92F951E5767106FF738,2020-09-24 21:39:48.007000,2020-09-24 21:39:50.064000
6btid3nse2nf3y3n,failed,not_found,519,9A51C5D79C30B9F3B527EC77EF901DDAB76C3AB5,FFA72BD683BC2FCF988356E6BEC1E490F313FB07,D54247E35545388D9C42E4716EDC59F67907789F,787403EB1E2F7C9BA1B38D0389AA6719463F0F7E,2020-09-24 21:39:37.803000,2020-09-24 21:39:44.203000
6btid3nse2nf3y3n,failed,not_found,571,9A51C5D79C30B9F3B527EC77EF901DDAB76C3AB5,2F09BD6D9A2D5A7D6D26C17651CE8ECF0B7BA257,88748052843CC93A02BE1D9E9B5B358AB3A104AA,7863A1C08114FF834E9C38990D6B2EA8AB3749FE,2020-09-24 21:39:44.204000,2020-09-24 21:39:48.225000
6btid3nse2nf3y3n,,,,,,,786ECA0A66DDC507672BF5987985D9F6E811E79E,2020-09-24 21:39:48.226000,
a2cscmnuda7fumes,failed,not_found,478,9A51C5D79C30B9F3B527EC77EF901DDAB76C3AB5,ECB24A326D382F84B7BD630CFDBE1A0CDCE0245A,5A224EFAC453F7EF2D0435E336890DECDC5CEBFD,FF9FC6D130FA26AE3AE8B23688691DC419F0F22E,2020-09-24 21:39:38.743000,2020-09-24 21:39:41.512000
a2cscmnuda7fumes,failed,not_found,514,9A51C5D79C30B9F3B527EC77EF901DDAB76C3AB5,91517F219F7648E4B8BBF3C162C77DDC55315612,3A27CC4147062E4EFDF46F848FEA7FF032A04E5F,FF87E49EF33078B04A5DE26AAE170DDF8BAE139F,2020-09-24 21:39:41.513000,2020-09-24 21:39:43.767000
a2cscmnuda7fumes,failed,not_found,600,9A51C5D79C30B9F3B527EC77EF901DDAB76C3AB5,6B9EA8927AB6E94E216067E65372182343A5AFA2,F6740DEABFD5F62612FA025A5079EA72846B1F67,CEC92F3BE8A2F3A46D3C042721D6BDBF2F40F4C5,2020-09-24 21:39:43.767000,2020-09-24 21:39:50.304000
a2cscmnuda7fumes,failed,not_found,617,9A51C5D79C30B9F3B527EC77EF901DDAB76C3AB5,CC100DC017A25E244C35C964BB518E4308415ACC,FB4531817DB73168B0410AD4BFEAAFE206F1A763,FF8F56B5E1A36341F84FF72927CEB3F0AC6BC6A9,2020-09-24 21:39:50.307000,2020-09-24 21:39:51.408000
a2cscmnuda7fumes,failed,not_found,641,9A51C5D79C30B9F3B527EC77EF901DDAB76C3AB5,8EC7FE7F2A1189EB79A07C02FB3F1FD57132E42D,D8A2D0080B0C73E1DC0EC9F33B497F64E5FB3F52,CEA2E066A7F8EC0F235F5190E25DD3C9F86F084B,2020-09-24 21:39:51.409000,2020-09-24 21:39:53.584000
a2cscmnuda7fumes,,,,,,,CEACA34874EAD103D27CA6A7650B16112F12B209,2020-09-24 21:39:53.584000,
7ua6fvxmrnegxw7w,failed,not_found,479,9A51C5D79C30B9F3B527EC77EF901DDAB76C3AB5,9B2BC7EFD661072AFADC533BE8DCF1C19D8C2DCC,7C22E89AB620E77DF1B4A33787A5EC3F2AB4A8D1,3FE39429CB7077BBB13D2774591A1B80EE493742,2020-09-24 21:39:38.799000,2020-09-24 21:39:41.143000
7ua6fvxmrnegxw7w,failed,not_found,507,9A51C5D79C30B9F3B527EC77EF901DDAB76C3AB5,EFA2E7B073AA4CE2DAF7160F23C90DB805948F4A,E6C04728E9339DF22F331B7017D4A7AA3F252F0B,E05546C3458B68C2B1ADC7273AE0539E6325B910,2020-09-24 21:39:41.143000,2020-09-24 21:39:43.374000
7ua6fvxmrnegxw7w,failed,not_found,528,9A51C5D79C30B9F3B527EC77EF901DDAB76C3AB5,9EB3FD84065E5622A57EFEF14E41A01B5B99A022,1E1A7C9134637383BE653C41973995A229D81595,E05CAC929E391787077066C29461A9D22ECF0809,2020-09-24 21:39:43.375000,2020-09-24 21:39:44.299000
7ua6fvxmrnegxw7w,failed,not_found,552,9A51C5D79C30B9F3B527EC77EF901DDAB76C3AB5,15BE17C99FACE24470D40AF782D6A9C692AB36D6,7FA3FA525901A91A1310B817943668BC2C16289E,E03E581AA42A211F69DC63608B1980F10AE52C26,2020-09-24 21:39:44.299000,2020-09-24 21:39:46.420000
7ua6fvxmrnegxw7w,failed,not_found,576,9A51C5D79C30B9F3B527EC77EF901DDAB76C3AB5,23A2D8DDF761F35CC63BDF65E604B76A7E2F6971,D0BF6A6400081DA6031536ECEAD59F79BDABEB65,3FF0DD5AC13713D319E09C40E93E0D26717B851D,2020-09-24 21:39:46.421000,2020-09-24 21:39:48.418000
7ua6fvxmrnegxw7w,failed,not_found,592,9A51C5D79C30B9F3B527EC77EF901DDAB76C3AB5,58F3E2956EABB81F673E2FB90E16E001DB4AC3AE,C75CDD818316ABBC839F9F0DDAEC873FCF60C370,3FEBFB6A491D30CACC2C2995EDB41717A6F94E95,2020-09-24 21:39:48.419000,2020-09-24 21:39:49.545000
dabhpdvxbjui7vjq,failed,not_found,492,9A51C5D79C30B9F3B527EC77EF901DDAB76C3AB5,2F2710152A2344B1DE3EF619E85CB1B298643D27,7FA3FA525901A91A1310B817943668BC2C16289E,59878AFE06D450B7237B844D4D29C71B4D8FEC62,2020-09-24 21:39:39.858000,2020-09-24 21:39:42.864000
dabhpdvxbjui7vjq,failed,not_found,534,9A51C5D79C30B9F3B527EC77EF901DDAB76C3AB5,3A8557B067FBE53F168BBEAA7D14D1298AE52A52,C5A1D5B7CB0D12A7B7334F2915134E6DA8F5C46D,1FC55B6E54789CB4AEF1F5A9D35C4420789AB5DE,2020-09-24 21:39:42.865000,2020-09-24 21:39:44.921000
dabhpdvxbjui7vjq,failed,not_found,563,9A51C5D79C30B9F3B527EC77EF901DDAB76C3AB5,53E73B74B930BCF51621E6F06E65A3E3BC78E83A,1684B30AE2ADD371E5D3A8B3F28ACA4CE9CA2E00,599A708756048993A1029B2775EEF8C9E40BB640,2020-09-24 21:39:44.922000,2020-09-24 21:39:46.922000
dabhpdvxbjui7vjq,failed,not_found,586,9A51C5D79C30B9F3B527EC77EF901DDAB76C3AB5,901CBA6FF3B90618D3FFEFF040353C267F690DF8,022A5535F42B1A9F9AA755C4EAB5F36FEF9781D8,599A56FAB8E8AA8BB467AB730ADA1F123827E407,2020-09-24 21:39:46.923000,2020-09-24 21:39:48.862000
dabhpdvxbjui7vjq,failed,not_found,610,9A51C5D79C30B9F3B527EC77EF901DDAB76C3AB5,C1BB67D3FBED68D4BAD400D1A49C5B79ECE3965E,7992F172EDBE69B99F0190651BAC14DD0FD9E5C8,1FDF4D0660A7497222C3BA24FEEA316244093CD7,2020-09-24 21:39:48.864000,2020-09-24 21:39:51.113000
dabhpdvxbjui7vjq,failed,not_found,638,9A51C5D79C30B9F3B527EC77EF901DDAB76C3AB5,2F8B9500DC98C13FD28CC51E47D3416DE423ED78,B0DB2F173F0DB364BABF7A465D796B3C048F1F33,1FBAE723F8186847E30EA1C03CCA3D4081D4E2F9,2020-09-24 21:39:51.114000,2020-09-24 21:39:53.153000
5bzrqcmq6btrzqti,failed,not_found,495,9A51C5D79C30B9F3B527EC77EF901DDAB76C3AB5,3A8557B067FBE53F168BBEAA7D14D1298AE52A52,DEDFC683E2C4C5EC567203CCCAF47EF7B712648C,AF7B4AA147DD4A42903B8078EB4C34A704D54114,2020-09-24 21:39:39.860000,2020-09-24 21:39:42.079000
5bzrqcmq6btrzqti,failed,not_found,526,9A51C5D79C30B9F3B527EC77EF901DDAB76C3AB5,4CE6D83FFA8AD24767007E8C972F371F2468F09A,D5C6F62A5D1B3C711CA5E6F9D3772A432E96F6C2,AF77AA5BD924319510F99B30CD0932D32B01B5C5,2020-09-24 21:39:42.079000,2020-09-24 21:39:44.255000
5bzrqcmq6btrzqti,failed,not_found,551,9A51C5D79C30B9F3B527EC77EF901DDAB76C3AB5,2802B96E4BE4FDBFB0F5D5DFBF7E5AB541A18DF0,3662BA7D247589836D9307FAB6D8BAFA8E3CBD06,AF7094B62864DE941DCD88A2F0DBAFECF3997E47,2020-09-24 21:39:44.255000,2020-09-24 21:39:46.619000
5bzrqcmq6btrzqti,failed,not_found,648,9A51C5D79C30B9F3B527EC77EF901DDAB76C3AB5,E947C029087FA1C3499BEF5D4372947C51223D8F,97B7BA747B62A9962DEDCE404FF33106D4032F91,CDE4C5DC9D639E915B99B461EE243044FCA264B6,2020-09-24 21:39:46.619000,2020-09-24 21:39:54.086000
5bzrqcmq6btrzqti,,,,,,,CDE4149F0DC65A7BE1AE440340BE1C7A18135E29,2020-09-24 21:39:54.087000,
4geikwlrsj2l5mcp,failed,not_found,504,9A51C5D79C30B9F3B527EC77EF901DDAB76C3AB5,C4B21A66B27E82FEF6AC97CEAEFE42DFF5C7511C,B33C5B8DDD2EB50EE0B9916547EBDE2BCA3BC567,F98A70E5427BFF111640011F7AE31E537ECF1DD2,2020-09-24 21:39:40.748000,2020-09-24 21:39:43.277000
4geikwlrsj2l5mcp,failed,not_found,538,9A51C5D79C30B9F3B527EC77EF901DDAB76C3AB5,081C9DF6A615A300B382C004DFE2CC37B561C9A0,1FDF4D0660A7497222C3BA24FEEA316244093CD7,DE4EB74B8105751568A75649F6672A31F2A3DE20,2020-09-24 21:39:43.278000,2020-09-24 21:39:45.390000
4geikwlrsj2l5mcp,failed,not_found,548,9A51C5D79C30B9F3B527EC77EF901DDAB76C3AB5,88DF5D708E931C431902AAABEA981E7951E00085,C44CC64BED927031A5B3B0A7CDF6A9E28F058B3F,F9674F45A25CAA977E7B872807E0A070C121F5FA,2020-09-24 21:39:45.391000,2020-09-24 21:39:46.741000
4geikwlrsj2l5mcp,failed,not_found,605,9A51C5D79C30B9F3B527EC77EF901DDAB76C3AB5,B872BA6804C8C6E140AE1897B44CF32B42FD2397,761A60D0364D9AA03114F72550483287ED060B2D,DE514E42528D4FB8B79804B561008B482B91D402,2020-09-24 21:39:46.741000,2020-09-24 21:39:50.797000
4geikwlrsj2l5mcp,failed,not_found,634,9A51C5D79C30B9F3B527EC77EF901DDAB76C3AB5,D8056CAD4A3D6EE7D82748027474BF5C53E569D9,2AE2CA4BD2B7754F29432C25E03314D52AC4CAF1,DE29A5C0DB38AA229286B237798D8817EE6B75E2,2020-09-24 21:39:50.798000,2020-09-24 21:39:53.394000
4geikwlrsj2l5mcp,,,,,,,F966CC62522A4F9C482CB555D43249A9874413D8,2020-09-24 21:39:53.394000,
wchp4orldgrrqnyy,failed,not_found,505,9A51C5D79C30B9F3B527EC77EF901DDAB76C3AB5,922C780D6A32944890A9C2BDB288037EB2F06392,354F9C59F2C2636E77F857C668FCDA1700E35384,5C8A60F3F936C1FCD64D9ACFBCFF898E51A4D179,2020-09-24 21:39:40.805000,2020-09-24 21:39:43.549000
wchp4orldgrrqnyy,failed,not_found,540,9A51C5D79C30B9F3B527EC77EF901DDAB76C3AB5,68EBB2CAB63B98F0BA802AD04059ED752665A138,58E89A05564E6844FACC5D78A73EF593222561A2,3BB34C63072D9D10E836EE42968713F7B9325F66,2020-09-24 21:39:43.549000,2020-09-24 21:39:46.478000
wchp4orldgrrqnyy,failed,not_found,577,9A51C5D79C30B9F3B527EC77EF901DDAB76C3AB5,B0A63BC3FDA67A7ADD1BE08BAA8309C4B204D29B,9B2BC7EFD661072AFADC533BE8DCF1C19D8C2DCC,5C818A86C30F51951EA054E0730DF62E4F35E964,2020-09-24 21:39:46.479000,2020-09-24 21:39:48.972000
wchp4orldgrrqnyy,failed,not_found,622,9A51C5D79C30B9F3B527EC77EF901DDAB76C3AB5,9F29D0DD4AEB62E742BDAEEF2DFD3BDD76953403,489606DA64FD4B68A76C49386298695E6C30B5E2,3BB035514F8246AC367B5370F4FE120BB11D8C6D,2020-09-24 21:39:48.972000,2020-09-24 21:39:52.515000
wchp4orldgrrqnyy,failed,not_found,640,9A51C5D79C30B9F3B527EC77EF901DDAB76C3AB5,B849824F8FCD7AEB130DF356F592BA40C686CA08,D5A2B3AE1E8047017A0BBC7209FD624DB84D47CE,5C83A9F985E2ACFBC3D3E5DB7F5C7C91FF7FE7AA,2020-09-24 21:39:52.516000,2020-09-24 21:39:53.755000
wchp4orldgrrqnyy,,,,,,,3BAACE149DB31574B327BF835B594B707D12CD58,2020-09-24 21:39:53.756000,
ulkc6oa5agwuvsku,failed,not_found,650,9A51C5D79C30B9F3B527EC77EF901DDAB76C3AB5,CEC92F3BE8A2F3A46D3C042721D6BDBF2F40F4C5,79E3B585803DE805CCBC00C1EF36B1E74372861D,0E5522CB4F79E36C0BB263BABC861CFC686929AE,2020-09-24 21:39:41.793000,2020-09-24 21:39:54.085000
ulkc6oa5agwuvsku,,,,,,,B840C7DE596E77A22187E638C5116DC5B3BBDDD1,2020-09-24 21:39:54.086000,
zb566pvma5fth7fh,failed,not_found,521,9A51C5D79C30B9F3B527EC77EF901DDAB76C3AB5,E46777C6EFB6036190EFAAD9B13EE9D0E75C5510,1AAC19D892F84910AB94C45092241ABA3CFC4C89,0443D98C0C44D3E0E6238790345DB5624DB41B28,2020-09-24 21:39:41.905000,2020-09-24 21:39:44.133000
zb566pvma5fth7fh,failed,not_found,546,9A51C5D79C30B9F3B527EC77EF901DDAB76C3AB5,659C3A63E5D848EB0973DFE1AFE214A6C74AFDDD,2FCFF074B5ED9017A078F350442D4FF0BA4D260C,D5D8C31E1F845B46564B112233EECFB539060915,2020-09-24 21:39:44.134000,2020-09-24 21:39:46.696000
zb566pvma5fth7fh,failed,not_found,581,9A51C5D79C30B9F3B527EC77EF901DDAB76C3AB5,6A365870758A1E3E7A9EE0E82BCC0D6226A9EAAA,C63110BDD8736D2C2A733FF962F58D58FDE63A2D,041646640AB306EA74B001966E86169B04CC88D2,2020-09-24 21:39:46.697000,2020-09-24 21:39:48.970000
zb566pvma5fth7fh,failed,not_found,611,9A51C5D79C30B9F3B527EC77EF901DDAB76C3AB5,32EE911D968BE3E016ECA572BB1ED0A9EE43FC2F,708A968F3644F8A547156368FEA3DB664110E631,042BCDF2D36D7AEE070E086DAD4B57F27B2F1143,2020-09-24 21:39:48.970000,2020-09-24 21:39:51.512000
zb566pvma5fth7fh,failed,not_found,643,9A51C5D79C30B9F3B527EC77EF901DDAB76C3AB5,20462CBA5DA4C2D963567D17D0B7249718114A68,4D52A12D9AD22A7E1BE5B564953A7CA9C31DA675,D5F5502C1762A0B737A81A6BDB78DDBF7EFC7725,2020-09-24 21:39:51.513000,2020-09-24 21:39:54.354000
zb566pvma5fth7fh,,,,,,,D5C6F62A5D1B3C711CA5E6F9D3772A432E96F6C2,2020-09-24 21:39:54.355000,
fgkcvbykmyl5idc5,failed,not_found,511,9A51C5D79C30B9F3B527EC77EF901DDAB76C3AB5,BDF3F765BEBC50AA559DE55655896F275A2C67AD,BF7BFCB3096FC81FBD0B7ADA66164431EC7FD117,2F82D46CE19DC3B1724BD1E5855B3A15CB1DE6A4,2020-09-24 21:39:42.733000,2020-09-24 21:39:44.202000
fgkcvbykmyl5idc5,failed,not_found,547,9A51C5D79C30B9F3B527EC77EF901DDAB76C3AB5,331452F317390D3C78BCD759170699E55C5570C9,B8805CBDBE91A5E68D268FC62DC617B5BD7CC9E7,C8ADC3A9310689F8E89B024C142E3ABEF2980E9C,2020-09-24 21:39:44.202000,2020-09-24 21:39:46.870000
fgkcvbykmyl5idc5,failed,not_found,584,9A51C5D79C30B9F3B527EC77EF901DDAB76C3AB5,B149064611DC466405E1825956F36B202DCE6E4A,4CF9BAEB0DE6D7230D6B7DA0FF420C7CFD863885,C8B0C7701874F0B5AFCDAB0BAE231FE303C8228D,2020-09-24 21:39:46.871000,2020-09-24 21:39:49.611000
fgkcvbykmyl5idc5,failed,not_found,620,9A51C5D79C30B9F3B527EC77EF901DDAB76C3AB5,1E1A7C9134637383BE653C41973995A229D81595,2AA5F598F9A1812F01CD99E3B59BB87362ED7438,C8AFC02CE1B72D7E0046C10A9C4C30D29BD8BA32,2020-09-24 21:39:49.612000,2020-09-24 21:39:52.048000
fgkcvbykmyl5idc5,failed,not_found,653,9A51C5D79C30B9F3B527EC77EF901DDAB76C3AB5,5262556D44A7F2434990FDE1AE7973C67DF49E58,C5A1D5B7CB0D12A7B7334F2915134E6DA8F5C46D,2F8B9500DC98C13FD28CC51E47D3416DE423ED78,2020-09-24 21:39:52.049000,2020-09-24 21:39:54.203000
fgkcvbykmyl5idc5,,,,,,,2F81DA22A649EBB0CCD20A97527207E2E841F5F6,2020-09-24 21:39:54.203000,
etbn3a5zm75dvxcn,failed,not_found,531,9A51C5D79C30B9F3B527EC77EF901DDAB76C3AB5,DD823AFB415380A802DCAEB9461AE637604107FB,ED8D4E97453D7510A934B4FECFDAB35104FD7CAE,0338F9F55111FE8E3570E7DE117EF3AF999CC1D7,2020-09-24 21:39:42.757000,2020-09-24 21:39:45.495000
etbn3a5zm75dvxcn,failed,not_found,566,9A51C5D79C30B9F3B527EC77EF901DDAB76C3AB5,5008E49954AC0CA0565FE8AF61D61617212ACBC7,6F1F13BF7774A849849F2EDF76FBE6022C6D4C1A,034AA4B30F77DF0FE183602EA7F8251FF2CF1BA2,2020-09-24 21:39:45.495000,2020-09-24 21:39:48.115000
etbn3a5zm75dvxcn,failed,not_found,599,9A51C5D79C30B9F3B527EC77EF901DDAB76C3AB5,A13281DBD8F8E484E95DD273B3EE7FC14C1B0A7A,1D54F7CCB7C7A185EE8AA5616C079DD923EB57F2,E37322752F135A344FA33E17F4AFA74C27A687E6,2020-09-24 21:39:48.115000,2020-09-24 21:39:50.396000
etbn3a5zm75dvxcn,failed,not_found,656,9A51C5D79C30B9F3B527EC77EF901DDAB76C3AB5,98AEF7B834D688773CE2BCC5A32761A4943CF623,13B2354C74CCE29815B4E1F692F2F0E86C7F13DD,0325B91D3C32D3A24C863D5DFBED00564FAD5C64,2020-09-24 21:39:50.396000,2020-09-24 21:39:55.741000
etbn3a5zm75dvxcn,,,,,,,E379A6CACEFAFE1B8EA68503BFCFF1215BF1EE7F,2020-09-24 21:39:55.742000,
nstxhm4yt5b7rl4d,failed,not_found,542,9A51C5D79C30B9F3B527EC77EF901DDAB76C3AB5,C1B8C6887867CED2564454058F9082311FAF1AC7,CE47F0356D86CF0A1A2008D97623216D560FB0A8,CF4DB0E0480FEB1E8F59C3D774EB9275283D579D,2020-09-24 21:39:43.735000,2020-09-24 21:39:46.618000
nstxhm4yt5b7rl4d,failed,not_found,578,9A51C5D79C30B9F3B527EC77EF901DDAB76C3AB5,0C039F35C2E40DCB71CD8A07E97C7FD7787D42D6,844AE9CAD04325E955E2BE1521563B79FE7094B7,CF556653E704F7B619E1BBC0AE86A8E2E185A17F,2020-09-24 21:39:46.618000,2020-09-24 21:39:48.860000
nstxhm4yt5b7rl4d,failed,not_found,609,9A51C5D79C30B9F3B527EC77EF901DDAB76C3AB5,54371D64F4AED8CD1EF8ED1B58C725C4063BDE42,DD0C8EEC5CA402A9FA4478F10C31A440F71F6885,644074F47257F9A906F9AA5C6B8926C1540A1DA8,2020-09-24 21:39:48.860000,2020-09-24 21:39:52.006000
nstxhm4yt5b7rl4d,failed,not_found,652,9A51C5D79C30B9F3B527EC77EF901DDAB76C3AB5,40CDE936B04B4573A47223396006443CA5EAC845,BE8737597F2E6B4F805893202C935125829A902E,CF6A061268FF0EEFD323E0E91B1E9DF24098E413,2020-09-24 21:39:52.006000,2020-09-24 21:39:54.037000
nstxhm4yt5b7rl4d,,,,,,,644DECC5A1879C0FE23DE927DD7049F58BBDF349,2020-09-24 21:39:54.037000,
2ol555u3ijetmxqn,failed,not_found,558,9A51C5D79C30B9F3B527EC77EF901DDAB76C3AB5,331452F317390D3C78BCD759170699E55C5570C9,07226079499C8C6538A37A15EA1BBD35357AC63A,BB004C7F4C5C9FAE5E001864537F89388444F572,2020-09-24 21:39:43.765000,2020-09-24 21:39:47.137000
2ol555u3ijetmxqn,failed,not_found,591,9A51C5D79C30B9F3B527EC77EF901DDAB76C3AB5,9063C7EC4A3273446DC05E9310A5C5B2F4235696,BF0FB582E37F738CD33C3651125F2772705BB8E8,E5CC82DF823F15F9EEF99F22BFB1F3CC5F5076EF,2020-09-24 21:39:47.138000,2020-09-24 21:39:49.288000
2ol555u3ijetmxqn,failed,not_found,619,9A51C5D79C30B9F3B527EC77EF901DDAB76C3AB5,4D70F05DD308A2EA5B671E440879BFADAC92860F,49877399DD0E82FE123148361038823368F77193,BAF223E9DF62D3261F1675C6CFC4E5D50F15FA57,2020-09-24 21:39:49.289000,2020-09-24 21:39:51.723000
2ol555u3ijetmxqn,failed,not_found,645,9A51C5D79C30B9F3B527EC77EF901DDAB76C3AB5,0F977B4D6EBEECD578AC838A5FDDC81B636060A7,994FB6A842C0CEE1F1C4CBA9A7604C5FF6014CFC,E5AA85FA69CDC31900C86E6427C7E5DE11DE9E2D,2020-09-24 21:39:51.723000,2020-09-24 21:39:54.116000
2ol555u3ijetmxqn,,,,,,,BAFF362A8319E1F89FE4C9F3B8A1734E2E2E32AB,2020-09-24 21:39:54.116000,
vaz4pczx4lzj2dgt,failed,not_found,559,9A51C5D79C30B9F3B527EC77EF901DDAB76C3AB5,FD7ED9F4871E2EC46035FC602960EACC32E08FF8,8841E775C3DE70E4414F0678DBD532C1F80FF62C,D12032F45328C06F053921479CF770A208378B9F,2020-09-24 21:39:44.771000,2020-09-24 21:39:47.677000
vaz4pczx4lzj2dgt,failed,not_found,593,9A51C5D79C30B9F3B527EC77EF901DDAB76C3AB5,EC4AD91674B5AFECCA117A396776F120651E55BF,33D88F331408141F2A2CC563239E54E48F7A211B,4EBE3B18F7D38D0A2FDD67B47A55CB9069368723,2020-09-24 21:39:47.677000,2020-09-24 21:39:49.674000
vaz4pczx4lzj2dgt,failed,not_found,621,9A51C5D79C30B9F3B527EC77EF901DDAB76C3AB5,F5F4019509109A07E90C45A022CEED9ECA1643C8,1A61BF490CA2F3BE6E1F90D57E688E75B90F0E7B,4EB55679FA91363B97372554F8DC7C63F4E5B101,2020-09-24 21:39:49.675000,2020-09-24 21:39:51.964000
vaz4pczx4lzj2dgt,failed,not_found,651,9A51C5D79C30B9F3B527EC77EF901DDAB76C3AB5,1E1A7C9134637383BE653C41973995A229D81595,F1A7CE1B1D558DC24E39B6B30FF217ECCEECF141,D1357EAA7FEDF7F6C4EB03E3A3C41D6A3E8F3C35,2020-09-24 21:39:51.965000,2020-09-24 21:39:53.984000
vaz4pczx4lzj2dgt,,,,,,,4EACB1DF4BD42524AEA6A1B8026617B1BF59045C,2020-09-24 21:39:53.985000,
erryg4yd7mwppp7m,failed,not_found,560,9A51C5D79C30B9F3B527EC77EF901DDAB76C3AB5,06E72526BBE040C51C5ADFBAA07ADD9AEB5E1FA1,0C3D5E19E3C75B505C8ACD26F89DCA2DF970553E,39F096961ED2576975C866D450373A9913AFDC92,2020-09-24 21:39:44.830000,2020-09-24 21:39:47.059000
erryg4yd7mwppp7m,failed,not_found,590,9A51C5D79C30B9F3B527EC77EF901DDAB76C3AB5,638D91FC9EF661348A6994D04C3499BC03F50BBE,DD5DA21CC5036533AE2010DE2C7E72BE2CDF9C5E,39F91959416763AFD34DBEEC05474411B964B2DC,2020-09-24 21:39:47.060000,2020-09-24 21:39:49.082000
erryg4yd7mwppp7m,failed,not_found,663,9A51C5D79C30B9F3B527EC77EF901DDAB76C3AB5,77A56CB237740E24AEA2D61C8C8936232AFC1BD8,072563D6DB86659510FF3FB76B58458142241ECE,39CF2F22E5018C01FD57DEB1AB8FDFA4592633FB,2020-09-24 21:39:49.082000,2020-09-24 21:39:55.616000
erryg4yd7mwppp7m,,,,,,,E13F7EE1535ED8AEAB92A5EEAEE9A0C782ED33E2,2020-09-24 21:39:55.617000,
p3i2dn5e3payhzre,failed,not_found,569,9A51C5D79C30B9F3B527EC77EF901DDAB76C3AB5,DB5A100152FB7937F02F00B5DDFFFD012789C242,117359EDDFCF93AFEAB82AF76903B9BFD210E87F,6AE6C0AF05A3F2688CD6241FAAF5F2027E8032B0,2020-09-24 21:39:45.797000,2020-09-24 21:39:48.002000
p3i2dn5e3payhzre,failed,not_found,597,9A51C5D79C30B9F3B527EC77EF901DDAB76C3AB5,B058FBDEA69774C28EAC1111E167BC0AD4A904E0,D53AE170BF6650A2C6640484FE1B5DD1C0AB895B,EAA088440B100FF8407266B5D4853FFB16A8CB67,2020-09-24 21:39:48.002000,2020-09-24 21:39:50.032000
p3i2dn5e3payhzre,,,,,,,EAA5BD5C0856E1D88CBE71DC0D7CEC584D84120B,2020-09-24 21:39:50.032000,
xz7c2iodup2mdgb6,failed,not_found,570,9A51C5D79C30B9F3B527EC77EF901DDAB76C3AB5,3E53D3979DB07EFD736661C934A1DED14127B684,B0DB2F173F0DB364BABF7A465D796B3C048F1F33,4DE4F06C019EC4814D486524C2A282C1DC7653DE,2020-09-24 21:39:45.797000,2020-09-24 21:39:48.293000
xz7c2iodup2mdgb6,failed,not_found,654,9A51C5D79C30B9F3B527EC77EF901DDAB76C3AB5,63540827C4832D214984EA47B7A68C593F9F862F,CB72A74E8197DF3B33EE6A0895E5BB871D10CF92,D24FB714345D4B9061CEA89ACBAD343081F14928,2020-09-24 21:39:48.294000,2020-09-24 21:39:54.371000
xz7c2iodup2mdgb6,,,,,,,4DCB46379527DD9E958879C18628FDA7C2A4AF84,2020-09-24 21:39:54.372000,
hhpdsfystvaxxhoi,failed,not_found,587,9A51C5D79C30B9F3B527EC77EF901DDAB76C3AB5,891FB8477529A6B2894B7A3129402E0FD5DD281F,98F788200CC64060695B07555F09A8FE47679AC8,3539F96FCCDC645C7801006F92864CBAFD4A8EB2,2020-09-24 21:39:46.988000,2020-09-24 21:39:49.237000
hhpdsfystvaxxhoi,failed,not_found,618,9A51C5D79C30B9F3B527EC77EF901DDAB76C3AB5,9DA5284A51021A711ECAA677C81E5408222B9F2A,0B19482AFB60C4C76BBB3DE510F1D52E3C612496,1C24A2669C7E0D62B2157B95F56ED00EE307C85C,2020-09-24 21:39:49.237000,2020-09-24 21:39:51.513000
hhpdsfystvaxxhoi,,,,,,,1C265471CAAB20F1D3EFBBB6D6648E060E7F75C4,2020-09-24 21:39:51.514000,
ns3lnc5xgajltneo,failed,not_found,588,9A51C5D79C30B9F3B527EC77EF901DDAB76C3AB5,E39A758BD81DD27E8AA27998688E816D0A13DC82,6B9EA8927AB6E94E216067E65372182343A5AFA2,ACA0B8702A6A0B890217A3D26B7220EB6E1CFFD1,2020-09-24 21:39:46.989000,2020-09-24 21:39:48.971000
ns3lnc5xgajltneo,failed,not_found,612,9A51C5D79C30B9F3B527EC77EF901DDAB76C3AB5,071ACB713A9558A4B5750520B0A738C66033E0B1,0B25110BA3473A6DC04AB58A3A0D5E4D6922A0E0,94890F37CE0CD5D020773CA7A0E397AA592E5AF3,2020-09-24 21:39:48.972000,2020-09-24 21:39:51.117000
ns3lnc5xgajltneo,failed,not_found,639,9A51C5D79C30B9F3B527EC77EF901DDAB76C3AB5,96070698714DC07AE2B377864625B7EF64E33BF5,85A3AC041E3FCD796AF5D653953D5E27A56E3719,ACAE2A7000B2BEB08704AAA0A2DDCADD68E58A63,2020-09-24 21:39:51.118000,2020-09-24 21:39:53.283000
ns3lnc5xgajltneo,failed,not_found,655,9A51C5D79C30B9F3B527EC77EF901DDAB76C3AB5,4856C97DC4F2271BC896DF9CABD217EE2D869D68,46736616C5A895D636C93EF9F8A289C3BC93EE53,947FFF456CFCEF5DCAB09422E1945A8D21AEEC62,2020-09-24 21:39:53.284000,2020-09-24 21:39:54.242000
ns3lnc5xgajltneo,,,,,,,AC990FD1FF5058EFA43A809E948B23EF998D021B,2020-09-24 21:39:54.243000,
5tgyopazwixr63wi,failed,not_found,594,9A51C5D79C30B9F3B527EC77EF901DDAB76C3AB5,4D568479B37A688769F410E9A914909E8CC2A5B8,0BCCF364C4EE7338B6E920E63E951922C85F91F7,FFFBFB50A83A414CC21B4CDA93A9674B004705E8,2020-09-24 21:39:47.761000,2020-09-24 21:39:51.025000
5tgyopazwixr63wi,,,,,,,A706DE7DBFD100BBF8DE38728CBC2A552A2D1F60,2020-09-24 21:39:51.026000,
uxhseoy76w66mzkd,failed,not_found,595,9A51C5D79C30B9F3B527EC77EF901DDAB76C3AB5,A0BD104E35D36F5630B01EB5370597EB09204C99,F3936F97C14EFCFD18154DF4443B91FEDD071F47,7CD234DFEFE8F215EC9AE2BC1D2CAFC9E0D1CC00,2020-09-24 21:39:47.809000,2020-09-24 21:39:50.031000
uxhseoy76w66mzkd,failed,not_found,627,9A51C5D79C30B9F3B527EC77EF901DDAB76C3AB5,6BE5AA34A5C391724677A3FDC2AA77B3768F6E26,51CD9DB00357405FC41AF0FA513688D02BDA0C0E,7CBC1D4754EF3A62C15CB48C08029C99009E2ECF,2020-09-24 21:39:50.032000,2020-09-24 21:39:52.565000
uxhseoy76w66mzkd,failed,not_found,658,9A51C5D79C30B9F3B527EC77EF901DDAB76C3AB5,22BCD0DFD148209C9860C7F89907AB4DEE974A08,BDDF8187EA4419951CFD0A54088B634564F63AF3,7CDADF734BBDBD7F7F20569404392AD7D81085C8,2020-09-24 21:39:52.565000,2020-09-24 21:39:54.829000
uxhseoy76w66mzkd,,,,,,,BEE5A27A9DD05BD7D9B6E046AEDEF43D2A4B85CE,2020-09-24 21:39:54.829000,
ltyvudh6mwaong6b,failed,not_found,631,9A51C5D79C30B9F3B527EC77EF901DDAB76C3AB5,05C621B44EF6833889AE7B7E2A0B476569C47E37,9738F8F5C386CDAF5707D0DCED428F2813CA285F,0882440874034AFBE2FBF16463A290F3278E24F7,2020-09-24 21:39:48.767000,2020-09-24 21:39:52.432000
ltyvudh6mwaong6b,,,,,,,C871C91489886D5E2E94C13EA1A5FDC4B6DC5204,2020-09-24 21:39:52.433000,
xg53pmp2qqtpwnao,failed,not_found,608,9A51C5D79C30B9F3B527EC77EF901DDAB76C3AB5,CF6A6080091BB210AA3892FEFE2F6A396DA08DF3,22775B953E662151549C114CB8EE5FBDBCBDAD02,7AFE734263C947ADD88D094C6E3CB71A34062724,2020-09-24 21:39:48.810000,2020-09-24 21:39:50.796000
xg53pmp2qqtpwnao,failed,not_found,633,9A51C5D79C30B9F3B527EC77EF901DDAB76C3AB5,E7EF73B4722CFAF0E8AA2151D3AA78701DE5F19B,594193E51F382E34080D76B5ECAF5C7B67CF05EF,7AFFD2BD2A7071DDA6827951D710F9A7A819CD56,2020-09-24 21:39:50.797000,2020-09-24 21:39:53.114000
xg53pmp2qqtpwnao,failed,not_found,662,9A51C5D79C30B9F3B527EC77EF901DDAB76C3AB5,58F3E2956EABB81F673E2FB90E16E001DB4AC3AE,AB687988F260DE9EDC3B36C66287DE2660ED1CE0,7AF8C3C1E0E93D2B9E07C2663DE45B6DF28ED38B,2020-09-24 21:39:53.115000,2020-09-24 21:39:55.704000
xg53pmp2qqtpwnao,,,,,,,583CEFCFF76B3189D3A37C81A49D1619D04DCB34,2020-09-24 21:39:55.705000,
bu3gpvcn2u6dwghs,failed,not_found,623,9A51C5D79C30B9F3B527EC77EF901DDAB76C3AB5,0B58A95E539FFA6C05C010F5C1DA35FB8038E3A8,461453F94FA0E3CBB011685E22CDAFD2AF0DFDC3,8F16229D5425774DCA566D7737596178153DB838,2020-09-24 21:39:49.798000,2020-09-24 21:39:53.538000
bu3gpvcn2u6dwghs,,,,,,,15483893699246724B8135CC6F087767EA89A2D3,2020-09-24 21:39:53.539000,
em6ikpbi4tnj7o73,failed,not_found,642,9A51C5D79C30B9F3B527EC77EF901DDAB76C3AB5,56781CCC9F6D29FEA148799AB588429C893A473C,B96B5141004995295FE87DCCE1A54519BD0BB48A,A690C6AA8102C027D297AF3401BFE16918CCF7A6,2020-09-24 21:39:49.800000,2020-09-24 21:39:53.779000
em6ikpbi4tnj7o73,,,,,,,A69221A7EC7498D2F88A0FB795261013FA36CAAE,2020-09-24 21:39:53.780000,
qxz23xfpmk7dpftz,failed,not_found,635,9A51C5D79C30B9F3B527EC77EF901DDAB76C3AB5,07226079499C8C6538A37A15EA1BBD35357AC63A,263907E9D48FBEAE6E64B10C628AE8BDF466869B,C0804913BB431D64E0621E5BCE5DA97D624CACD1,2020-09-24 21:39:50.823000,2020-09-24 21:39:53.687000
qxz23xfpmk7dpftz,,,,,,,C0833D395E81F19EC5F3BBC60D89470BE2F15199,2020-09-24 21:39:53.687000,
paw32ra4i7p4hyeb,failed,not_found,661,9A51C5D79C30B9F3B527EC77EF901DDAB76C3AB5,99339F3E68BCCC1391BF14C821D80766FE0C5956,DC9E3C6576CC9A04AAE1C465210A972A722571A0,1AE039EE0B11DB79E4B4B29CBA9F752864A0259E,2020-09-24 21:39:50.871000,2020-09-24 21:39:55.400000
paw32ra4i7p4hyeb,,,,,,,B7D773E2196DB5B4129D3C050C063DB0F8DF91A5,2020-09-24 21:39:55.400000,
lk5bivi4ygrmkppc,,,,,,,5975858B6A1F37CCC96026B946EACF08E1772D0E,2020-09-24 21:39:51.798000,
qhig2ukiww6mkvix,failed,not_found,647,9A51C5D79C30B9F3B527EC77EF901DDAB76C3AB5,1C24A2669C7E0D62B2157B95F56ED00EE307C85C,DA8D76F5F5819693B5C96F499BA19F7404014769,E4A7CF32D1EC81521E234C8BF46384E75838A8D7,2020-09-24 21:39:51.798000,2020-09-24 21:39:54.179000
qhig2ukiww6mkvix,,,,,,,466B7476CC93AC056B83F69D84BF4467B7462D7B,2020-09-24 21:39:54.179000,
6bagx6dnl3jb3hdz,failed,not_found,659,9A51C5D79C30B9F3B527EC77EF901DDAB76C3AB5,4586DF1934953F38206B5117237F79C1C8797FC4,09A70E396DE93F54D4541BBB0EC8E2B23761F34F,A14993020CC672AE519B1F1C9679CE0982C9733F,2020-09-24 21:39:52.809000,2020-09-24 21:39:55.322000
6bagx6dnl3jb3hdz,,,,,,,A13281DBD8F8E484E95DD273B3EE7FC14C1B0A7A,2020-09-24 21:39:55.323000,
v4xz7mpa4js6vvok,,,,,,,657D2F4DD76D1BA7877EB2F1742ED9898EB04629,2020-09-24 21:39:52.857000,
ewrp7r4rmujoryop,,,,,,,5DA69B086B833FC1DFCF2D9C8B9C3B03137C7EFD,2020-09-24 21:39:53.896000,
7jvou4sllbisvfbc,,,,,,,BEA7C058ECD27BE8E73A76CBE13A917A83192685,2020-09-24 21:39:53.899000,
bknz2kksilsajubp,,,,,,,40C773D9F2B16143CDB2ADB661DDC6BB12EF3E2C,2020-09-24 21:39:54.824000,
og4biv4nnw2bfhuu,,,,,,,F2E60DE0F39BEA826B50EB619A014ADCE9619359,2020-09-24 21:39:54.824000,
