addr,status,reason,circ,guard_fp,middle_fp,exit_fp,hsdir_fp,start,end
obt34yuktzlftsue,failed,not_found,,,,,DF445006932A7BA942F3EBB4457D7ABF2E4006E0,2020-09-27 20:11:00.882000,2020-09-27 20:11:01.750000
obt34yuktzlftsue,failed,not_found,12,912B7597346A74A44AD4B6068C645772B758DCB7,C41107AF0BD6413E0DA614BC51F349A320F93301,901CBA6FF3B90618D3FFEFF040353C267F690DF8,DF390860B5610B8E99C5A78B4099A3705CD36B17,2020-09-27 20:11:01.750000,2020-09-27 20:11:03.825000
obt34yuktzlftsue,failed,not_found,30,912B7597346A74A44AD4B6068C645772B758DCB7,504F23DC734459DBBA58B2F11A4799EB945188A3,A1B2E32E426F700D37DFF14228E1B957A22CF0A4,DF2A241897F04A7D0C2A195D81E0CB1271AD5B6F,2020-09-27 20:11:03.826000,2020-09-27 20:11:05.929000
obt34yuktzlftsue,failed,not_found,66,912B7597346A74A44AD4B6068C645772B758DCB7,18EA6AFA3609A0B24752FBF411A2DAADE27DE129,B568135C5E345BAFB080C11FDDF348E545A722E5,69ECFB731C2B0AA7B4D8746EF3504ADCB1F0A556,2020-09-27 20:11:05.930000,2020-09-27 20:11:07.840000
obt34yuktzlftsue,failed,not_found,141,912B7597346A74A44AD4B6068C645772B758DCB7,5C83A9F985E2ACFBC3D3E5DB7F5C7C91FF7FE7AA,DD5DA21CC5036533AE2010DE2C7E72BE2CDF9C5E,6A1AF5C55985A32E44462D3F5CFEB1701418D9DC,2020-09-27 20:11:07.840000,2020-09-27 20:11:09.510000
obt34yuktzlftsue,failed,not_found,217,912B7597346A74A44AD4B6068C645772B758DCB7,149237213C89476F3E44051D3719006F7F140433,3239007CE1FB2ECDFDF2067DF23B949295DC5EF6,69F41C1A051A6DDD659F19D9A01920ECB1E6C202,2020-09-27 20:11:09.511000,2020-09-27 20:11:11.491000
d4gzia2bsemraml4,failed,not_found,,,,,316DE45EFFB53671C9FD53CE0992952846709A29,2020-09-27 20:11:00.883000,2020-09-27 20:11:01.594000
d4gzia2bsemraml4,failed,not_found,10,912B7597346A74A44AD4B6068C645772B758DCB7,41E041EC676622FFEE59F56BC75B99CD0D47F653,CE34F2DA5B7B419D9D126530DCE86EA87D6D13EE,318CAD1A00B33D2F65958210B09B8937836E99AF,2020-09-27 20:11:01.595000,2020-09-27 20:11:03.162000
d4gzia2bsemraml4,failed,not_found,26,912B7597346A74A44AD4B6068C645772B758DCB7,489606DA64FD4B68A76C49386298695E6C30B5E2,0085057C17BD2E1809E284825F06F94E72FB418C,C58DE93ED11CBB74823669F7C6E41D513F2049BE,2020-09-27 20:11:03.163000,2020-09-27 20:11:04.679000
d4gzia2bsemraml4,failed,not_found,43,912B7597346A74A44AD4B6068C645772B758DCB7,71C924A772F69451FE97FE5A9025DEDDEF3DB664,6E3B4821305D96F167C392DBE5A13240D6CCE024,311A4533F7A2415F42346A6C8FA77E6FD279594C,2020-09-27 20:11:04.680000,2020-09-27 20:11:07.036000
d4gzia2bsemraml4,failed,not_found,100,912B7597346A74A44AD4B6068C645772B758DCB7,C8BEF3DF07AF38B68DD0DA91B23B19EBD2C7667F,A212DA5DAF940D8CA63064926A1B0FF035DDCE02,C577C56EAD654C829D1FF2F86133F89A1A59AA89,2020-09-27 20:11:07.036000,2020-09-27 20:11:08.736000
d4gzia2bsemraml4,failed,not_found,172,912B7597346A74A44AD4B6068C645772B758DCB7,9B33C0437062F12DC137F757A745FC04CEA26231,924B24AFA7F075D059E8EEB284CC400B33D3D036,C59E079437340E3AD14E6785C0A91A5B6F328566,2020-09-27 20:11:08.737000,2020-09-27 20:11:11.118000
agc3qiw6e5ytajpu,failed,not_found,,,,,4F3056E9D4BAC38EC2100063745221553630ECCB,2020-09-27 20:11:00.884000,2020-09-27 20:11:01.666000
agc3qiw6e5ytajpu,failed,not_found,11,912B7597346A74A44AD4B6068C645772B758DCB7,90D43CF5541ECF57C1833FED33FFDFF239C4817C,9AD3DB628164C1E3D77D9DF9D79327B3DF4260FA,49F906FA05DAADDDCA677B6C4BA196CAA1042E90,2020-09-27 20:11:01.667000,2020-09-27 20:11:04.056000
agc3qiw6e5ytajpu,failed,not_found,38,912B7597346A74A44AD4B6068C645772B758DCB7,B74DABBE248B935CDC1038CD5C9280878C8C94E7,575F15A0A41B951BEE03E25B2A0A3FC3E8D7C7D1,49CA9262801E9DC9B414A143A58A68255149367A,2020-09-27 20:11:04.056000,2020-09-27 20:11:05.649000
agc3qiw6e5ytajpu,failed,not_found,55,912B7597346A74A44AD4B6068C645772B758DCB7,96560F12D1FD54131C59A2352829C2750E5EB796,B204DE75B37064EF6A4C6BAF955C5724578D0B32,49BC7301250F6D87BCD676DFC9AF22048F96F599,2020-09-27 20:11:05.649000,2020-09-27 20:11:07.500000
agc3qiw6e5ytajpu,failed,not_found,77,912B7597346A74A44AD4B6068C645772B758DCB7,D39328D2EAE3816F9C5D5D1BB19D1C14E2E79482,E45DEAAAB9DAFB7E2A15FC202922FBF8E54827D6,4F500157ABF70A1A94636D268A742A8B227B8BFD,2020-09-27 20:11:07.500000,2020-09-27 20:11:09.189000
agc3qiw6e5ytajpu,failed,not_found,195,912B7597346A74A44AD4B6068C645772B758DCB7,FC4DB7E87A0CFC04688303D84B13C101145EED67,12D552E8AF7AA2B71B218B5BBF6A5FEFA6F26BA0,4F3DD9A650FE79F5427A6A6B792E3619F5D14FC9,2020-09-27 20:11:09.189000,2020-09-27 20:11:11.738000
fdewst54p66qpr2u,failed,not_found,7,912B7597346A74A44AD4B6068C645772B758DCB7,9684C4D6C71131EEEF2E5C23C3EA234A684CD501,8C5B316ED73018484765C3E0944E4508DCAE0944,BDD1B4801294D81C1F89C9AB488BA993DDF1B520,2020-09-27 20:11:00.896000,2020-09-27 20:11:02.373000
fdewst54p66qpr2u,failed,not_found,9,912B7597346A74A44AD4B6068C645772B758DCB7,CBD00958A3B897774E333D75C24E6A75F5220DCC,D000291816C0D9EE531FA4DD185EC1AD80386A5A,BDDF8187EA4419951CFD0A54088B634564F63AF3,2020-09-27 20:11:02.373000,2020-09-27 20:11:03.143000
fdewst54p66qpr2u,failed,not_found,232,912B7597346A74A44AD4B6068C645772B758DCB7,539572FE3430A83E8F502052FC7E178E20A07EE0,B872BA6804C8C6E140AE1897B44CF32B42FD2397,37F6C543A7944CC88B52971705FA5B69AFC7E552,2020-09-27 20:11:03.143000,2020-09-27 20:11:12.270000
fdewst54p66qpr2u,failed,not_found,418,912B7597346A74A44AD4B6068C645772B758DCB7,761A60D0364D9AA03114F72550483287ED060B2D,1ABD48412F145A93C70DF664A2A31A18401ED66B,380F79145FF9C2332CBF41313062C99DBA9B0E50,2020-09-27 20:11:12.271000,2020-09-27 20:11:16.305000
fdewst54p66qpr2u,failed,not_found,1023,912B7597346A74A44AD4B6068C645772B758DCB7,0B19BBFDC498CCEA23027B1D7BD8E20121B95E60,61B8BDC91AA7BC9A05EB5A3D652FFF88C98E6911,37F3B91330C07A8F22F8D31545503E52627002CB,2020-09-27 20:11:16.305000,2020-09-27 20:11:24.465000
fdewst54p66qpr2u,failed,not_found,1691,912B7597346A74A44AD4B6068C645772B758DCB7,E68CC9C2E262E01C4C71C8F66F07517B0AB5E245,874D84382C892F3F61CC9E106BF08843DE0B865A,BDC1174C794B556C47B7CCE61FFE65FB16727B6C,2020-09-27 20:11:24.465000,2020-09-27 20:11:33.336000
uchkucmetl74j3ks,failed,not_found,8,912B7597346A74A44AD4B6068C645772B758DCB7,91BAB54C6923454F4E5EDC59313C45002B238665,9B2BC7EFD661072AFADC533BE8DCF1C19D8C2DCC,CC14C97F1D23EE97766828FC8ED8582E21E11665,2020-09-27 20:11:00.906000,2020-09-27 20:11:02.642000
uchkucmetl74j3ks,failed,not_found,19,912B7597346A74A44AD4B6068C645772B758DCB7,66BD39FE805AED414ADE400CAAD862C9CC3AC34E,AAFF4A997543DB0D881F4F11638485B7D471FECE,CC100DC017A25E244C35C964BB518E4308415ACC,2020-09-27 20:11:02.643000,2020-09-27 20:11:04.170000
uchkucmetl74j3ks,failed,not_found,39,912B7597346A74A44AD4B6068C645772B758DCB7,5C5D61F279AA0816F506FD5CE86C30F256291DDE,0F89912E6A4C4A8ACE43C58FF8B83CA299BFF74F,CBF0CCD9D80D7A2F82E4FB61C36FB6898A4EBA50,2020-09-27 20:11:04.171000,2020-09-27 20:11:05.819000
uchkucmetl74j3ks,failed,not_found,234,912B7597346A74A44AD4B6068C645772B758DCB7,61FA7E7C766577D76EBABF19330993DEFA8AF3C3,F4F92D8B840C2D053197AC3EF9C58F3DCFBB20FE,C6604D457AC319E53DC314B81F0EF9D16CB937A0,2020-09-27 20:11:05.820000,2020-09-27 20:11:12.223000
uchkucmetl74j3ks,failed,not_found,405,912B7597346A74A44AD4B6068C645772B758DCB7,6ADDA54B4D664BA18EE1D200D9D30A4F64AD23EB,9B24B2149631167704362E07356A9E9BFC1F0F05,C656B41AEFB40A141967EBF49D6E69603C9B4A11,2020-09-27 20:11:12.224000,2020-09-27 20:11:15.191000
uchkucmetl74j3ks,failed,not_found,678,912B7597346A74A44AD4B6068C645772B758DCB7,573051CAA3EEEE2B75EBD096BB1F70D3FDAC5F3A,5A224EFAC453F7EF2D0435E336890DECDC5CEBFD,C65DE4A7380BACAC9478561959DC59DD1FF5E1B9,2020-09-27 20:11:15.192000,2020-09-27 20:11:20.023000
pkrtzjwfm35myae6,failed,not_found,13,912B7597346A74A44AD4B6068C645772B758DCB7,CEC92F3BE8A2F3A46D3C042721D6BDBF2F40F4C5,C3799054BC7F0D201FB7C0F9DE31BF1F3D868A37,A78E86015376B3F2507E2E6602FDFD278F2871B3,2020-09-27 20:11:01.904000,2020-09-27 20:11:03.457000
pkrtzjwfm35myae6,failed,not_found,28,912B7597346A74A44AD4B6068C645772B758DCB7,2AE2CA4BD2B7754F29432C25E03314D52AC4CAF1,50C7B836942F14BDF1541B017CF21FD03F354E13,74F2329674F27CB8169A32A41D971629623B7535,2020-09-27 20:11:03.458000,2020-09-27 20:11:05
pkrtzjwfm35myae6,failed,not_found,47,912B7597346A74A44AD4B6068C645772B758DCB7,714425418EEEDFACC86D87544B265892E98FA32B,6962377722C4AA5E56540F4F9693DFA525449974,74C0C2705DB1192C03F19F7CD1BB234843B1A81F,2020-09-27 20:11:05.001000,2020-09-27 20:11:06.743000
pkrtzjwfm35myae6,failed,not_found,48,912B7597346A74A44AD4B6068C645772B758DCB7,DE4F6E528A9FEB1B79BC3D7D24E8BF5BCDEDA0A1,BC238DA10F427C21685F766317F7E0946954B88F,74B41DED505CFABC7A8D439362FC9B6589DE4591,2020-09-27 20:11:06.744000,2020-09-27 20:11:07.950000
pkrtzjwfm35myae6,failed,not_found,111,912B7597346A74A44AD4B6068C645772B758DCB7,CF6A6080091BB210AA3892FEFE2F6A396DA08DF3,FA5647DE9745BA239C9F34E262512C99605472C9,A79F94117D73D4AFA4BCE340A3CB6E345C817594,2020-09-27 20:11:07.951000,2020-09-27 20:11:09.238000
pkrtzjwfm35myae6,failed,not_found,159,912B7597346A74A44AD4B6068C645772B758DCB7,575F15A0A41B951BEE03E25B2A0A3FC3E8D7C7D1,97151BC6EB9D63C26A672D955EB6D66E3CCB9B9C,A76AEE2C3A724CC1CD05E1B06C948AC2512F4F33,2020-09-27 20:11:09.239000,2020-09-27 20:11:09.956000
u5bar33kdkyll4r7,failed,not_found,14,912B7597346A74A44AD4B6068C645772B758DCB7,331452F317390D3C78BCD759170699E55C5570C9,8EE28EAF0874AF9B03EBBD79B5EB5059E2547355,7761DDC7EB1BE26D4155F74A15F12C32A36FE0F2,2020-09-27 20:11:01.917000,2020-09-27 20:11:03.511000
u5bar33kdkyll4r7,failed,not_found,29,912B7597346A74A44AD4B6068C645772B758DCB7,72FF4C64E28396446B58892C356B61A8018C5C95,8FA2185CFF631773E20F0E2F9A743E16E12DCBB1,8E52CC35132AC6DF3781F539148781274D150919,2020-09-27 20:11:03.512000,2020-09-27 20:11:05.588000
u5bar33kdkyll4r7,failed,not_found,50,912B7597346A74A44AD4B6068C645772B758DCB7,3CCF9573F59137E52787D9C322AC19D2BD090B70,58FC2AAB3792AC37897D34331F4F4E00341DEC0C,8E5F4EE45E0631A60E59CAA42E1464FD7120459D,2020-09-27 20:11:05.589000,2020-09-27 20:11:07.440000
u5bar33kdkyll4r7,failed,not_found,128,912B7597346A74A44AD4B6068C645772B758DCB7,C4B21A66B27E82FEF6AC97CEAEFE42DFF5C7511C,97B7BA747B62A9962DEDCE404FF33106D4032F91,8E6EDA78D8E3ABA88D877C3E37D6D4F0938C7B9F,2020-09-27 20:11:07.440000,2020-09-27 20:11:09.006000
u5bar33kdkyll4r7,failed,not_found,185,912B7597346A74A44AD4B6068C645772B758DCB7,35DBE43445BB44D817084200BA05E8A0573EDFD4,D5C01B85FB3A48D55698CA660A2DE8935388816E,776FCB8F73F8D84407F5AF2460A75F9EEC982EB3,2020-09-27 20:11:09.006000,2020-09-27 20:11:10.768000
u5bar33kdkyll4r7,failed,not_found,273,912B7597346A74A44AD4B6068C645772B758DCB7,EA4584960E5C815A383B91BD9C03FB489FE686EF,D111CA928084A907D8BE9B3F1E1D05227A5FBBE0,777B2DECD67C607D8857AD60E976EE3E1E8A52BF,2020-09-27 20:11:10.768000,2020-09-27 20:11:14.195000
lpzquahtgsatr3eo,failed,not_found,15,912B7597346A74A44AD4B6068C645772B758DCB7,BCDE75725B927738B6FD34EA2D78F4FA77B99848,8EB722FA1AE9DDE1914BC21FEA22819D4DE99DB4,9D21F034C3BFF4E7737D08CF775DC1745706801F,2020-09-27 20:11:01.941000,2020-09-27 20:11:03.584000
lpzquahtgsatr3eo,failed,not_found,18,912B7597346A74A44AD4B6068C645772B758DCB7,FCC70D3F500C2EA62004137B0137201A93A2B57E,44354E35E9F7F97AF27686D03B0D591686E35394,9D29FD5DBCC6EC40709F353A8641E90333B0CE09,2020-09-27 20:11:03.585000,2020-09-27 20:11:04.936000
lpzquahtgsatr3eo,failed,not_found,46,912B7597346A74A44AD4B6068C645772B758DCB7,74AC10CA94E400BA4D69E397562597CA04FC5352,855BC2DABE24C861CD887DB9B2E950424B49FC34,8EB53B7C8D8E2FF830DA324A05BE8CE954BABC55,2020-09-27 20:11:04.937000,2020-09-27 20:11:06.870000
lpzquahtgsatr3eo,failed,not_found,95,912B7597346A74A44AD4B6068C645772B758DCB7,A4F11D693FAB6E949B2B7C18153C3F7989896007,081C9DF6A615A300B382C004DFE2CC37B561C9A0,9CFA49D7F6C1774FFECC12AD3F3E59BD781285EF,2020-09-27 20:11:06.870000,2020-09-27 20:11:08.625000
lpzquahtgsatr3eo,failed,not_found,169,912B7597346A74A44AD4B6068C645772B758DCB7,1079E628FC6B0025656AC024F2D9975C441498CD,EAA088440B100FF8407266B5D4853FFB16A8CB67,8E8E9D3FD1F25814CDB57A7DBAA290114EADE7BE,2020-09-27 20:11:08.626000,2020-09-27 20:11:10.984000
lpzquahtgsatr3eo,failed,not_found,288,912B7597346A74A44AD4B6068C645772B758DCB7,42B4F52C5B11E4D39855F654955425B0D5A0598B,C2C2B839F4CFFA5F7B7A40CB0BE84F7D948CB510,8EA58F28DCA60F56C6F2131BDFE9BF5FAF2233CE,2020-09-27 20:11:10.985000,2020-09-27 20:11:12.783000
7ggll4v7xkrgcztp,failed,not_found,16,912B7597346A74A44AD4B6068C645772B758DCB7,D65DB84BF1EB4DD225B9A1CD9CEFD87B595A30F5,DC9E3C6576CC9A04AAE1C465210A972A722571A0,53B379F4063B3B91B24A7DFFCC2F6533F51B3245,2020-09-27 20:11:01.941000,2020-09-27 20:11:03.980000
7ggll4v7xkrgcztp,failed,not_found,37,912B7597346A74A44AD4B6068C645772B758DCB7,8C00FA7369A7A308F6A137600F0FA07990D9D451,06E72526BBE040C51C5ADFBAA07ADD9AEB5E1FA1,D1AFBF3117B308B6D1A7AA762B1315FD86A6B8AF,2020-09-27 20:11:03.980000,2020-09-27 20:11:06.344000
7ggll4v7xkrgcztp,failed,not_found,81,912B7597346A74A44AD4B6068C645772B758DCB7,A23A7219B1EA9D583E66DFF26D62573DE64A9C29,645C3F0545E0975A49F69EC272C0C3EA28586825,539572FE3430A83E8F502052FC7E178E20A07EE0,2020-09-27 20:11:06.345000,2020-09-27 20:11:08.290000
7ggll4v7xkrgcztp,failed,not_found,161,912B7597346A74A44AD4B6068C645772B758DCB7,D8EA105E79803FB0040A8C2A676D93DAEA2CFFF0,9B2BC7EFD661072AFADC533BE8DCF1C19D8C2DCC,D1AE7E838DF635EB1367F202B84946D73142CDAD,2020-09-27 20:11:08.290000,2020-09-27 20:11:10.485000
7ggll4v7xkrgcztp,failed,not_found,260,912B7597346A74A44AD4B6068C645772B758DCB7,D9F061CC5EE68CC916586CF8522E73FFB8848C3F,CE1FD7659F2DFE92B883083C0C6C974616D17F3D,D1AD15805646EAE6938F1842619F8EF0029089FC,2020-09-27 20:11:10.485000,2020-09-27 20:11:13.103000
7ggll4v7xkrgcztp,failed,not_found,493,912B7597346A74A44AD4B6068C645772B758DCB7,F3936F97C14EFCFD18154DF4443B91FEDD071F47,61F24EBAEC4290FAC31CF34F0FFCDA765A2D9705,53B1C6E35706C9EC30B9468B61DFBB67F29BFC2F,2020-09-27 20:11:13.103000,2020-09-27 20:11:16.209000
vjr3lvrdxizedrev,failed,not_found,17,912B7597346A74A44AD4B6068C645772B758DCB7,AFE05115595A1D028E91AD41F6A07239DB04CEBC,F117B31DF6A73D6F015BCEE4E6AB13474B18A16F,5D2A8CAA119D0528722C2438350FAB0C8DE01AB7,2020-09-27 20:11:01.957000,2020-09-27 20:11:03.979000
vjr3lvrdxizedrev,failed,not_found,36,912B7597346A74A44AD4B6068C645772B758DCB7,CD9BFE309010778D64ED5E55D5EEAA92B2020DE8,FD449127D30D8F5D124653D9EF736EDF4A12B4DC,5D263037FC175596B3A344132B0B755EB8FB1D1C,2020-09-27 20:11:03.979000,2020-09-27 20:11:05.669000
vjr3lvrdxizedrev,,,,,,,2DE6CA505E2FEDA6547B641A96C0B5C38E9F9F4C,2020-09-27 20:11:05.669000,
e7fmn3ynbwqyoaqj,failed,not_found,20,912B7597346A74A44AD4B6068C645772B758DCB7,A2C6C931D8627C6605288970889DDB88C7BA2142,2CE96A8A1DA032664C90F574AFFBECE18A6E8DFC,71026B999E15ECC0BCCA56B972E210CCA76AD96A,2020-09-27 20:11:02.892000,2020-09-27 20:11:04.574000
e7fmn3ynbwqyoaqj,failed,not_found,41,912B7597346A74A44AD4B6068C645772B758DCB7,094FDE9DCED7994406A8AE81F212BC8A89ADEAD8,3F3E911D64F8DED71208D614782ABED41F4D7A0D,BA856D21B1A22CAE677A712DA4C9F0852D799DF8,2020-09-27 20:11:04.575000,2020-09-27 20:11:07.091000
e7fmn3ynbwqyoaqj,failed,not_found,102,912B7597346A74A44AD4B6068C645772B758DCB7,AC990FD1FF5058EFA43A809E948B23EF998D021B,80C113BCE9356B4DECF94E7CF4A8C0BD315EE8E8,70FF4E669EC69F8E324537D05ADDAAED76303D8D,2020-09-27 20:11:07.092000,2020-09-27 20:11:08.748000
e7fmn3ynbwqyoaqj,failed,not_found,174,912B7597346A74A44AD4B6068C645772B758DCB7,706A7674A217BA905FE677E82236B7B968A23DB7,A8D44B832F3267ABFC73F540C6C4CF0229FD7EB3,BA8546AE9B27F0C81F98A6C12D96B7DAB0814991,2020-09-27 20:11:08.748000,2020-09-27 20:11:10.826000
e7fmn3ynbwqyoaqj,failed,not_found,383,912B7597346A74A44AD4B6068C645772B758DCB7,CE863C22AD5ABBEAF606AE35A22781C409D895E5,891FB8477529A6B2894B7A3129402E0FD5DD281F,BA99774FEF716556E37EF340820FC358F2A84B04,2020-09-27 20:11:10.827000,2020-09-27 20:11:14.753000
e7fmn3ynbwqyoaqj,failed,not_found,614,912B7597346A74A44AD4B6068C645772B758DCB7,74AC10CA94E400BA4D69E397562597CA04FC5352,DA8D76F5F5819693B5C96F499BA19F7404014769,70ACA07D9276277B82E909C1439E19CCA2FB16CC,2020-09-27 20:11:14.754000,2020-09-27 20:11:18.423000
svrxblb6f6kz2odc,failed,not_found,21,912B7597346A74A44AD4B6068C645772B758DCB7,F94A7BAC5D1E3D9372437141E10695A625B8B533,40C773D9F2B16143CDB2ADB661DDC6BB12EF3E2C,75FB9A4469199F251581061391214ACFDC682EF4,2020-09-27 20:11:02.908000,2020-09-27 20:11:04.562000
svrxblb6f6kz2odc,failed,not_found,27,912B7597346A74A44AD4B6068C645772B758DCB7,12D552E8AF7AA2B71B218B5BBF6A5FEFA6F26BA0,070D387230C1B95A05811C5B722FBD21A1076BDB,3CEF68373ADB77D70C2B17E808D5B01A4E1567A7,2020-09-27 20:11:04.562000,2020-09-27 20:11:07.166000
svrxblb6f6kz2odc,failed,not_found,106,912B7597346A74A44AD4B6068C645772B758DCB7,5CF2BC575B3537AEE1E531021E2DB682B591C5A4,A8C1AED4343C2CA514C9CA125488FD2764353F1B,3CFAD0798FF5D3B994F40B8971D4A79D84165A0D,2020-09-27 20:11:07.166000,2020-09-27 20:11:09.131000
svrxblb6f6kz2odc,failed,not_found,188,912B7597346A74A44AD4B6068C645772B758DCB7,DC2B1E4348AF306326FA63EEDB76EA6139133485,C8B23EA543FAD6F820E5841A8380DC28C83AEA0F,75CF0F66FE18C3116AAB7B678899151DB762B795,2020-09-27 20:11:09.131000,2020-09-27 20:11:11.162000
svrxblb6f6kz2odc,failed,not_found,327,912B7597346A74A44AD4B6068C645772B758DCB7,005079A42356183CEA5A3ADD239303F44F12E7EA,7260949459C2D4D4A5ABC3AC10C1AD6939E6525C,75D77007F098513C70773B5EC46159DD41F2F7ED,2020-09-27 20:11:11.162000,2020-09-27 20:11:14.534000
svrxblb6f6kz2odc,failed,not_found,590,912B7597346A74A44AD4B6068C645772B758DCB7,D8A2D0080B0C73E1DC0EC9F33B497F64E5FB3F52,288C100FFA656938C23F32207CAF0DA932ECD247,3CF2646DE677C7A4FD5AE513A6AC59101879A90F,2020-09-27 20:11:14.534000,2020-09-27 20:11:17.514000
fpdtgtrwzsuporhm,failed,not_found,22,912B7597346A74A44AD4B6068C645772B758DCB7,061E0496931D23A81A2B685C9339D36857DD0FA1,5820D7E2CC290462233845BA807D616494CF0D7D,70FF4E669EC69F8E324537D05ADDAAED76303D8D,2020-09-27 20:11:02.921000,2020-09-27 20:11:04.851000
fpdtgtrwzsuporhm,failed,not_found,45,912B7597346A74A44AD4B6068C645772B758DCB7,310723122778237508274A36E9557B060A531BDD,C215211F88FFCF8C6E70CC34C76DA0948E3DD24A,5E6CB5FC020088CFC99342784A4109E468D7C94A,2020-09-27 20:11:04.851000,2020-09-27 20:11:06.815000
fpdtgtrwzsuporhm,failed,not_found,92,912B7597346A74A44AD4B6068C645772B758DCB7,9AB93B5422149E5DFF4BE6A3814E2F6D9648DB6A,C50CF85CBE0A327E32EE7A001161C47BBB38CE76,70A4372ED8F5DDE3BA05A17491BB6032EAC02692,2020-09-27 20:11:06.815000,2020-09-27 20:11:08.495000
fpdtgtrwzsuporhm,failed,not_found,167,912B7597346A74A44AD4B6068C645772B758DCB7,014BD09636373B78CC28BA70E36C7190E3DE236A,3662BA7D247589836D9307FAB6D8BAFA8E3CBD06,70ACA07D9276277B82E909C1439E19CCA2FB16CC,2020-09-27 20:11:08.496000,2020-09-27 20:11:10.769000
fpdtgtrwzsuporhm,failed,not_found,524,912B7597346A74A44AD4B6068C645772B758DCB7,0B19BBFDC498CCEA23027B1D7BD8E20121B95E60,BF50E09EED25B82861CF95E1AAA42DCFEF53E5D1,5E56738E7F97AA81DEEF59AF28494293DFBFCCDF,2020-09-27 20:11:10.770000,2020-09-27 20:11:17.210000
fpdtgtrwzsuporhm,failed,not_found,890,912B7597346A74A44AD4B6068C645772B758DCB7,44BD70C13DAA7513D6F47773804178B009F21ED5,A751D8BEE222564B7BA657F74B6658836FF1AEEA,5E8B49B661BE6BA62C7E38FB6ABDE91519FD61C8,2020-09-27 20:11:17.210000,2020-09-27 20:11:22.428000
vm4zzavh567ldsnz,failed,not_found,23,912B7597346A74A44AD4B6068C645772B758DCB7,A33573C935B34CD07D988E774819DF0D30359F8B,8358BDDA9C9A680B4E3A2809E5C24F5B3624D5C2,318CAD1A00B33D2F65958210B09B8937836E99AF,2020-09-27 20:11:02.931000,2020-09-27 20:11:04.699000
vm4zzavh567ldsnz,failed,not_found,44,912B7597346A74A44AD4B6068C645772B758DCB7,B00B6BA943600447CF72D58DB7A35B16754E43C8,DCC6C70E8F4340CBD633F506BC9E7D99818601D9,987D0706D42070F1E2142A9FCCB56B3887808D34,2020-09-27 20:11:04.699000,2020-09-27 20:11:06.312000
vm4zzavh567ldsnz,failed,not_found,79,912B7597346A74A44AD4B6068C645772B758DCB7,F966CC62522A4F9C482CB555D43249A9874413D8,D965855F77A59FBBC5D1224DFB9C12A992355079,318CB7FC0EAEB92311EB51B5B78E3CAD45EBCF21,2020-09-27 20:11:06.313000,2020-09-27 20:11:08.451000
vm4zzavh567ldsnz,failed,not_found,237,912B7597346A74A44AD4B6068C645772B758DCB7,508773E7A34F3BE17DD0372446798FACB8BF1EAA,FD449127D30D8F5D124653D9EF736EDF4A12B4DC,316DE45EFFB53671C9FD53CE0992952846709A29,2020-09-27 20:11:08.451000,2020-09-27 20:11:12.469000
vm4zzavh567ldsnz,failed,not_found,429,912B7597346A74A44AD4B6068C645772B758DCB7,06E72526BBE040C51C5ADFBAA07ADD9AEB5E1FA1,17ABA734572DBB1050CF3800F0DD145BAE7ED9A7,986E29FB17C8C7A1FEAFF203F012D5930BA079DB,2020-09-27 20:11:12.470000,2020-09-27 20:11:15.480000
vm4zzavh567ldsnz,failed,not_found,688,912B7597346A74A44AD4B6068C645772B758DCB7,1AAC19D892F84910AB94C45092241ABA3CFC4C89,EDB9C65B939940EC5E9DA800EE1574F1D68042B4,988625BFD9E9B23B35C590250407486F28FF8FFC,2020-09-27 20:11:15.481000,2020-09-27 20:11:19.725000
hmywzjmzcgj4arpd,failed,not_found,24,912B7597346A74A44AD4B6068C645772B758DCB7,17CDC54BBDBDED0574C04FEE37C4030455C2F28E,39CF2F22E5018C01FD57DEB1AB8FDFA4592633FB,2507E6A97AC52DC09FA519D31340156EEC626A5B,2020-09-27 20:11:02.939000,2020-09-27 20:11:04.586000
hmywzjmzcgj4arpd,failed,not_found,42,912B7597346A74A44AD4B6068C645772B758DCB7,33D88F331408141F2A2CC563239E54E48F7A211B,38DC78302D5CB107B6D5CCC02EE4D8773AA910DE,7C56BA2175839470ACAAB72E045DD6820764B733,2020-09-27 20:11:04.586000,2020-09-27 20:11:06.233000
hmywzjmzcgj4arpd,failed,not_found,74,912B7597346A74A44AD4B6068C645772B758DCB7,7997C3FC88B02A2C6FEF96C5F5B5C50DD7DA2E2C,D123C0F8F562804693C47D68C61786023B295E98,24F97F98C45E4754655BE66799049763DAEE99CE,2020-09-27 20:11:06.233000,2020-09-27 20:11:08.241000
hmywzjmzcgj4arpd,failed,not_found,158,912B7597346A74A44AD4B6068C645772B758DCB7,1B8188170F0AD7998A7D04BD5CE9F6128B032C8E,90C1BC10DF081A01D50E382D7271955E01FCF6C9,7C5C0E83CA290FFF6D5E30D9E0E3FFC9BAE0D0C5,2020-09-27 20:11:08.241000,2020-09-27 20:11:10.767000
hmywzjmzcgj4arpd,failed,not_found,270,912B7597346A74A44AD4B6068C645772B758DCB7,2F09BD6D9A2D5A7D6D26C17651CE8ECF0B7BA257,488E663B4A88C12E6DE6C12F7A6053F09BF7A61A,7C499ACD60FB651DD486B6D802290A3EBBECCD84,2020-09-27 20:11:10.768000,2020-09-27 20:11:12.683000
hmywzjmzcgj4arpd,failed,not_found,445,912B7597346A74A44AD4B6068C645772B758DCB7,7A6873B86D82BC8B4F0E790828626107820F7B9E,B22C4BF9747DBBC843F1BBBA272FDB7B6045EB01,25350509AE9D23736871CFCC2CF80BF9C9AA5D36,2020-09-27 20:11:12.684000,2020-09-27 20:11:15.681000
2vidzxfs3p776bhu,failed,not_found,31,912B7597346A74A44AD4B6068C645772B758DCB7,16AE2704B794C6C0013C7E47AF11DCABA808A0B9,980B28A19B0A66948035A3FE143E5CF613C84122,BBF8FE0EEA6CF76A8461F6467F5D56C969A1A40E,2020-09-27 20:11:03.901000,2020-09-27 20:11:06.169000
2vidzxfs3p776bhu,failed,not_found,69,912B7597346A74A44AD4B6068C645772B758DCB7,23A2D8DDF761F35CC63BDF65E604B76A7E2F6971,0085057C17BD2E1809E284825F06F94E72FB418C,BC04B9297BB7612B0216240C090E0D6F5BE66B67,2020-09-27 20:11:06.169000,2020-09-27 20:11:08.043000
2vidzxfs3p776bhu,failed,not_found,154,912B7597346A74A44AD4B6068C645772B758DCB7,1C8B3C3D8BC705883B7799C915B2FE1E0FEB006F,EEFFC0D532AB63BB3E9CAEADA822971F6D3AE8D6,393046812C24A855F669A80F8D8C38789D41EAC8,2020-09-27 20:11:08.043000,2020-09-27 20:11:10
2vidzxfs3p776bhu,failed,not_found,251,912B7597346A74A44AD4B6068C645772B758DCB7,10CA859C429A17EFF704CC53D0080940148D59DA,0F6E56C326DC9719942E8BBA58C22F71332DA891,3910C5CA0CC5AFE22C709DF471A2B5B6B4AEDC98,2020-09-27 20:11:10.001000,2020-09-27 20:11:12.990000
2vidzxfs3p776bhu,failed,not_found,1020,912B7597346A74A44AD4B6068C645772B758DCB7,3EEEB7021D974D38B6D97BEFB55E5E48551A8FEA,575F15A0A41B951BEE03E25B2A0A3FC3E8D7C7D1,39157328C19734ACD46BC6CD247F5E673D9EE9C8,2020-09-27 20:11:12.990000,2020-09-27 20:11:24.437000
2vidzxfs3p776bhu,failed,not_found,1673,912B7597346A74A44AD4B6068C645772B758DCB7,AE95BDA37A5BB4685FEBB7F06649D6CE949B5316,8111FEB45EF2950EB8F84BFD8FF070AB07AEE9DD,BC0AAAB8C872FE46C9A224EFDE1E0B3A5C42AAF2,2020-09-27 20:11:24.438000,2020-09-27 20:11:32.980000
66mj6mo6uk7bexta,failed,not_found,32,912B7597346A74A44AD4B6068C645772B758DCB7,81A1D777C023EBB1DEE9E7FA8735629BA8F7497C,66FE9812C3545F0651C0EE7342751EFB52513FAA,50F6216AD70E26B9FE70808380A1754BDF3DD0E5,2020-09-27 20:11:03.945000,2020-09-27 20:11:06.185000
66mj6mo6uk7bexta,failed,not_found,72,912B7597346A74A44AD4B6068C645772B758DCB7,7E65527BBA5AF598471999BB36734CA6FE389A8C,E36536404200A74930DB165858BD5BB554D2BEA2,63961F8CB0DC8F3CA6C462A66030BC002CFBC33A,2020-09-27 20:11:06.185000,2020-09-27 20:11:09.006000
66mj6mo6uk7bexta,failed,not_found,184,912B7597346A74A44AD4B6068C645772B758DCB7,0DD04EF0B081BBFDE3082D4ECC8A63FD0022FCAF,CEC92F3BE8A2F3A46D3C042721D6BDBF2F40F4C5,6391FC08FA1587F474AEA854D91A656F5EB7212C,2020-09-27 20:11:09.006000,2020-09-27 20:11:11.144000
66mj6mo6uk7bexta,failed,not_found,323,912B7597346A74A44AD4B6068C645772B758DCB7,9171E15EBF665768F8EFAE2271D47D922C4EED46,AE95BDA37A5BB4685FEBB7F06649D6CE949B5316,63A0D1B0E499ACC5510697384DBCAC16A18B0B5E,2020-09-27 20:11:11.144000,2020-09-27 20:11:14.178000
66mj6mo6uk7bexta,failed,not_found,546,912B7597346A74A44AD4B6068C645772B758DCB7,66BD39FE805AED414ADE400CAAD862C9CC3AC34E,F23DBB7FD2C2109AAFF8AE23A454657A13D7202E,50E3CEA0D7EB9644B89B965743797279196775D5,2020-09-27 20:11:14.178000,2020-09-27 20:11:17.481000
66mj6mo6uk7bexta,failed,not_found,1110,912B7597346A74A44AD4B6068C645772B758DCB7,B138ECF12483CF1933A2EAD5966BC7C01B5C64E3,950134F4ABA3291EEE4E7A2F26546DB7070776A4,510176C07005D47B23E6796F02C93241A29AA0E9,2020-09-27 20:11:17.481000,2020-09-27 20:11:25.937000
bibli5bxkbl7jb7p,failed,not_found,33,912B7597346A74A44AD4B6068C645772B758DCB7,966D8F4B442C112BC6DCEFEAEB77EF76C1C957E6,4CD4DFFEF3971C902A22100D911CAC639BE2EF5C,FDD40AA573AFABB54813BB65F023D75ED49A97E8,2020-09-27 20:11:03.946000,2020-09-27 20:11:05.608000
bibli5bxkbl7jb7p,failed,not_found,53,912B7597346A74A44AD4B6068C645772B758DCB7,A024E420DD146541D5D7F6CFEB554C3A64F985EE,F29A5D7E317934CDFFFA3DD9B26AC9AB48CB1C6C,FDD9CD7406582E0B56C4A27D44126AE843EAF6DD,2020-09-27 20:11:05.609000,2020-09-27 20:11:07.235000
bibli5bxkbl7jb7p,failed,not_found,109,912B7597346A74A44AD4B6068C645772B758DCB7,5AB297EF1FB13A12003203F14045E15FF34B23A4,96D656384559910834CFDB128D843F819D5D2FD5,FDD700C791CC6BB0AC1C2099A82CBC367AD4B764,2020-09-27 20:11:07.235000,2020-09-27 20:11:10.152000
bibli5bxkbl7jb7p,failed,not_found,369,912B7597346A74A44AD4B6068C645772B758DCB7,174D93DF6242BD4ABE2C09E6607892C3A3905675,4B68D0E5392ED6F3469A37880631353A96558631,B26E8B962FB76404C169634571B4C5687AC6230F,2020-09-27 20:11:10.152000,2020-09-27 20:11:14.783000
bibli5bxkbl7jb7p,failed,not_found,1064,912B7597346A74A44AD4B6068C645772B758DCB7,CEC0E348E90D60EBC562F338499E1C74298F9DDA,879370F54AA1162ED85783996CAA963E642B3056,B27115A20B05D40730A4020145EFA63381D9D51B,2020-09-27 20:11:14.784000,2020-09-27 20:11:18.565000
bibli5bxkbl7jb7p,failed,not_found,1142,912B7597346A74A44AD4B6068C645772B758DCB7,14E72D4DA10B66353E583F26EE04AC0D563EA7EF,BD3FBEC1D67C48A2583DB378B92A59C5E9AB4DA2,B2380704C53947B1D72E7CBCD361E73901EF7444,2020-09-27 20:11:18.566000,2020-09-27 20:11:27.286000
hkjmgdthwrlc62v6,failed,not_found,34,912B7597346A74A44AD4B6068C645772B758DCB7,ED3ACBBB89C5F1597A44A65D2FA203BDB8E208F2,EA3616A0B9BBBDC74121D8D6F01EABDDCF6BE35D,C41ADE229598201F913426E9C6B9647098AEE28D,2020-09-27 20:11:03.947000,2020-09-27 20:11:05.650000
hkjmgdthwrlc62v6,failed,not_found,56,912B7597346A74A44AD4B6068C645772B758DCB7,6A0A912F7A536B2FC3ACF42356C57EB47678E7FB,40DD356E8F3C53FA9251B561CF956302791AAFF5,8CE9E4EBF94CC79D89F4383BC916F846CAE999A7,2020-09-27 20:11:05.650000,2020-09-27 20:11:07.753000
hkjmgdthwrlc62v6,failed,not_found,299,912B7597346A74A44AD4B6068C645772B758DCB7,9E4CC64C4F94C359D43C5BA09094323FDBEFD975,74AC10CA94E400BA4D69E397562597CA04FC5352,8D093C9C2B42BC224A5319A660A6CF5EDEFE839F,2020-09-27 20:11:07.754000,2020-09-27 20:11:13.445000
hkjmgdthwrlc62v6,failed,not_found,658,912B7597346A74A44AD4B6068C645772B758DCB7,A2C6C931D8627C6605288970889DDB88C7BA2142,BC0AAAB8C872FE46C9A224EFDE1E0B3A5C42AAF2,8CF987FF43FB7F3D9AA4C4F3D96FFDF247A9A6C2,2020-09-27 20:11:13.445000,2020-09-27 20:11:18.922000
hkjmgdthwrlc62v6,failed,not_found,1158,912B7597346A74A44AD4B6068C645772B758DCB7,FBD20387F64D67ED53AC5BD2E0302D44B2DA360C,3586697291602DC8042EB152E60701FFFE8777BD,C414F28FD2BEC1553024299B31D4E726BEB8E788,2020-09-27 20:11:18.922000,2020-09-27 20:11:27.265000
hkjmgdthwrlc62v6,,,,,,,C43827BB94B59CE61987310F80A035C5AB9DF002,2020-09-27 20:11:27.267000,
apyyldagksexgsna,failed,not_found,35,912B7597346A74A44AD4B6068C645772B758DCB7,CC6910CF21D17C1BD68FE224CE7685BEB42558A8,B7F60A81737CE635E751C5BCA67BFD20DAF2615C,D3BE0C4FEC3AC5955992D336E7BF99DC1F26020C,2020-09-27 20:11:03.958000,2020-09-27 20:11:05.750000
apyyldagksexgsna,failed,not_found,60,912B7597346A74A44AD4B6068C645772B758DCB7,EBF985399B3DEBDAC88097F8142475D30D3408B6,C9D02B1644BD47C136E379FDFAF4973D1A1CE07C,D405812970B302ADE80EDF749A3FF2330F2F189D,2020-09-27 20:11:05.750000,2020-09-27 20:11:07.484000
apyyldagksexgsna,failed,not_found,133,912B7597346A74A44AD4B6068C645772B758DCB7,47C362713928A711FC105AF54993576E41CB1B7F,734B4B3C85989946A7AF65BF8AEADCE6C5A7CE70,D408EA531AA2FA90F25BD14283D38FDBB2094BA3,2020-09-27 20:11:07.485000,2020-09-27 20:11:09.132000
apyyldagksexgsna,failed,not_found,189,912B7597346A74A44AD4B6068C645772B758DCB7,F641F043D50CEFA07EE41EB284466458788808ED,8679CBAFD3F447F9E9CD05A5701501248C24AA4F,295C5C7213AE400F16DF7303AF28B3AFE16E0F7D,2020-09-27 20:11:09.132000,2020-09-27 20:11:11.059000
apyyldagksexgsna,,,,,,,296A9A2C96249BC5D8CA8CF196EF5E3FCC80488E,2020-09-27 20:11:11.060000,
mxizfxu4wvn2u37r,failed,not_found,40,912B7597346A74A44AD4B6068C645772B758DCB7,00B57BF614F7ED3051073B5D4526FF0B23AF217B,C75CDD818316ABBC839F9F0DDAEC873FCF60C370,D4825DF61F9C8FC64C57CFAE943BF1D705B06ACE,2020-09-27 20:11:05.557000,2020-09-27 20:11:06.363000
mxizfxu4wvn2u37r,failed,not_found,83,912B7597346A74A44AD4B6068C645772B758DCB7,0C3D5E19E3C75B505C8ACD26F89DCA2DF970553E,493BEEFD9854F0E7CEB96A01A47EEA83F4E93A00,2FE5624BCB6A5A4C417314CE3C00ED6404212E8F,2020-09-27 20:11:06.363000,2020-09-27 20:11:08.420000
mxizfxu4wvn2u37r,failed,not_found,163,912B7597346A74A44AD4B6068C645772B758DCB7,3D9CE80399B68C01377FEC42395E399B9ED16E18,234D670EAA794F092F7BD758D5D2AA7F4E3FFBE3,D4991BF14BF7D4BB684E56AB02A44A6CA6391606,2020-09-27 20:11:08.420000,2020-09-27 20:11:10.742000
mxizfxu4wvn2u37r,failed,not_found,265,912B7597346A74A44AD4B6068C645772B758DCB7,B85E6AB2B5F115536B2DA847A3FB99B8A985D437,98AEF7B834D688773CE2BCC5A32761A4943CF623,D48DC22A810BF47E66C678A63AA54715DD3E9879,2020-09-27 20:11:10.742000,2020-09-27 20:11:12.610000
mxizfxu4wvn2u37r,failed,not_found,437,912B7597346A74A44AD4B6068C645772B758DCB7,AF77AA5BD924319510F99B30CD0932D32B01B5C5,2D418A89F79DB4A8E658BA549FBB974D1D22DD1A,2FFBAEBC4D4A88CA96BD5F6B0D3A1D1A7A00D5F2,2020-09-27 20:11:12.611000,2020-09-27 20:11:15.979000
mxizfxu4wvn2u37r,failed,not_found,849,912B7597346A74A44AD4B6068C645772B758DCB7,ADB98B27D7A3FB5732068FD23602A1BCB3BE9F38,4B9DD478E355BDB7AC8D0A5E14BF5C6760122580,2FF5EA5B3251C510E7C7507A8698FDE08910C304,2020-09-27 20:11:15.979000,2020-09-27 20:11:22.120000
fjv5zhlj737bimxl,failed,not_found,49,912B7597346A74A44AD4B6068C645772B758DCB7,C69BE3F0326A7328556501BE237408F32748247D,9171E15EBF665768F8EFAE2271D47D922C4EED46,15DF4380714B678C49AFF6A3A36505D0B305EEE1,2020-09-27 20:11:05.559000,2020-09-27 20:11:07.234000
fjv5zhlj737bimxl,failed,not_found,108,912B7597346A74A44AD4B6068C645772B758DCB7,0CC18E42E5ECADFE76862CE2EB7189EFA17A11FD,D49D0071D9236EFC6AC527292894A5A2143F815D,15FD9187ED210CDE1AD40475D305A9137F0F5959,2020-09-27 20:11:07.235000,2020-09-27 20:11:09.168000
fjv5zhlj737bimxl,failed,not_found,192,912B7597346A74A44AD4B6068C645772B758DCB7,DC9E3C6576CC9A04AAE1C465210A972A722571A0,41CEB66108B70108F148BF7778260A87723AACA1,15FEE423DFF8AF9E2E081959B0C6326072C60DA1,2020-09-27 20:11:09.168000,2020-09-27 20:11:11.143000
fjv5zhlj737bimxl,failed,not_found,319,912B7597346A74A44AD4B6068C645772B758DCB7,14D57DEDF0A4554A2D21AD53CCCC43E31158C733,8859E68A7C95BD5AB403F16DAD92681E184D3710,33925888F5DB4CD014E5718CB3B1FC82BFE1AD37,2020-09-27 20:11:11.144000,2020-09-27 20:11:13.961000
fjv5zhlj737bimxl,failed,not_found,530,912B7597346A74A44AD4B6068C645772B758DCB7,400C053623F36C5C3D1CFC73F1AB9DA6E24DEEB7,FB016E16B8CD7A0E53DEEF31ED8754E4F6B8E837,3351BC69807F3C9BACF7C317263D917252160462,2020-09-27 20:11:13.961000,2020-09-27 20:11:16.929000
fjv5zhlj737bimxl,failed,not_found,824,912B7597346A74A44AD4B6068C645772B758DCB7,929BB84A68198CE35E2F2828812840AF5C2CBC4A,63B32F7E5389E8DBC5E1BCEFE48312DA7CCEF5D6,335E993222204F6B4817134506494A6441DEFB6B,2020-09-27 20:11:16.930000,2020-09-27 20:11:22.042000
ng5zs2di5jkhal7r,failed,not_found,51,912B7597346A74A44AD4B6068C645772B758DCB7,F148A022E5E2BAD006E29C82C8D47C047A29958F,A9406A006D6E7B5DA30F2C6D4E42A338B5E340B2,B775D37E6CA9288FD7D0C977CB55B7BEB11E0179,2020-09-27 20:11:05.589000,2020-09-27 20:11:11.359000
ng5zs2di5jkhal7r,failed,not_found,335,912B7597346A74A44AD4B6068C645772B758DCB7,9DB400402B545DC41DE342E14644F74B7DA4F789,ED3ACBBB89C5F1597A44A65D2FA203BDB8E208F2,B76A047C20D3E4F9B5A64428298DA55A90D62472,2020-09-27 20:11:11.359000,2020-09-27 20:11:14.196000
ng5zs2di5jkhal7r,failed,not_found,701,912B7597346A74A44AD4B6068C645772B758DCB7,CB92FA4D7D71F134CE1F1FFF2BFF53E88DD4A1DB,929BB84A68198CE35E2F2828812840AF5C2CBC4A,72FF4C64E28396446B58892C356B61A8018C5C95,2020-09-27 20:11:14.196000,2020-09-27 20:11:19.794000
ng5zs2di5jkhal7r,failed,not_found,1255,912B7597346A74A44AD4B6068C645772B758DCB7,844AE9CAD04325E955E2BE1521563B79FE7094B7,09A70E396DE93F54D4541BBB0EC8E2B23761F34F,B771AA877687F88E6F1CA5354756DF6C8A7B6B24,2020-09-27 20:11:19.795000,2020-09-27 20:11:27.246000
ng5zs2di5jkhal7r,failed,not_found,2296,912B7597346A74A44AD4B6068C645772B758DCB7,F674AF7E68B3FC870A6B9278536EE0CAC2BE541D,F31C03A766FAA33B62B12105D822FFE69A3BB0E5,7327876AE79C997DFE311A7B15B4FA875736BBD1,2020-09-27 20:11:27.247000,2020-09-27 20:11:40.998000
ng5zs2di5jkhal7r,,,,,,,73010D9C5A330C7D3E65057E88B871C4D5D233D5,2020-09-27 20:11:40.999000,
2eymlohr3fgrasg5,failed,not_found,52,912B7597346A74A44AD4B6068C645772B758DCB7,BE9B12FAAB7429842D643E2308390ECD8961E0A1,9C1E47FF205F349D69D569AE7ED15366A5554A46,72B2B12A3F60408BDBC98C6DF53988D3A0B3F0EE,2020-09-27 20:11:05.607000,2020-09-27 20:11:07.144000
2eymlohr3fgrasg5,failed,not_found,104,912B7597346A74A44AD4B6068C645772B758DCB7,9DA7A978928C48B4DD50E397FE2F3C4110EA3576,A59AD84F92B2E5A76EBFE3BE62D3B28AF9BFD127,719FD0FA327F3CCBCDA0D4EA74C15EA110338942,2020-09-27 20:11:07.144000,2020-09-27 20:11:09.838000
2eymlohr3fgrasg5,,,,,,,7185B69E3267E71D0E4CBE30209677205DEA5E67,2020-09-27 20:11:09.838000,
lx6lphzk3xtztfcw,failed,not_found,54,912B7597346A74A44AD4B6068C645772B758DCB7,B0DB2F173F0DB364BABF7A465D796B3C048F1F33,37DD9B67094AE76FD5E2154BE7264CC453EB63F8,4E559E30279092315BF907DABDF00720473F8320,2020-09-27 20:11:05.648000,2020-09-27 20:11:08.149000
lx6lphzk3xtztfcw,failed,not_found,156,912B7597346A74A44AD4B6068C645772B758DCB7,03910F285A33F365838EC66EF2C2EF754D046760,44354E35E9F7F97AF27686D03B0D591686E35394,CB19AC6FFAC13B4C1A143B423884EDEA4381ED2F,2020-09-27 20:11:08.149000,2020-09-27 20:11:09.840000
lx6lphzk3xtztfcw,failed,not_found,225,912B7597346A74A44AD4B6068C645772B758DCB7,C3E0E9EA1FF3FCFC27E856BFE61533020DD7F090,100195E079A761751587E31A091D2E2206F35C3A,4E2F7D3326FBCE300557B9AFF463CC434AADD120,2020-09-27 20:11:09.840000,2020-09-27 20:11:12.269000
lx6lphzk3xtztfcw,failed,not_found,409,912B7597346A74A44AD4B6068C645772B758DCB7,BA39D0333CF0F2026F58D8A493168F92A016CAA1,B872BA6804C8C6E140AE1897B44CF32B42FD2397,CB1CE5D58F07BCACBD06FBA82ED2359D5E8CE911,2020-09-27 20:11:12.269000,2020-09-27 20:11:15.107000
lx6lphzk3xtztfcw,failed,not_found,669,912B7597346A74A44AD4B6068C645772B758DCB7,88CF8D42D49B7C8E9D03ABE5DAE7AF25E9902008,506763994792208999529D03C016774C814386A8,CB040846C647F338EE1950C6CC03267102088C50,2020-09-27 20:11:15.108000,2020-09-27 20:11:19.958000
lx6lphzk3xtztfcw,failed,not_found,1102,912B7597346A74A44AD4B6068C645772B758DCB7,3F43D0584A2613C9DB631382FF486DC6B95EA1C8,FAAAD4B55963937B4118860A61BC9426C105D2DF,4E41B00F930F3E72530F339EF4C911CE97D2AE9E,2020-09-27 20:11:19.959000,2020-09-27 20:11:27.305000
hen5ds7cw4mraphm,failed,not_found,114,912B7597346A74A44AD4B6068C645772B758DCB7,E916F2ACBA67EC57AFAF450AA84E528308835418,51F733EAC4DFD128CF957A14D5F2DC023803D1A2,2BE597D0A2255A4E8F44CBFB126B7A7A12A9737B,2020-09-27 20:11:07.322000,2020-09-27 20:11:09.424000
hen5ds7cw4mraphm,failed,not_found,215,912B7597346A74A44AD4B6068C645772B758DCB7,FA32998AF5628483D8E7B7BB0A4641D33A206A28,73CC65219889443C06E06A0B6D427B1FE1C37379,1F509589F7F70B69A38719A201451CF4B70F89C6,2020-09-27 20:11:09.425000,2020-09-27 20:11:12.003000
hen5ds7cw4mraphm,failed,not_found,395,912B7597346A74A44AD4B6068C645772B758DCB7,2CC941573AE68528BE731B758BCABBE0CE62F231,B4A96C0852DD0841579D33E09A98D641EACCD73E,2BB85DC5BD3C6F0D81A4F2B5882176C6BF7ECF5A,2020-09-27 20:11:12.003000,2020-09-27 20:11:14.877000
hen5ds7cw4mraphm,failed,not_found,625,912B7597346A74A44AD4B6068C645772B758DCB7,857614896A8DA87D3D398F741BD32E2A21B1BDDF,8885EA6F74A694825B13B8A7080F6CF164DF74FB,1F41A5EFA69442AD49635074833945523A7D2145,2020-09-27 20:11:14.877000,2020-09-27 20:11:19.795000
hen5ds7cw4mraphm,failed,not_found,1263,912B7597346A74A44AD4B6068C645772B758DCB7,169535CC4C75FF79C6D548D41720064EE4FE61D2,12D552E8AF7AA2B71B218B5BBF6A5FEFA6F26BA0,2BD1936E0B4D5BB615CF99B0CFF74EAF19426888,2020-09-27 20:11:19.796000,2020-09-27 20:11:27.183000
hen5ds7cw4mraphm,failed,not_found,2265,912B7597346A74A44AD4B6068C645772B758DCB7,22E6FBDB8D77B4C0FA017D6C5F9B45BECDCBCFF8,F9A3542D5863CD665B7FF758E73DAD40832D0064,1F4105C688E835A56AF3D66C787677B57240FFA2,2020-09-27 20:11:27.183000,2020-09-27 20:11:40.996000
oyzos36rxq77rffc,failed,not_found,116,912B7597346A74A44AD4B6068C645772B758DCB7,9F29D0DD4AEB62E742BDAEEF2DFD3BDD76953403,7FA3FA525901A91A1310B817943668BC2C16289E,85D895B55F1A021663D441587F4FD822082E73C9,2020-09-27 20:11:07.364000,2020-09-27 20:11:09.286000
oyzos36rxq77rffc,failed,not_found,201,912B7597346A74A44AD4B6068C645772B758DCB7,E90F52D29788BD86B5C057EE23383467920FC175,AC5CECEF6AF649F2A7F047D102FE9B461DA9234E,FB8796036069BB4787D639F92681ECC2FD7AEB22,2020-09-27 20:11:09.287000,2020-09-27 20:11:11.052000
oyzos36rxq77rffc,failed,not_found,570,912B7597346A74A44AD4B6068C645772B758DCB7,92BBADCB0697F5EB1792C607EE2DC1C291A98ADC,A59AD84F92B2E5A76EBFE3BE62D3B28AF9BFD127,FBBC3BD58B471F6227DC0F05265C6A37C770905F,2020-09-27 20:11:11.053000,2020-09-27 20:11:17.665000
oyzos36rxq77rffc,failed,not_found,976,912B7597346A74A44AD4B6068C645772B758DCB7,89FD4FB2A5FD73B50F2E5D85C4707883F8CD5130,6B88E20FEE8EB47F1A8E30207F327005C61A013D,FB855A4E362D9DA8661A42D324AB5A06D02E3935,2020-09-27 20:11:17.665000,2020-09-27 20:11:24.598000
oyzos36rxq77rffc,failed,not_found,1731,912B7597346A74A44AD4B6068C645772B758DCB7,C9D02B1644BD47C136E379FDFAF4973D1A1CE07C,5645739E8EF72CA7D9EE1E12678B51A6FF8711C1,85D4088148B1A6954C9BFFFCA010E85E0AA88FF0,2020-09-27 20:11:24.598000,2020-09-27 20:11:33.334000
oyzos36rxq77rffc,failed,not_found,3075,912B7597346A74A44AD4B6068C645772B758DCB7,8701E70AC4C0C9E1FE47EA853FC997D29BE5D65C,4F1B6DDF9A8D7747BF5DD562B895A700008EC906,85ED839A03D10C46219609625D7FEAE59EDCCFDD,2020-09-27 20:11:33.335000,2020-09-27 20:11:55.955000
utl5hfwf3ioeexl3,failed,not_found,118,912B7597346A74A44AD4B6068C645772B758DCB7,21C9D9F1633246269DEB84A79495E85C07E8466D,7B57933E29D520471D7E67AB48B06B62832828F9,53B1C6E35706C9EC30B9468B61DFBB67F29BFC2F,2020-09-27 20:11:07.365000,2020-09-27 20:11:08.919000
utl5hfwf3ioeexl3,failed,not_found,181,912B7597346A74A44AD4B6068C645772B758DCB7,D56A98D38FC3C75E0347EEF3DD9C12749AF7C7C5,645C3F0545E0975A49F69EC272C0C3EA28586825,539572FE3430A83E8F502052FC7E178E20A07EE0,2020-09-27 20:11:08.919000,2020-09-27 20:11:11.077000
utl5hfwf3ioeexl3,failed,not_found,315,912B7597346A74A44AD4B6068C645772B758DCB7,5C9CA36D31340CA64BE095CF50ED71A50085A470,3FEBFB6A491D30CACC2C2995EDB41717A6F94E95,5393E4CDB52AC0348C6D3F60349DFEC7786D863E,2020-09-27 20:11:11.078000,2020-09-27 20:11:14.730000
utl5hfwf3ioeexl3,failed,not_found,1021,912B7597346A74A44AD4B6068C645772B758DCB7,9C34EAD957DF77978BCF356F3F96B9A79E3961CB,1E85158D31CC733306D2BA3B551C0E88ABA662C6,47B22D6B46447B533E962966B9559E249B6F915C,2020-09-27 20:11:14.731000,2020-09-27 20:11:24.678000
utl5hfwf3ioeexl3,failed,not_found,1791,912B7597346A74A44AD4B6068C645772B758DCB7,E3D61BAEA0B7CB12CACEDC8821C520557BDFCEA3,E43F9C33A75C75D7A2D82866367DC7585EC01203,47A3D00525F041F382B398BF95BC58E0EC23276B,2020-09-27 20:11:24.678000,2020-09-27 20:11:33.612000
utl5hfwf3ioeexl3,,,,,,,47C42E2094EE482E7C9B586B10BABFB67557030B,2020-09-27 20:11:33.613000,
pbscjingplw652cw,failed,not_found,296,912B7597346A74A44AD4B6068C645772B758DCB7,68D2ABD936233A569E2B46D6228816149A16B4FA,D777D31F95081D0F7223AAD5F8A74977D524145D,51800AF38B30ED1454DD74CB412BADCED5F60593,2020-09-27 20:11:07.366000,2020-09-27 20:11:13.146000
pbscjingplw652cw,failed,not_found,498,912B7597346A74A44AD4B6068C645772B758DCB7,3239007CE1FB2ECDFDF2067DF23B949295DC5EF6,FDFD675D05216549EB7DA545E32ECFCEEAE805F2,EB44DEFA821E3672B955ED9B14E28C36F80C5FA8,2020-09-27 20:11:13.146000,2020-09-27 20:11:16.319000
pbscjingplw652cw,failed,not_found,807,912B7597346A74A44AD4B6068C645772B758DCB7,7A6EC43FD4CD5990230FCE48EC37AFC578E36CE6,FACC9EB242F4FDA0BD6508CCB86DABCE9E84677F,5152592F63F6ECE732D8302DA971A6736C0524BD,2020-09-27 20:11:16.319000,2020-09-27 20:11:22.257000
pbscjingplw652cw,failed,not_found,1556,912B7597346A74A44AD4B6068C645772B758DCB7,383CFCF03B225B3EDCA519197BAA310A58CEAABC,E3B0739EEFFF0DE4203BBE8563F2A1C89D410347,EB02B865E62EC6D5FEE6E72F06807189EDAE06BD,2020-09-27 20:11:22.257000,2020-09-27 20:11:30.615000
pbscjingplw652cw,failed,not_found,2967,912B7597346A74A44AD4B6068C645772B758DCB7,C86C538EF0A24E010342F30DBCACC2A7EB7CA833,8056080EE822B5CA1A8FFF52B7242A82C5E42FBB,516034FF15C96CE841ECCD876EF604802AA5C650,2020-09-27 20:11:30.616000,2020-09-27 20:11:52.859000
pbscjingplw652cw,,,,,,,EB60858E074016216315AA6F6E8E3D4F17381D5D,2020-09-27 20:11:52.860000,
iedinmx4pjujjpsv,failed,not_found,121,912B7597346A74A44AD4B6068C645772B758DCB7,BE8E43FC66E8150F4D334F884C8BA961856219AA,C0F3C0EF81D84182379AA4CA5AD5A5289D011145,D37DD572BDA66FC03A33F257975A7F9C167AC8E5,2020-09-27 20:11:07.396000,2020-09-27 20:11:10.862000
iedinmx4pjujjpsv,failed,not_found,282,912B7597346A74A44AD4B6068C645772B758DCB7,D08660B6D70B6249A57D89BB7A8F2EA2C952BD35,FCF61C25093BB33BAA203D8EE7E65466D42ECF98,7F5940F7D65B07AE5C2C7A15FE8A63E7708B950E,2020-09-27 20:11:10.862000,2020-09-27 20:11:12.864000
iedinmx4pjujjpsv,failed,not_found,461,912B7597346A74A44AD4B6068C645772B758DCB7,624B7391B9790E7CD2AF6A7238239BA3D6928A57,39CF2F22E5018C01FD57DEB1AB8FDFA4592633FB,7F3D20E72A24ED2EBD92AA9C430B805BA389D02B,2020-09-27 20:11:12.864000,2020-09-27 20:11:15.690000
iedinmx4pjujjpsv,failed,not_found,708,912B7597346A74A44AD4B6068C645772B758DCB7,34133CC3192CF7538089B14511400DF21BA5A077,79C674E6C1AC90687CCCF644D24C17AC1E535A3C,7F64B84FA7889688041D2413AD60EA3F9CA6801D,2020-09-27 20:11:15.690000,2020-09-27 20:11:20.651000
iedinmx4pjujjpsv,failed,not_found,1398,912B7597346A74A44AD4B6068C645772B758DCB7,60A9E1FE4D020383A4A0FE58E5950983D08D65E7,98BCA63DD82E13A637FF8D0EC28135663DB08CA1,D380C57ADE8FF1989F67D22055CEAAD7F1689AD5,2020-09-27 20:11:20.652000,2020-09-27 20:11:29.425000
iedinmx4pjujjpsv,,,,,,,D35682AB6E29D91AA030E03A9BEB42700D96A1EF,2020-09-27 20:11:29.426000,
myanfeqydb4stjc3,failed,not_found,401,912B7597346A74A44AD4B6068C645772B758DCB7,C699F40B3344D34D3C596791A7EBC67E41C62A0B,FD449127D30D8F5D124653D9EF736EDF4A12B4DC,C5F214F7F9CCBF09324C9AA032760150243A196C,2020-09-27 20:11:07.397000,2020-09-27 20:11:15.201000
myanfeqydb4stjc3,failed,not_found,683,912B7597346A74A44AD4B6068C645772B758DCB7,10CA859C429A17EFF704CC53D0080940148D59DA,8F89078575FEE57675A922E9E088918F63AC750C,C5F76A7B459A68EDD255680325F6370B60E0BC3C,2020-09-27 20:11:15.201000,2020-09-27 20:11:19.892000
myanfeqydb4stjc3,failed,not_found,1279,912B7597346A74A44AD4B6068C645772B758DCB7,D1B853ED27E4DFDCA3A54D3F2E269C4D94677F66,2BAF092E8667C00CA3D9686C76D8EC3CC6BC7C5B,160B5805A781D93390D4A2AE05EA9C5B438E7967,2020-09-27 20:11:19.893000,2020-09-27 20:11:27.305000
myanfeqydb4stjc3,failed,not_found,2332,912B7597346A74A44AD4B6068C645772B758DCB7,D53AE170BF6650A2C6640484FE1B5DD1C0AB895B,FD449127D30D8F5D124653D9EF736EDF4A12B4DC,16324C89132BE14F19E13FD6EB3226FC5AE3F059,2020-09-27 20:11:27.306000,2020-09-27 20:11:42.362000
myanfeqydb4stjc3,,,,,,,C63110BDD8736D2C2A733FF962F58D58FDE63A2D,2020-09-27 20:11:42.362000,
qzc7fbmoc25574vh,failed,not_found,526,912B7597346A74A44AD4B6068C645772B758DCB7,53134D9637D9FBE565FA1E3AF82B23CC964C56D6,5E8EAC4A7BC3B82ABF731075CB27E54F2681BC49,1D963F0A72B8FF21ECD2B2666D70E7040BEDEAB6,2020-09-27 20:11:07.440000,2020-09-27 20:11:17.468000
qzc7fbmoc25574vh,failed,not_found,936,912B7597346A74A44AD4B6068C645772B758DCB7,1841CB960128806151B61FC6D87AFBE9A98B99D7,970F0966DAA7EBDEE44E3772045527A6854E997B,1DA8D6E01092B20968F99D6861C5D51B8025B511,2020-09-27 20:11:17.469000,2020-09-27 20:11:33.419000
qzc7fbmoc25574vh,,,,,,,1A002B6E163D502F23381391718E11A568976403,2020-09-27 20:11:33.420000,
53iwvopy3shqugbj,failed,not_found,127,912B7597346A74A44AD4B6068C645772B758DCB7,964B4E8A75263A69769541F2764563DABDD995D2,4CE6D83FFA8AD24767007E8C972F371F2468F09A,37A831DCC0027923A474F1277F6261EE8D9D0B46,2020-09-27 20:11:07.440000,2020-09-27 20:11:09.818000
53iwvopy3shqugbj,failed,not_found,222,912B7597346A74A44AD4B6068C645772B758DCB7,769A297017BB5E92A9A5A3D76725CA12D694AA30,71DF8174D809D862445BFCB89F5A0980099947EC,8F89078575FEE57675A922E9E088918F63AC750C,2020-09-27 20:11:09.819000,2020-09-27 20:11:12.270000
53iwvopy3shqugbj,failed,not_found,413,912B7597346A74A44AD4B6068C645772B758DCB7,3F43D0584A2613C9DB631382FF486DC6B95EA1C8,14D57DEDF0A4554A2D21AD53CCCC43E31158C733,37B97F98AA1A51FF282660D3E440DAD9687BA814,2020-09-27 20:11:12.270000,2020-09-27 20:11:15.500000
53iwvopy3shqugbj,failed,not_found,703,912B7597346A74A44AD4B6068C645772B758DCB7,761A60D0364D9AA03114F72550483287ED060B2D,C239952D0C8E4EABC3E6B0A8E0B623689174E3C6,37B1AB178ABDD0C80649ECF8A79651E331B78290,2020-09-27 20:11:15.501000,2020-09-27 20:11:19.877000
53iwvopy3shqugbj,failed,not_found,1271,912B7597346A74A44AD4B6068C645772B758DCB7,1B02964F5C1DBFE957AE244525A213C115A9F23D,875F74A3DC14737BECA06F8B500022154D1A29D1,8F8911CEB5CAA353735DE1EF566B132AB649EF4C,2020-09-27 20:11:19.878000,2020-09-27 20:11:27.223000
53iwvopy3shqugbj,failed,not_found,1781,912B7597346A74A44AD4B6068C645772B758DCB7,44FAF1249D46C79CE33A5234D8501261C40E670D,66BBCD0D58FDB891AD86CE22A2613A9BEE3CA274,8F7E120C1D4371FEA19E3C158C180D7DE4EE505C,2020-09-27 20:11:27.224000,2020-09-27 20:11:41.381000
7rvqqvnuffui7npo,failed,not_found,130,912B7597346A74A44AD4B6068C645772B758DCB7,7A3E534C033E3836BD5AF223B642853C502AB33A,4A60B05738087419BFF41A41D2059873EE16E1E9,AE95BDA37A5BB4685FEBB7F06649D6CE949B5316,2020-09-27 20:11:07.468000,2020-09-27 20:11:10.975000
7rvqqvnuffui7npo,failed,not_found,285,912B7597346A74A44AD4B6068C645772B758DCB7,C0F508ADA14AE7EA9F8F6650AF149B8DFC35B598,8056080EE822B5CA1A8FFF52B7242A82C5E42FBB,45E9240AD4ECE01793A1977C1260503B2C2C861F,2020-09-27 20:11:10.975000,2020-09-27 20:11:12.865000
7rvqqvnuffui7npo,failed,not_found,465,912B7597346A74A44AD4B6068C645772B758DCB7,DC2B1E4348AF306326FA63EEDB76EA6139133485,EA3616A0B9BBBDC74121D8D6F01EABDDCF6BE35D,45E2D7BE8D42A13A627BE13A66503F848861C5DE,2020-09-27 20:11:12.865000,2020-09-27 20:11:15.978000
7rvqqvnuffui7npo,failed,not_found,862,912B7597346A74A44AD4B6068C645772B758DCB7,425835370C1FBE178C21CB53C76672F12BDE091A,8F7E120C1D4371FEA19E3C158C180D7DE4EE505C,45D8C1EEFF044043AA6806C4B9130F8F189EF316,2020-09-27 20:11:15.978000,2020-09-27 20:11:22.240000
7rvqqvnuffui7npo,failed,not_found,1538,912B7597346A74A44AD4B6068C645772B758DCB7,283F225B4241DD7F0E2BB85FC7A95868D69AFEC5,493BEEFD9854F0E7CEB96A01A47EEA83F4E93A00,AE6A8C18E7499B586CD36246AC4BCAFFBBF93AB2,2020-09-27 20:11:22.241000,2020-09-27 20:11:29.810000
7rvqqvnuffui7npo,failed,not_found,2571,912B7597346A74A44AD4B6068C645772B758DCB7,E5A3CA10182C35F691BCF678F193D10F4B0F972F,42D47C736518BFA495CA31AEE40AE468F0BDA2A6,AE9377C75CE822E839F15F74C9F346E68D7DB488,2020-09-27 20:11:29.810000,2020-09-27 20:11:46.658000
pk5ovtmggulmicnf,failed,not_found,131,912B7597346A74A44AD4B6068C645772B758DCB7,22BCD0DFD148209C9860C7F89907AB4DEE974A08,B56B9FE93F83B4FA69234B17A060E8A8E7446D19,24352D30196BEFE5BB29A50923F79A2804527611,2020-09-27 20:11:07.469000,2020-09-27 20:11:09.269000
pk5ovtmggulmicnf,failed,not_found,199,912B7597346A74A44AD4B6068C645772B758DCB7,86CDD0D92AB972538416A382D99666736CDDF141,F2D8A6CDED1F4BC42CA4B1164FB6C6644298BE1B,7E317CFA44E7B6013DE4BC5F837C376A77179C72,2020-09-27 20:11:09.269000,2020-09-27 20:11:11.734000
pk5ovtmggulmicnf,failed,not_found,359,912B7597346A74A44AD4B6068C645772B758DCB7,B143D439B72D239A419F8DCE07B8A8EB1B486FA7,88CF8D42D49B7C8E9D03ABE5DAE7AF25E9902008,248CE89A310534DF139DF6A36BD87EB4CA237DCF,2020-09-27 20:11:11.735000,2020-09-27 20:11:14.266000
pk5ovtmggulmicnf,failed,not_found,582,912B7597346A74A44AD4B6068C645772B758DCB7,A7C5B40EC0FB5175E884075DDC87531D353F679C,F50CF02A0E6A9D9B25F7EB220FC26F7BD1B74999,24592DB1CDA066CDCA41F6403CED661839CDE223,2020-09-27 20:11:14.266000,2020-09-27 20:11:17.835000
pk5ovtmggulmicnf,failed,not_found,992,912B7597346A74A44AD4B6068C645772B758DCB7,0CD9E401F1ACE013988F25E4E4B1BEE3FC1DB7E8,B143D439B72D239A419F8DCE07B8A8EB1B486FA7,7E281CD2C315C4F7A84BC7C8721C3BC974DDBFA3,2020-09-27 20:11:17.835000,2020-09-27 20:11:24.740000
pk5ovtmggulmicnf,failed,not_found,2046,912B7597346A74A44AD4B6068C645772B758DCB7,B923D15EDF4E7B1261876860D51FAB907ED18347,E3D61BAEA0B7CB12CACEDC8821C520557BDFCEA3,7E3279806041BA178283F61ED9EF7B535C54B839,2020-09-27 20:11:24.740000,2020-09-27 20:11:37.459000
67627lambfe2r2ze,failed,not_found,144,912B7597346A74A44AD4B6068C645772B758DCB7,D14EC16949648CEE84EA1664445029EA4B597074,51800AF38B30ED1454DD74CB412BADCED5F60593,DCB5A6BF7EC2D8277459E288115706286C4B9C86,2020-09-27 20:11:07.908000,2020-09-27 20:11:11.467000
67627lambfe2r2ze,failed,not_found,347,912B7597346A74A44AD4B6068C645772B758DCB7,98BCA63DD82E13A637FF8D0EC28135663DB08CA1,E0C1C9EA1A66B033BB4DAB5EFD4819044605EE54,72270EB58EDEBE727AA29E67417628DBCE889FAE,2020-09-27 20:11:11.467000,2020-09-27 20:11:14.395000
67627lambfe2r2ze,failed,not_found,586,912B7597346A74A44AD4B6068C645772B758DCB7,64E257D94E739278D5954CC820C9D7EAC4E7A7B7,7A2A6F39F485C4FC95FB885FFF37C436FD2BB7E5,721F80504A717309A8EBA47729EB1E474A95A61F,2020-09-27 20:11:14.396000,2020-09-27 20:11:17.548000
67627lambfe2r2ze,failed,not_found,1024,912B7597346A74A44AD4B6068C645772B758DCB7,3BB035514F8246AC367B5370F4FE120BB11D8C6D,E9F71AC06F29B2110E3FC09016B0E50407444EE2,7226BE09B7A81000BBF7D959E360B2FE41CCC639,2020-09-27 20:11:17.549000,2020-09-27 20:11:24.615000
67627lambfe2r2ze,failed,not_found,1584,912B7597346A74A44AD4B6068C645772B758DCB7,AE3C3B7165B912E1AA5EC4F177CA8E4DA7C8EC18,38DC78302D5CB107B6D5CCC02EE4D8773AA910DE,DCB6273B2D2AD09AAC021141136CD461994D1533,2020-09-27 20:11:24.616000,2020-09-27 20:11:30.963000
67627lambfe2r2ze,failed,not_found,1495,912B7597346A74A44AD4B6068C645772B758DCB7,F3936F97C14EFCFD18154DF4443B91FEDD071F47,DC9E3C6576CC9A04AAE1C465210A972A722571A0,DCAA176F75B04287131C6D78B7CFDDAC6F2691D9,2020-09-27 20:11:30.963000,2020-09-27 20:11:54.038000
e7xiopxmso33e336,failed,not_found,177,912B7597346A74A44AD4B6068C645772B758DCB7,E778381BD386B4723877DE837A895F6E9C241607,383CFCF03B225B3EDCA519197BAA310A58CEAABC,A1B7C1F83E5DA4376FD2E1DBA7AC28A71AB332AD,2020-09-27 20:11:07.908000,2020-09-27 20:11:11.626000
e7xiopxmso33e336,failed,not_found,355,912B7597346A74A44AD4B6068C645772B758DCB7,6ED3BE22B2261258017B3F0584706265985D7AE9,3EDD00245D93664A33A724BA377150E5531ED033,41E041EC676622FFEE59F56BC75B99CD0D47F653,2020-09-27 20:11:11.627000,2020-09-27 20:11:14.196000
e7xiopxmso33e336,failed,not_found,567,912B7597346A74A44AD4B6068C645772B758DCB7,42B4F52C5B11E4D39855F654955425B0D5A0598B,39F096961ED2576975C866D450373A9913AFDC92,A1BBCBEC113DAAC7F17E7A7E698AAA7B147D691A,2020-09-27 20:11:14.197000,2020-09-27 20:11:17.929000
e7xiopxmso33e336,failed,not_found,1016,912B7597346A74A44AD4B6068C645772B758DCB7,217B9BE70DC602F6D929132EA2A9DF60BAED8CE0,1C79D5A473214714A761C0A40DD2D5B031F7E980,41A3C16269C7B63DB6EB741DBDDB4E1F586B1592,2020-09-27 20:11:17.930000,2020-09-27 20:11:24.648000
e7xiopxmso33e336,failed,not_found,1771,912B7597346A74A44AD4B6068C645772B758DCB7,4F1B6DDF9A8D7747BF5DD562B895A700008EC906,18747512B2DD1AE88C4CA9F6EAEB687A96389666,41D2F6D866E7638138CF9F282A280F96BD020D25,2020-09-27 20:11:24.649000,2020-09-27 20:11:33.581000
e7xiopxmso33e336,,,,,,,A1B28D636A56AAFFE92ADCCA937AA4BD5333BB4C,2020-09-27 20:11:33.582000,
o62wlcfjedrzhjwe,failed,not_found,147,912B7597346A74A44AD4B6068C645772B758DCB7,070229A4CC2CFFB24EB667298A7DB5E8D11EB701,E5AA85FA69CDC31900C86E6427C7E5DE11DE9E2D,44354E35E9F7F97AF27686D03B0D591686E35394,2020-09-27 20:11:07.928000,2020-09-27 20:11:09.719000
o62wlcfjedrzhjwe,failed,not_found,220,912B7597346A74A44AD4B6068C645772B758DCB7,F24F8BEA2779A79111F33F6832B062BED306B9CB,0B841CB70F9ED1FD0322C2BA2EB0D80420D87CFA,4415B0667DE7347C16133DED0477ED82A90FA4EE,2020-09-27 20:11:09.719000,2020-09-27 20:11:12.060000
o62wlcfjedrzhjwe,failed,not_found,399,912B7597346A74A44AD4B6068C645772B758DCB7,02758CD398E3F842EF82478078AAAE0273770DB2,8B67AE10335B9D44D31509B9A94ABE8ED769F17A,9E0058300401F6687EAE59F9FE82DB89230344C1,2020-09-27 20:11:12.061000,2020-09-27 20:11:14.876000
o62wlcfjedrzhjwe,failed,not_found,571,912B7597346A74A44AD4B6068C645772B758DCB7,B778066DAD76D6EEA7D0D31A82F168A84C0D7955,4E98AA295B7171996D18DD1F6A19F64AB4036B4A,443114A8673927436BC3F8FCFE6E08B16B1D5F86,2020-09-27 20:11:14.877000,2020-09-27 20:11:17.562000
o62wlcfjedrzhjwe,failed,not_found,968,912B7597346A74A44AD4B6068C645772B758DCB7,BA27D43AC00F014945DC32D036056F13FE1D5243,A418D9195651DA24B0F51E28E54923DAE2B9C304,9DC8B0282A8D3C45212167C454B503243BC93957,2020-09-27 20:11:17.563000,2020-09-27 20:11:24.756000
o62wlcfjedrzhjwe,failed,not_found,2317,912B7597346A74A44AD4B6068C645772B758DCB7,CE34F2DA5B7B419D9D126530DCE86EA87D6D13EE,D710B8449C8EC4E3ED55B8C7483B6445ED9A0DBB,9E198CC6DA30481F42E4A22E29E4A922C12F9F94,2020-09-27 20:11:24.756000,2020-09-27 20:11:42.060000
iwh2vkpoki777552,failed,not_found,149,912B7597346A74A44AD4B6068C645772B758DCB7,836460C721577873AD1FF8AB000112A9360EB3A0,6CC25EF1B7BA8E6AB5B4F62B3D7D1B6C2E5DB6F3,EC1FD607F27BA0023B48BEAA470E8CB267E023B1,2020-09-27 20:11:07.947000,2020-09-27 20:11:10.040000
iwh2vkpoki777552,failed,not_found,254,912B7597346A74A44AD4B6068C645772B758DCB7,0CDCFB0B6E1500E57BDD7F240543EBAEF81C11CA,AD7552F2CFBF472F9FFE748D3E82994EA6050A76,EC1EEF4ABBAA11CE8C978E6C87182F63AD27A4F8,2020-09-27 20:11:10.040000,2020-09-27 20:11:12.782000
iwh2vkpoki777552,failed,not_found,662,912B7597346A74A44AD4B6068C645772B758DCB7,883F49ECDF48809308C0E5409E5A264B94050140,79E48A3242DB3515700F8925FA8E6323F8D51D7D,D1F2C5C820B3F96BE6144CBFB84FDDF9D0EC0810,2020-09-27 20:11:12.783000,2020-09-27 20:11:19.774000
iwh2vkpoki777552,failed,not_found,1247,912B7597346A74A44AD4B6068C645772B758DCB7,E46777C6EFB6036190EFAAD9B13EE9D0E75C5510,98BCA63DD82E13A637FF8D0EC28135663DB08CA1,D210BF09162062C05E931F71BAECD93DD9102F1C,2020-09-27 20:11:19.775000,2020-09-27 20:11:27.143000
iwh2vkpoki777552,failed,not_found,2234,912B7597346A74A44AD4B6068C645772B758DCB7,05349C0F35C5635A708888004F8B022931E8BEE6,431702B3A68A6015F9955DD4FD0129175B43EA0F,D1F1F5AA5BCF5DAB44C444DEF82821B8BEC66148,2020-09-27 20:11:27.144000,2020-09-27 20:11:42.518000
iwh2vkpoki777552,,,,,,,EC3EC2E26C9C57B46686E9EFE7EEABD4B570D6D3,2020-09-27 20:11:42.518000,
ug2fciwod5uywmc2,failed,not_found,151,912B7597346A74A44AD4B6068C645772B758DCB7,9063C7EC4A3273446DC05E9310A5C5B2F4235696,75EE3430CEF7744EA1E35607881B27581EB15880,1424000B86DF67D1FBFF685B204073BB9591CEFD,2020-09-27 20:11:07.948000,2020-09-27 20:11:09.850000
ug2fciwod5uywmc2,failed,not_found,228,912B7597346A74A44AD4B6068C645772B758DCB7,E130296683B896A117CE5DA531A5645644178734,D6F03EFBE511417D77DCFC1A3F1EB5D4BF509F81,F0832608B0D52E7B4418E54E655CA18A585DEDB8,2020-09-27 20:11:09.851000,2020-09-27 20:11:11.939000
ug2fciwod5uywmc2,failed,not_found,368,912B7597346A74A44AD4B6068C645772B758DCB7,6C71AC0B8FB6E0255C100DCAE0C283FB3F2F1CC2,837D5EA513DF7FDDA36BE569C646151CDA4B9935,F08A3744CA6568ED28545C2B7C1BE7D8BA27CBDE,2020-09-27 20:11:11.940000,2020-09-27 20:11:14.589000
ug2fciwod5uywmc2,failed,not_found,598,912B7597346A74A44AD4B6068C645772B758DCB7,8FD3BAF5E14EBE1124D6253D59882AFE1C2B9B8E,F604131DCC4303E51DB876A017A3DC9684FD626B,1443DAAF09F47875D922F718C8CC89A88C50B3F5,2020-09-27 20:11:14.589000,2020-09-27 20:11:18.332000
ug2fciwod5uywmc2,failed,not_found,1133,912B7597346A74A44AD4B6068C645772B758DCB7,014E24C0CD21D2B9829E841D5EC1D3C415F866BF,1079E628FC6B0025656AC024F2D9975C441498CD,F059C76B861B25D8F1BBDA4AD37D1B69035423EC,2020-09-27 20:11:18.332000,2020-09-27 20:11:26.198000
ug2fciwod5uywmc2,failed,not_found,1986,912B7597346A74A44AD4B6068C645772B758DCB7,BE9B12FAAB7429842D643E2308390ECD8961E0A1,8EA58F28DCA60F56C6F2131BDFE9BF5FAF2233CE,143F5A3EF84BF1A8E82998CA261D9C889C247127,2020-09-27 20:11:26.198000,2020-09-27 20:11:36.481000
3ybexiwpg4gucv6x,failed,not_found,205,912B7597346A74A44AD4B6068C645772B758DCB7,A20CB2416BDECC60B681FEE20113361DB7DDE5DB,3D5D6178C44537E3692853B344385F6572A55767,0E5522CB4F79E36C0BB263BABC861CFC686929AE,2020-09-27 20:11:09.380000,2020-09-27 20:11:11.296000
3ybexiwpg4gucv6x,failed,not_found,331,912B7597346A74A44AD4B6068C645772B758DCB7,9127D95DAA81291F26BE45B1A73E2F1145887B94,B058FBDEA69774C28EAC1111E167BC0AD4A904E0,03E9F7E669C8F911C5EEC3EC094533151F857420,2020-09-27 20:11:11.297000,2020-09-27 20:11:14.201000
3ybexiwpg4gucv6x,failed,not_found,494,912B7597346A74A44AD4B6068C645772B758DCB7,1F97BE0788A261FF978C082E0AB44ADD96AF1F7A,CD0F9AA1A5064430B1DE8E645CBA7A502B27ED5F,03F24BAFD1C1E1BD4786801635E41A28A41390B7,2020-09-27 20:11:14.202000,2020-09-27 20:11:16.571000
3ybexiwpg4gucv6x,failed,not_found,1311,912B7597346A74A44AD4B6068C645772B758DCB7,303509AB910EF207B7438C27435C4A2FD579F1B1,5AD3FB658E490BAD9515F363374AA41D65D31A02,0E46E058CBC1C37D78896F008BD2D2B99732A149,2020-09-27 20:11:16.571000,2020-09-27 20:11:21.955000
3ybexiwpg4gucv6x,failed,not_found,1478,912B7597346A74A44AD4B6068C645772B758DCB7,4DB0490A0420809A8149E778BBAC8F1E9349D9EC,ED0BBC5BDDEB3EEF837B7F13BD8BB6AC64D084BB,03F26766F14B0B7B5D22461083807D313429A34F,2020-09-27 20:11:21.955000,2020-09-27 20:11:32.738000
3ybexiwpg4gucv6x,failed,not_found,3182,912B7597346A74A44AD4B6068C645772B758DCB7,F5F4019509109A07E90C45A022CEED9ECA1643C8,F263F4F57A20D8C19E9F9C84150C60F7A49F2DB5,0E0D2A2E71A61B9D209DB4CE5E6DBEB98473E4EB,2020-09-27 20:11:32.739000,2020-09-27 20:11:57.272000
ixcvlz7k3vehuwie,failed,not_found,207,912B7597346A74A44AD4B6068C645772B758DCB7,C2B45199FC6F98E21BFAFE0833348F288FA337E3,69534B8B5FCCD0BF1124945B1D0F5A35FB0A3542,EA43347E0DA7CEDD595029B511066628C7C8A653,2020-09-27 20:11:09.382000,2020-09-27 20:11:11.364000
ixcvlz7k3vehuwie,failed,not_found,339,912B7597346A74A44AD4B6068C645772B758DCB7,987D0706D42070F1E2142A9FCCB56B3887808D34,573051CAA3EEEE2B75EBD096BB1F70D3FDAC5F3A,EA4366BCDCA6167B8CFF70E41D8CD1EE9968E445,2020-09-27 20:11:11.365000,2020-09-27 20:11:14.247000
ixcvlz7k3vehuwie,failed,not_found,578,912B7597346A74A44AD4B6068C645772B758DCB7,1424000B86DF67D1FBFF685B204073BB9591CEFD,99339F3E68BCCC1391BF14C821D80766FE0C5956,8DE5DB687F0049631881827DF7A2935BE5FC2CBC,2020-09-27 20:11:14.248000,2020-09-27 20:11:17.824000
ixcvlz7k3vehuwie,failed,not_found,984,912B7597346A74A44AD4B6068C645772B758DCB7,C92F69EE5756200F160CCFAFE9C3C984D3E6D561,8CDF2F3A8ABD834CF9F3E8FC202DF64625BFB443,8DF22EEAAE24835783E0581FB2C7CFFE80A5C070,2020-09-27 20:11:17.824000,2020-09-27 20:11:24.144000
ixcvlz7k3vehuwie,failed,not_found,2373,912B7597346A74A44AD4B6068C645772B758DCB7,B8F6E68B36BEE2BF548750BDCCC3C2A7DB56A623,081C9DF6A615A300B382C004DFE2CC37B561C9A0,8DE1211901C33379BB9C57E27BED368FF6D45127,2020-09-27 20:11:24.144000,2020-09-27 20:11:41.943000
ixcvlz7k3vehuwie,,,,,,,EA3616A0B9BBBDC74121D8D6F01EABDDCF6BE35D,2020-09-27 20:11:41.944000,
j5o6etaab4ipqkx4,failed,not_found,209,912B7597346A74A44AD4B6068C645772B758DCB7,B3D56C1E0AD84BA93AF6DC533A8569C3D0E8A58B,D123C0F8F562804693C47D68C61786023B295E98,D78D1B4489CF4FFB0FD74014BDF2D600D8EE5B05,2020-09-27 20:11:09.383000,2020-09-27 20:11:11.927000
j5o6etaab4ipqkx4,failed,not_found,457,912B7597346A74A44AD4B6068C645772B758DCB7,4E98AA295B7171996D18DD1F6A19F64AB4036B4A,D35682AB6E29D91AA030E03A9BEB42700D96A1EF,D78E2C8F971E5F3D9855376BE0D39407F4885E82,2020-09-27 20:11:11.927000,2020-09-27 20:11:16.733000
j5o6etaab4ipqkx4,,,,,,,9BF4A13730774865EF6DD7102D98AF1A33E54E0C,2020-09-27 20:11:16.734000,
nmofov6ff5fvp7tn,failed,not_found,211,912B7597346A74A44AD4B6068C645772B758DCB7,66BD39FE805AED414ADE400CAAD862C9CC3AC34E,06432D1B5A7C132071626D186D7F1A429C5BBED9,F27F9D7FC6D46E0F91533C68B572347435797CB0,2020-09-27 20:11:09.383000,2020-09-27 20:11:11.612000
nmofov6ff5fvp7tn,failed,not_found,351,912B7597346A74A44AD4B6068C645772B758DCB7,39F096961ED2576975C866D450373A9913AFDC92,B204DE75B37064EF6A4C6BAF955C5724578D0B32,F24F8BEA2779A79111F33F6832B062BED306B9CB,2020-09-27 20:11:11.613000,2020-09-27 20:11:14.742000
nmofov6ff5fvp7tn,failed,not_found,606,912B7597346A74A44AD4B6068C645772B758DCB7,66BD39FE805AED414ADE400CAAD862C9CC3AC34E,484F666C491BCDE22B45E0E19D1CEA5ACC5A9611,101C18886B30BB23B36CBAAD159261188852E112,2020-09-27 20:11:14.742000,2020-09-27 20:11:17.930000
nmofov6ff5fvp7tn,failed,not_found,1037,912B7597346A74A44AD4B6068C645772B758DCB7,4518DDDAEA13C80C619A1393CDA730176664BF09,355140498339A8FEBBA1453E93A3FAE8F7973968,F27B47CED45724CBCE3B42926DD52F2091F395AC,2020-09-27 20:11:17.931000,2020-09-27 20:11:24.479000
nmofov6ff5fvp7tn,failed,not_found,1711,912B7597346A74A44AD4B6068C645772B758DCB7,B849824F8FCD7AEB130DF356F592BA40C686CA08,12D552E8AF7AA2B71B218B5BBF6A5FEFA6F26BA0,0FF7D03AC5F31F93E3AE11ABF74313D071E11ED3,2020-09-27 20:11:24.479000,2020-09-27 20:11:33.066000
nmofov6ff5fvp7tn,,,,,,,10231E08F19C03D5A2FE3AAD03D863ABDE2081BC,2020-09-27 20:11:33.067000,
va2yn7rtkveyuvnc,failed,not_found,213,912B7597346A74A44AD4B6068C645772B758DCB7,09A70E396DE93F54D4541BBB0EC8E2B23761F34F,23A2D8DDF761F35CC63BDF65E604B76A7E2F6971,7AFE734263C947ADD88D094C6E3CB71A34062724,2020-09-27 20:11:09.385000,2020-09-27 20:11:11.376000
va2yn7rtkveyuvnc,failed,not_found,343,912B7597346A74A44AD4B6068C645772B758DCB7,11ABDB4D0B944F186A898560CB82C70439957DCA,43C83536DACCD110FF11E049A890064F6F87BEB2,3F4EC1D4ED5BD331E9695F49DC482150CF5DE8E3,2020-09-27 20:11:11.377000,2020-09-27 20:11:14.749000
va2yn7rtkveyuvnc,failed,not_found,860,912B7597346A74A44AD4B6068C645772B758DCB7,EAB20BD4083C820EC8329ED5AEBF12019A7749F3,2AE2CA4BD2B7754F29432C25E03314D52AC4CAF1,3F5689B1ED8217540F0F6C46390AA18370765827,2020-09-27 20:11:14.749000,2020-09-27 20:11:22.120000
va2yn7rtkveyuvnc,failed,not_found,1520,912B7597346A74A44AD4B6068C645772B758DCB7,D65DB84BF1EB4DD225B9A1CD9CEFD87B595A30F5,85A3AC041E3FCD796AF5D653953D5E27A56E3719,7AFC157269130BCF36BCCAC0F2DAA0685E70D40D,2020-09-27 20:11:22.120000,2020-09-27 20:11:30.252000
va2yn7rtkveyuvnc,failed,not_found,2703,912B7597346A74A44AD4B6068C645772B758DCB7,F5F4019509109A07E90C45A022CEED9ECA1643C8,039003C320D9980E0A740F107A1A9C13C99C5FE3,3F43D0584A2613C9DB631382FF486DC6B95EA1C8,2020-09-27 20:11:30.252000,2020-09-27 20:11:48.310000
va2yn7rtkveyuvnc,,,,,,,7AF8C3C1E0E93D2B9E07C2663DE45B6DF28ED38B,2020-09-27 20:11:48.311000,
keifwancyl2lgpg2,failed,not_found,231,912B7597346A74A44AD4B6068C645772B758DCB7,2F77315CAE477550E47773BA5B1323F7FFBE3A3E,38CC95A8CE92A591D4A5779359BEFFBA13FA1B88,9423A72BBC8B5C6AC9DE9F57735EB2B08E4156E8,2020-09-27 20:11:09.881000,2020-09-27 20:11:12.525000
keifwancyl2lgpg2,failed,not_found,433,912B7597346A74A44AD4B6068C645772B758DCB7,1B90395827F7499A37C73F09BC5AA0225808F6FC,D777D31F95081D0F7223AAD5F8A74977D524145D,4F0DB7E687FC7C0AE55C8F243DA8B0EB27FBF1F2,2020-09-27 20:11:12.526000,2020-09-27 20:11:15.993000
keifwancyl2lgpg2,failed,not_found,1029,912B7597346A74A44AD4B6068C645772B758DCB7,A016192D0A87FC9354A7523A211BBD9CF859708B,23A2D8DDF761F35CC63BDF65E604B76A7E2F6971,9425164E47E7B8F2AA66944FBDC38CFAFB3E0B7C,2020-09-27 20:11:15.993000,2020-09-27 20:11:24.647000
keifwancyl2lgpg2,failed,not_found,2183,912B7597346A74A44AD4B6068C645772B758DCB7,F935DA542F2627518F09934D6BF0BDACD70C829A,FC30F566E7B50D9C6ED6BB86DA4BF4B07AD52DE5,9425FAEA2C844A120534C5D6DCA508C91D31D32F,2020-09-27 20:11:24.648000,2020-09-27 20:11:41.981000
keifwancyl2lgpg2,,,,,,,4F3056E9D4BAC38EC2100063745221553630ECCB,2020-09-27 20:11:41.982000,
uqmjovywjv6lgxt2,failed,not_found,239,912B7597346A74A44AD4B6068C645772B758DCB7,7A6873B86D82BC8B4F0E790828626107820F7B9E,DB47720A75764CD1002012E625F6CE17741A1A3A,3322002CF72E17911FDEFE30E460BF486B0746C6,2020-09-27 20:11:09.885000,2020-09-27 20:11:12.692000
uqmjovywjv6lgxt2,failed,not_found,449,912B7597346A74A44AD4B6068C645772B758DCB7,F836446663F1EB816F13708955F105D0B2F5C8E0,0C6CA58153400FA077EABB14773E36FD61BF0D75,DEE1EAF9E53BDD4F314D201A6B34FF91284D40DC,2020-09-27 20:11:12.693000,2020-09-27 20:11:15.967000
uqmjovywjv6lgxt2,failed,not_found,718,912B7597346A74A44AD4B6068C645772B758DCB7,00962D2DD0B9BF3A6AF1D5EB201132388ACA1424,C1B513BB5E15A1887B6ADCA8C010630732FC389A,331FC9E123EC20877486845343B2D300B8F9E45A,2020-09-27 20:11:15.967000,2020-09-27 20:11:19.959000
uqmjovywjv6lgxt2,failed,not_found,1327,912B7597346A74A44AD4B6068C645772B758DCB7,81B756ABCFBE8D4719C0610F8E24D34DC30905BB,7A3E534C033E3836BD5AF223B642853C502AB33A,DEDFC683E2C4C5EC567203CCCAF47EF7B712648C,2020-09-27 20:11:19.959000,2020-09-27 20:11:27.975000
uqmjovywjv6lgxt2,failed,not_found,2558,912B7597346A74A44AD4B6068C645772B758DCB7,E7C1FAFB7525149A0E911512F511D942BA5EEAAF,43C83536DACCD110FF11E049A890064F6F87BEB2,DEF3365F1C012F80E56877B5EF05CE72BDEB0CCC,2020-09-27 20:11:27.976000,2020-09-27 20:11:47.056000
uqmjovywjv6lgxt2,,,,,,,33294BC69FBE53BF3DE608E2D2F77BFB1B992CC6,2020-09-27 20:11:47.056000,
lebqkxd4osjdr5pm,failed,not_found,242,912B7597346A74A44AD4B6068C645772B758DCB7,24F97F98C45E4754655BE66799049763DAEE99CE,3CBC541F2A763ADD7BF742919229251E2C065E4E,8F8911CEB5CAA353735DE1EF566B132AB649EF4C,2020-09-27 20:11:09.885000,2020-09-27 20:11:13.156000
lebqkxd4osjdr5pm,failed,not_found,1062,912B7597346A74A44AD4B6068C645772B758DCB7,6E4B0D429CD87AB6C25D72E298294C583FF8BA4A,2F2710152A2344B1DE3EF619E85CB1B298643D27,4AC424FBB4DAC4B028366C0C2EE9C9DD11A7BE2D,2020-09-27 20:11:13.156000,2020-09-27 20:11:24.678000
lebqkxd4osjdr5pm,failed,not_found,2286,912B7597346A74A44AD4B6068C645772B758DCB7,5AFF316FFF256D28BF1E9C1A74FB7385C2EFB2F7,42D47C736518BFA495CA31AEE40AE468F0BDA2A6,8F7E120C1D4371FEA19E3C158C180D7DE4EE505C,2020-09-27 20:11:24.678000,2020-09-27 20:11:33.477000
lebqkxd4osjdr5pm,,,,,,,4AD0B40B0FC679CC300F398BCEBE9D000833F62C,2020-09-27 20:11:33.478000,
gaf64x7aj4bhrty3,failed,not_found,245,912B7597346A74A44AD4B6068C645772B758DCB7,EAA088440B100FF8407266B5D4853FFB16A8CB67,64E257D94E739278D5954CC820C9D7EAC4E7A7B7,CCF28BC8FB26C8C172DEE741702056914D2849BD,2020-09-27 20:11:09.886000,2020-09-27 20:11:12.679000
gaf64x7aj4bhrty3,failed,not_found,566,912B7597346A74A44AD4B6068C645772B758DCB7,9A48EC8AAFB2E8C9E20408596383DB74F1196747,2CE9BE1FC88B9D0FA03F387C9E4F000B5D4B2AE9,CCAA620D5CAB34CE95FE3C863D9E6520C07451D8,2020-09-27 20:11:12.680000,2020-09-27 20:11:20.400000
gaf64x7aj4bhrty3,failed,not_found,1374,912B7597346A74A44AD4B6068C645772B758DCB7,2D418A89F79DB4A8E658BA549FBB974D1D22DD1A,24352D30196BEFE5BB29A50923F79A2804527611,CCD879EE5FBC5FE758C8EC098D40372C7C82C5C0,2020-09-27 20:11:20.401000,2020-09-27 20:11:29.049000
gaf64x7aj4bhrty3,failed,not_found,2451,912B7597346A74A44AD4B6068C645772B758DCB7,0EFEAA8E74F9D9024A019702D31380C7B5CBDEEA,F836446663F1EB816F13708955F105D0B2F5C8E0,2D47F039F04EEC03EABE484CC017796A0AB48240,2020-09-27 20:11:29.049000,2020-09-27 20:11:51.084000
gaf64x7aj4bhrty3,,,,,,,2D418A89F79DB4A8E658BA549FBB974D1D22DD1A,2020-09-27 20:11:51.084000,
iho26ex42c45ylme,failed,not_found,362,912B7597346A74A44AD4B6068C645772B758DCB7,CB1CE5D58F07BCACBD06FBA82ED2359D5E8CE911,8D41994D1D18E94403C3F67D0699E4C9D2248D4A,9E198CC6DA30481F42E4A22E29E4A922C12F9F94,2020-09-27 20:11:09.888000,2020-09-27 20:11:14.547000
iho26ex42c45ylme,failed,not_found,594,912B7597346A74A44AD4B6068C645772B758DCB7,478B0E18930CA4117369679AF329FC49D9110966,97B7BA747B62A9962DEDCE404FF33106D4032F91,9E2D7C6981269404AA1970B53891701A20424EF8,2020-09-27 20:11:14.547000,2020-09-27 20:11:19.310000
iho26ex42c45ylme,failed,not_found,1182,912B7597346A74A44AD4B6068C645772B758DCB7,F9674F45A25CAA977E7B872807E0A070C121F5FA,09A70E396DE93F54D4541BBB0EC8E2B23761F34F,E05EAB588285C01E8807F00A07CDBBC4662A58D9,2020-09-27 20:11:19.311000,2020-09-27 20:11:26.954000
iho26ex42c45ylme,failed,not_found,1701,912B7597346A74A44AD4B6068C645772B758DCB7,00C22D3BC1822EB8EA380AF04245337399E796E2,495B496867C84BBC92338301D924850F226E75DA,9E0058300401F6687EAE59F9FE82DB89230344C1,2020-09-27 20:11:26.954000,2020-09-27 20:11:42.679000
iho26ex42c45ylme,,,,,,,E0A3471C24C9021CC58FBF774203046FD2BC893F,2020-09-27 20:11:42.680000,
3b3q5hpe4t6doay3,failed,not_found,291,912B7597346A74A44AD4B6068C645772B758DCB7,B0C68DDD4265C850DC08CDE01154025E9EBEC14F,6962377722C4AA5E56540F4F9693DFA525449974,FE00A3A835680E67FBBC895A724E2657BB253E97,2020-09-27 20:11:10.993000,2020-09-27 20:11:13.860000
3b3q5hpe4t6doay3,failed,not_found,673,912B7597346A74A44AD4B6068C645772B758DCB7,0085057C17BD2E1809E284825F06F94E72FB418C,09A70E396DE93F54D4541BBB0EC8E2B23761F34F,CCD879EE5FBC5FE758C8EC098D40372C7C82C5C0,2020-09-27 20:11:13.861000,2020-09-27 20:11:19.894000
3b3q5hpe4t6doay3,failed,not_found,1287,912B7597346A74A44AD4B6068C645772B758DCB7,5790B62AD6C79A1092B30993A8F0F7F23A969FD6,5645739E8EF72CA7D9EE1E12678B51A6FF8711C1,FDFD675D05216549EB7DA545E32ECFCEEAE805F2,2020-09-27 20:11:19.895000,2020-09-27 20:11:27.184000
3b3q5hpe4t6doay3,failed,not_found,2275,912B7597346A74A44AD4B6068C645772B758DCB7,DACE5A96D7D60B5752FB634AA5DA49C30CFE1C14,005ED97213F725867E422B8DC0443361BBB24E3C,CCAA620D5CAB34CE95FE3C863D9E6520C07451D8,2020-09-27 20:11:27.184000,2020-09-27 20:11:41.075000
3b3q5hpe4t6doay3,,,,,,,FDD9CD7406582E0B56C4A27D44126AE843EAF6DD,2020-09-27 20:11:41.075000,
oo6gcaulv6dgiifq,failed,not_found,294,912B7597346A74A44AD4B6068C645772B758DCB7,96CFE178A1D12489D9D59A0CAE17FE86F5A3A79F,2EB3C230180694A1E848001E20F36F76A2287039,A678DA60A6C7CB746553430D84AF45272ECDDA95,2020-09-27 20:11:10.993000,2020-09-27 20:11:14.067000
oo6gcaulv6dgiifq,failed,not_found,534,912B7597346A74A44AD4B6068C645772B758DCB7,FB43FC51B932F6A8FD75AFBBB45FDD19955889DB,BA820A3CA53A4956C76C04B3BA170D7E67D2179A,6940247E04C839D268543E7F62566A91E40567E3,2020-09-27 20:11:14.068000,2020-09-27 20:11:17.144000
oo6gcaulv6dgiifq,failed,not_found,837,912B7597346A74A44AD4B6068C645772B758DCB7,BD3FBEC1D67C48A2583DB378B92A59C5E9AB4DA2,39CF2F22E5018C01FD57DEB1AB8FDFA4592633FB,69534B8B5FCCD0BF1124945B1D0F5A35FB0A3542,2020-09-27 20:11:17.144000,2020-09-27 20:11:21.862000
oo6gcaulv6dgiifq,failed,not_found,1454,912B7597346A74A44AD4B6068C645772B758DCB7,466B7476CC93AC056B83F69D84BF4467B7462D7B,56927E61B51E6F363FB55498150A6DDFCF7077F2,A68D02474552FA8A1B2332F8E4D64F7A25C8CF0F,2020-09-27 20:11:21.863000,2020-09-27 20:11:29.584000
oo6gcaulv6dgiifq,failed,not_found,2715,912B7597346A74A44AD4B6068C645772B758DCB7,D80EA21626BFAE8044E4037FE765252E157E3586,4A60B05738087419BFF41A41D2059873EE16E1E9,A66E5782FE6097D2824044466776FE912AEFD85B,2020-09-27 20:11:29.584000,2020-09-27 20:11:48.492000
oo6gcaulv6dgiifq,,,,,,,69497036653189531207746B3D0E4ECB56888F3C,2020-09-27 20:11:48.492000,
l3adiky5eohmmd4p,failed,not_found,235,912B7597346A74A44AD4B6068C645772B758DCB7,875F74A3DC14737BECA06F8B500022154D1A29D1,4837A6DFFC8E3681D70AD9E8D057C029093DA2F7,8992338A03DF92C5318B992439E7BF959C96D6F6,2020-09-27 20:11:10.994000,2020-09-27 20:11:12.446000
l3adiky5eohmmd4p,failed,not_found,422,912B7597346A74A44AD4B6068C645772B758DCB7,7723D99F8DC709AFC1171D5BF8DAD04ADA20F98F,6E4B0D429CD87AB6C25D72E298294C583FF8BA4A,70ACA07D9276277B82E909C1439E19CCA2FB16CC,2020-09-27 20:11:12.447000,2020-09-27 20:11:15.487000
l3adiky5eohmmd4p,failed,not_found,693,912B7597346A74A44AD4B6068C645772B758DCB7,567221DD586D0E388A6859FB33C09696BD20151B,75A931404453030821C547A4FAA9094A06C48C7A,89C7E852CC2FA537ED78775ADC3BEA24672B4154,2020-09-27 20:11:15.487000,2020-09-27 20:11:20.504000
l3adiky5eohmmd4p,failed,not_found,2006,912B7597346A74A44AD4B6068C645772B758DCB7,1079E628FC6B0025656AC024F2D9975C441498CD,A59AD84F92B2E5A76EBFE3BE62D3B28AF9BFD127,70FF4E669EC69F8E324537D05ADDAAED76303D8D,2020-09-27 20:11:20.505000,2020-09-27 20:11:33.419000
l3adiky5eohmmd4p,,,,,,,898AA9A17ECBB05FEA4FE7418BD1C64F45D9A614,2020-09-27 20:11:33.419000,
fb2chhynnmokb6ri,failed,not_found,305,912B7597346A74A44AD4B6068C645772B758DCB7,64E257D94E739278D5954CC820C9D7EAC4E7A7B7,58F3E2956EABB81F673E2FB90E16E001DB4AC3AE,E8562C7CFBEB6501F2E02DA00203F958E8B1685C,2020-09-27 20:11:11.003000,2020-09-27 20:11:13.810000
fb2chhynnmokb6ri,failed,not_found,1076,912B7597346A74A44AD4B6068C645772B758DCB7,9C34EAD957DF77978BCF356F3F96B9A79E3961CB,AC00AEBA1AE2A80CF4184C4362157BF91487B902,E8466E02C893B9A6602A251CCEA100F252E25B4B,2020-09-27 20:11:13.810000,2020-09-27 20:11:24.709000
fb2chhynnmokb6ri,failed,not_found,1811,912B7597346A74A44AD4B6068C645772B758DCB7,891FB8477529A6B2894B7A3129402E0FD5DD281F,D6E4F36157A6795FC8E3515A595A4BFC80F150E4,2B24C281AD12EA96F72C2808E1AF041CEBE345D0,2020-09-27 20:11:24.709000,2020-09-27 20:11:34.186000
fb2chhynnmokb6ri,,,,,,,E8663924FE2AAD4E081A17ED6976D0AE8010F47B,2020-09-27 20:11:34.187000,
glp6ag4k6ki6bhs4,failed,not_found,308,912B7597346A74A44AD4B6068C645772B758DCB7,91E7CA6B8D0AAD77C7CFB8FEA25BF4F46DA1042A,38E48C9509E18F405749859EEF299EBC1B829602,F52B8C77AC5885566C06E5ADB33A5A09C5E8B534,2020-09-27 20:11:11.003000,2020-09-27 20:11:13.960000
glp6ag4k6ki6bhs4,failed,not_found,423,912B7597346A74A44AD4B6068C645772B758DCB7,A4F11D693FAB6E949B2B7C18153C3F7989896007,A49C799F0EE0F1CDECF3CE7EEE304314CCBA8825,46E0487EEEFD694CE625CC6E12D032395C01DB82,2020-09-27 20:11:13.961000,2020-09-27 20:11:16.736000
glp6ag4k6ki6bhs4,failed,not_found,818,912B7597346A74A44AD4B6068C645772B758DCB7,BC0AAAB8C872FE46C9A224EFDE1E0B3A5C42AAF2,F475E5987E44A2B7B143A2BEE3F8128EEFD7E5A3,46F90EF3A3628C134DBB4654D0E4FF7EB914B690,2020-09-27 20:11:16.736000,2020-09-27 20:11:21.862000
glp6ag4k6ki6bhs4,failed,not_found,1446,912B7597346A74A44AD4B6068C645772B758DCB7,DC9E3C6576CC9A04AAE1C465210A972A722571A0,2AE2CA4BD2B7754F29432C25E03314D52AC4CAF1,F5213AADA95A17C077451C09110058407F0A85F3,2020-09-27 20:11:21.862000,2020-09-27 20:11:29.610000
glp6ag4k6ki6bhs4,failed,not_found,2727,912B7597346A74A44AD4B6068C645772B758DCB7,A550D5FA8081101BB4CCA17DBCD5D6ABABBE6BD0,E9CE81CC21B63FD316F642E6AF867D6FE0C3A847,F50CF02A0E6A9D9B25F7EB220FC26F7BD1B74999,2020-09-27 20:11:29.610000,2020-09-27 20:11:49.352000
glp6ag4k6ki6bhs4,,,,,,,46EC7BB31BFEC251B89E0C0715DEC4AA8208A1BA,2020-09-27 20:11:49.352000,
ybpzrqgkzd6zpkmj,failed,not_found,373,912B7597346A74A44AD4B6068C645772B758DCB7,8404E8B8AAB98208FAEFB1727B637133AD9C6FAF,7044955A4D7B04CF70011D73B467B13CE5E69D41,41D2F6D866E7638138CF9F282A280F96BD020D25,2020-09-27 20:11:11.952000,2020-09-27 20:11:15.056000
ybpzrqgkzd6zpkmj,failed,not_found,664,912B7597346A74A44AD4B6068C645772B758DCB7,1188DC549FDF5E8054E1FE8C789A632CD1872F7E,19D353B8AA0927DF82CB26E0396C57BE27C0ACC5,4201FFF0BAB1DFCDF6FBA710AE2B860859E06A5F,2020-09-27 20:11:15.057000,2020-09-27 20:11:20.404000
ybpzrqgkzd6zpkmj,failed,not_found,1934,912B7597346A74A44AD4B6068C645772B758DCB7,3FE39429CB7077BBB13D2774591A1B80EE493742,DA4B488C2826DFBBD04D635DA1E71A2BA5B20747,83B48E68C31C13AA12E2A9F9C1CBE1D9B3F4E03A,2020-09-27 20:11:20.405000,2020-09-27 20:11:36.209000
ybpzrqgkzd6zpkmj,,,,,,,83AEDBDB4BE3AD0ED91850BF1A521B843077759E,2020-09-27 20:11:36.210000,
exlb26j42pgpt4iw,failed,not_found,300,912B7597346A74A44AD4B6068C645772B758DCB7,9AD3DB628164C1E3D77D9DF9D79327B3DF4260FA,FE1AF5E909002134BFF834F4AD5E1DE723779002,A76AEE2C3A724CC1CD05E1B06C948AC2512F4F33,2020-09-27 20:11:11.953000,2020-09-27 20:11:13.439000
exlb26j42pgpt4iw,failed,not_found,506,912B7597346A74A44AD4B6068C645772B758DCB7,D53AE170BF6650A2C6640484FE1B5DD1C0AB895B,FDFD675D05216549EB7DA545E32ECFCEEAE805F2,A751D8BEE222564B7BA657F74B6658836FF1AEEA,2020-09-27 20:11:13.440000,2020-09-27 20:11:16.276000
exlb26j42pgpt4iw,failed,not_found,1092,912B7597346A74A44AD4B6068C645772B758DCB7,CB92FA4D7D71F134CE1F1FFF2BFF53E88DD4A1DB,EAA823552F959DFD038E9AC8FA89345A738B6C00,A7378A215483C6AD9968AD505DA1454F7E294797,2020-09-27 20:11:16.276000,2020-09-27 20:11:24.694000
exlb26j42pgpt4iw,failed,not_found,2036,912B7597346A74A44AD4B6068C645772B758DCB7,3D5D6178C44537E3692853B344385F6572A55767,0FE31E8B143BCA123905993356D1DE49C715E455,2CC941573AE68528BE731B758BCABBE0CE62F231,2020-09-27 20:11:24.694000,2020-09-27 20:11:37.460000
exlb26j42pgpt4iw,,,,,,,2CD317C624803B77EAD32C96382884B0CAD4DB3F,2020-09-27 20:11:37.461000,
ucvzbezksfupc6ke,failed,not_found,380,912B7597346A74A44AD4B6068C645772B758DCB7,91E7CA6B8D0AAD77C7CFB8FEA25BF4F46DA1042A,1AAC19D892F84910AB94C45092241ABA3CFC4C89,55580D71B317A072F4A4DCF6EA4EDB015734AEE7,2020-09-27 20:11:11.965000,2020-09-27 20:11:16.055000
ucvzbezksfupc6ke,failed,not_found,719,912B7597346A74A44AD4B6068C645772B758DCB7,F08A3744CA6568ED28545C2B7C1BE7D8BA27CBDE,BF50E09EED25B82861CF95E1AAA42DCFEF53E5D1,91BA193FB362FB7B6679A7A83A3050F3C44A5468,2020-09-27 20:11:16.056000,2020-09-27 20:11:20.318000
ucvzbezksfupc6ke,failed,not_found,1312,912B7597346A74A44AD4B6068C645772B758DCB7,945AA2F6C2EC644B533D048C79E035A6CF092C4F,AC5CECEF6AF649F2A7F047D102FE9B461DA9234E,554E9EE1586220B016B7C43490E7398F57C254D5,2020-09-27 20:11:20.318000,2020-09-27 20:11:27.413000
ucvzbezksfupc6ke,failed,not_found,2440,912B7597346A74A44AD4B6068C645772B758DCB7,6B9EA8927AB6E94E216067E65372182343A5AFA2,74B8B22AF950B0BE11D8A228FB09D2F5279FB757,554CE9DE4480AC2F11825BEE0CD543CC14FE9C43,2020-09-27 20:11:27.413000,2020-09-27 20:11:45.913000
ucvzbezksfupc6ke,,,,,,,91ADCDFCA830A1BBAD3A10377B25D695A92BF251,2020-09-27 20:11:45.913000,
udsg4memfux3qcgd,failed,not_found,387,912B7597346A74A44AD4B6068C645772B758DCB7,A9F5135AE18C7E25C7C79117CD8C7619BFEB85ED,E432C6B90254DD0675F86D3E4D5F3A2CA100DE8B,38CC95A8CE92A591D4A5779359BEFFBA13FA1B88,2020-09-27 20:11:11.966000,2020-09-27 20:11:14.899000
udsg4memfux3qcgd,failed,not_found,630,912B7597346A74A44AD4B6068C645772B758DCB7,6962377722C4AA5E56540F4F9693DFA525449974,9684C4D6C71131EEEF2E5C23C3EA234A684CD501,38D3D15DAD843AB99CC257ACBABD4FACF9A3F215,2020-09-27 20:11:14.900000,2020-09-27 20:11:18.822000
udsg4memfux3qcgd,failed,not_found,1150,912B7597346A74A44AD4B6068C645772B758DCB7,FE1AF5E909002134BFF834F4AD5E1DE723779002,8358BDDA9C9A680B4E3A2809E5C24F5B3624D5C2,38D08218624083D2A5AFAA161CFD62F7DB0231A4,2020-09-27 20:11:18.822000,2020-09-27 20:11:27.341000
udsg4memfux3qcgd,failed,not_found,2429,912B7597346A74A44AD4B6068C645772B758DCB7,38E48C9509E18F405749859EEF299EBC1B829602,D1B60888344E2EFF6317A272061E426D1FB54BA7,42EB556E25A3C33A238AB68AFD043273D0FC6B41,2020-09-27 20:11:27.342000,2020-09-27 20:11:46.659000
udsg4memfux3qcgd,,,,,,,42EFF3531952A7AF86F67B6749F0D8C7E5EB2B70,2020-09-27 20:11:46.660000,
adjin276af6ochka,failed,not_found,391,912B7597346A74A44AD4B6068C645772B758DCB7,970F0966DAA7EBDEE44E3772045527A6854E997B,CCD65B846B9D5CB275BD18D67F47C7F62C116F79,B5831845F631C3E053B12D4714332E930219A014,2020-09-27 20:11:12.001000,2020-09-27 20:11:15.045000
adjin276af6ochka,failed,not_found,654,912B7597346A74A44AD4B6068C645772B758DCB7,425835370C1FBE178C21CB53C76672F12BDE091A,322C6E3A973BC10FC36DE3037AD27BC89F14723B,A0919C4EA28A6A6E2137902D44A7CEABC48C2612,2020-09-27 20:11:15.046000,2020-09-27 20:11:19.576000
adjin276af6ochka,failed,not_found,1239,912B7597346A74A44AD4B6068C645772B758DCB7,B86137AE9681701901C6720E55C16805B46BD8E3,CEC92F3BE8A2F3A46D3C042721D6BDBF2F40F4C5,A0BA38A5AB64350CEC343872F852EDF30D941326,2020-09-27 20:11:19.577000,2020-09-27 20:11:27.069000
adjin276af6ochka,failed,not_found,2214,912B7597346A74A44AD4B6068C645772B758DCB7,CB92FA4D7D71F134CE1F1FFF2BFF53E88DD4A1DB,FA1845C313B88EF49E8BE1F23B02CD0AC702B636,B581401A839EBD1F812DC78297FD09D60BFFA635,2020-09-27 20:11:27.069000,2020-09-27 20:11:41.604000
adjin276af6ochka,,,,,,,A07FF62835523CBE1EC3DC3287C05B91F847FA80,2020-09-27 20:11:41.604000,
tgqvqoc5tg5fsthd,failed,not_found,469,912B7597346A74A44AD4B6068C645772B758DCB7,0122A605B7C170D6086143448273D9A9844B69E2,F836446663F1EB816F13708955F105D0B2F5C8E0,937F201D2797314953F268D252F5C98D3FA9F71E,2020-09-27 20:11:12.945000,2020-09-27 20:11:16.054000
tgqvqoc5tg5fsthd,failed,not_found,1050,912B7597346A74A44AD4B6068C645772B758DCB7,2022BCB37453DC168E6CB7B4DAD119AC072F2DEE,B644F1C0FB7992E653060308326540EC9BEB8BE8,939126EA4D25CB212A79746C133194F8A24C435B,2020-09-27 20:11:16.054000,2020-09-27 20:11:24.466000
tgqvqoc5tg5fsthd,failed,not_found,1335,912B7597346A74A44AD4B6068C645772B758DCB7,6245DC873D6F613C795D48663D65BD8A2266CAF6,1E1A7C9134637383BE653C41973995A229D81595,9E0058300401F6687EAE59F9FE82DB89230344C1,2020-09-27 20:11:24.467000,2020-09-27 20:11:33.305000
tgqvqoc5tg5fsthd,,,,,,,9E2D7C6981269404AA1970B53891701A20424EF8,2020-09-27 20:11:33.306000,
2jpymqlizmeorjgo,failed,not_found,473,912B7597346A74A44AD4B6068C645772B758DCB7,BCDE75725B927738B6FD34EA2D78F4FA77B99848,05FEA2DB1FD29DE229B589DFEF5E80A5C6C7EE9E,5D723408040C3EB7C8A75FAA8232690DA8BEA1DF,2020-09-27 20:11:12.958000,2020-09-27 20:11:15.932000
2jpymqlizmeorjgo,failed,not_found,713,912B7597346A74A44AD4B6068C645772B758DCB7,9AB93B5422149E5DFF4BE6A3814E2F6D9648DB6A,1A6CD4A78BC5A4F19CF2F27C4AB32E44C8B20769,5786D04C5A2885D19E606F13C4203F60AEE38110,2020-09-27 20:11:15.933000,2020-09-27 20:11:19.944000
2jpymqlizmeorjgo,failed,not_found,1295,912B7597346A74A44AD4B6068C645772B758DCB7,9B2BC7EFD661072AFADC533BE8DCF1C19D8C2DCC,821931D448E25B4D040AB7745F93AF669BA323DB,5D69A77423FE3D2A3CF09A015CED9F0A7B9E38D1,2020-09-27 20:11:19.945000,2020-09-27 20:11:27.767000
2jpymqlizmeorjgo,,,,,,,5D544F4055C6FD2F2F692D519CFA7A627D8D3903,2020-09-27 20:11:27.768000,
jomghuqnyqhfk2sz,failed,not_found,477,912B7597346A74A44AD4B6068C645772B758DCB7,09A70E396DE93F54D4541BBB0EC8E2B23761F34F,F7B024DB02C601185C202E26DFFD2AD525C16A36,F08A3744CA6568ED28545C2B7C1BE7D8BA27CBDE,2020-09-27 20:11:12.965000,2020-09-27 20:11:16.268000
jomghuqnyqhfk2sz,failed,not_found,863,912B7597346A74A44AD4B6068C645772B758DCB7,529CA3EB08AD6EC1791B5110AA3540A4CFA1197F,014E24C0CD21D2B9829E841D5EC1D3C415F866BF,C51701910DEA998F4F51287A71B7E94449A3E9BC,2020-09-27 20:11:16.268000,2020-09-27 20:11:22.256000
jomghuqnyqhfk2sz,failed,not_found,1547,912B7597346A74A44AD4B6068C645772B758DCB7,D079D6818926684C5979C18171FB18862A4A5792,79509683AB4C8DDAF90A120C69A4179C6CD5A387,C542D452D42DBD01A071D2DA1CE6EE15AF40F5C2,2020-09-27 20:11:22.256000,2020-09-27 20:11:30.587000
jomghuqnyqhfk2sz,failed,not_found,2955,912B7597346A74A44AD4B6068C645772B758DCB7,211310CD09EC290505C1F24018AE5330076412A0,E5507444DAC04539B8DC624299616141B0DB64D5,C4FD2403CC929297B559A49E582516944F75C6A9,2020-09-27 20:11:30.588000,2020-09-27 20:11:53.231000
jomghuqnyqhfk2sz,,,,,,,F0832608B0D52E7B4418E54E655CA18A585DEDB8,2020-09-27 20:11:53.232000,
6zcedjz2z3djszk6,failed,not_found,481,912B7597346A74A44AD4B6068C645772B758DCB7,510176C07005D47B23E6796F02C93241A29AA0E9,070229A4CC2CFFB24EB667298A7DB5E8D11EB701,1B90395827F7499A37C73F09BC5AA0225808F6FC,2020-09-27 20:11:12.966000,2020-09-27 20:11:16.937000
6zcedjz2z3djszk6,failed,not_found,830,912B7597346A74A44AD4B6068C645772B758DCB7,5975858B6A1F37CCC96026B946EACF08E1772D0E,32F3621E84AEE1A211DBE70B0EAB89E41A7A8B9F,D74F619C74C2E601A39EBE58C8E34DFEB3BADE99,2020-09-27 20:11:16.938000,2020-09-27 20:11:22.175000
6zcedjz2z3djszk6,failed,not_found,1529,912B7597346A74A44AD4B6068C645772B758DCB7,F31C03A766FAA33B62B12105D822FFE69A3BB0E5,B56B9FE93F83B4FA69234B17A060E8A8E7446D19,1B8FAEDFD428C546A9DCC9EC15E13C0550222D44,2020-09-27 20:11:22.176000,2020-09-27 20:11:30.138000
6zcedjz2z3djszk6,failed,not_found,2810,912B7597346A74A44AD4B6068C645772B758DCB7,1BEDDE92960C406B94984086407DE78DCA333036,9B33C0437062F12DC137F757A745FC04CEA26231,D76110E770FB5F6D09CB801D6379C33A1A6C0CC3,2020-09-27 20:11:30.138000,2020-09-27 20:11:51.981000
6zcedjz2z3djszk6,,,,,,,1B8188170F0AD7998A7D04BD5CE9F6128B032C8E,2020-09-27 20:11:51.982000,
e7py23jwrj3tmwvi,failed,not_found,485,912B7597346A74A44AD4B6068C645772B758DCB7,198F12E2DEFBE6BEEBC38B2FEDD615AECB38DA7A,4B550F757A5904939280CB85DE61F125A08AE5DE,A3D264895F685D16FC834D0685A094AE622F2206,2020-09-27 20:11:12.990000,2020-09-27 20:11:16.068000
e7py23jwrj3tmwvi,failed,not_found,1078,912B7597346A74A44AD4B6068C645772B758DCB7,76B4FEDD0696D924A407CFAB50B6E574B28CCDCA,AEF0EADA8C92A4DF1500FAE303ECD8E1EBD56670,A394591E880EB3610E09D240AB63988491844FB6,2020-09-27 20:11:16.069000,2020-09-27 20:11:24.795000
e7py23jwrj3tmwvi,failed,not_found,2318,912B7597346A74A44AD4B6068C645772B758DCB7,2BB85DC5BD3C6F0D81A4F2B5882176C6BF7ECF5A,6A35EE13D4354FF0A03374C063B10290614BB6A9,6CDE3363F9F9AD5A6EA484DEFB58217CC9685E31,2020-09-27 20:11:24.795000,2020-09-27 20:11:41.796000
e7py23jwrj3tmwvi,,,,,,,6CE02B690E1F95032D38E3FAF380D907135C9E1A,2020-09-27 20:11:41.796000,
5hsws33ib7u4fini,failed,not_found,644,912B7597346A74A44AD4B6068C645772B758DCB7,C333C56EAAD404ACDDE2FB3A675C5F5DA46A81E2,1D54F7CCB7C7A185EE8AA5616C079DD923EB57F2,58332DDDA15415CB3D13F5ECA3D54BE961B8C458,2020-09-27 20:11:14.144000,2020-09-27 20:11:17.144000
5hsws33ib7u4fini,failed,not_found,844,912B7597346A74A44AD4B6068C645772B758DCB7,3A8557B067FBE53F168BBEAA7D14D1298AE52A52,39CF2F22E5018C01FD57DEB1AB8FDFA4592633FB,580534A3F0676CA97BD48A3630106A10B904900E,2020-09-27 20:11:17.145000,2020-09-27 20:11:21.868000
5hsws33ib7u4fini,failed,not_found,1462,912B7597346A74A44AD4B6068C645772B758DCB7,61FA7E7C766577D76EBABF19330993DEFA8AF3C3,7A2A6F39F485C4FC95FB885FFF37C436FD2BB7E5,580D385842804C8AE068AB028898BBB6F74B1544,2020-09-27 20:11:21.868000,2020-09-27 20:11:30.226000
5hsws33ib7u4fini,failed,not_found,2871,912B7597346A74A44AD4B6068C645772B758DCB7,5B1F0DAF378A1FAFCFD5FA9CDC66D1023DC0276E,73DCA56424912F69F1478D6630DF27CFE8F41439,BF3E9B97D3CE4099F73AA4BD70CA14B635FA3CEA,2020-09-27 20:11:30.227000,2020-09-27 20:11:52.353000
5hsws33ib7u4fini,,,,,,,BF37445EA2A9F3D04F4B87DFAC624AEF21B559D5,2020-09-27 20:11:52.353000,
oufwauksfigavdgu,failed,not_found,727,912B7597346A74A44AD4B6068C645772B758DCB7,799EF7FCBF24EAE8C1162C8CCC8E293018261CF9,66BD39FE805AED414ADE400CAAD862C9CC3AC34E,8049F8C058587A66246E8A93A56957CE29165F72,2020-09-27 20:11:14.144000,2020-09-27 20:11:20.315000
oufwauksfigavdgu,failed,not_found,1358,912B7597346A74A44AD4B6068C645772B758DCB7,169535CC4C75FF79C6D548D41720064EE4FE61D2,7DA31D79E52D12685BBE8544E3C557F176B0FC84,803FB98BA0FE1709C087E9138CC6096F22083CA5,2020-09-27 20:11:20.316000,2020-09-27 20:11:32.287000
oufwauksfigavdgu,failed,not_found,2859,912B7597346A74A44AD4B6068C645772B758DCB7,76543749510CD00CB16E1DD4940CAA8FAC727F58,8BE58BA7A28DC6B4F211CE8EE86783B85133488D,07623013C3361FE566B71C8CFCC6483D7587A827,2020-09-27 20:11:32.288000,2020-09-27 20:11:52.727000
oufwauksfigavdgu,,,,,,,0745857B06337B7F343635608975972A9EC14901,2020-09-27 20:11:52.727000,
j6ji4ud7nr4itawf,failed,not_found,550,912B7597346A74A44AD4B6068C645772B758DCB7,82DA9678A0BAE60087AA68A3E1D6E6A2C4246D6D,D80EA21626BFAE8044E4037FE765252E157E3586,35DBE43445BB44D817084200BA05E8A0573EDFD4,2020-09-27 20:11:14.179000,2020-09-27 20:11:17.480000
j6ji4ud7nr4itawf,failed,not_found,944,912B7597346A74A44AD4B6068C645772B758DCB7,6940247E04C839D268543E7F62566A91E40567E3,B1B7C23D771F91C582F8B099602649A363C3091D,35C7266E4BA5EFAFE1032C24B657BBF14ADDD88B,2020-09-27 20:11:17.481000,2020-09-27 20:11:25.192000
j6ji4ud7nr4itawf,failed,not_found,1956,912B7597346A74A44AD4B6068C645772B758DCB7,23A2D8DDF761F35CC63BDF65E604B76A7E2F6971,504F23DC734459DBBA58B2F11A4799EB945188A3,E61D63442BE06CC8CCA60C972DE1C3AE3DD7871E,2020-09-27 20:11:25.192000,2020-09-27 20:11:36.476000
j6ji4ud7nr4itawf,,,,,,,E617AD78CD262D6F68817BE6B178063B35F5FF77,2020-09-27 20:11:36.477000,
tljgizc36ab3wo7z,failed,not_found,554,912B7597346A74A44AD4B6068C645772B758DCB7,EEFFC0D532AB63BB3E9CAEADA822971F6D3AE8D6,D7829A21726220AF77401BE5B2B132963A0BE82B,15483893699246724B8135CC6F087767EA89A2D3,2020-09-27 20:11:14.187000,2020-09-27 20:11:17.385000
tljgizc36ab3wo7z,failed,not_found,1086,912B7597346A74A44AD4B6068C645772B758DCB7,836460C721577873AD1FF8AB000112A9360EB3A0,C1B79C4CD9B713BBB6B0522155B46A7BFE3BFAAE,153962FA0F2A058A97D37B039607377EE67E5885,2020-09-27 20:11:17.385000,2020-09-27 20:11:25.039000
tljgizc36ab3wo7z,failed,not_found,1924,912B7597346A74A44AD4B6068C645772B758DCB7,879370F54AA1162ED85783996CAA963E642B3056,B00B6BA943600447CF72D58DB7A35B16754E43C8,FA69F7C51067D9A84168962C46ACA480A90CD354,2020-09-27 20:11:25.039000,2020-09-27 20:11:37.193000
tljgizc36ab3wo7z,,,,,,,FA5647DE9745BA239C9F34E262512C99605472C9,2020-09-27 20:11:37.193000,
kwfuuszq65pxmjrv,failed,not_found,558,912B7597346A74A44AD4B6068C645772B758DCB7,31D270A38505D4BFBBCABF717E9FB4BCA6DDF2FF,993845A39881E6A1C4DD6C9A73F45541DB1092AE,629DE11D15B760521E1391B2D0722698FDC103DF,2020-09-27 20:11:14.195000,2020-09-27 20:11:18.216000
kwfuuszq65pxmjrv,failed,not_found,1125,912B7597346A74A44AD4B6068C645772B758DCB7,ED3ACBBB89C5F1597A44A65D2FA203BDB8E208F2,4586DF1934953F38206B5117237F79C1C8797FC4,6290A2D08E5EB89C809223C5C7BF52597690751D,2020-09-27 20:11:18.216000,2020-09-27 20:11:26.517000
kwfuuszq65pxmjrv,failed,not_found,2066,912B7597346A74A44AD4B6068C645772B758DCB7,767E444E1FA1DA75F3B77479DB5AE2FA3FFF75CC,23A2D8DDF761F35CC63BDF65E604B76A7E2F6971,628732744F45C7C24B94E1E6221545E04BDF48E2,2020-09-27 20:11:26.517000,2020-09-27 20:11:37.581000
kwfuuszq65pxmjrv,,,,,,,2DE6CA505E2FEDA6547B641A96C0B5C38E9F9F4C,2020-09-27 20:11:37.582000,
kia7duv2ikkohxga,failed,not_found,634,912B7597346A74A44AD4B6068C645772B758DCB7,18EA6AFA3609A0B24752FBF411A2DAADE27DE129,8CC7474E0671B257AA821624F6B43D9B07CBDC89,5D69A77423FE3D2A3CF09A015CED9F0A7B9E38D1,2020-09-27 20:11:14.911000,2020-09-27 20:11:19.112000
kia7duv2ikkohxga,failed,not_found,1166,912B7597346A74A44AD4B6068C645772B758DCB7,96070698714DC07AE2B377864625B7EF64E33BF5,FD449127D30D8F5D124653D9EF736EDF4A12B4DC,0ED06F12AF64D5027422169B61D1AC5366C6FFE9,2020-09-27 20:11:19.112000,2020-09-27 20:11:27.287000
kia7duv2ikkohxga,failed,not_found,2321,912B7597346A74A44AD4B6068C645772B758DCB7,4B68D0E5392ED6F3469A37880631353A96558631,F6AAFCFB722532DA3E2A54135000E672B9473835,5D765770B4DB110D88787457978AB4008CF65CAC,2020-09-27 20:11:27.287000,2020-09-27 20:11:42.620000
kia7duv2ikkohxga,,,,,,,5D723408040C3EB7C8A75FAA8232690DA8BEA1DF,2020-09-27 20:11:42.620000,
nos7p7flpom6g6zl,,,,,,,296A9A2C96249BC5D8CA8CF196EF5E3FCC80488E,2020-09-27 20:11:15.008000,
jdrkm2llb7kxkmbm,failed,not_found,639,912B7597346A74A44AD4B6068C645772B758DCB7,5CCC3569C67B7F1BB733664D43DF4645F2A4B04D,7DAC367AF33DBEFEDC684789490E213FD348BE36,9EFF16EA25FF27BC438A3FBF23C5315E576467AF,2020-09-27 20:11:15.008000,2020-09-27 20:11:19.254000
jdrkm2llb7kxkmbm,failed,not_found,1174,912B7597346A74A44AD4B6068C645772B758DCB7,EFD8DF124A74D2961FBF752BF31EC3A5D411C349,55A92BE2A76C64A5A0DB0D4F61D5DCA37B55EE52,EEFFC0D532AB63BB3E9CAEADA822971F6D3AE8D6,2020-09-27 20:11:19.255000,2020-09-27 20:11:27.009000
jdrkm2llb7kxkmbm,failed,not_found,2026,912B7597346A74A44AD4B6068C645772B758DCB7,D6EBBCF4F6502586089113D8C37B0FF5A6152A50,539572FE3430A83E8F502052FC7E178E20A07EE0,9EEAA02E338CDF5919F983F3245AA95A790B9B6C,2020-09-27 20:11:27.009000,2020-09-27 20:11:37.709000
jdrkm2llb7kxkmbm,,,,,,,EECADDB0CBB5725D4DDFE3D7E734E8261E0E9D09,2020-09-27 20:11:37.710000,
wllejyrlzobyl64s,failed,not_found,538,912B7597346A74A44AD4B6068C645772B758DCB7,72A33E374DE5AD1E617394896F0FD8B092D3E7C4,7FA3FA525901A91A1310B817943668BC2C16289E,58332DDDA15415CB3D13F5ECA3D54BE961B8C458,2020-09-27 20:11:15.009000,2020-09-27 20:11:19.491000
wllejyrlzobyl64s,failed,not_found,1223,912B7597346A74A44AD4B6068C645772B758DCB7,5CE3AD8AD04ADE66C0037A3CF5F7F7A40D48A20B,288C100FFA656938C23F32207CAF0DA932ECD247,37B97F98AA1A51FF282660D3E440DAD9687BA814,2020-09-27 20:11:19.491000,2020-09-27 20:11:27.159000
wllejyrlzobyl64s,failed,not_found,2254,912B7597346A74A44AD4B6068C645772B758DCB7,431702B3A68A6015F9955DD4FD0129175B43EA0F,5D995EC983ED3DF9DAABD32B9BF1540AFF42A457,37B1AB178ABDD0C80649ECF8A79651E331B78290,2020-09-27 20:11:27.159000,2020-09-27 20:11:42.848000
wllejyrlzobyl64s,,,,,,,37A831DCC0027923A474F1277F6261EE8D9D0B46,2020-09-27 20:11:42.849000,
te2fsmmc7jwqapms,failed,not_found,1091,912B7597346A74A44AD4B6068C645772B758DCB7,F244C5F5DDE2F29CA1F88E4C9F9FACCC48BCA857,8F22AFDD06AA4238ADD93A8EA6FBC2BB9C652711,F21760E63FE2BB45629BB14FCDB0FD677485DAF8,2020-09-27 20:11:15.009000,2020-09-27 20:11:24.740000
te2fsmmc7jwqapms,failed,not_found,1996,912B7597346A74A44AD4B6068C645772B758DCB7,9B8D08275C852A677E8C65E1DDA74431BE509B4C,EA3616A0B9BBBDC74121D8D6F01EABDDCF6BE35D,9DA672F46D0AD9BA59B2FA56A8F343D38C78BF4C,2020-09-27 20:11:24.740000,2020-09-27 20:11:36.955000
te2fsmmc7jwqapms,,,,,,,9DA5284A51021A711ECAA677C81E5408222B9F2A,2020-09-27 20:11:36.955000,
236irl3pvfuwzo43,failed,not_found,1101,912B7597346A74A44AD4B6068C645772B758DCB7,ADB98B27D7A3FB5732068FD23602A1BCB3BE9F38,AEF0EADA8C92A4DF1500FAE303ECD8E1EBD56670,986E29FB17C8C7A1FEAFF203F012D5930BA079DB,2020-09-27 20:11:15.992000,2020-09-27 20:11:26.010000
236irl3pvfuwzo43,failed,not_found,1976,912B7597346A74A44AD4B6068C645772B758DCB7,837D5EA513DF7FDDA36BE569C646151CDA4B9935,CD0F9AA1A5064430B1DE8E645CBA7A502B27ED5F,36A5C502C31729F26BDC923E4B5F9501B0A20B79,2020-09-27 20:11:26.010000,2020-09-27 20:11:36.953000
236irl3pvfuwzo43,,,,,,,988625BFD9E9B23B35C590250407486F28FF8FFC,2020-09-27 20:11:36.954000,
7o54xwygae7epjyr,failed,not_found,882,912B7597346A74A44AD4B6068C645772B758DCB7,EF3CF4D2823A6C995CBDBF41D5C55A865CF841D1,F2D8A6CDED1F4BC42CA4B1164FB6C6644298BE1B,3D7B08458C7BC081358BC9FAA4FFB2593FFE0576,2020-09-27 20:11:15.993000,2020-09-27 20:11:22.795000
7o54xwygae7epjyr,failed,not_found,1574,912B7597346A74A44AD4B6068C645772B758DCB7,876C7CE43774366250D3E768E690DAB9D4B5D5A3,B63626A3CA6F0521847853DDEC6D4044C80B903E,F3F9CC955F7C59938F244591DB6BB299CB7455A7,2020-09-27 20:11:22.795000,2020-09-27 20:11:30.535000
7o54xwygae7epjyr,,,,,,,3DAEC5687EAB19CC9FBE98303780137E143236AB,2020-09-27 20:11:30.535000,
k3ilqdic3v5v2ebz,failed,not_found,2380,912B7597346A74A44AD4B6068C645772B758DCB7,672A56A583C658372E63ACEB43E7F791C2819548,2AE2CA4BD2B7754F29432C25E03314D52AC4CAF1,3D636FB9D24EA781C3C2766C051064C6CA1C0D96,2020-09-27 20:11:15.994000,2020-09-27 20:11:42.234000
k3ilqdic3v5v2ebz,,,,,,,3D9CE80399B68C01377FEC42395E399B9ED16E18,2020-09-27 20:11:42.234000,
axmrzhurkb7ypcxo,failed,not_found,618,912B7597346A74A44AD4B6068C645772B758DCB7,BCF2FAF95847123B3FF0A54D6CDA11A0C90B746D,CC6910CF21D17C1BD68FE224CE7685BEB42558A8,B27115A20B05D40730A4020145EFA63381D9D51B,2020-09-27 20:11:16.001000,2020-09-27 20:11:24.872000
axmrzhurkb7ypcxo,failed,not_found,2353,912B7597346A74A44AD4B6068C645772B758DCB7,D1AD15805646EAE6938F1842619F8EF0029089FC,1A020A414D8AB25F54415C8C1E75A5562A9DD9A6,B2741D35F0FDACE03350DBECD8BE8A84FEFB33DC,2020-09-27 20:11:24.872000,2020-09-27 20:11:45.481000
axmrzhurkb7ypcxo,,,,,,,B26E8B962FB76404C169634571B4C5687AC6230F,2020-09-27 20:11:45.482000,
r3ohadasf7bgepau,failed,not_found,1058,912B7597346A74A44AD4B6068C645772B758DCB7,331452F317390D3C78BCD759170699E55C5570C9,E235941C8403FB63EC91436FA4DCF6B020EB51A2,7ED3D8AFAC750F8CC0BDF8C87FE3BCBA2BBE2209,2020-09-27 20:11:16.042000,2020-09-27 20:11:25.054000
r3ohadasf7bgepau,failed,not_found,1946,912B7597346A74A44AD4B6068C645772B758DCB7,B058FBDEA69774C28EAC1111E167BC0AD4A904E0,71539D1911ECB826069A4D156771AC4F9F4632A7,A6DBE4FFB33677E56BBBD0911AA489927650ADCA,2020-09-27 20:11:25.055000,2020-09-27 20:11:36.298000
r3ohadasf7bgepau,,,,,,,7ECF294C43DB959BDC0E7EFC913C3AC231DE7442,2020-09-27 20:11:36.298000,
2n6q2bp7x6qtifht,,,,,,,94890F37CE0CD5D020773CA7A0E397AA592E5AF3,2020-09-27 20:11:17.144000,
whu2rzfemvqpjv3l,failed,not_found,856,912B7597346A74A44AD4B6068C645772B758DCB7,3586697291602DC8042EB152E60701FFFE8777BD,ADBED8B751D7D63397FF3300BB3DE76141AA168F,917A2DADBA0D7727DF7FFD46AD923FD937686A3D,2020-09-27 20:11:17.146000,2020-09-27 20:11:21.953000
whu2rzfemvqpjv3l,failed,not_found,1470,912B7597346A74A44AD4B6068C645772B758DCB7,9ECFD67230D09E5E8F3431BDC4FD8E52428AFC09,1E1A7C9134637383BE653C41973995A229D81595,098B3457ABA31AD65A3AF47F61B623E35B3FAB2D,2020-09-27 20:11:21.953000,2020-09-27 20:11:29.811000
whu2rzfemvqpjv3l,failed,not_found,2762,912B7597346A74A44AD4B6068C645772B758DCB7,86CDD0D92AB972538416A382D99666736CDDF141,461D6EA15966C7F99B43D37ADC116B5B8E47D130,0964EFD3186C2AF2763B0C1EE5B4A2FA77E0449B,2020-09-27 20:11:29.811000,2020-09-27 20:11:50.363000
whu2rzfemvqpjv3l,,,,,,,91517F219F7648E4B8BBF3C162C77DDC55315612,2020-09-27 20:11:50.364000,
ixa7veof6gxirtly,failed,not_found,1053,912B7597346A74A44AD4B6068C645772B758DCB7,01AE2DE314276C82FCCC3603A1C2F3238E6544C9,56927E61B51E6F363FB55498150A6DDFCF7077F2,93F4DAF4F0DE5E6867CE20A0F9C7C059834DACAE,2020-09-27 20:11:17.209000,2020-09-27 20:11:24.779000
ixa7veof6gxirtly,failed,not_found,2342,912B7597346A74A44AD4B6068C645772B758DCB7,EC38686ACAC6E373BF3BE0847B3AD6299ABA4D91,FA32998AF5628483D8E7B7BB0A4641D33A206A28,93E2C269B2E127CFF42CEA322B8BEF1AEC28C891,2020-09-27 20:11:24.780000,2020-09-27 20:11:45.213000
ixa7veof6gxirtly,,,,,,,93F97B76A7D0F0947C4C75AC62017E45BBFE6C08,2020-09-27 20:11:45.214000,
mwz3xnwc67unq46r,failed,not_found,877,912B7597346A74A44AD4B6068C645772B758DCB7,63B32F7E5389E8DBC5E1BCEFE48312DA7CCEF5D6,C2F653A5CEE30C8D5713FA4AE7F75E992A479196,BBD1B1A22695396C75DFF338A8FF7A12804A607A,2020-09-27 20:11:17.209000,2020-09-27 20:11:22.624000
mwz3xnwc67unq46r,failed,not_found,1565,912B7597346A74A44AD4B6068C645772B758DCB7,310723122778237508274A36E9557B060A531BDD,6B5A63BFEEA8EF58DA812F4F05BE98C869809DFB,BBBBBAD453263D786EC34AB68A06214288910345,2020-09-27 20:11:22.624000,2020-09-27 20:11:30.618000
mwz3xnwc67unq46r,failed,not_found,2979,912B7597346A74A44AD4B6068C645772B758DCB7,D0F7C04A73689ABBE1CBCE1B3D9F861577004E0A,14D57DEDF0A4554A2D21AD53CCCC43E31158C733,6DFB4AC8B5E7B1AD0B3F5F465F774A421C66CBBA,2020-09-27 20:11:30.618000,2020-09-27 20:11:53.948000
mwz3xnwc67unq46r,,,,,,,6DCCA448F8EDC79553CE60E8E21030E942CCC3B9,2020-09-27 20:11:53.948000,
zkpu7arsswvofcm5,,,,,,,90633012A1A752D8D02FEC8374A4BF98941A1900,2020-09-27 20:11:17.288000,
gykg5h2lxaisopkt,failed,not_found,1000,912B7597346A74A44AD4B6068C645772B758DCB7,CE47F0356D86CF0A1A2008D97623216D560FB0A8,21EB2176DFD7364A8E3705ABF518E880362425FC,F6D600CF13B3BBE2A91A0653F1EC9D00E7CB3A6B,2020-09-27 20:11:17.895000,2020-09-27 20:11:24.009000
gykg5h2lxaisopkt,failed,not_found,1487,912B7597346A74A44AD4B6068C645772B758DCB7,B0335F7872A698A86E5E9AC3CF323B50AEF9C081,C63110BDD8736D2C2A733FF962F58D58FDE63A2D,F6F24800B8494ACCC2EE13B8E6D8E7AFF9B13A50,2020-09-27 20:11:24.010000,2020-09-27 20:11:30.485000
gykg5h2lxaisopkt,failed,not_found,2906,912B7597346A74A44AD4B6068C645772B758DCB7,277F5717A62B3A728C98B3168E484BC08B4997E3,1C2F0929A4A8D9661D83E70FDE96B61040ECA14D,35C6E8B406B14E49A25A7235D6530674108D61FA,2020-09-27 20:11:30.486000,2020-09-27 20:11:52.218000
gykg5h2lxaisopkt,,,,,,,35DBE43445BB44D817084200BA05E8A0573EDFD4,2020-09-27 20:11:52.219000,
kxatjnicg4jwp7ez,failed,not_found,1008,912B7597346A74A44AD4B6068C645772B758DCB7,6C282D35C674A036B79B5F30E90D19B363D3DAB2,0745857B06337B7F343635608975972A9EC14901,50E3CEA0D7EB9644B89B965743797279196775D5,2020-09-27 20:11:17.912000,2020-09-27 20:11:24.555000
kxatjnicg4jwp7ez,failed,not_found,1721,912B7597346A74A44AD4B6068C645772B758DCB7,0D99F89BBB92BF5557F8D3F895DB218A72871089,B1289B91C190A6803C1ADA6E381C0843CE039D70,0B074C07E88A1A68FA1A35F8CBF9F914A8DD7180,2020-09-27 20:11:24.555000,2020-09-27 20:11:33.216000
kxatjnicg4jwp7ez,,,,,,,0AF90285D6B3ECC52ABFA3CB31404DF6FAF93134,2020-09-27 20:11:33.216000,
nor2jh4j2x2ybcoh,failed,not_found,1141,912B7597346A74A44AD4B6068C645772B758DCB7,EAA088440B100FF8407266B5D4853FFB16A8CB67,23A2D8DDF761F35CC63BDF65E604B76A7E2F6971,287E1041DFC3A03E1650A61ADF580EA1C6BF3649,2020-09-27 20:11:17.950000,2020-09-27 20:11:28.647000
nor2jh4j2x2ybcoh,failed,not_found,2583,912B7597346A74A44AD4B6068C645772B758DCB7,E3500E2C9F6B87085056893C4279AEA0B3F37782,4656F36592379C17C69F5295602FC0E7BD419F2C,286F22F5D198AB20C50C65B94A03B52CAE588946,2020-09-27 20:11:28.647000,2020-09-27 20:11:46.655000
nor2jh4j2x2ybcoh,,,,,,,285B3195256DEA66C7F58C0596B17D923788056C,2020-09-27 20:11:46.656000,
5yc6e3rq5eiczu4b,failed,not_found,1072,912B7597346A74A44AD4B6068C645772B758DCB7,2B24C281AD12EA96F72C2808E1AF041CEBE345D0,25990FC54D7268C914170A118EE4EE75025451DA,18747512B2DD1AE88C4CA9F6EAEB687A96389666,2020-09-27 20:11:17.951000,2020-09-27 20:11:24.617000
5yc6e3rq5eiczu4b,failed,not_found,1750,912B7597346A74A44AD4B6068C645772B758DCB7,38F0B34A86E19A2C65B20F95BFB0CBE40E3165C9,14D57DEDF0A4554A2D21AD53CCCC43E31158C733,18671DE5092C67883BFB2450C3267B92618BEC66,2020-09-27 20:11:24.617000,2020-09-27 20:11:33.420000
5yc6e3rq5eiczu4b,,,,,,,186FF078A2EE09E8208ACBF4DDB61FFF96AD64B0,2020-09-27 20:11:33.421000,
covxmcrjv6mfrzky,failed,not_found,1096,912B7597346A74A44AD4B6068C645772B758DCB7,76F6698A624DD1762A5CACC832460EC9E8A34774,CDAAB6F5FAF38747A1DB583882846485BE1520D2,749EF4A434DFD00DAB31E93DE86233FB916D31E3,2020-09-27 20:11:17.951000,2020-09-27 20:11:25.815000
covxmcrjv6mfrzky,failed,not_found,1966,912B7597346A74A44AD4B6068C645772B758DCB7,2CE9BE1FC88B9D0FA03F387C9E4F000B5D4B2AE9,834C91DEEB2FE4FEFCE55A99C378968FB659115C,65BBE89EF47A0440A72402C40645C9315ADD55F8,2020-09-27 20:11:25.816000,2020-09-27 20:11:36.815000
covxmcrjv6mfrzky,,,,,,,65B1E5658FDB9950F9822B90D76C30616898CCC8,2020-09-27 20:11:36.815000,
zijulagbkffs7p5g,failed,not_found,1190,912B7597346A74A44AD4B6068C645772B758DCB7,3EE6BA5394B18AEF14E0D3B959D733B7A1EC3AD5,64FC9B3852BA7EC74E79BD4099D850C338009E77,96CAA917F65BCD62CECD236F67652BFD7C69E52E,2020-09-27 20:11:19.427000,2020-09-27 20:11:27.544000
zijulagbkffs7p5g,failed,not_found,2595,912B7597346A74A44AD4B6068C645772B758DCB7,6600C560E7E2A7601F6F4B019942C9E4D47872CE,19D353B8AA0927DF82CB26E0396C57BE27C0ACC5,2D47F039F04EEC03EABE484CC017796A0AB48240,2020-09-27 20:11:27.544000,2020-09-27 20:11:45.323000
zijulagbkffs7p5g,,,,,,,2D418A89F79DB4A8E658BA549FBB974D1D22DD1A,2020-09-27 20:11:45.324000,
6k27onwzz5dw6lkv,failed,not_found,1199,912B7597346A74A44AD4B6068C645772B758DCB7,478B0E18930CA4117369679AF329FC49D9110966,52B68764E26CB04DAE3ABE1FA01826EF27376C68,9E4CC64C4F94C359D43C5BA09094323FDBEFD975,2020-09-27 20:11:19.428000,2020-09-27 20:11:27.662000
6k27onwzz5dw6lkv,failed,not_found,2473,912B7597346A74A44AD4B6068C645772B758DCB7,F8DE8132E599A194E20DDB738AF64A7200CD5949,9AB93B5422149E5DFF4BE6A3814E2F6D9648DB6A,9E433453D33F85B726AABAD043DDD00E171329C1,2020-09-27 20:11:27.663000,2020-09-27 20:11:45.912000
6k27onwzz5dw6lkv,,,,,,,9E41448CE0DDE186CE05D2DED5F34428C99A8D70,2020-09-27 20:11:45.913000,
nqotlcf7yhzdw4gd,failed,not_found,1207,912B7597346A74A44AD4B6068C645772B758DCB7,49CA9262801E9DC9B414A143A58A68255149367A,431702B3A68A6015F9955DD4FD0129175B43EA0F,DB5A100152FB7937F02F00B5DDFFFD012789C242,2020-09-27 20:11:19.428000,2020-09-27 20:11:26.756000
nqotlcf7yhzdw4gd,,,,,,,DA4B488C2826DFBBD04D635DA1E71A2BA5B20747,2020-09-27 20:11:26.756000,
4zu23xncg2on7gog,failed,not_found,2350,912B7597346A74A44AD4B6068C645772B758DCB7,8C5B316ED73018484765C3E0944E4508DCAE0944,96CFE178A1D12489D9D59A0CAE17FE86F5A3A79F,8B889E04C60E30D511013189D3C2ADCE522E1F3C,2020-09-27 20:11:19.489000,2020-09-27 20:11:41.756000
4zu23xncg2on7gog,,,,,,,8B7C64EC9D8209C142530B3488050B85D55D69D6,2020-09-27 20:11:41.756000,
rkpx3bstwhutbx7m,failed,not_found,1231,912B7597346A74A44AD4B6068C645772B758DCB7,D53AE170BF6650A2C6640484FE1B5DD1C0AB895B,8EB722FA1AE9DDE1914BC21FEA22819D4DE99DB4,9A7E266811321BF39532F423121DD290287A42E1,2020-09-27 20:11:19.568000,2020-09-27 20:11:28.645000
rkpx3bstwhutbx7m,failed,not_found,2570,912B7597346A74A44AD4B6068C645772B758DCB7,E546C96AEB2258BD0733949027E8F96156F6B290,4FCF975D71A8663E8066BD1431D8E9459DBE2EAB,9A5754CD0C987355EB3D8AD4BEF4A2A841740520,2020-09-27 20:11:28.646000,2020-09-27 20:11:48.189000
rkpx3bstwhutbx7m,,,,,,,F0F5074A6DADD3DC22E1FAA18FD6D89CBC52771A,2020-09-27 20:11:48.189000,
uwrnwsrhx6qcw2hm,failed,not_found,1303,912B7597346A74A44AD4B6068C645772B758DCB7,065E6B20BF87AE6F0E27063BB8AE002ECC3736E9,5DE37A3371AAE7638748EB43C9F1CE66E09D4470,B50A98267A63713F37319D895EA1151C4B27BE4D,2020-09-27 20:11:19.945000,2020-09-27 20:11:27.284000
uwrnwsrhx6qcw2hm,failed,not_found,2307,912B7597346A74A44AD4B6068C645772B758DCB7,E17745C64255D2920D9B9FCF9EF930C426EE4A91,12D978C2A4CB4AC17940FE88F899B67A0FF9BAAD,B5212DB685A2A0FCFBAE425738E478D12361710D,2020-09-27 20:11:27.285000,2020-09-27 20:11:42.275000
uwrnwsrhx6qcw2hm,,,,,,,D11217B44873FD7C879E541844B4C20B9A7E5CFB,2020-09-27 20:11:42.275000,
reclteqfh43rjktb,failed,not_found,812,912B7597346A74A44AD4B6068C645772B758DCB7,1C7D71A2581DE79C5CFC4ED1FF75D5BE30F01BB7,1E03D81C9744DE0E3C9DE6E6FBDF1DF9DAEA5AFC,0E46E058CBC1C37D78896F008BD2D2B99732A149,2020-09-27 20:11:19.958000,2020-09-27 20:11:27.574000
reclteqfh43rjktb,failed,not_found,2462,912B7597346A74A44AD4B6068C645772B758DCB7,0F6E5CA4BF5565D9AA9FDDCA165AFC6A5305763D,B13A9B0DBA0C4B58A4D019C1A584DD15DD8C0A34,9314BD9503B9014261A65C221D77E57389DBCCC1,2020-09-27 20:11:27.574000,2020-09-27 20:11:46.284000
reclteqfh43rjktb,,,,,,,9370F55D4BBF72FBDF13C41D65C8B814B4300CC8,2020-09-27 20:11:46.284000,
xdvllzaqewmt2tg2,failed,not_found,2407,912B7597346A74A44AD4B6068C645772B758DCB7,8B64F593CAC2ED05C0FA703AEF50FF71925B569C,2FFE5FAF70D20E76B0474AE9E40C2A0B53F8D9F0,9E0058300401F6687EAE59F9FE82DB89230344C1,2020-09-27 20:11:19.980000,2020-09-27 20:11:27.925000
xdvllzaqewmt2tg2,failed,not_found,2510,912B7597346A74A44AD4B6068C645772B758DCB7,0C3D5E19E3C75B505C8ACD26F89DCA2DF970553E,C49E3E34591172A5340A1D37E5B4E3D0B91E0F15,9E2D7C6981269404AA1970B53891701A20424EF8,2020-09-27 20:11:27.926000,2020-09-27 20:11:47.432000
xdvllzaqewmt2tg2,,,,,,,9E198CC6DA30481F42E4A22E29E4A922C12F9F94,2020-09-27 20:11:47.432000,
zh4fiuwylj2ddrze,failed,not_found,1191,912B7597346A74A44AD4B6068C645772B758DCB7,3239007CE1FB2ECDFDF2067DF23B949295DC5EF6,E0260FF9BB70FD1398FC839A9CB8E90215CE77C4,EDEA19172EC8B1463BDD19E3A18778C5756710A1,2020-09-27 20:11:19.980000,2020-09-27 20:11:27.144000
zh4fiuwylj2ddrze,failed,not_found,2244,912B7597346A74A44AD4B6068C645772B758DCB7,CEA2E066A7F8EC0F235F5190E25DD3C9F86F084B,B55B11A739C43396B10CC621D9C9F9D7F3A8CDE4,E8AD8C4FDC3FE152150C005BB2EAA6A0990B74DF,2020-09-27 20:11:27.144000,2020-09-27 20:11:41.076000
zh4fiuwylj2ddrze,,,,,,,E8BAE7393740A700D50B010DED9D9EC9A66B390D,2020-09-27 20:11:41.076000,
zv6htgrhwfmcdemf,failed,not_found,1350,912B7597346A74A44AD4B6068C645772B758DCB7,D74F619C74C2E601A39EBE58C8E34DFEB3BADE99,E8E6A95CF0170FF9DED9145CCC74EB4288B34613,BA856D21B1A22CAE677A712DA4C9F0852D799DF8,2020-09-27 20:11:19.981000,2020-09-27 20:11:29.685000
zv6htgrhwfmcdemf,failed,not_found,2498,912B7597346A74A44AD4B6068C645772B758DCB7,FD79B7F9230858B48E75F389661840C702511078,1F6ABD086F40B890A33C93CC4606EE68B31C9556,A91F3E4D2CCD81F5C865E143525F92A790CDF17E,2020-09-27 20:11:29.685000,2020-09-27 20:11:46.060000
zv6htgrhwfmcdemf,,,,,,,BA8546AE9B27F0C81F98A6C12D96B7DAB0814991,2020-09-27 20:11:46.061000,
c4oglcwqpcnfxwk5,failed,not_found,1406,912B7597346A74A44AD4B6068C645772B758DCB7,3A8557B067FBE53F168BBEAA7D14D1298AE52A52,E00DFD54DC165D5452FBD3530D30186DAD016A0C,D91F295BFAF865BF76DA0820485B6650DD832DC5,2020-09-27 20:11:21.438000,2020-09-27 20:11:29.118000
c4oglcwqpcnfxwk5,failed,not_found,2607,912B7597346A74A44AD4B6068C645772B758DCB7,E0B3B10226F067A1B215178D19A19EF311E7FDC3,A857DA8F3728DE4475BFCD86D91351F5E302B3DF,185663B7C12777F052B2C2D23D7A239D8DA88A0F,2020-09-27 20:11:29.118000,2020-09-27 20:11:46.657000
c4oglcwqpcnfxwk5,,,,,,,185F2A57B0C4620582602761097D17DB81654F70,2020-09-27 20:11:46.657000,
l3ps5z2knwahhqbr,failed,not_found,1414,912B7597346A74A44AD4B6068C645772B758DCB7,C2FB346ECEA48FC980AD442BADB7CD10E14E53A6,F24F8BEA2779A79111F33F6832B062BED306B9CB,09DCA3360179C6C8A5A20DDDE1C54662965EF1BA,2020-09-27 20:11:21.527000,2020-09-27 20:11:30.672000
l3ps5z2knwahhqbr,,,,,,,09C2AA312AE0DDDF4C5E57CB1BE24158A5408590,2020-09-27 20:11:30.673000,
4vrebh6lustuiexh,failed,not_found,1422,912B7597346A74A44AD4B6068C645772B758DCB7,573051CAA3EEEE2B75EBD096BB1F70D3FDAC5F3A,B6E65DC3A11168989237F82EBD8115A029DB3688,82D561E064237EE8DDE0FF229F3C18ECEA95225F,2020-09-27 20:11:21.648000,2020-09-27 20:11:31.025000
4vrebh6lustuiexh,failed,not_found,3074,912B7597346A74A44AD4B6068C645772B758DCB7,D8A2D0080B0C73E1DC0EC9F33B497F64E5FB3F52,E1DE607E31C2C0FB6F8FC959BF7B58CE35D95990,B2ABDED0AB51FAE1D7E682CB31849FFF103030B3,2020-09-27 20:11:31.026000,2020-09-27 20:11:56.246000
4vrebh6lustuiexh,,,,,,,B2CB9E5C80367C9026A806EC4801E22425AA7E8A,2020-09-27 20:11:56.247000,
24osofvjb2zo75hs,failed,not_found,1430,912B7597346A74A44AD4B6068C645772B758DCB7,23A2D8DDF761F35CC63BDF65E604B76A7E2F6971,8E39881472946D5BBE41765470D9E3099A0EB4C7,72C2EB697C3CD4CE7408359B386DEE6B2888F714,2020-09-27 20:11:21.650000,2020-09-27 20:11:29.456000
24osofvjb2zo75hs,failed,not_found,2702,912B7597346A74A44AD4B6068C645772B758DCB7,D8A2D0080B0C73E1DC0EC9F33B497F64E5FB3F52,01B70C7C497FC8667DB5EB82C40D8F9214D6A484,EC1997D51892E4607C68E800549A1E7E4694005A,2020-09-27 20:11:29.456000,2020-09-27 20:11:47.867000
24osofvjb2zo75hs,,,,,,,72CF54492CA2F57F12B8493946C9BF9132EB0ABA,2020-09-27 20:11:47.867000,
ncpcsonwzef6g7jf,failed,not_found,1438,912B7597346A74A44AD4B6068C645772B758DCB7,FB691D6E3FEE35C6979EE72AF03A53DD861B4CBB,C8B23EA543FAD6F820E5841A8380DC28C83AEA0F,4CA782CE00ADBCDDB93DE3FCACF84445353D7772,2020-09-27 20:11:21.669000,2020-09-27 20:11:30.561000
ncpcsonwzef6g7jf,failed,not_found,2930,912B7597346A74A44AD4B6068C645772B758DCB7,9E6BA60AFBF9A4946A52770ABCDFC95703DAD6CB,2CE96A8A1DA032664C90F574AFFBECE18A6E8DFC,4CA64E677ECFF23B138CFE70A6A02E94BDF3A805,2020-09-27 20:11:30.562000,2020-09-27 20:11:52.134000
ncpcsonwzef6g7jf,,,,,,,9B22542BA085F8ECCC8B6D0F8897B8DB1C6E6D65,2020-09-27 20:11:52.134000,
amxslqb72sh7fh75,failed,not_found,1486,912B7597346A74A44AD4B6068C645772B758DCB7,41A3C16269C7B63DB6EB741DBDDB4E1F586B1592,E46C3F0533709EE2112874B13A4FE3868B33E75E,01AE2DE314276C82FCCC3603A1C2F3238E6544C9,2020-09-27 20:11:22.042000,2020-09-27 20:11:30.042000
amxslqb72sh7fh75,failed,not_found,2774,912B7597346A74A44AD4B6068C645772B758DCB7,903A2A7991C838E70FF5A586CD387749B3589669,E1DE607E31C2C0FB6F8FC959BF7B58CE35D95990,996F98DDCDA5A303C0832AC8F842D8DD2842D3BF,2020-09-27 20:11:30.043000,2020-09-27 20:11:51.812000
amxslqb72sh7fh75,,,,,,,9973E1E9730A58FDBA9E112D2B3342D2C0D921B5,2020-09-27 20:11:51.813000,
dwuzumc3k3srgb4z,failed,not_found,3039,912B7597346A74A44AD4B6068C645772B758DCB7,88748052843CC93A02BE1D9E9B5B358AB3A104AA,D65DB84BF1EB4DD225B9A1CD9CEFD87B595A30F5,DCAA176F75B04287131C6D78B7CFDDAC6F2691D9,2020-09-27 20:11:22.103000,2020-09-27 20:11:29.455000
dwuzumc3k3srgb4z,failed,not_found,2418,912B7597346A74A44AD4B6068C645772B758DCB7,3A30D99AE164733D16AA3A86D67B1D8B82A07FF5,44354E35E9F7F97AF27686D03B0D591686E35394,118496882F58E787DC24F5C219B93F22BA5820D8,2020-09-27 20:11:29.455000,2020-09-27 20:11:43.340000
dwuzumc3k3srgb4z,,,,,,,DCB6273B2D2AD09AAC021141136CD461994D1533,2020-09-27 20:11:43.340000,
pnqrhb5okdvb355z,failed,not_found,1935,912B7597346A74A44AD4B6068C645772B758DCB7,DA53984DBA28420169F34F4F44CB24E3A0946747,CB92FA4D7D71F134CE1F1FFF2BFF53E88DD4A1DB,929BB84A68198CE35E2F2828812840AF5C2CBC4A,2020-09-27 20:11:22.105000,2020-09-27 20:11:36.607000
pnqrhb5okdvb355z,,,,,,,BC64503664C90B4A9DA913736C361DEAD313B130,2020-09-27 20:11:36.608000,
5745geqe6z5r4qfh,failed,not_found,1511,912B7597346A74A44AD4B6068C645772B758DCB7,EAA823552F959DFD038E9AC8FA89345A738B6C00,46E0487EEEFD694CE625CC6E12D032395C01DB82,C130DD914A8D0E484E68DCC681B434A0BA044D9D,2020-09-27 20:11:22.105000,2020-09-27 20:11:30.136000
5745geqe6z5r4qfh,failed,not_found,2786,912B7597346A74A44AD4B6068C645772B758DCB7,D4E4D495A761B318F9FCDE7F93EA478C85F95420,88CF8D42D49B7C8E9D03ABE5DAE7AF25E9902008,85BFDBFCF9E711CF0F1A22C115368724D7C101F7,2020-09-27 20:11:30.137000,2020-09-27 20:11:52.353000
5745geqe6z5r4qfh,,,,,,,85A3AC041E3FCD796AF5D653953D5E27A56E3719,2020-09-27 20:11:52.354000,
izqml3qwcqoefk5x,,,,,,,7185B69E3267E71D0E4CBE30209677205DEA5E67,2020-09-27 20:11:22.119000,
dozd2bd5qsyvmyry,failed,not_found,2263,912B7597346A74A44AD4B6068C645772B758DCB7,54A35E582F9E178542ECCFA48DBE14F401729969,F5F4019509109A07E90C45A022CEED9ECA1643C8,E4240508EFC308D01665A07BD98B8564740D3376,2020-09-27 20:11:22.892000,2020-09-27 20:11:42.517000
dozd2bd5qsyvmyry,,,,,,,09930800210FF35CE84F2DEEDB4F9B67812B9717,2020-09-27 20:11:42.518000,
hqmtxoufl3tu7fg5,failed,not_found,1359,912B7597346A74A44AD4B6068C645772B758DCB7,7CA5DD27BAA6DCDDD537CE8CB5E11E63642F48F1,6111C6005AB56498BE5E35666B2522CEBE17D14E,26ACD3A1EFECBB695CE8DF2EB769DB9242964C6C,2020-09-27 20:11:22.907000,2020-09-27 20:11:30.480000
hqmtxoufl3tu7fg5,,,,,,,A7F80AB7E04C0004E8DE0A0037F8ED54292458BF,2020-09-27 20:11:30.481000,
y722fi6lvzw3atnc,failed,not_found,1601,912B7597346A74A44AD4B6068C645772B758DCB7,7FA3196223EF6DFE7B53EA85E3629239A0EE1CE9,DB621E29A90544FF5AC75E5BD0FEE679A6812F44,546E52A979FB0FBBDF1DDF360FB20AA03D22AACE,2020-09-27 20:11:22.921000,2020-09-27 20:11:33.066000
y722fi6lvzw3atnc,,,,,,,547E6E68ADE1B6F492C44443588A939610401DFB,2020-09-27 20:11:33.066000,
jdv4sgntsa667ddw,failed,not_found,1610,912B7597346A74A44AD4B6068C645772B758DCB7,5820D7E2CC290462233845BA807D616494CF0D7D,E7723680EA1F78E015DF312411990D5F5E815C27,318CAD1A00B33D2F65958210B09B8937836E99AF,2020-09-27 20:11:22.921000,2020-09-27 20:11:32.929000
jdv4sgntsa667ddw,,,,,,,E1468D867FA3230EC1DACFCA87A800BAF22E79E0,2020-09-27 20:11:32.930000,
4apfpt43fcmgy4mg,failed,not_found,1619,912B7597346A74A44AD4B6068C645772B758DCB7,4BF77DBD6796628EC6AC29F5651CEE1969EC7315,AA8B7237B4D2C76ED4AF24B3B47B375812AACC83,003BFA1B6CC5CBEFD5D0082F8FC9AF2A8868A8FB,2020-09-27 20:11:22.937000,2020-09-27 20:11:32.840000
4apfpt43fcmgy4mg,failed,not_found,3194,912B7597346A74A44AD4B6068C645772B758DCB7,ADE92B0150C933FFE00683E7492F1D930AFABB6D,25990FC54D7268C914170A118EE4EE75025451DA,0EAD0000E01B073AE88B1B4A0E63A6B9407BA255,2020-09-27 20:11:32.841000,2020-09-27 20:11:57.545000
4apfpt43fcmgy4mg,,,,,,,0E92BF02B3C11B0DD18301A0DE1B164A0546E36F,2020-09-27 20:11:57.546000,
jxdu3b2x5kojn3cz,failed,not_found,1645,912B7597346A74A44AD4B6068C645772B758DCB7,8D89D606CC7057124916A6616C4C1936ABEE9E88,E263B860EFA177F0DDE30C381F893F2805C140DC,FDA70EC93DB01E3CB418CB6943B0C68464B18B4C,2020-09-27 20:11:24.420000,2020-09-27 20:11:33.549000
jxdu3b2x5kojn3cz,,,,,,,CCF28BC8FB26C8C172DEE741702056914D2849BD,2020-09-27 20:11:33.550000,
brdoklv3qqjruyle,failed,not_found,1654,912B7597346A74A44AD4B6068C645772B758DCB7,69E188B18B4DDBB39F93D8D26DE8FEA5D42018FE,4EB55679FA91363B97372554F8DC7C63F4E5B101,3098CC656BB3F519FEBF93AF6E0CBBDE4D84002A,2020-09-27 20:11:24.437000,2020-09-27 20:11:32.533000
brdoklv3qqjruyle,failed,not_found,3098,912B7597346A74A44AD4B6068C645772B758DCB7,FC1E441E097BA36930AA2F615EFB325AF76D2595,3239007CE1FB2ECDFDF2067DF23B949295DC5EF6,FDAED15C98CFE7A416E5676F614254F78406105C,2020-09-27 20:11:32.533000,2020-09-27 20:11:56.772000
brdoklv3qqjruyle,,,,,,,3076FB1CCEB8341322019AD26F69BFC0AA845334,2020-09-27 20:11:56.773000,
3fhyoiy4jw63f3s5,failed,not_found,2075,912B7597346A74A44AD4B6068C645772B758DCB7,22775B953E662151549C114CB8EE5FBDBCBDAD02,5CFC486780CBD4446B764E51608D6574003B350D,E81993EA52B73285CFFD02FEC003569D21483001,2020-09-27 20:11:24.437000,2020-09-27 20:11:37.761000
3fhyoiy4jw63f3s5,,,,,,,E767C3B8295AD79B02E80A21345C9F2B3C2AD7DB,2020-09-27 20:11:37.761000,
kjmjtmysj5jjnodx,failed,not_found,1682,912B7597346A74A44AD4B6068C645772B758DCB7,A2C6C931D8627C6605288970889DDB88C7BA2142,3BA07FCB32A0151EF9B76507213E43D8ABD3BE5F,B5558CFA70A5308582B25767C9698E6DBE6A90B2,2020-09-27 20:11:24.465000,2020-09-27 20:11:32.738000
kjmjtmysj5jjnodx,,,,,,,B5489D6C57192833B13B9634524552CEE38124AF,2020-09-27 20:11:32.738000,
yrqd6gmlafb5kdqa,,,,,,,F37374DB9FA6EF14CED64FD294E8D8683F032EC8,2020-09-27 20:11:24.466000,
734dx5kuqzdkbkwu,failed,not_found,2375,912B7597346A74A44AD4B6068C645772B758DCB7,BB5630967607D8A8B6CA854AF954FE8372D1662A,81F59E8936D0B2105182E4B8200AC07D9274961F,7430F66B1CABCB52D583C9C3035EE19A3E87A23E,2020-09-27 20:11:24.961000,2020-09-27 20:11:42.721000
734dx5kuqzdkbkwu,,,,,,,47A3D00525F041F382B398BF95BC58E0EC23276B,2020-09-27 20:11:42.721000,
jh5gqjrmwnsv2frd,failed,not_found,1936,912B7597346A74A44AD4B6068C645772B758DCB7,D965855F77A59FBBC5D1224DFB9C12A992355079,8C5B316ED73018484765C3E0944E4508DCAE0944,64E764871F3CFD0BAEC040F2A06AD5A0B818610D,2020-09-27 20:11:25.034000,2020-09-27 20:11:36.722000
jh5gqjrmwnsv2frd,,,,,,,7088D485934E8A403B81531F8C90BDC75FA43C98,2020-09-27 20:11:36.722000,
q6sfkpgxbhqmrakc,failed,not_found,2319,912B7597346A74A44AD4B6068C645772B758DCB7,5D765770B4DB110D88787457978AB4008CF65CAC,64E257D94E739278D5954CC820C9D7EAC4E7A7B7,F8957D61E29A626400029A03A6348400E7502604,2020-09-27 20:11:25.035000,2020-09-27 20:11:42.140000
q6sfkpgxbhqmrakc,,,,,,,F86A29330A705B0279EA3577784018AB0E18D5AF,2020-09-27 20:11:42.141000,
qpawt5ctwpbncsef,failed,not_found,2386,912B7597346A74A44AD4B6068C645772B758DCB7,F10BDE279AE71515DDCCCC61DC19AC8765F8A3CC,21C9D9F1633246269DEB84A79495E85C07E8466D,FF87E49EF33078B04A5DE26AAE170DDF8BAE139F,2020-09-27 20:11:25.036000,2020-09-27 20:11:41.905000
qpawt5ctwpbncsef,,,,,,,D12032F45328C06F053921479CF770A208378B9F,2020-09-27 20:11:41.906000,
wn4sboxz3sobaqug,failed,not_found,1914,912B7597346A74A44AD4B6068C645772B758DCB7,5B1F0DAF378A1FAFCFD5FA9CDC66D1023DC0276E,CB1EC403A7331FE26F218D178DF8908014CC4F65,3C79699D4FBC37DE1A212D5033B56DAE079AC0EF,2020-09-27 20:11:25.037000,2020-09-27 20:11:36.299000
wn4sboxz3sobaqug,,,,,,,57CB4D6FB898E8B7CA9A01018AB6BCB727BF20A9,2020-09-27 20:11:36.300000,
h5q4o5egvpw76pcl,failed,not_found,1761,912B7597346A74A44AD4B6068C645772B758DCB7,59BC32EA48ED1D06A373856434C0C5C4D2D86603,A1FC8E424167AD70B6FA4953D9348BCD82CEB788,70FF4E669EC69F8E324537D05ADDAAED76303D8D,2020-09-27 20:11:26.405000,2020-09-27 20:11:36.821000
h5q4o5egvpw76pcl,,,,,,,71155FA59038587327C37A11DA6B7204E09A78C2,2020-09-27 20:11:36.822000,
armumzr3stfpvx67,failed,not_found,2016,912B7597346A74A44AD4B6068C645772B758DCB7,8FD3BAF5E14EBE1124D6253D59882AFE1C2B9B8E,834C91DEEB2FE4FEFCE55A99C378968FB659115C,67FBB854B6DBD2DCBA5747FD761BF36096EFC0C0,2020-09-27 20:11:26.405000,2020-09-27 20:11:36.955000
armumzr3stfpvx67,,,,,,,4DB0490A0420809A8149E778BBAC8F1E9349D9EC,2020-09-27 20:11:36.955000,
gvjdlwk5ulk2x27l,failed,not_found,3219,912B7597346A74A44AD4B6068C645772B758DCB7,1D702DA43D588FE9D308D3879A6F5E61BB2ECCFA,2BAF092E8667C00CA3D9686C76D8EC3CC6BC7C5B,843C4F774DA2653DADBA5B847A33CC646995F6A1,2020-09-27 20:11:26.407000,2020-09-27 20:11:37.301000
gvjdlwk5ulk2x27l,,,,,,,842B1F6C4B9E41FC9059DF675C5DF5BDA9F0FC73,2020-09-27 20:11:37.302000,
hgsg5lixso4nyhwm,failed,not_found,2363,912B7597346A74A44AD4B6068C645772B758DCB7,DB5DE88B4914F60CDEEF581ECCA8DEA59EF26A90,E1468D867FA3230EC1DACFCA87A800BAF22E79E0,E767C3B8295AD79B02E80A21345C9F2B3C2AD7DB,2020-09-27 20:11:26.591000,2020-09-27 20:11:41.795000
hgsg5lixso4nyhwm,,,,,,,E75ABF29D4B417D3D3565AEDAF89E4F9D16E736F,2020-09-27 20:11:41.795000,
atxa5yhxyxs6n4jq,failed,not_found,2397,912B7597346A74A44AD4B6068C645772B758DCB7,D52A160303C638D9FB03463F8A6B7934D5787F4C,D3B72ADA2F3EEDA2BA98F645D620CA1C4060AAF4,A6B0521C4C1FB91FB66398AAD523AD773E82E77E,2020-09-27 20:11:26.591000,2020-09-27 20:11:41.868000
atxa5yhxyxs6n4jq,,,,,,,0E5522CB4F79E36C0BB263BABC861CFC686929AE,2020-09-27 20:11:41.868000,
ncp3bnhocprr7k2d,failed,not_found,2417,912B7597346A74A44AD4B6068C645772B758DCB7,F75A613573F2AE8DA644FA4A7CFDA4BA930EDDAF,A2C6C931D8627C6605288970889DDB88C7BA2142,508773E7A34F3BE17DD0372446798FACB8BF1EAA,2020-09-27 20:11:27.030000,2020-09-27 20:11:48.595000
ncp3bnhocprr7k2d,,,,,,,1119A89E729DB65839FB232A1E0F8669B0AE84DF,2020-09-27 20:11:48.595000,
xq2l54vcvuqlngd5,,,,,,,9E198CC6DA30481F42E4A22E29E4A922C12F9F94,2020-09-27 20:11:27.068000,
qms6kapp2zyvwmhe,failed,not_found,2194,912B7597346A74A44AD4B6068C645772B758DCB7,980B28A19B0A66948035A3FE143E5CF613C84122,AF77AA5BD924319510F99B30CD0932D32B01B5C5,D6AC8B8513372F6474344C93B8A5A8AE3E3C962C,2020-09-27 20:11:27.069000,2020-09-27 20:11:41.521000
qms6kapp2zyvwmhe,,,,,,,D69660417D1BEEC6E9ED2CDCEABC4872BC111ADE,2020-09-27 20:11:41.521000,
rzo6wnuq7s5qaniw,failed,not_found,2204,912B7597346A74A44AD4B6068C645772B758DCB7,D1640589B1C0CC8BC657E07F9F739C267C08A768,E312A938D71045BE3A5C1FF3AB87CF7464194861,39A551CD188151147DC4D19523D06A09B5287C29,2020-09-27 20:11:27.069000,2020-09-27 20:11:41.149000
rzo6wnuq7s5qaniw,,,,,,,396650D22D382D59B5048A462DE9B690092452EA,2020-09-27 20:11:41.149000,
ce4xt2r4xlbs4izc,failed,not_found,2224,912B7597346A74A44AD4B6068C645772B758DCB7,2ACEC0EB4F92729B8CA22C868545866B9529431C,F6D600CF13B3BBE2A91A0653F1EC9D00E7CB3A6B,91799AD097018FD5F83B70B978068FB83F72934F,2020-09-27 20:11:27.142000,2020-09-27 20:11:41.148000
ce4xt2r4xlbs4izc,,,,,,,917A2DADBA0D7727DF7FFD46AD923FD937686A3D,2020-09-27 20:11:41.149000,
i7vxct55jvrd4uj4,failed,not_found,2485,912B7597346A74A44AD4B6068C645772B758DCB7,7D8EBB86CF2EB560F938BEF018E1D8FD6B36B327,80AB167E463DC977F0B02D6880E63DC298029875,BF50E09EED25B82861CF95E1AAA42DCFEF53E5D1,2020-09-27 20:11:27.902000,2020-09-27 20:11:46.560000
i7vxct55jvrd4uj4,,,,,,,BF5C0C5D3A1C6654FEBA5FF66B00734DF073DB50,2020-09-27 20:11:46.561000,
v5cqkifb243hpoqy,failed,not_found,2497,912B7597346A74A44AD4B6068C645772B758DCB7,DD0AA66DD9E4E71FFAFAB658DF8300F1CEEA0364,63540827C4832D214984EA47B7A68C593F9F862F,101C18886B30BB23B36CBAAD159261188852E112,2020-09-27 20:11:27.925000,2020-09-27 20:11:46.054000
v5cqkifb243hpoqy,,,,,,,10231E08F19C03D5A2FE3AAD03D863ABDE2081BC,2020-09-27 20:11:46.055000,
77b5qohpjwxi5edb,failed,not_found,2522,912B7597346A74A44AD4B6068C645772B758DCB7,0FADA801B150261109DD1F492BB10CE39C83A782,EA8CEAA8939F20108D4388B6EAE867A5AC6442C1,C91102131E6B9CECFC56C4A29ADA4E638D7872F7,2020-09-27 20:11:27.946000,2020-09-27 20:11:47.702000
77b5qohpjwxi5edb,,,,,,,F4249FE946F93C1B9E74B070394ED46126B4426A,2020-09-27 20:11:47.702000,
7uwzxv7xv3jfodij,failed,not_found,2534,912B7597346A74A44AD4B6068C645772B758DCB7,055E271A48AA082E6A9FE88EA58DB73A600CDF24,2AE2CA4BD2B7754F29432C25E03314D52AC4CAF1,372082F3E01DE6A6333D30329C6903A19D0E8E87,2020-09-27 20:11:27.947000,2020-09-27 20:11:47.008000
7uwzxv7xv3jfodij,,,,,,,375AAFD4E280B95136969E191AF4D9A1FA7C4FD9,2020-09-27 20:11:47.008000,
qyojjgzaoetjmfc4,failed,not_found,2546,912B7597346A74A44AD4B6068C645772B758DCB7,8C858D558310D4D5EAB3DEAF33CEE356ACA01810,724E86E7F5DA715529DC0ECAA013AE4BDC680E4C,9C1E47FF205F349D69D569AE7ED15366A5554A46,2020-09-27 20:11:27.947000,2020-09-27 20:11:47.957000
qyojjgzaoetjmfc4,,,,,,,2F64EA527C4AA6F99E261318DD1FF127828E2525,2020-09-27 20:11:47.958000,
3hs5zazmmohwfxyp,failed,not_found,2619,912B7597346A74A44AD4B6068C645772B758DCB7,25370B6EB383700E46FCC6AD85274120D46F7F65,C3263F4B4E92127B7CD15E8F9746B4382233424A,EEB8F7554A54A96B51245AB47EB7B7DD99A98493,2020-09-27 20:11:29.216000,2020-09-27 20:11:47.056000
3hs5zazmmohwfxyp,,,,,,,EECADDB0CBB5725D4DDFE3D7E734E8261E0E9D09,2020-09-27 20:11:47.056000,
d6rbkayir2wpjzty,failed,not_found,2631,912B7597346A74A44AD4B6068C645772B758DCB7,037BCD0EBDF7DB9F3D562DA27D463F0F78F1494B,59BC32EA48ED1D06A373856434C0C5C4D2D86603,77A6151CE190059973D12E5E461F5B84AC583CB9,2020-09-27 20:11:29.261000,2020-09-27 20:11:46.958000
d6rbkayir2wpjzty,,,,,,,77A56CB237740E24AEA2D61C8C8936232AFC1BD8,2020-09-27 20:11:46.995000,
epu7d2ql7xrmp756,failed,not_found,2643,912B7597346A74A44AD4B6068C645772B758DCB7,72C2EB697C3CD4CE7408359B386DEE6B2888F714,296DD68C9017BF7FC7CEC9ACB43A6FAA942408FF,6E8E5CA9B6F567416ADA21E990E7746BC223B0C0,2020-09-27 20:11:29.261000,2020-09-27 20:11:47.613000
epu7d2ql7xrmp756,,,,,,,6E94866ED8CA098BACDFD36D4E8E2B459B8A734E,2020-09-27 20:11:47.614000,
b2o5pnsuzh4r3ut5,failed,not_found,2943,912B7597346A74A44AD4B6068C645772B758DCB7,9A48EC8AAFB2E8C9E20408596383DB74F1196747,CDA2C336AD87E22DF02983887A3F74B21070D02D,364E18848469385C5948376FAF778AC61D4CFB67,2020-09-27 20:11:29.423000,2020-09-27 20:11:52.558000
b2o5pnsuzh4r3ut5,,,,,,,61875BB87F7C6BB9B656BE7B95EBBFB3D5500C97,2020-09-27 20:11:52.558000,
m7p4mq47z4p3h5ng,failed,not_found,2667,912B7597346A74A44AD4B6068C645772B758DCB7,66F8C32B94D73B51A5D2FA079C6A09047C9ABA71,E7EF73B4722CFAF0E8AA2151D3AA78701DE5F19B,AAE168C9016C395EA5C47D94AEA9606E59A9EA8F,2020-09-27 20:11:29.425000,2020-09-27 20:11:47.328000
m7p4mq47z4p3h5ng,,,,,,,CD97DD0842A79184A7D057ECACEF7408C239C710,2020-09-27 20:11:47.329000,
k4q6fo4grwjopsez,,,,,,,4060BE838E47FDFFFEB045CAF6630AC663AE2AD2,2020-09-27 20:11:30.138000,
f5p3wrek7rtw35c5,failed,not_found,2822,912B7597346A74A44AD4B6068C645772B758DCB7,746B3C4BADCCA09003DD091AF028560A61E0A48E,B728832F0AB11E5450EC320230E2B7D33EC08F49,3C4B5F67E092261DD87626CCA76C7402A4A1CCC3,2020-09-27 20:11:30.164000,2020-09-27 20:11:52.856000
f5p3wrek7rtw35c5,,,,,,,D8E832DD333476940DD083E80230E17BC2C16F5F,2020-09-27 20:11:52.856000,
6xx2h2zs2ipxkwa6,failed,not_found,2834,912B7597346A74A44AD4B6068C645772B758DCB7,61B8BDC91AA7BC9A05EB5A3D652FFF88C98E6911,93C4C20DD1A6797200A60FBE714523FD9D41B5B3,1BBCAEB763CA46DEB565A7251FAA6AC79A388ADD,2020-09-27 20:11:30.164000,2020-09-27 20:11:52.498000
6xx2h2zs2ipxkwa6,,,,,,,B9DE57771D72238A0D8C8D3269A255BA448413B0,2020-09-27 20:11:52.499000,
agvafdagq5q5teda,failed,not_found,2846,912B7597346A74A44AD4B6068C645772B758DCB7,80F89CB42A1257A6145C1B1D6463C795CB99A6A4,37A8BA9E3F05417EFE93DF626641EFF271E0A3C2,BAD761187765BC646585D1910D067596770959B5,2020-09-27 20:11:30.202000,2020-09-27 20:11:51.983000
agvafdagq5q5teda,,,,,,,BAE70B5A61B12A3D31DEE94E697AF1FDA9A9B82D,2020-09-27 20:11:51.983000,
squvmazgunj5e77n,failed,not_found,2858,912B7597346A74A44AD4B6068C645772B758DCB7,DFF9E741D00F74998FE83CD6260EE4D9E0B0DBFA,A0BD104E35D36F5630B01EB5370597EB09204C99,8C9BAB83C944DBD8B321F822706F0A5E6D48A484,2020-09-27 20:11:30.202000,2020-09-27 20:11:52.349000
squvmazgunj5e77n,,,,,,,8C94FAB733C8F1E6C1828946DB77699DD9AC63D7,2020-09-27 20:11:52.351000,
upxtfia4xl7bydgv,failed,not_found,3003,912B7597346A74A44AD4B6068C645772B758DCB7,79E48A3242DB3515700F8925FA8E6323F8D51D7D,8B384367EE627FA63DEF1D3A184C0E39D2B66E9A,B4B900AD50134E9528D7CDF665ABDADABF53A9B7,2020-09-27 20:11:30.935000,2020-09-27 20:11:54.920000
upxtfia4xl7bydgv,,,,,,,0F19413E69DB6507EFDDEC9444C86E0574D6F471,2020-09-27 20:11:54.921000,
vlhygjlfirvyieop,failed,not_found,3015,912B7597346A74A44AD4B6068C645772B758DCB7,94318CC2299A3826D81899EB23C25A2B7D6B1FFE,890480E14E634C8B4467C475E355A6FBF3D99CD5,3760F67140B6662BFB38B9245C2B510455B88E45,2020-09-27 20:11:30.936000,2020-09-27 20:11:53.861000
vlhygjlfirvyieop,,,,,,,ED4325A6DB8D579CFF70F5A5630FD368464B0D64,2020-09-27 20:11:53.861000,
cxffl6pdav4j7j2t,failed,not_found,3027,912B7597346A74A44AD4B6068C645772B758DCB7,B9E72BCD9BF7B1EF5706A852B0378702664E2569,F148A022E5E2BAD006E29C82C8D47C047A29958F,E0023AC14180112A2FFF00A84C6049862BB3E6C3,2020-09-27 20:11:30.963000,2020-09-27 20:11:55.082000
cxffl6pdav4j7j2t,,,,,,,E006EA04C696BBD6E35407538131305FF3CB8C16,2020-09-27 20:11:55.082000,
p4vqyceoxyyacbmr,failed,not_found,3051,912B7597346A74A44AD4B6068C645772B758DCB7,3A30D99AE164733D16AA3A86D67B1D8B82A07FF5,B204DE75B37064EF6A4C6BAF955C5724578D0B32,7737A40305131AD8B5E60CFB9126E4BBE1ED7F76,2020-09-27 20:11:31.007000,2020-09-27 20:11:54.476000
p4vqyceoxyyacbmr,,,,,,,2779DB3B7A0EEC32F39792E393CAA134847BBF6C,2020-09-27 20:11:54.477000,
ucjr2rm5ceewbr5d,failed,not_found,2750,912B7597346A74A44AD4B6068C645772B758DCB7,BFD3FC19AD1F691C01B5392DE90D3510B8D1B886,24F97F98C45E4754655BE66799049763DAEE99CE,443114A8673927436BC3F8FCFE6E08B16B1D5F86,2020-09-27 20:11:31.008000,2020-09-27 20:11:50.546000
ucjr2rm5ceewbr5d,,,,,,,FF87E49EF33078B04A5DE26AAE170DDF8BAE139F,2020-09-27 20:11:50.546000,
glivkibqnt7fxa33,failed,not_found,3110,912B7597346A74A44AD4B6068C645772B758DCB7,38E48C9509E18F405749859EEF299EBC1B829602,20386D9A32BECBE602375E015FC70117955653F1,3F065BB0B02FB2303E144383D16C47A7DED75AE7,2020-09-27 20:11:32.566000,2020-09-27 20:11:56.923000
glivkibqnt7fxa33,,,,,,,3EDD00245D93664A33A724BA377150E5531ED033,2020-09-27 20:11:56.923000,
kthzv6bjryvibxjn,failed,not_found,2931,912B7597346A74A44AD4B6068C645772B758DCB7,8310506FEB8DA98EAE0C30F65413B4E20B6BE3E0,547C1CDB516798EC66A01F04A5884DCE1A151919,D9FC98828F09EF87128FED5569AE5459FBA151A7,2020-09-27 20:11:32.566000,2020-09-27 20:11:53.361000
kthzv6bjryvibxjn,,,,,,,D9B91878B46BB80E6D752E876BF9D481EFEAC5BF,2020-09-27 20:11:53.361000,
tlkqegmzrolr2vxx,,,,,,,427DEDAA28D39672F3D9B7714170C724634671F3,2020-09-27 20:11:32.711000,
acweivggysnmrbcn,,,,,,,B43409C6A047E50FC7B7A23321102957BAFC3D6B,2020-09-27 20:11:32.737000,
k7ci6vuibufyz7n4,failed,not_found,2056,912B7597346A74A44AD4B6068C645772B758DCB7,AF42BD51EEBA9329E110AA8D206FED316E1DA671,C35C9FA3FC501BDC22A83FC05102733951E386D0,843C4F774DA2653DADBA5B847A33CC646995F6A1,2020-09-27 20:11:32.738000,2020-09-27 20:11:57.339000
k7ci6vuibufyz7n4,,,,,,,842B1F6C4B9E41FC9059DF675C5DF5BDA9F0FC73,2020-09-27 20:11:57.340000,
t6mqlghnhhi4cp3e,,,,,,,0111BA9B604669E636FFD5B503F382A4B7AD6E80,2020-09-27 20:11:33.065000,
nmwczpeso2jromdd,,,,,,,A3407CC403CF39DFA40ED9E1D14A8B54431F6104,2020-09-27 20:11:33.066000,
klletzvmfayfpjwi,,,,,,,FB8796036069BB4787D639F92681ECC2FD7AEB22,2020-09-27 20:11:33.174000,
45c3nlf6nbc2pzve,,,,,,,AB4761E23AF511E8306E95E78F7E82F77B2E487F,2020-09-27 20:11:33.174000,
3wz6y2xz2vqsg6ii,,,,,,,2779DB3B7A0EEC32F39792E393CAA134847BBF6C,2020-09-27 20:11:33.176000,
ayhtzn3z6d4625vk,,,,,,,348439F4A3D959E6D1481070DA81A135343419CB,2020-09-27 20:11:34.094000,
s3t7mw6or7ibyeka,,,,,,,79B39F8D53DACC9A63975FBC346301D8D0D36034,2020-09-27 20:11:34.095000,
hiredoa6uf6oa6q3,,,,,,,73010D9C5A330C7D3E65057E88B871C4D5D233D5,2020-09-27 20:11:34.125000,
rdkzbnxdlj47lsg5,,,,,,,0111BA9B604669E636FFD5B503F382A4B7AD6E80,2020-09-27 20:11:34.185000,
g5cdbbafyqbjqdgl,,,,,,,E480D577F58E782A5BC4FA6F49A6650E9389302F,2020-09-27 20:11:34.186000,
mcb76ocmpaufdkhn,,,,,,,6B9D83843DBD686DBB8066989BFCC90303F67B05,2020-09-27 20:11:35.498000,
vhl3ug3zuslsq32s,,,,,,,51E1CF613FD6F9F11FE24743C91D6F9981807D82,2020-09-27 20:11:35.701000,
m4dkjifkg6w3zb52,,,,,,,AD9F6804869ADD53A55F20DA4A1FC107F38D079E,2020-09-27 20:11:35.831000,
qc3aris7iqnonjfo,,,,,,,1A3AC11BF85CE386E19863F5CDF7769BA30E4A06,2020-09-27 20:11:35.832000,
qkebfe5bu2t2uc7n,,,,,,,10231E08F19C03D5A2FE3AAD03D863ABDE2081BC,2020-09-27 20:11:35.955000,
vnqmrdwoe53ugjy6,,,,,,,890530C5B510A506F5CF206EFEC1595F96E727A5,2020-09-27 20:11:36.289000,
vpmakcvvkl42ru6c,,,,,,,5AD3FB658E490BAD9515F363374AA41D65D31A02,2020-09-27 20:11:36.289000,
lg4grftt4o6ot276,,,,,,,D69660417D1BEEC6E9ED2CDCEABC4872BC111ADE,2020-09-27 20:11:36.299000,
mpjgrb6oigcgvrn6,,,,,,,99AC77667D8D606251B749DFDA473B2C781F78D0,2020-09-27 20:11:36.444000,
dn6m3gtwyermucsz,,,,,,,B8D596040EDFF67D7A200FB289DC1620275EAF52,2020-09-27 20:11:36.445000,
u7lp6devexnhfmhc,,,,,,,5CFC486780CBD4446B764E51608D6574003B350D,2020-09-27 20:11:37.302000,
hlsgouzqwjrxptej,,,,,,,8F8911CEB5CAA353735DE1EF566B132AB649EF4C,2020-09-27 20:11:37.393000,
cbzcn6lywnqdwmbv,,,,,,,91E7CA6B8D0AAD77C7CFB8FEA25BF4F46DA1042A,2020-09-27 20:11:37.458000,
b6cz65b3he5jea5v,,,,,,,0515C09FF6F72644B922C8D99128489FA53BA1FC,2020-09-27 20:11:37.459000,
5qwmbvtmpislr6wu,,,,,,,2C6C970E027A99EFF3E6977CD1BCDD9586E0BFB3,2020-09-27 20:11:37.460000,
o3spd3hvtbofjpqh,,,,,,,828112B80D28A92311A8C6C7CCF369B316C40744,2020-09-27 20:11:37.932000,
za6akfywu7ay4nqy,,,,,,,53B1C6E35706C9EC30B9468B61DFBB67F29BFC2F,2020-09-27 20:11:37.973000,
5n2rdudteuudwwr4,,,,,,,31DDF87B0464C8AA3715F9AC93E8A619E60E5031,2020-09-27 20:11:38.025000,
yx3bk4n3q5jvt4y2,,,,,,,49F906FA05DAADDDCA677B6C4BA196CAA1042E90,2020-09-27 20:11:38.026000,
scdhc7vtk76ikgl5,,,,,,,2D418A89F79DB4A8E658BA549FBB974D1D22DD1A,2020-09-27 20:11:38.026000,
jsbpjylfachweuur,,,,,,,DD8F5A74DD375F1D6A798A1AB50116339FEBED01,2020-09-27 20:11:39.382000,
kl6jpvsog456vs3d,,,,,,,4AC424FBB4DAC4B028366C0C2EE9C9DD11A7BE2D,2020-09-27 20:11:39.737000,
5z36tsbagzrulsgp,,,,,,,07C3EBBE41DF9FE8551DF69642FEBA70E954DC0F,2020-09-27 20:11:39.737000,
s4ib7mlgnat6r3be,,,,,,,D405812970B302ADE80EDF749A3FF2330F2F189D,2020-09-27 20:11:39.878000,
nveuosslbil2hrnb,,,,,,,15BE17C99FACE24470D40AF782D6A9C692AB36D6,2020-09-27 20:11:40.150000,
kwwam56ebh7yelsk,,,,,,,B4B900AD50134E9528D7CDF665ABDADABF53A9B7,2020-09-27 20:11:40.792000,
6gv5cppvl54kmb7s,,,,,,,A22B1C2EF2255987F8AB8AA0B1A8E23F5023EEB8,2020-09-27 20:11:40.996000,
4ldtefj5ird6iizv,,,,,,,5E8EAC4A7BC3B82ABF731075CB27E54F2681BC49,2020-09-27 20:11:40.998000,
o5omvthil727etxy,,,,,,,66F8C32B94D73B51A5D2FA079C6A09047C9ABA71,2020-09-27 20:11:40.998000,
ipsfjvlsa7jttrq5,,,,,,,7AFC157269130BCF36BCCAC0F2DAA0685E70D40D,2020-09-27 20:11:41.038000,
s7meygtbosdbegdb,,,,,,,375AAFD4E280B95136969E191AF4D9A1FA7C4FD9,2020-09-27 20:11:41.184000,
7ndvsujh37jmt2jz,,,,,,,163303F0583A1917326214379BD1AB2D286046EA,2020-09-27 20:11:41.185000,
azv5u5zuxg6yg7rs,,,,,,,0FADA801B150261109DD1F492BB10CE39C83A782,2020-09-27 20:11:41.520000,
ub37gckyu3dgktpq,,,,,,,FE857C3043412FD5454ED5FEF55C4C572E5B70CF,2020-09-27 20:11:41.520000,
ls7x2c7slergwewd,,,,,,,6E4DC86BC268306583E6C5640F11F17677663EDE,2020-09-27 20:11:41.520000,
gk46ql3bapmjudyk,,,,,,,AA616315BA97729EA47DAD8718FA59269C7229E7,2020-09-27 20:11:42.060000,
5hg462xp4bt7w4tx,,,,,,,66B06D59BDFC90EBC6EDE79C558275F2CD4799B0,2020-09-27 20:11:42.061000,
rflprbv26ullh3br,,,,,,,D5C6F62A5D1B3C711CA5E6F9D3772A432E96F6C2,2020-09-27 20:11:42.140000,
2mvdqk5dwcmyzlaa,,,,,,,50A4A3A09AC7BC09F578670618A9BB864772EE03,2020-09-27 20:11:42.141000,
u7y2nw6ra27u6t7w,,,,,,,68514D6AF3A500C61E5C8A03B0C1E1ADDAC62462,2020-09-27 20:11:42.141000,
bran4u4yjyef3em5,,,,,,,B65CC2B45CE9C934D1E1254736166D6AB64C2ABC,2020-09-27 20:11:42.929000,
k5y4i2gazztezloo,,,,,,,5A14FBBBAF842124A0AF3C650F4302C5B549AB17,2020-09-27 20:11:42.972000,
xosgaz6ushrduf7u,,,,,,,B0553175AADB0501E5A61FC61CEA3970BE130FF2,2020-09-27 20:11:43.105000,
lpx4fk7t7vcu3dyh,,,,,,,879FAE7932DF44AAFB3366DE405C4680F74E9284,2020-09-27 20:11:43.106000,
bilow22uielvsgkg,,,,,,,EF09163EC3F03C2F63A865BBBF1CE5642C6595A3,2020-09-27 20:11:43.164000,
fxe7oucqpngqqssc,,,,,,,148487C6EBE04EB22496080C20796C51B060F611,2020-09-27 20:11:44.480000,
6ewdk4iha6n5ospu,,,,,,,68EBB2CAB63B98F0BA802AD04059ED752665A138,2020-09-27 20:11:44.749000,
lrmhkl5mf77xeway,,,,,,,908423FE8C7222B2AC950C034470D2127DE8786F,2020-09-27 20:11:44.952000,
ak4czxkn6ihpy24r,,,,,,,3F065BB0B02FB2303E144383D16C47A7DED75AE7,2020-09-27 20:11:44.954000,
e6zomutv354b22oz,,,,,,,D2CCA8FA2B5EE7953A778584B0F9548BDF350770,2020-09-27 20:11:45.105000,
bxgwtikj4jrpx5ut,,,,,,,469305AE56D9F446468E8BE8780219EED54EEF25,2020-09-27 20:11:45.480000,
foei5s2aff6zsmjm,,,,,,,812D17F974F2CCD7AAE585A879783C2EF96687DE,2020-09-27 20:11:45.481000,
l4ircxrmo5zqnhvb,,,,,,,5BF170F5773748C783BE4B67DABF5338C03B1AE7,2020-09-27 20:11:45.662000,
rid34rgcf5zqkrzr,,,,,,,3D9CE80399B68C01377FEC42395E399B9ED16E18,2020-09-27 20:11:45.700000,
tn4z6y7rfeivijts,,,,,,,16F50F2728581FE5CA7AC31F5066DCE8653F996C,2020-09-27 20:11:45.715000,
omgwm74gxij6hav6,,,,,,,64B05F9A2122B5DB4ADCB0E6F083193F3170A902,2020-09-27 20:11:46.284000,
dyg32cjir7dj3jry,,,,,,,89FD4FB2A5FD73B50F2E5D85C4707883F8CD5130,2020-09-27 20:11:46.284000,
acajgh253rojzqvk,,,,,,,33AA6CFE161A698169B548C9D973DAE6DED6BF0E,2020-09-27 20:11:46.481000,
6fo3rlnlun4j2kiy,,,,,,,E6288334BC0F95345817811880DDEA184E63AE69,2020-09-27 20:11:46.481000,
xhnlohlfnrkngbtc,,,,,,,8E33A4B1985004E5FBA5F8BF61AE3A23A2BF78E8,2020-09-27 20:11:46.553000,
svxc4therqfhwpis,,,,,,,E6E50A68995BE3BEF723FAB5BE1A398166CC0680,2020-09-27 20:11:47.158000,
3jmsra7dy2inc6t4,,,,,,,8C35B15C1F138BDE4D50A975129E4773B44A503D,2020-09-27 20:11:47.330000,
rkjk3bbiu4c5ruly,,,,,,,58ED9C9C35E433EE58764D62892B4FFD518A3CD0,2020-09-27 20:11:47.330000,
yufdbjbkpaxria5o,,,,,,,D6A836B091949DB268139E72BDC3FDC573702055,2020-09-27 20:11:47.431000,
2aooxzbjjcklzdj4,,,,,,,CD10B52ACC8A0AD7D1B4C40B849771BD1D0DFF45,2020-09-27 20:11:47.432000,
de6bhdus7chqxrql,,,,,,,E45DEAAAB9DAFB7E2A15FC202922FBF8E54827D6,2020-09-27 20:11:48.310000,
ixto5je27pyrkdk4,,,,,,,26ACD3A1EFECBB695CE8DF2EB769DB9242964C6C,2020-09-27 20:11:48.310000,
ptlpbt46vw4aurtx,,,,,,,6D93503E150496BB32A4912F904C4E2DB205278D,2020-09-27 20:11:48.422000,
mn365hjz3alwv36t,,,,,,,841DE1E065BCA8C1EBDC4A7140646F47A6257BD8,2020-09-27 20:11:48.422000,
au6wqfyccpkmltle,,,,,,,E64625ED5B01A1F0E97BCF0B5D431A432A24F408,2020-09-27 20:11:48.490000,
ektcubj5raeqvdlk,,,,,,,DFA40306BEA6EAF28CEF4AFED473A2877A90F9B5,2020-09-27 20:11:49.288000,
domc3jqtmiksjy2u,,,,,,,C0CEFFD7BBC103049096EA89506BEAB42BC9C5CA,2020-09-27 20:11:49.353000,
myv3ztxaopxkjn4x,,,,,,,2083FBB5A67DB15F8ABF0C8319594EE9FBE65DAF,2020-09-27 20:11:49.589000,
gfbnwi2kmintfocc,,,,,,,D5C01B85FB3A48D55698CA660A2DE8935388816E,2020-09-27 20:11:49.590000,
cllxbha5vdr6c7ks,,,,,,,C577C56EAD654C829D1FF2F86133F89A1A59AA89,2020-09-27 20:11:49.719000,
ewfrtelr7ikiu2qj,,,,,,,8DF22EEAAE24835783E0581FB2C7CFFE80A5C070,2020-09-27 20:11:50.779000,
h6fjdrngz43ncxas,,,,,,,531BE6C3195A757C116B9566B944DD0B2B6A23B0,2020-09-27 20:11:50.971000,
jqb3bnymamfjagye,,,,,,,DC40A59D4D744F2C3C7A655EC6BF3A59AFA1C66C,2020-09-27 20:11:50.972000,
pjgrfbc2bhb4i7cm,,,,,,,8AAD0B090311B7A43D44FD353F32D21628C85D52,2020-09-27 20:11:51.084000,
j3xihozj45aesp36,,,,,,,5519D9ADEC80894D3FFD564B58AC425AEB38CDB3,2020-09-27 20:11:51.085000,
lqqkob5basusvbiv,,,,,,,60CA295745930AFA59DB73F877834B4100C7B712,2020-09-27 20:11:51.689000,
eosv3bx5wky2xbyv,,,,,,,3F62F05E859D7F98B086F702A31F7714D566E49A,2020-09-27 20:11:51.692000,
5ngphvntq3f6qzyl,,,,,,,51142A1DF64451C7750ECB85788364A68A07CEC2,2020-09-27 20:11:51.692000,
dtszddemm4hntgur,,,,,,,9BEED1E03101B2BC9393C560FCF13A1E46E49352,2020-09-27 20:11:51.812000,
3736kgrfznnge2xv,,,,,,,2AB6F7D59DF6153F4DB1DB6479C3422F5724C4BA,2020-09-27 20:11:51.814000,
oyugj3tpz2xpnvt7,,,,,,,90A5D1355C4B5840E950EB61E673863A6AE3ACA1,2020-09-27 20:11:52.287000,
65wxn2txlj6chifp,,,,,,,E4240508EFC308D01665A07BD98B8564740D3376,2020-09-27 20:11:52.287000,
d5yaxhxf2ob6ke5q,,,,,,,348439F4A3D959E6D1481070DA81A135343419CB,2020-09-27 20:11:52.352000,
lspied5tka7ph5an,,,,,,,82D561E064237EE8DDE0FF229F3C18ECEA95225F,2020-09-27 20:11:52.497000,
yiwjuwkwzkc56tf3,,,,,,,12B1A5769D38FF47CF68C2235E1BDA315DF400F2,2020-09-27 20:11:52.498000,
7ggiihkg3pu4q3qv,,,,,,,F0E40D2CD68BCEE16FA6B768FE48062AEF093B1E,2020-09-27 20:11:53.360000,
poxeeivjhfy323qv,,,,,,,10B689D11CDCB8EB74BF394880508C975058C608,2020-09-27 20:11:53.363000,
cql46kvklewbtr6h,,,,,,,B740BCECC4A9569232CDD45C0E1330BA0D030D33,2020-09-27 20:11:53.661000,
pbqejtvqvh6ssimt,,,,,,,937F201D2797314953F268D252F5C98D3FA9F71E,2020-09-27 20:11:53.662000,
rovriaxeod3dnxw7,,,,,,,D57751F73AE9DBFEAFAC282473615E5F6D269614,2020-09-27 20:11:53.775000,
y5fx4smxi5q3grxd,,,,,,,9370F55D4BBF72FBDF13C41D65C8B814B4300CC8,2020-09-27 20:11:54.247000,
gz37szgksk73uie2,,,,,,,3F65766ADE067D9D08920E3B74DAB9040EDD26B2,2020-09-27 20:11:54.390000,
pkf6qblu3kg2uizt,,,,,,,9E0058300401F6687EAE59F9FE82DB89230344C1,2020-09-27 20:11:54.390000,
lvpdcp26dwc4oylj,,,,,,,5B6F8535D0DFB1C26FE54E15FA3C82D8D8AB380B,2020-09-27 20:11:54.393000,
vnzox4jm2zijod2t,,,,,,,1E4F40CCEC8EE72DB1E89D3D3FC45E873CDA2134,2020-09-27 20:11:54.475000,
7pge2dh5gukjlgdm,,,,,,,CEC92F3BE8A2F3A46D3C042721D6BDBF2F40F4C5,2020-09-27 20:11:55.464000,
gac5hlrbgq6vhcjr,,,,,,,C6E3910CBADCA6D2D7E932AB31A038EDD6A6FB79,2020-09-27 20:11:55.710000,
v4hm7le5sdgqswsw,,,,,,,0C9D7DB63BE030E5CA32E25606632AEB85840F4C,2020-09-27 20:11:55.711000,
d5752cmszs2wuytu,,,,,,,0EAD0000E01B073AE88B1B4A0E63A6B9407BA255,2020-09-27 20:11:55.712000,
donztugn3xpwq63g,,,,,,,DC7E7D9AB7AD52F03B856E6DC278E9D92BF19B33,2020-09-27 20:11:55.946000,
igqmpn5ztvwvkgrb,,,,,,,879FAE7932DF44AAFB3366DE405C4680F74E9284,2020-09-27 20:11:56.335000,
imwuszrjgr4naiqr,,,,,,,F3889E2C68A673848CA9094F6F4A3653D7692109,2020-09-27 20:11:56.336000,
b54wnbknwf3aq3au,,,,,,,AD1359B9D74D526FEF3F58AF41105C623A3A8C18,2020-09-27 20:11:56.472000,
d3dmo2hbzazikm4y,,,,,,,2083FBB5A67DB15F8ABF0C8319594EE9FBE65DAF,2020-09-27 20:11:56.472000,
7drlgnfgjlvn7ffu,,,,,,,0F6E5CA4BF5565D9AA9FDDCA165AFC6A5305763D,2020-09-27 20:11:56.703000,
mxmepvlezdo7opjb,,,,,,,5EF0AAAEEE7B1282DA0DBAB94669B73E39DD51B6,2020-09-27 20:11:56.991000,
f2k4ax5y7vrwkjt4,,,,,,,8FD3BAF5E14EBE1124D6253D59882AFE1C2B9B8E,2020-09-27 20:11:57.201000,
s5fwzj5niab5cyk4,,,,,,,59C0D88A5B3C65541CF63D0DD88EF15A379D378E,2020-09-27 20:11:57.201000,
zu3zc3sl5ft2ufsd,,,,,,,F8E9C0C3A4B61E7599AA7A23D7ADE77E5BAB2663,2020-09-27 20:11:57.209000,
div5mkfhxytabmnl,,,,,,,DB58ED50E920C51F5C1A044E6A04BA669B14CFD2,2020-09-27 20:11:57.270000,
zq6tvpvt37eftol2,,,,,,,BA8546AE9B27F0C81F98A6C12D96B7DAB0814991,2020-09-27 20:11:57.972000,
pxynstmd2hz5yhfp,,,,,,,26B09A4C9F6A9D4815DB46EBA3626A0ED8D71E8F,2020-09-27 20:11:58.112000,
t376pzwku3vriqpd,,,,,,,F3F9CC955F7C59938F244591DB6BB299CB7455A7,2020-09-27 20:11:58.113000,
5xkq6enrt3duxpxg,,,,,,,69B53A5AE5025DA8947F7C32F69CA90375ED2A4E,2020-09-27 20:11:58.113000,
74mpbn6vzybwklbw,,,,,,,AAE168C9016C395EA5C47D94AEA9606E59A9EA8F,2020-09-27 20:11:58.247000,
