addr,status,reason,circ,guard_fp,middle_fp,exit_fp,hsdir_fp,start,end
eny3yflwgs3eo33b,failed,not_found,,,,,CB5735385E25A292427963BF2E0D699EDAC64B96,2020-09-23 18:28:58.537000,2020-09-23 18:29:01.050000
eny3yflwgs3eo33b,failed,not_found,8,6BA54D7805A44F63A75D70AFEC8D2DF6BA7BCAE0,221F035A330AC4231A2E3D901F1CB11483C19F66,2129BE984516F5A6449836F1FA36D42A1E191B4D,939126EA4D25CB212A79746C133194F8A24C435B,2020-09-23 18:29:01.050000,2020-09-23 18:29:02.564000
eny3yflwgs3eo33b,failed,not_found,20,6BA54D7805A44F63A75D70AFEC8D2DF6BA7BCAE0,B96B5141004995295FE87DCCE1A54519BD0BB48A,AC61D1722091F2FC4760776AF2C230D9DC679C03,CB4EBE9C475A60A5F2CDA92C83CE093BD945D940,2020-09-23 18:29:02.564000,2020-09-23 18:29:03.793000
eny3yflwgs3eo33b,failed,not_found,32,6BA54D7805A44F63A75D70AFEC8D2DF6BA7BCAE0,C1B79C4CD9B713BBB6B0522155B46A7BFE3BFAAE,A1B7C1F83E5DA4376FD2E1DBA7AC28A71AB332AD,93F97B76A7D0F0947C4C75AC62017E45BBFE6C08,2020-09-23 18:29:03.794000,2020-09-23 18:29:05.883000
eny3yflwgs3eo33b,failed,not_found,67,6BA54D7805A44F63A75D70AFEC8D2DF6BA7BCAE0,FD449127D30D8F5D124653D9EF736EDF4A12B4DC,E81993EA52B73285CFFD02FEC003569D21483001,CB72A74E8197DF3B33EE6A0895E5BB871D10CF92,2020-09-23 18:29:05.884000,2020-09-23 18:29:08.319000
eny3yflwgs3eo33b,failed,not_found,106,6BA54D7805A44F63A75D70AFEC8D2DF6BA7BCAE0,B74DABBE248B935CDC1038CD5C9280878C8C94E7,F37374DB9FA6EF14CED64FD294E8D8683F032EC8,93F4DAF4F0DE5E6867CE20A0F9C7C059834DACAE,2020-09-23 18:29:08.319000,2020-09-23 18:29:10.850000
hnlmnv65v3ulto7e,failed,not_found,,,,,18AE6D2FF062CACFD9F7E5942DE71787021B10B8,2020-09-23 18:28:58.540000,2020-09-23 18:29:00.476000
hnlmnv65v3ulto7e,failed,not_found,15,6BA54D7805A44F63A75D70AFEC8D2DF6BA7BCAE0,9DA7EF9E9D6070CD8B7059B8A8CC5B41CEC02726,316DE45EFFB53671C9FD53CE0992952846709A29,18BB2DB12A0BCC19EA8E4F4D835A2B31F9966A1C,2020-09-23 18:29:00.477000,2020-09-23 18:29:03.460000
hnlmnv65v3ulto7e,failed,not_found,36,6BA54D7805A44F63A75D70AFEC8D2DF6BA7BCAE0,5AE12CAAA489A0739F56E79CC287526FAB55A6FB,B33B994C8B9902B6F73957B2E61F71C932130C5D,18B160CD5E22BFC345AEE7BA84B7EA45BF457FCA,2020-09-23 18:29:03.460000,2020-09-23 18:29:05.761000
hnlmnv65v3ulto7e,failed,not_found,66,6BA54D7805A44F63A75D70AFEC8D2DF6BA7BCAE0,66F8C32B94D73B51A5D2FA079C6A09047C9ABA71,0085057C17BD2E1809E284825F06F94E72FB418C,8F7E120C1D4371FEA19E3C158C180D7DE4EE505C,2020-09-23 18:29:05.761000,2020-09-23 18:29:08.277000
hnlmnv65v3ulto7e,failed,not_found,105,6BA54D7805A44F63A75D70AFEC8D2DF6BA7BCAE0,A2E6BB5C391CD46B38C55B4329C35304540771F1,74B8B22AF950B0BE11D8A228FB09D2F5279FB757,8F5246F0CAD6B34740F6A5734B57E892640FFE7B,2020-09-23 18:29:08.277000,2020-09-23 18:29:10.980000
hnlmnv65v3ulto7e,failed,not_found,160,6BA54D7805A44F63A75D70AFEC8D2DF6BA7BCAE0,5790B62AD6C79A1092B30993A8F0F7F23A969FD6,066735D43FB476FA64578C5D829E176DF53E5A00,8F5ACB40B42628045E6D8CA4CB103CDAEB112A3E,2020-09-23 18:29:10.981000,2020-09-23 18:29:14.348000
g57ys3yagvf54gfj,failed,not_found,,,,,E459E02374D0385D2E2515CBBE707EA208966BCF,2020-09-23 18:28:58.551000,2020-09-23 18:29:00.064000
g57ys3yagvf54gfj,failed,not_found,13,6BA54D7805A44F63A75D70AFEC8D2DF6BA7BCAE0,103336165A0D2EFCAD3605339843A0A7710B8B92,2AA5F598F9A1812F01CD99E3B59BB87362ED7438,E45EC3830D8AD7F23FF1BEF8AC1F7519555A3515,2020-09-23 18:29:00.064000,2020-09-23 18:29:03.007000
g57ys3yagvf54gfj,failed,not_found,30,6BA54D7805A44F63A75D70AFEC8D2DF6BA7BCAE0,0C3D5E19E3C75B505C8ACD26F89DCA2DF970553E,98F788200CC64060695B07555F09A8FE47679AC8,E4A7CF32D1EC81521E234C8BF46384E75838A8D7,2020-09-23 18:29:03.007000,2020-09-23 18:29:05.760000
g57ys3yagvf54gfj,failed,not_found,65,6BA54D7805A44F63A75D70AFEC8D2DF6BA7BCAE0,EE010EF80A27AC0B02CDC2B8B214A6201BB02D2B,D24FB714345D4B9061CEA89ACBAD343081F14928,E4B04C7D734B2294E8ECE057303E89B91EE88462,2020-09-23 18:29:05.760000,2020-09-23 18:29:08.462000
g57ys3yagvf54gfj,failed,not_found,107,6BA54D7805A44F63A75D70AFEC8D2DF6BA7BCAE0,88CF8D42D49B7C8E9D03ABE5DAE7AF25E9902008,CA95B3584C44DED8107AF5B3D8C25C562CC64DD4,E4A23FEACFA0D7064C6694BE91BF94805E3CE487,2020-09-23 18:29:08.463000,2020-09-23 18:29:10.727000
g57ys3yagvf54gfj,failed,not_found,155,6BA54D7805A44F63A75D70AFEC8D2DF6BA7BCAE0,1C79D5A473214714A761C0A40DD2D5B031F7E980,114FB145113A8D53818F0BA9363DFBC81DC8447F,E43A346CB81DDF364B6FF68235AFADBA0E8692B8,2020-09-23 18:29:10.727000,2020-09-23 18:29:14.655000
6wnl5bml63tqh735,failed,not_found,136,6BA54D7805A44F63A75D70AFEC8D2DF6BA7BCAE0,E7EF73B4722CFAF0E8AA2151D3AA78701DE5F19B,F3F3F4900B87CF4A6B4A7F9402502FC457B7B1FC,BA99774FEF716556E37EF340820FC358F2A84B04,2020-09-23 18:28:58.551000,2020-09-23 18:29:13.152000
6wnl5bml63tqh735,failed,not_found,223,6BA54D7805A44F63A75D70AFEC8D2DF6BA7BCAE0,B923D15EDF4E7B1261876860D51FAB907ED18347,DEF3365F1C012F80E56877B5EF05CE72BDEB0CCC,BA856D21B1A22CAE677A712DA4C9F0852D799DF8,2020-09-23 18:29:13.152000,2020-09-23 18:29:17.210000
6wnl5bml63tqh735,failed,not_found,337,6BA54D7805A44F63A75D70AFEC8D2DF6BA7BCAE0,CB21756D213C09812ED2B03DC111CDE937387F9D,6BE5AA34A5C391724677A3FDC2AA77B3768F6E26,A3D264895F685D16FC834D0685A094AE622F2206,2020-09-23 18:29:17.211000,2020-09-23 18:29:24.150000
6wnl5bml63tqh735,failed,not_found,605,6BA54D7805A44F63A75D70AFEC8D2DF6BA7BCAE0,2CE9BE1FC88B9D0FA03F387C9E4F000B5D4B2AE9,EBB799FADD615E93CA97BE5583E5EB97DD21E10F,BA8546AE9B27F0C81F98A6C12D96B7DAB0814991,2020-09-23 18:29:24.151000,2020-09-23 18:29:31.435000
6wnl5bml63tqh735,failed,not_found,1112,6BA54D7805A44F63A75D70AFEC8D2DF6BA7BCAE0,B0A6A5A472B5D787A27A6E860A99DB4632885D41,04DFE047ACDF7A6620ACA782FAFC5EF1AE7F4754,A3E7A4395E7C1F30692018E4FB0980B103E38488,2020-09-23 18:29:31.435000,2020-09-23 18:29:45.991000
6wnl5bml63tqh735,,,,,,,A3C0C4B34CDBCE03A85CDA06E9EE2F7E165551DB,2020-09-23 18:29:45.991000,
notjiqo2oww4s7aw,failed,not_found,9,6BA54D7805A44F63A75D70AFEC8D2DF6BA7BCAE0,2F09BD6D9A2D5A7D6D26C17651CE8ECF0B7BA257,901CBA6FF3B90618D3FFEFF040353C267F690DF8,4D70F05DD308A2EA5B671E440879BFADAC92860F,2020-09-23 18:28:59.554000,2020-09-23 18:29:02.247000
notjiqo2oww4s7aw,failed,not_found,14,6BA54D7805A44F63A75D70AFEC8D2DF6BA7BCAE0,C8B23EA543FAD6F820E5841A8380DC28C83AEA0F,74B8B22AF950B0BE11D8A228FB09D2F5279FB757,4D52E15C5637FB70736DD3B03F2AAE7C253BF4B4,2020-09-23 18:29:02.247000,2020-09-23 18:29:04.188000
notjiqo2oww4s7aw,failed,not_found,48,6BA54D7805A44F63A75D70AFEC8D2DF6BA7BCAE0,4352D58B2641E8C1787750EFD3A07A88224967AC,AC00AEBA1AE2A80CF4184C4362157BF91487B902,4DCB46379527DD9E958879C18628FDA7C2A4AF84,2020-09-23 18:29:04.188000,2020-09-23 18:29:06.696000
notjiqo2oww4s7aw,failed,not_found,81,6BA54D7805A44F63A75D70AFEC8D2DF6BA7BCAE0,EE010EF80A27AC0B02CDC2B8B214A6201BB02D2B,D317C7889162E9EC4A1DA1A1095C2A0F377536D9,1CBFDCABD9012B06471FF868FE02B6BCC0133520,2020-09-23 18:29:06.696000,2020-09-23 18:29:09.517000
notjiqo2oww4s7aw,failed,not_found,124,6BA54D7805A44F63A75D70AFEC8D2DF6BA7BCAE0,C3D92B0696196558E784EF7252A5370192720BE5,00E89DDEF944B42FD652F80C2480D5E20DF13194,1CD48F4ED0F1821FFBF1940802A13EEFD4C27502,2020-09-23 18:29:09.517000,2020-09-23 18:29:12.272000
notjiqo2oww4s7aw,,,,,,,1CD17CB202063C51C7DAD3BACEF87ECE81C2350F,2020-09-23 18:29:12.272000,
i5ynxqmk6r7e62e3,failed,not_found,10,6BA54D7805A44F63A75D70AFEC8D2DF6BA7BCAE0,4C30DAC2F7602BDF49C4727CF760AC7A360FF547,F0F5074A6DADD3DC22E1FAA18FD6D89CBC52771A,51F8C25ECF3A632CA8AB43EE243D606BB7C05812,2020-09-23 18:28:59.566000,2020-09-23 18:29:02.467000
i5ynxqmk6r7e62e3,failed,not_found,27,6BA54D7805A44F63A75D70AFEC8D2DF6BA7BCAE0,D907BCD0B9510C462EEB0688FD5421CD2E172B77,39F91959416763AFD34DBEEC05474411B964B2DC,51E1CF613FD6F9F11FE24743C91D6F9981807D82,2020-09-23 18:29:02.468000,2020-09-23 18:29:05.339000
i5ynxqmk6r7e62e3,failed,not_found,49,6BA54D7805A44F63A75D70AFEC8D2DF6BA7BCAE0,FE296180018833AF03A8EACD5894A614623D3F76,3B60AEB127F4A8CDE7F3798B799EBDC3463FB9C7,FF87E49EF33078B04A5DE26AAE170DDF8BAE139F,2020-09-23 18:29:05.339000,2020-09-23 18:29:06.549000
i5ynxqmk6r7e62e3,failed,not_found,76,6BA54D7805A44F63A75D70AFEC8D2DF6BA7BCAE0,0F52E9652F96AD1D500AC062350A149902C128B9,EE7CD2A763435C7006095BD167C790ABE5BC4DEA,FF8F56B5E1A36341F84FF72927CEB3F0AC6BC6A9,2020-09-23 18:29:06.550000,2020-09-23 18:29:09.174000
i5ynxqmk6r7e62e3,failed,not_found,122,6BA54D7805A44F63A75D70AFEC8D2DF6BA7BCAE0,39CF2F22E5018C01FD57DEB1AB8FDFA4592633FB,7992F172EDBE69B99F0190651BAC14DD0FD9E5C8,51F733EAC4DFD128CF957A14D5F2DC023803D1A2,2020-09-23 18:29:09.175000,2020-09-23 18:29:12.592000
i5ynxqmk6r7e62e3,failed,not_found,203,6BA54D7805A44F63A75D70AFEC8D2DF6BA7BCAE0,22E1D1DB4723A174E713B1BF4073DAC1C25351B3,0FADA801B150261109DD1F492BB10CE39C83A782,FF9FC6D130FA26AE3AE8B23688691DC419F0F22E,2020-09-23 18:29:12.592000,2020-09-23 18:29:16.495000
6bwq6vmvtvd3k34c,failed,not_found,11,6BA54D7805A44F63A75D70AFEC8D2DF6BA7BCAE0,C8B23EA543FAD6F820E5841A8380DC28C83AEA0F,E46979A3053D43ADF187463A6E4856C875BC8C89,A78E86015376B3F2507E2E6602FDFD278F2871B3,2020-09-23 18:28:59.582000,2020-09-23 18:29:02.774000
6bwq6vmvtvd3k34c,failed,not_found,28,6BA54D7805A44F63A75D70AFEC8D2DF6BA7BCAE0,3BAACE149DB31574B327BF835B594B707D12CD58,4856C97DC4F2271BC896DF9CABD217EE2D869D68,A799FDF5FF13D1F655D153A6BA869ECD43F5D70B,2020-09-23 18:29:02.775000,2020-09-23 18:29:05.276000
6bwq6vmvtvd3k34c,failed,not_found,59,6BA54D7805A44F63A75D70AFEC8D2DF6BA7BCAE0,12D552E8AF7AA2B71B218B5BBF6A5FEFA6F26BA0,9ECF0C8EEA5C07DE54A346EDB371B48845A3FD0F,0AF90285D6B3ECC52ABFA3CB31404DF6FAF93134,2020-09-23 18:29:05.276000,2020-09-23 18:29:07.993000
6bwq6vmvtvd3k34c,failed,not_found,98,6BA54D7805A44F63A75D70AFEC8D2DF6BA7BCAE0,7FA3FA525901A91A1310B817943668BC2C16289E,0D7C69551F9186DB589BDF00858314AC136A33DA,A79F94117D73D4AFA4BCE340A3CB6E345C817594,2020-09-23 18:29:07.993000,2020-09-23 18:29:10.479000
6bwq6vmvtvd3k34c,failed,not_found,145,6BA54D7805A44F63A75D70AFEC8D2DF6BA7BCAE0,929BF37C657D4F69C76324E5FEA760A62483813B,07623013C3361FE566B71C8CFCC6483D7587A827,0B25110BA3473A6DC04AB58A3A0D5E4D6922A0E0,2020-09-23 18:29:10.479000,2020-09-23 18:29:14.120000
6bwq6vmvtvd3k34c,failed,not_found,256,6BA54D7805A44F63A75D70AFEC8D2DF6BA7BCAE0,708A968F3644F8A547156368FEA3DB664110E631,73E0EAD7C2A9E9603C0DB7EE4743CCEF935EAC3D,0B19BBFDC498CCEA23027B1D7BD8E20121B95E60,2020-09-23 18:29:14.121000,2020-09-23 18:29:18.402000
o7q3icnarptbfc3y,failed,not_found,12,6BA54D7805A44F63A75D70AFEC8D2DF6BA7BCAE0,1B90395827F7499A37C73F09BC5AA0225808F6FC,0512FE6BE9CCA0ED133152E64010B2FBA141EB10,3B5C6ED2C1DECEB32BF1AD9B7B272F4CE9CE0656,2020-09-23 18:28:59.582000,2020-09-23 18:29:02.880000
o7q3icnarptbfc3y,failed,not_found,47,6BA54D7805A44F63A75D70AFEC8D2DF6BA7BCAE0,221546DAE86B003139B13BD6F6AE1B4B42B59DF8,5DB9AE27A44EB7B476CC04A66C67A71C97A001E6,3B60AEB127F4A8CDE7F3798B799EBDC3463FB9C7,2020-09-23 18:29:02.880000,2020-09-23 18:29:06.835000
o7q3icnarptbfc3y,failed,not_found,82,6BA54D7805A44F63A75D70AFEC8D2DF6BA7BCAE0,A98ADD972045D3CCAEE65C788C3F175BAEA3E324,055E271A48AA082E6A9FE88EA58DB73A600CDF24,3B4C5729F829CA2E895B81AF834A63DB336D0FFE,2020-09-23 18:29:06.836000,2020-09-23 18:29:09.984000
o7q3icnarptbfc3y,failed,not_found,165,6BA54D7805A44F63A75D70AFEC8D2DF6BA7BCAE0,425835370C1FBE178C21CB53C76672F12BDE091A,58F3E2956EABB81F673E2FB90E16E001DB4AC3AE,E8663924FE2AAD4E081A17ED6976D0AE8010F47B,2020-09-23 18:29:09.984000,2020-09-23 18:29:14.970000
o7q3icnarptbfc3y,failed,not_found,292,6BA54D7805A44F63A75D70AFEC8D2DF6BA7BCAE0,4E41B00F930F3E72530F339EF4C911CE97D2AE9E,58A7199712C0E52B3C5F2F8E8B27B5A62BE58BC8,E86D858F2AAF9DE2A2B952A0BF864B7F35EDC8A3,2020-09-23 18:29:14.970000,2020-09-23 18:29:19.759000
o7q3icnarptbfc3y,failed,not_found,457,6BA54D7805A44F63A75D70AFEC8D2DF6BA7BCAE0,E3D61BAEA0B7CB12CACEDC8821C520557BDFCEA3,8B384367EE627FA63DEF1D3A184C0E39D2B66E9A,E8562C7CFBEB6501F2E02DA00203F958E8B1685C,2020-09-23 18:29:19.759000,2020-09-23 18:29:26.281000
poah5m2c4645lj3j,failed,not_found,16,6BA54D7805A44F63A75D70AFEC8D2DF6BA7BCAE0,E65BA17239C454A82082B0B4F3DDD8D83E4FD893,F01AAA640FF4EA025DB8449BD61C055273B4A328,E8562C7CFBEB6501F2E02DA00203F958E8B1685C,2020-09-23 18:29:00.562000,2020-09-23 18:29:03.339000
poah5m2c4645lj3j,failed,not_found,34,6BA54D7805A44F63A75D70AFEC8D2DF6BA7BCAE0,24F97F98C45E4754655BE66799049763DAEE99CE,1B90395827F7499A37C73F09BC5AA0225808F6FC,E8663924FE2AAD4E081A17ED6976D0AE8010F47B,2020-09-23 18:29:03.340000,2020-09-23 18:29:06.035000
poah5m2c4645lj3j,failed,not_found,70,6BA54D7805A44F63A75D70AFEC8D2DF6BA7BCAE0,7A2A6F39F485C4FC95FB885FFF37C436FD2BB7E5,2AE2CA4BD2B7754F29432C25E03314D52AC4CAF1,475C893CCA9661B407865B6DBB30C021AE45F1DA,2020-09-23 18:29:06.035000,2020-09-23 18:29:08.528000
poah5m2c4645lj3j,failed,not_found,109,6BA54D7805A44F63A75D70AFEC8D2DF6BA7BCAE0,39CF2F22E5018C01FD57DEB1AB8FDFA4592633FB,6E3B4821305D96F167C392DBE5A13240D6CCE024,475B34D76756910C11EB7752EB8285F6BE00C1EE,2020-09-23 18:29:08.529000,2020-09-23 18:29:11.860000
poah5m2c4645lj3j,failed,not_found,174,6BA54D7805A44F63A75D70AFEC8D2DF6BA7BCAE0,72B2B12A3F60408BDBC98C6DF53988D3A0B3F0EE,8D89D606CC7057124916A6616C4C1936ABEE9E88,E8466E02C893B9A6602A251CCEA100F252E25B4B,2020-09-23 18:29:11.860000,2020-09-23 18:29:15.588000
poah5m2c4645lj3j,failed,not_found,317,6BA54D7805A44F63A75D70AFEC8D2DF6BA7BCAE0,C577C56EAD654C829D1FF2F86133F89A1A59AA89,A96DA63E4415E776FBFCCF3DA7154C804534B6E7,474648D2DFC1C060A5CA74C8A5976807B7FB5FE0,2020-09-23 18:29:15.588000,2020-09-23 18:29:20.795000
quzoagfk7p2g4c3q,failed,not_found,17,6BA54D7805A44F63A75D70AFEC8D2DF6BA7BCAE0,8E39881472946D5BBE41765470D9E3099A0EB4C7,98AEF7B834D688773CE2BCC5A32761A4943CF623,60AB497573021910A2DE9BAB69573CA57D01395A,2020-09-23 18:29:00.588000,2020-09-23 18:29:03.635000
quzoagfk7p2g4c3q,failed,not_found,40,6BA54D7805A44F63A75D70AFEC8D2DF6BA7BCAE0,6ED48ED0DD8CB8C626FFD8597C01F2D43AEE8D01,F37374DB9FA6EF14CED64FD294E8D8683F032EC8,96D4C61DB5B38EC7ABE3DB9BB87A97A8587B8087,2020-09-23 18:29:03.636000,2020-09-23 18:29:06.295000
quzoagfk7p2g4c3q,failed,not_found,75,6BA54D7805A44F63A75D70AFEC8D2DF6BA7BCAE0,DB621E29A90544FF5AC75E5BD0FEE679A6812F44,0BC314281C83167F24C7CFCD68DE069B02A92345,96CAA917F65BCD62CECD236F67652BFD7C69E52E,2020-09-23 18:29:06.296000,2020-09-23 18:29:08.902000
quzoagfk7p2g4c3q,failed,not_found,118,6BA54D7805A44F63A75D70AFEC8D2DF6BA7BCAE0,C49A177510CAA653DA6727BF0E07FB7F56A0F09D,F117B31DF6A73D6F015BCEE4E6AB13474B18A16F,96CFE178A1D12489D9D59A0CAE17FE86F5A3A79F,2020-09-23 18:29:08.902000,2020-09-23 18:29:12.132000
quzoagfk7p2g4c3q,failed,not_found,177,6BA54D7805A44F63A75D70AFEC8D2DF6BA7BCAE0,B7826E5C7C22D696E42AE96B696F66C5E9D86984,64B05F9A2122B5DB4ADCB0E6F083193F3170A902,60B1681670B185813E762B71F3C3B129A981F37B,2020-09-23 18:29:12.133000,2020-09-23 18:29:15.524000
quzoagfk7p2g4c3q,failed,not_found,306,6BA54D7805A44F63A75D70AFEC8D2DF6BA7BCAE0,C22BA9ED6DEE071D2B37B9718DCCFB6A53EAD5E6,29DDD25C8383FDA559D4E0E88F820AB88C26212A,60A5547B2203DD2E148EF9BDD6FF3891081C5DF4,2020-09-23 18:29:15.524000,2020-09-23 18:29:20.776000
gtic76v6rzssyv32,failed,not_found,18,6BA54D7805A44F63A75D70AFEC8D2DF6BA7BCAE0,A3AFBDEE30238E44899C9F8B7666D12B09C8EE32,B98DF300E5EA67357A7F5DDFBA213E6E8312A27C,6A2676DACAFDBD00C5B94BD343690957A12BB758,2020-09-23 18:29:00.588000,2020-09-23 18:29:03.221000
gtic76v6rzssyv32,failed,not_found,33,6BA54D7805A44F63A75D70AFEC8D2DF6BA7BCAE0,CEC0E348E90D60EBC562F338499E1C74298F9DDA,861BCFDD148973985E7FE97C7455C9E4AC4E13BE,6A1AF5C55985A32E44462D3F5CFEB1701418D9DC,2020-09-23 18:29:03.222000,2020-09-23 18:29:05.944000
gtic76v6rzssyv32,failed,not_found,68,6BA54D7805A44F63A75D70AFEC8D2DF6BA7BCAE0,0EB07340EF2D1608FC16F6268E1DA0C532EB3D11,C4B21A66B27E82FEF6AC97CEAEFE42DFF5C7511C,DA13C3CD7EB23CDFD739C31855658BC5B63841EE,2020-09-23 18:29:05.945000,2020-09-23 18:29:10.054000
gtic76v6rzssyv32,failed,not_found,212,6BA54D7805A44F63A75D70AFEC8D2DF6BA7BCAE0,FF06E7A068A1CA66CE593DCE85E2477807C48302,AEF0EADA8C92A4DF1500FAE303ECD8E1EBD56670,DA53984DBA28420169F34F4F44CB24E3A0946747,2020-09-23 18:29:10.054000,2020-09-23 18:29:16.685000
gtic76v6rzssyv32,failed,not_found,345,6BA54D7805A44F63A75D70AFEC8D2DF6BA7BCAE0,E81EF60A73B3809F8964F73766B01BAA0A171E20,B4A96C0852DD0841579D33E09A98D641EACCD73E,6A1B4F8A87E327F4E115A385206C0880DB051B3B,2020-09-23 18:29:16.686000,2020-09-23 18:29:21.889000
gtic76v6rzssyv32,failed,not_found,544,6BA54D7805A44F63A75D70AFEC8D2DF6BA7BCAE0,7A2A6F39F485C4FC95FB885FFF37C436FD2BB7E5,2B24C281AD12EA96F72C2808E1AF041CEBE345D0,DA1B8B8D617909902572790CE8BB99DA502C6485,2020-09-23 18:29:21.889000,2020-09-23 18:29:28.840000
aggdsynwwi3ry4z2,failed,not_found,19,6BA54D7805A44F63A75D70AFEC8D2DF6BA7BCAE0,40C773D9F2B16143CDB2ADB661DDC6BB12EF3E2C,1079E628FC6B0025656AC024F2D9975C441498CD,9DC8B0282A8D3C45212167C454B503243BC93957,2020-09-23 18:29:00.600000,2020-09-23 18:29:03.056000
aggdsynwwi3ry4z2,failed,not_found,31,6BA54D7805A44F63A75D70AFEC8D2DF6BA7BCAE0,CE863C22AD5ABBEAF606AE35A22781C409D895E5,D49B7658B826E507CC138AEEFCD6135B321C096D,8FF2896A94BCAA5F0A7C5A56AD6586492CD448AF,2020-09-23 18:29:03.056000,2020-09-23 18:29:05.728000
aggdsynwwi3ry4z2,failed,not_found,64,6BA54D7805A44F63A75D70AFEC8D2DF6BA7BCAE0,AE17FAAF8F302A506AF2167666EC62882804403F,1CD48F4ED0F1821FFBF1940802A13EEFD4C27502,8FF2E7B7BF4C121D1F49D6606987C5802DDB9577,2020-09-23 18:29:05.728000,2020-09-23 18:29:08.218000
aggdsynwwi3ry4z2,failed,not_found,102,6BA54D7805A44F63A75D70AFEC8D2DF6BA7BCAE0,3FE39429CB7077BBB13D2774591A1B80EE493742,63540827C4832D214984EA47B7A68C593F9F862F,8FF24DC61EA335CAFDD5699A937AD96D594E5904,2020-09-23 18:29:08.219000,2020-09-23 18:29:10.723000
aggdsynwwi3ry4z2,failed,not_found,407,6BA54D7805A44F63A75D70AFEC8D2DF6BA7BCAE0,D5C6F62A5D1B3C711CA5E6F9D3772A432E96F6C2,F37374DB9FA6EF14CED64FD294E8D8683F032EC8,9DEEACDE2C4947EDCCAF453C76ED0EC0F2B684A6,2020-09-23 18:29:10.723000,2020-09-23 18:29:23.724000
aggdsynwwi3ry4z2,failed,not_found,580,6BA54D7805A44F63A75D70AFEC8D2DF6BA7BCAE0,A4F11D693FAB6E949B2B7C18153C3F7989896007,2507E6A97AC52DC09FA519D31340156EEC626A5B,9E0058300401F6687EAE59F9FE82DB89230344C1,2020-09-23 18:29:23.724000,2020-09-23 18:29:30.248000
c7lxl2ech3uszymo,failed,not_found,26,6BA54D7805A44F63A75D70AFEC8D2DF6BA7BCAE0,42B4F52C5B11E4D39855F654955425B0D5A0598B,E767C3B8295AD79B02E80A21345C9F2B3C2AD7DB,714425418EEEDFACC86D87544B265892E98FA32B,2020-09-23 18:29:01.554000,2020-09-23 18:29:05.077000
c7lxl2ech3uszymo,failed,not_found,53,6BA54D7805A44F63A75D70AFEC8D2DF6BA7BCAE0,E36536404200A74930DB165858BD5BB554D2BEA2,9127D95DAA81291F26BE45B1A73E2F1145887B94,71539D1911ECB826069A4D156771AC4F9F4632A7,2020-09-23 18:29:05.077000,2020-09-23 18:29:07.544000
c7lxl2ech3uszymo,failed,not_found,74,6BA54D7805A44F63A75D70AFEC8D2DF6BA7BCAE0,1322D90EA6EDA85B3A8566F2C04F2D8C5C7C1EF1,81A59766272894D27FE8375C4F83A6BA453671EF,714724B5D72158B36AC147270D5B0AE915FC1FE9,2020-09-23 18:29:07.545000,2020-09-23 18:29:08.870000
c7lxl2ech3uszymo,failed,not_found,117,6BA54D7805A44F63A75D70AFEC8D2DF6BA7BCAE0,157CED138D3DE9CBFB5AE0232A319C2980F6C409,404DBE0F72D66576925432B1E4A28425FA2E4825,412767ECB0CEF7DCBAF8748DDBA8575860DD6782,2020-09-23 18:29:08.870000,2020-09-23 18:29:12.432000
c7lxl2ech3uszymo,failed,not_found,189,6BA54D7805A44F63A75D70AFEC8D2DF6BA7BCAE0,C3E0E9EA1FF3FCFC27E856BFE61533020DD7F090,42E440E573CAA2C309041B448BDB8FC5D066E535,412AB9D6A761ECADB60D7EA4F2CB389C0AF42F3F,2020-09-23 18:29:12.433000,2020-09-23 18:29:16.243000
c7lxl2ech3uszymo,failed,not_found,372,6BA54D7805A44F63A75D70AFEC8D2DF6BA7BCAE0,2BE597D0A2255A4E8F44CBFB126B7A7A12A9737B,1CD48F4ED0F1821FFBF1940802A13EEFD4C27502,41280DE9ABE5BF10F7F5DCB13A28C07082064147,2020-09-23 18:29:16.244000,2020-09-23 18:29:22.378000
6zdfam5xa2i6j2yo,failed,not_found,22,6BA54D7805A44F63A75D70AFEC8D2DF6BA7BCAE0,F83A64E0FA85BC224807919772FE14E1BA07CEF5,AEF6C1FBA0FC16F4931638BF065085B974D3E90F,26CE4762CC6960B9A7252756E12B2A00C2280D08,2020-09-23 18:29:01.578000,2020-09-23 18:29:04.540000
6zdfam5xa2i6j2yo,failed,not_found,52,6BA54D7805A44F63A75D70AFEC8D2DF6BA7BCAE0,F006B0489AF7D6A13CD55A4F14C90593812458F6,40A60D1F1E8AFBED22FCB30B3FBE2E275A14CF99,644074F47257F9A906F9AA5C6B8926C1540A1DA8,2020-09-23 18:29:04.540000,2020-09-23 18:29:07.657000
6zdfam5xa2i6j2yo,failed,not_found,93,6BA54D7805A44F63A75D70AFEC8D2DF6BA7BCAE0,1852D84B0341845F2BDC2CCBC673E9D42307A111,73DCA56424912F69F1478D6630DF27CFE8F41439,644DECC5A1879C0FE23DE927DD7049F58BBDF349,2020-09-23 18:29:07.658000,2020-09-23 18:29:10.478000
6zdfam5xa2i6j2yo,failed,not_found,144,6BA54D7805A44F63A75D70AFEC8D2DF6BA7BCAE0,61F3A840F61EEFFF682C6243534ECEB09ADFE3B3,F6AAFCFB722532DA3E2A54135000E672B9473835,63F0043819468FD86C761EAE45B4B72DB9A795B9,2020-09-23 18:29:10.479000,2020-09-23 18:29:13.325000
6zdfam5xa2i6j2yo,failed,not_found,230,6BA54D7805A44F63A75D70AFEC8D2DF6BA7BCAE0,8C3AD2C2AAF7F7B7E92B81F13C1A9267B39416DA,9ECF0C8EEA5C07DE54A346EDB371B48845A3FD0F,26C28F29B611DF4DE23ACF5D9DC1EB4895EF5E8B,2020-09-23 18:29:13.326000,2020-09-23 18:29:17.911000
6zdfam5xa2i6j2yo,failed,not_found,564,6BA54D7805A44F63A75D70AFEC8D2DF6BA7BCAE0,F4F92D8B840C2D053197AC3EF9C58F3DCFBB20FE,88CF8D42D49B7C8E9D03ABE5DAE7AF25E9902008,26B09A4C9F6A9D4815DB46EBA3626A0ED8D71E8F,2020-09-23 18:29:17.911000,2020-09-23 18:29:23.047000
fpqxt6alhy7t3tqx,failed,not_found,23,6BA54D7805A44F63A75D70AFEC8D2DF6BA7BCAE0,87D73471FDC64BD9CEDF84435D20CA4EB5C36FE8,DA96AC308288FBFD4641F25F1FA44DDD62FFE42B,620C95FD5C1C4DA2D212C7F05494E49C6130BDAF,2020-09-23 18:29:01.578000,2020-09-23 18:29:07.235000
fpqxt6alhy7t3tqx,failed,not_found,87,6BA54D7805A44F63A75D70AFEC8D2DF6BA7BCAE0,D002C061F56CB6FE6FF7A27747EC2A7369ABBA9A,A4A25EDAB880FF4200F4C21316F3B9E072C9F466,A13281DBD8F8E484E95DD273B3EE7FC14C1B0A7A,2020-09-23 18:29:07.235000,2020-09-23 18:29:09.600000
fpqxt6alhy7t3tqx,failed,not_found,130,6BA54D7805A44F63A75D70AFEC8D2DF6BA7BCAE0,BF735F669481EE1CCC348F0731551C933D1E2278,8DCB526722FBE2B3F4C0CE9D020B0589170F8BDA,620DB859CB0F86B02F81919DA10799E71D92762A,2020-09-23 18:29:09.601000,2020-09-23 18:29:12.550000
fpqxt6alhy7t3tqx,failed,not_found,195,6BA54D7805A44F63A75D70AFEC8D2DF6BA7BCAE0,A2C6C931D8627C6605288970889DDB88C7BA2142,A4E120350425BAD920307FFA74440F95D0172302,621EA822CEAC095845A0CFFFA503D2993AB10FF3,2020-09-23 18:29:12.550000,2020-09-23 18:29:16.433000
fpqxt6alhy7t3tqx,failed,not_found,328,6BA54D7805A44F63A75D70AFEC8D2DF6BA7BCAE0,F43C497039F836FE32DE416F4CBD97892C3F6E9E,5AD3FB658E490BAD9515F363374AA41D65D31A02,A14993020CC672AE519B1F1C9679CE0982C9733F,2020-09-23 18:29:16.434000,2020-09-23 18:29:21.826000
fpqxt6alhy7t3tqx,failed,not_found,617,6BA54D7805A44F63A75D70AFEC8D2DF6BA7BCAE0,722BA3958D6F4B9A7CE927001CE7FED8625A749E,6245DC873D6F613C795D48663D65BD8A2266CAF6,A14F90953AE9462CF3A862C4CA95F73BF94A6F8B,2020-09-23 18:29:21.827000,2020-09-23 18:29:30.864000
rcn3gdkbstocjjnx,failed,not_found,24,6BA54D7805A44F63A75D70AFEC8D2DF6BA7BCAE0,E7723680EA1F78E015DF312411990D5F5E815C27,B74DABBE248B935CDC1038CD5C9280878C8C94E7,0964EFD3186C2AF2763B0C1EE5B4A2FA77E0449B,2020-09-23 18:29:01.579000,2020-09-23 18:29:04.137000
rcn3gdkbstocjjnx,failed,not_found,46,6BA54D7805A44F63A75D70AFEC8D2DF6BA7BCAE0,41145C3169D810DB360FF2FCA232093B02C0B262,09092FF120A9FD9DC1AEAC899B5C3CFECBA6C279,71026B999E15ECC0BCCA56B972E210CCA76AD96A,2020-09-23 18:29:04.137000,2020-09-23 18:29:07.025000
rcn3gdkbstocjjnx,failed,not_found,84,6BA54D7805A44F63A75D70AFEC8D2DF6BA7BCAE0,56784608242CB15B70ED6CBB8F40EEA3B62AF69E,32F519817919D290B7FDA56AF5C90E57E56032F9,09486CB8270415F271BC844238BE702B9DE53812,2020-09-23 18:29:07.025000,2020-09-23 18:29:10.972000
rcn3gdkbstocjjnx,failed,not_found,159,6BA54D7805A44F63A75D70AFEC8D2DF6BA7BCAE0,E384748293FC4429E2B427360DB4F9D4C3D619D1,F01AAA640FF4EA025DB8449BD61C055273B4A328,70FF4E669EC69F8E324537D05ADDAAED76303D8D,2020-09-23 18:29:10.972000,2020-09-23 18:29:14.207000
rcn3gdkbstocjjnx,failed,not_found,258,6BA54D7805A44F63A75D70AFEC8D2DF6BA7BCAE0,BA820A3CA53A4956C76C04B3BA170D7E67D2179A,4E91B66561EE01B1653E1803FE53B5C400D967DB,094E8D02087FD6C516294EE19257D8B78038F417,2020-09-23 18:29:14.207000,2020-09-23 18:29:18.417000
rcn3gdkbstocjjnx,failed,not_found,414,6BA54D7805A44F63A75D70AFEC8D2DF6BA7BCAE0,648E97719EDEC4F0E08F1CEB8D24F2C8F587344C,7A3E534C033E3836BD5AF223B642853C502AB33A,70F09E981D6D4A34A35F248F0C873CBA356A0612,2020-09-23 18:29:18.417000,2020-09-23 18:29:24.210000
cflarexljc3rw355ysrkrzwapozws6nre6xsy3n4yrj7taye3uiby3ad,received,,25,6BA54D7805A44F63A75D70AFEC8D2DF6BA7BCAE0,D35682AB6E29D91AA030E03A9BEB42700D96A1EF,E3D61BAEA0B7CB12CACEDC8821C520557BDFCEA3,9E41448CE0DDE186CE05D2DED5F34428C99A8D70,2020-09-23 18:29:01.665000,2020-09-23 18:29:04.494000
wwof7vs3g66kmigu,failed,not_found,35,6BA54D7805A44F63A75D70AFEC8D2DF6BA7BCAE0,769A297017BB5E92A9A5A3D76725CA12D694AA30,BF0FB582E37F738CD33C3651125F2772705BB8E8,7EAF9E55B9B40532AF2DB5B70392F30E5AA1C596,2020-09-23 18:29:03.441000,2020-09-23 18:29:06.176000
wwof7vs3g66kmigu,failed,not_found,72,6BA54D7805A44F63A75D70AFEC8D2DF6BA7BCAE0,1C8B3C3D8BC705883B7799C915B2FE1E0FEB006F,5008E49954AC0CA0565FE8AF61D61617212ACBC7,1079E628FC6B0025656AC024F2D9975C441498CD,2020-09-23 18:29:06.177000,2020-09-23 18:29:08.487000
wwof7vs3g66kmigu,failed,not_found,108,6BA54D7805A44F63A75D70AFEC8D2DF6BA7BCAE0,1C8B3C3D8BC705883B7799C915B2FE1E0FEB006F,A6E0F950CAC74AF867CA21976069529D6D4D3E30,1084200B44021D308EA4253F256794671B1D099A,2020-09-23 18:29:08.487000,2020-09-23 18:29:11.062000
wwof7vs3g66kmigu,failed,not_found,162,6BA54D7805A44F63A75D70AFEC8D2DF6BA7BCAE0,97B7BA747B62A9962DEDCE404FF33106D4032F91,1BB9F857B41ABFB3BE0570F8A86DDCFD198713A2,108FBE210539A1E6868FC43A0BB0A38DCA12D558,2020-09-23 18:29:11.063000,2020-09-23 18:29:14.448000
wwof7vs3g66kmigu,failed,not_found,262,6BA54D7805A44F63A75D70AFEC8D2DF6BA7BCAE0,5AD3FB658E490BAD9515F363374AA41D65D31A02,3212FA08FB2358B271606E21B1DFBD6717B94FA3,7EB86B057A761B085273049642863EF9DACAE6E8,2020-09-23 18:29:14.449000,2020-09-23 18:29:18.589000
wwof7vs3g66kmigu,failed,not_found,427,6BA54D7805A44F63A75D70AFEC8D2DF6BA7BCAE0,DEF35CE8FCC5B5ED35DEC379A9EDF420FF419677,3C79702BCC4AA498CB8E9FEC8A51A72AE89169EA,7EB91FDB68EAD3A13808D9356DA82605773215F5,2020-09-23 18:29:18.589000,2020-09-23 18:29:24.486000
yeypog33jpntps4k,failed,not_found,37,6BA54D7805A44F63A75D70AFEC8D2DF6BA7BCAE0,9E4CC64C4F94C359D43C5BA09094323FDBEFD975,288C100FFA656938C23F32207CAF0DA932ECD247,C5D29A323B1952CF783C84408804F01926139E69,2020-09-23 18:29:03.474000,2020-09-23 18:29:06.036000
yeypog33jpntps4k,failed,not_found,71,6BA54D7805A44F63A75D70AFEC8D2DF6BA7BCAE0,42D47C736518BFA495CA31AEE40AE468F0BDA2A6,9C34EAD957DF77978BCF356F3F96B9A79E3961CB,525EE34C1A7B89AB9DF585246DE30E32702913F5,2020-09-23 18:29:06.036000,2020-09-23 18:29:08.633000
yeypog33jpntps4k,failed,not_found,113,6BA54D7805A44F63A75D70AFEC8D2DF6BA7BCAE0,A99B0D9E5FD5BC3C8F2D006EC91F8C7F40E09CB8,0DD04EF0B081BBFDE3082D4ECC8A63FD0022FCAF,C5BF27560E4B007365FBA96D32F9E74614218C8E,2020-09-23 18:29:08.633000,2020-09-23 18:29:11.832000
yeypog33jpntps4k,failed,not_found,150,6BA54D7805A44F63A75D70AFEC8D2DF6BA7BCAE0,1034775A01EA629979D0A601EC85FDF2F584CC45,81E18725397D620DA548ABBE24D9CD263DEF2FDC,5262556D44A7F2434990FDE1AE7973C67DF49E58,2020-09-23 18:29:11.833000,2020-09-23 18:29:13.717000
yeypog33jpntps4k,failed,not_found,252,6BA54D7805A44F63A75D70AFEC8D2DF6BA7BCAE0,1A2B77AD0A742CD804B9DD747E2DD8E38D06C915,128FC6D8FBF753121C5662FEE309CCD47B64BA6B,525D5386F858580E93B88D21727869555DFC654C,2020-09-23 18:29:13.718000,2020-09-23 18:29:18.428000
yeypog33jpntps4k,failed,not_found,416,6BA54D7805A44F63A75D70AFEC8D2DF6BA7BCAE0,7B190463E733CC292AA4010D194D1798CD8EB9A0,7B7C7F31205D7AEB5DFFEDA08E00282A78CD76E0,C5AF11B595BE211E42D1A121ABEC89515D3B0CBC,2020-09-23 18:29:18.428000,2020-09-23 18:29:24.136000
gjgs3hp453k555vl,failed,not_found,38,6BA54D7805A44F63A75D70AFEC8D2DF6BA7BCAE0,508EAAA5322C7BF048C8FADBBFB37D0A3E1D9262,F0F5074A6DADD3DC22E1FAA18FD6D89CBC52771A,E8466E02C893B9A6602A251CCEA100F252E25B4B,2020-09-23 18:29:03.497000,2020-09-23 18:29:05.960000
gjgs3hp453k555vl,failed,not_found,69,6BA54D7805A44F63A75D70AFEC8D2DF6BA7BCAE0,66BBCD0D58FDB891AD86CE22A2613A9BEE3CA274,AEF6C1FBA0FC16F4931638BF065085B974D3E90F,E8663924FE2AAD4E081A17ED6976D0AE8010F47B,2020-09-23 18:29:05.960000,2020-09-23 18:29:08.772000
gjgs3hp453k555vl,failed,not_found,114,6BA54D7805A44F63A75D70AFEC8D2DF6BA7BCAE0,59EA74708A9C1A24D2EB1A2F150C27119A5FC2A6,3F065BB0B02FB2303E144383D16C47A7DED75AE7,E8562C7CFBEB6501F2E02DA00203F958E8B1685C,2020-09-23 18:29:08.773000,2020-09-23 18:29:11.672000
gjgs3hp453k555vl,failed,not_found,173,6BA54D7805A44F63A75D70AFEC8D2DF6BA7BCAE0,D5C01B85FB3A48D55698CA660A2DE8935388816E,38E059EEACD86E4D47FCD35F0A1FBD26A34BAB83,672A56A583C658372E63ACEB43E7F791C2819548,2020-09-23 18:29:11.672000,2020-09-23 18:29:14.984000
gjgs3hp453k555vl,failed,not_found,294,6BA54D7805A44F63A75D70AFEC8D2DF6BA7BCAE0,F83A64E0FA85BC224807919772FE14E1BA07CEF5,617EB1F3994E13EFE20D4D6A4273B724776D05D2,671A68ABADA1402FB00676055F48EA123B9B060C,2020-09-23 18:29:14.984000,2020-09-23 18:29:20.036000
gjgs3hp453k555vl,failed,not_found,469,6BA54D7805A44F63A75D70AFEC8D2DF6BA7BCAE0,72614C16C578D6732A9D9079A0905E8159BC44E4,6DFEB41C04CCE846871338E85DD5ACF5CFB6C1DD,6739A6A7147E03350BC6552B8D72125DF3742592,2020-09-23 18:29:20.036000,2020-09-23 18:29:26.858000
gapzxfuxigeblsgp,failed,not_found,39,6BA54D7805A44F63A75D70AFEC8D2DF6BA7BCAE0,A1FEE8537C847D330F1F7F592BE24360C5D6051F,44496B18C68356AF3A58ACAD835429C37B9432ED,355340273E78DAC664B2328EC46D61998D797141,2020-09-23 18:29:03.498000,2020-09-23 18:29:06.206000
gapzxfuxigeblsgp,failed,not_found,73,6BA54D7805A44F63A75D70AFEC8D2DF6BA7BCAE0,07905A0D8AD1C134D3036872140B1DB1EB761772,D1B1A550FEE3A05E71CA9080D14CCA3B746C0C17,4273E6D162ED2717A1CF4207A254004CD3F5307B,2020-09-23 18:29:06.207000,2020-09-23 18:29:08.965000
gapzxfuxigeblsgp,failed,not_found,119,6BA54D7805A44F63A75D70AFEC8D2DF6BA7BCAE0,F6740DEABFD5F62612FA025A5079EA72846B1F67,17CDC54BBDBDED0574C04FEE37C4030455C2F28E,3547FAF7D6526BBE81CC07FACAD612A99BDD9876,2020-09-23 18:29:08.965000,2020-09-23 18:29:11.991000
gapzxfuxigeblsgp,failed,not_found,175,6BA54D7805A44F63A75D70AFEC8D2DF6BA7BCAE0,82405679E1F2AE258FBA8DD45BB2A52735EEED91,F6740DEABFD5F62612FA025A5079EA72846B1F67,35513B1D2EA70649346C3C6D34F63D6982E3948A,2020-09-23 18:29:11.992000,2020-09-23 18:29:15.354000
gapzxfuxigeblsgp,failed,not_found,270,6BA54D7805A44F63A75D70AFEC8D2DF6BA7BCAE0,D14EC16949648CEE84EA1664445029EA4B597074,7CA5DD27BAA6DCDDD537CE8CB5E11E63642F48F1,4280688117CB33E2D1A07CD84DDAD3B3FC9685AF,2020-09-23 18:29:15.354000,2020-09-23 18:29:18.864000
gapzxfuxigeblsgp,failed,not_found,429,6BA54D7805A44F63A75D70AFEC8D2DF6BA7BCAE0,0122A605B7C170D6086143448273D9A9844B69E2,91BA193FB362FB7B6679A7A83A3050F3C44A5468,427DEDAA28D39672F3D9B7714170C724634671F3,2020-09-23 18:29:18.865000,2020-09-23 18:29:24.953000
lrgmahglzqssl666,failed,not_found,42,6BA54D7805A44F63A75D70AFEC8D2DF6BA7BCAE0,C8DE26D2D119BE7F509E672EE1A3D5FB25DCBA97,0C8433B6B92E2F1C744F3CFBE49ADA7CBEFEEBFA,098D9CF7568D27A8288FA4BB3819A99913315D6E,2020-09-23 18:29:03.962000,2020-09-23 18:29:07.412000
lrgmahglzqssl666,failed,not_found,88,6BA54D7805A44F63A75D70AFEC8D2DF6BA7BCAE0,66BD39FE805AED414ADE400CAAD862C9CC3AC34E,41145C3169D810DB360FF2FCA232093B02C0B262,FE296180018833AF03A8EACD5894A614623D3F76,2020-09-23 18:29:07.413000,2020-09-23 18:29:09.875000
lrgmahglzqssl666,failed,not_found,131,6BA54D7805A44F63A75D70AFEC8D2DF6BA7BCAE0,00C22D3BC1822EB8EA380AF04245337399E796E2,263907E9D48FBEAE6E64B10C628AE8BDF466869B,0995CB06655B4AD50689F4AB303764CD717C258E,2020-09-23 18:29:09.875000,2020-09-23 18:29:12.657000
lrgmahglzqssl666,failed,not_found,205,6BA54D7805A44F63A75D70AFEC8D2DF6BA7BCAE0,BF37445EA2A9F3D04F4B87DFAC624AEF21B559D5,2BA2C8E96B2590E1072AECE2BDB5C48921BF8510,09930800210FF35CE84F2DEEDB4F9B67812B9717,2020-09-23 18:29:12.658000,2020-09-23 18:29:16.488000
lrgmahglzqssl666,failed,not_found,297,6BA54D7805A44F63A75D70AFEC8D2DF6BA7BCAE0,331452F317390D3C78BCD759170699E55C5570C9,10CA859C429A17EFF704CC53D0080940148D59DA,FE356106DADD1704585E6E0079DC7B6837E6F0FF,2020-09-23 18:29:16.488000,2020-09-23 18:29:20.305000
lrgmahglzqssl666,failed,not_found,579,6BA54D7805A44F63A75D70AFEC8D2DF6BA7BCAE0,CCAA620D5CAB34CE95FE3C863D9E6520C07451D8,AEF0EADA8C92A4DF1500FAE303ECD8E1EBD56670,FE1AF5E909002134BFF834F4AD5E1DE723779002,2020-09-23 18:29:20.305000,2020-09-23 18:29:30.268000
juoz6hpkmhrszk6t,failed,not_found,43,6BA54D7805A44F63A75D70AFEC8D2DF6BA7BCAE0,A541C211909264081DC3A4F8E105F06139DDCD8B,82ED9AEC94184EC6DD299A5CDB3378B04BB17489,13F7EAE731CA4600951986921E08ECAB9B1D2AF6,2020-09-23 18:29:03.997000,2020-09-23 18:29:07.025000
juoz6hpkmhrszk6t,failed,not_found,126,6BA54D7805A44F63A75D70AFEC8D2DF6BA7BCAE0,73E2046A1E7F0E95D36C3F979CE5FAC3609AC610,EE7CD2A763435C7006095BD167C790ABE5BC4DEA,8A4C65C62D82C8783A6B51379A0E033464A4DF3C,2020-09-23 18:29:07.026000,2020-09-23 18:29:12.461000
juoz6hpkmhrszk6t,failed,not_found,191,6BA54D7805A44F63A75D70AFEC8D2DF6BA7BCAE0,AA7630738F82C4DF26BB8EFF131564DACDEAC64C,F3936F97C14EFCFD18154DF4443B91FEDD071F47,13EE0E14C6A2751633138277C1443A4C37DD55D4,2020-09-23 18:29:12.462000,2020-09-23 18:29:33.311000
juoz6hpkmhrszk6t,failed,not_found,1196,6BA54D7805A44F63A75D70AFEC8D2DF6BA7BCAE0,AF42BD51EEBA9329E110AA8D206FED316E1DA671,5FB384605F53DCBF1CB02143D318DA3E8EE38A24,8A2D71CBCA33F13A3EA9614DE28AE3F669D84987,2020-09-23 18:29:33.311000,2020-09-23 18:29:48.018000
juoz6hpkmhrszk6t,,,,,,,8A2CCF9A354EF89C08CB0AE2DD7F7E8418ADF713,2020-09-23 18:29:48.019000,
lziiavdhjkbn5huz,failed,not_found,44,6BA54D7805A44F63A75D70AFEC8D2DF6BA7BCAE0,41CEB66108B70108F148BF7778260A87723AACA1,834C91DEEB2FE4FEFCE55A99C378968FB659115C,CE68E04E721157C4FEB99FFAA9037F3B0B7E1CCD,2020-09-23 18:29:03.997000,2020-09-23 18:29:06.985000
lziiavdhjkbn5huz,failed,not_found,83,6BA54D7805A44F63A75D70AFEC8D2DF6BA7BCAE0,62A60158A2C302E3DA792D7A4F5339F41321E5D9,4623A9EC53BFD83155929E56D6F7B55B5E718C24,CE694BA8D019EE60D8E7838CC177E689CEA825EA,2020-09-23 18:29:06.986000,2020-09-23 18:29:09.983000
lziiavdhjkbn5huz,failed,not_found,132,6BA54D7805A44F63A75D70AFEC8D2DF6BA7BCAE0,37DDF1906EE3DB96130A717EA54667C64DAC78DF,A53569CB333E9895A44954700CC07D2135801518,CE6813FEA256EE63BCD2A178E453202BFAA64FA7,2020-09-23 18:29:09.984000,2020-09-23 18:29:13.218000
lziiavdhjkbn5huz,failed,not_found,559,6BA54D7805A44F63A75D70AFEC8D2DF6BA7BCAE0,C2F653A5CEE30C8D5713FA4AE7F75E992A479196,4CD4DFFEF3971C902A22100D911CAC639BE2EF5C,205ED2C309999F0F18767A1ECCD384B580070BA9,2020-09-23 18:29:13.219000,2020-09-23 18:29:29.465000
lziiavdhjkbn5huz,failed,not_found,1056,6BA54D7805A44F63A75D70AFEC8D2DF6BA7BCAE0,CDAF0B74C45FD5B1955198A8D92C8A518A53D07B,798A57B4E129699A521A03E7F72BC0FDEC31F4D6,205352549229B724BBCDF0996EE0E7251A0833FA,2020-09-23 18:29:29.465000,2020-09-23 18:29:43.088000
lziiavdhjkbn5huz,,,,,,,206B2B8C1AB1E20C02CFE2A913AA8DE169980FC2,2020-09-23 18:29:43.088000,
ki3rckcn5rpdpwrc,failed,not_found,45,6BA54D7805A44F63A75D70AFEC8D2DF6BA7BCAE0,088A6237EED87EDEB0E1E3AD0A4A419F963F0787,A99B0D9E5FD5BC3C8F2D006EC91F8C7F40E09CB8,F9246DEF2B653807236DA134F2AEAB103D58ABFE,2020-09-23 18:29:04.010000,2020-09-23 18:29:06.587000
ki3rckcn5rpdpwrc,failed,not_found,80,6BA54D7805A44F63A75D70AFEC8D2DF6BA7BCAE0,FF21B755C60C998E25EDC5864F709C2ED5C38F9D,20CD933EDC7260B19040475B24FD6B01B73E94BB,1E1A7C9134637383BE653C41973995A229D81595,2020-09-23 18:29:06.587000,2020-09-23 18:29:09.461000
ki3rckcn5rpdpwrc,failed,not_found,123,6BA54D7805A44F63A75D70AFEC8D2DF6BA7BCAE0,7E44E0D39CE8666A98EA5DEBCBB8E12B3906410F,D14011FE605253565D934C69109DAE4316AD69A3,1E03D81C9744DE0E3C9DE6E6FBDF1DF9DAEA5AFC,2020-09-23 18:29:09.462000,2020-09-23 18:29:12.665000
ki3rckcn5rpdpwrc,failed,not_found,272,6BA54D7805A44F63A75D70AFEC8D2DF6BA7BCAE0,A597AC866E40CAB5A67759ADE4942192E99DE684,2ED8654AD1B8C25F3EB83156B07EA35BE6132F0C,1E4F40CCEC8EE72DB1E89D3D3FC45E873CDA2134,2020-09-23 18:29:12.666000,2020-09-23 18:29:18.865000
ki3rckcn5rpdpwrc,failed,not_found,433,6BA54D7805A44F63A75D70AFEC8D2DF6BA7BCAE0,7D8EBB86CF2EB560F938BEF018E1D8FD6B36B327,D56A98D38FC3C75E0347EEF3DD9C12749AF7C7C5,F935633F907506C3327C9CEE2B7F39A54B88C375,2020-09-23 18:29:18.865000,2020-09-23 18:29:24.669000
ki3rckcn5rpdpwrc,failed,not_found,664,6BA54D7805A44F63A75D70AFEC8D2DF6BA7BCAE0,E00DFD54DC165D5452FBD3530D30186DAD016A0C,50C7B836942F14BDF1541B017CF21FD03F354E13,F92819F9B74BDF438FA9DA2E0163C3A1B44B0CEA,2020-09-23 18:29:24.669000,2020-09-23 18:29:33.310000
di4rdw5iwzwuydxq,failed,not_found,55,6BA54D7805A44F63A75D70AFEC8D2DF6BA7BCAE0,7600680249A22080ECC6173FBBF64D6FCF330A61,7260949459C2D4D4A5ABC3AC10C1AD6939E6525C,492FF91A6B43110681F7D5DD3B380E537699D3F1,2020-09-23 18:29:05.243000,2020-09-23 18:29:07.679000
di4rdw5iwzwuydxq,failed,not_found,94,6BA54D7805A44F63A75D70AFEC8D2DF6BA7BCAE0,C00A6B7541A9491629CEEADF121DCA6BEBD1FC45,A2C6C931D8627C6605288970889DDB88C7BA2142,48BE372CA2104D2422D49CD321060E7F697B52D9,2020-09-23 18:29:07.680000,2020-09-23 18:29:10.112000
di4rdw5iwzwuydxq,failed,not_found,141,6BA54D7805A44F63A75D70AFEC8D2DF6BA7BCAE0,AAC6AE4A8ED164C3657D64E3EF980EEBB4BBC8A1,79E48A3242DB3515700F8925FA8E6323F8D51D7D,48D934E776B739D38F9EAFDCFD85203C6A68A67B,2020-09-23 18:29:10.113000,2020-09-23 18:29:12.907000
di4rdw5iwzwuydxq,failed,not_found,211,6BA54D7805A44F63A75D70AFEC8D2DF6BA7BCAE0,2076359FC3BEB6AB4D0F26C5419712A30CDE85D0,6245DC873D6F613C795D48663D65BD8A2266CAF6,16AD4988F437D3478B72DAD0C1A20E61847FEF3C,2020-09-23 18:29:12.908000,2020-09-23 18:29:16.467000
di4rdw5iwzwuydxq,failed,not_found,330,6BA54D7805A44F63A75D70AFEC8D2DF6BA7BCAE0,8BE79CE3261C027CE94F84D6CBE45F03BE9B8B59,9E4CC64C4F94C359D43C5BA09094323FDBEFD975,16BB0A28C79E7700E73C068C68F3366EB552424D,2020-09-23 18:29:16.467000,2020-09-23 18:29:21.302000
di4rdw5iwzwuydxq,failed,not_found,572,6BA54D7805A44F63A75D70AFEC8D2DF6BA7BCAE0,EA3616A0B9BBBDC74121D8D6F01EABDDCF6BE35D,02928855BFAD787F8B363F21860D1E7D156E0655,16AE2704B794C6C0013C7E47AF11DCABA808A0B9,2020-09-23 18:29:21.303000,2020-09-23 18:29:30.205000
c5aizb76j2qpojma,failed,not_found,56,6BA54D7805A44F63A75D70AFEC8D2DF6BA7BCAE0,128FC6D8FBF753121C5662FEE309CCD47B64BA6B,43FF3346A3F8E4ED27F631DC956C4CD8D6173D7A,7AFE734263C947ADD88D094C6E3CB71A34062724,2020-09-23 18:29:05.243000,2020-09-23 18:29:07.865000
c5aizb76j2qpojma,failed,not_found,95,6BA54D7805A44F63A75D70AFEC8D2DF6BA7BCAE0,96A5167371D784ECE979A1E4504D25ABFE853E8C,B5558CFA70A5308582B25767C9698E6DBE6A90B2,37B97F98AA1A51FF282660D3E440DAD9687BA814,2020-09-23 18:29:07.865000,2020-09-23 18:29:10.808000
c5aizb76j2qpojma,failed,not_found,157,6BA54D7805A44F63A75D70AFEC8D2DF6BA7BCAE0,10A5EFCCD2FB9C1A4AC20FB779A5DB11B58957A7,014BD09636373B78CC28BA70E36C7190E3DE236A,37BB3233098BF9B9095C27834E65A2E17FF807F8,2020-09-23 18:29:10.809000,2020-09-23 18:29:14.338000
c5aizb76j2qpojma,failed,not_found,562,6BA54D7805A44F63A75D70AFEC8D2DF6BA7BCAE0,E9A90B9FF0574410695BA5F5C8354368221A7114,44354E35E9F7F97AF27686D03B0D591686E35394,37CED9BA892BB06999F2B8CB63861A064A26C1BB,2020-09-23 18:29:14.339000,2020-09-23 18:29:29.295000
c5aizb76j2qpojma,,,,,,,7AF8C3C1E0E93D2B9E07C2663DE45B6DF28ED38B,2020-09-23 18:29:29.295000,
duutbf5rhmoqygdp,failed,not_found,57,6BA54D7805A44F63A75D70AFEC8D2DF6BA7BCAE0,18B160CD5E22BFC345AEE7BA84B7EA45BF457FCA,B204DE75B37064EF6A4C6BAF955C5724578D0B32,27F3833453C4006DF1E21C6BF62E4FCD8E99DEF2,2020-09-23 18:29:05.244000,2020-09-23 18:29:07.918000
duutbf5rhmoqygdp,failed,not_found,97,6BA54D7805A44F63A75D70AFEC8D2DF6BA7BCAE0,52D5FB2004C67127C73B71478238FA66122BD443,F741E5124CB12700DA946B78C9B2DD175D6CD2A1,8E1EFE623F0BF0622F2A6F135E13EA6E3AE5826E,2020-09-23 18:29:07.919000,2020-09-23 18:29:10.357000
duutbf5rhmoqygdp,failed,not_found,116,6BA54D7805A44F63A75D70AFEC8D2DF6BA7BCAE0,695D811B130673C2DE8DCFC5A9E742790BD25066,03910F285A33F365838EC66EF2C2EF754D046760,27EE4854D03F81FAEA3884A44303BE00DEEEE555,2020-09-23 18:29:10.357000,2020-09-23 18:29:11.567000
duutbf5rhmoqygdp,failed,not_found,171,6BA54D7805A44F63A75D70AFEC8D2DF6BA7BCAE0,8701E70AC4C0C9E1FE47EA853FC997D29BE5D65C,17ABA734572DBB1050CF3800F0DD145BAE7ED9A7,8DF22EEAAE24835783E0581FB2C7CFFE80A5C070,2020-09-23 18:29:11.568000,2020-09-23 18:29:15.182000
duutbf5rhmoqygdp,failed,not_found,299,6BA54D7805A44F63A75D70AFEC8D2DF6BA7BCAE0,B70BD334FFEE23E653B75219AE12CF0236BCFCBB,A98F492F6531AE3A068DD35395CA9F5BE8F0355C,8DE5DB687F0049631881827DF7A2935BE5FC2CBC,2020-09-23 18:29:15.182000,2020-09-23 18:29:20.178000
duutbf5rhmoqygdp,failed,not_found,475,6BA54D7805A44F63A75D70AFEC8D2DF6BA7BCAE0,404DBE0F72D66576925432B1E4A28425FA2E4825,39157328C19734ACD46BC6CD247F5E673D9EE9C8,27D668BFB3839D8C6E36193FFC3DF4DD6D79B513,2020-09-23 18:29:20.178000,2020-09-23 18:29:26.754000
kxx6tmwxxpv32qju,failed,not_found,58,6BA54D7805A44F63A75D70AFEC8D2DF6BA7BCAE0,EFCCA5852D18207A7A93C13EF3460458CAAEA9D9,7A2A6F39F485C4FC95FB885FFF37C436FD2BB7E5,7AB8B08DF8B90D108EFC37D74CA90A7B939A023D,2020-09-23 18:29:05.244000,2020-09-23 18:29:07.896000
kxx6tmwxxpv32qju,failed,not_found,96,6BA54D7805A44F63A75D70AFEC8D2DF6BA7BCAE0,33D88F331408141F2A2CC563239E54E48F7A211B,EFF32E0B2BA102251F3F717CB3988896EEB3A8AE,7A6EC43FD4CD5990230FCE48EC37AFC578E36CE6,2020-09-23 18:29:07.897000,2020-09-23 18:29:10.449000
kxx6tmwxxpv32qju,failed,not_found,142,6BA54D7805A44F63A75D70AFEC8D2DF6BA7BCAE0,F9674F45A25CAA977E7B872807E0A070C121F5FA,2AE2CA4BD2B7754F29432C25E03314D52AC4CAF1,7AAF5597B18D82CC90CA95FB7976A1CEA4A32E06,2020-09-23 18:29:10.449000,2020-09-23 18:29:13.106000
kxx6tmwxxpv32qju,failed,not_found,219,6BA54D7805A44F63A75D70AFEC8D2DF6BA7BCAE0,05B451C0562FDE23307AFA84FD6A37652E615233,8E76F1F6E8499CCE975C451560586A5F8BF0BFDB,4A3B874F0187F2CF0DA3C8F76063B070F9F7A14F,2020-09-23 18:29:13.106000,2020-09-23 18:29:17.198000
kxx6tmwxxpv32qju,failed,not_found,361,6BA54D7805A44F63A75D70AFEC8D2DF6BA7BCAE0,0C6CA58153400FA077EABB14773E36FD61BF0D75,10A5EFCCD2FB9C1A4AC20FB779A5DB11B58957A7,4A411DD8EBBD539AA0090A305856B9C838F7F2D6,2020-09-23 18:29:17.199000,2020-09-23 18:29:22.239000
kxx6tmwxxpv32qju,failed,not_found,627,6BA54D7805A44F63A75D70AFEC8D2DF6BA7BCAE0,FD449127D30D8F5D124653D9EF736EDF4A12B4DC,09A70E396DE93F54D4541BBB0EC8E2B23761F34F,4A3EA0E1E4381199A9D80D88AF7D334644DF082B,2020-09-23 18:29:22.239000,2020-09-23 18:29:32.219000
5ju3lynnqibq7nq6,failed,not_found,60,6BA54D7805A44F63A75D70AFEC8D2DF6BA7BCAE0,DEF8C760A79FEF2358E03AE5A1950086ABEB953E,8404E8B8AAB98208FAEFB1727B637133AD9C6FAF,69BE1831EC63C751D241E5E962DA4793355A6253,2020-09-23 18:29:05.553000,2020-09-23 18:29:08.808000
5ju3lynnqibq7nq6,failed,not_found,115,6BA54D7805A44F63A75D70AFEC8D2DF6BA7BCAE0,BE9B12FAAB7429842D643E2308390ECD8961E0A1,5AD3FB658E490BAD9515F363374AA41D65D31A02,69F41C1A051A6DDD659F19D9A01920ECB1E6C202,2020-09-23 18:29:08.809000,2020-09-23 18:29:11.647000
5ju3lynnqibq7nq6,failed,not_found,172,6BA54D7805A44F63A75D70AFEC8D2DF6BA7BCAE0,58A7199712C0E52B3C5F2F8E8B27B5A62BE58BC8,B1289B91C190A6803C1ADA6E381C0843CE039D70,383D6E34D9BEA92E97092B134A708EEF476DF2E4,2020-09-23 18:29:11.648000,2020-09-23 18:29:15.304000
5ju3lynnqibq7nq6,failed,not_found,301,6BA54D7805A44F63A75D70AFEC8D2DF6BA7BCAE0,A7C5B40EC0FB5175E884075DDC87531D353F679C,F6740DEABFD5F62612FA025A5079EA72846B1F67,69C4C2CFCF6B418636976B5FFC0140A3BE211312,2020-09-23 18:29:15.305000,2020-09-23 18:29:20.137000
5ju3lynnqibq7nq6,failed,not_found,473,6BA54D7805A44F63A75D70AFEC8D2DF6BA7BCAE0,C72A5061DD5EB229CDF16BADA740943EEAEEFE51,07623013C3361FE566B71C8CFCC6483D7587A827,383EBB4A99479DF9CD8BE5724E09B964F098E1BD,2020-09-23 18:29:20.137000,2020-09-23 18:29:26.400000
5ju3lynnqibq7nq6,failed,not_found,737,6BA54D7805A44F63A75D70AFEC8D2DF6BA7BCAE0,5856DB884578915E7C7A0B7B11E4145B1D2A4E2B,F83A64E0FA85BC224807919772FE14E1BA07CEF5,383882E740FC9214A21A60E8D4B10A220272113B,2020-09-23 18:29:26.401000,2020-09-23 18:29:35.317000
pqf3t2nr4qyz4moc,failed,not_found,61,6BA54D7805A44F63A75D70AFEC8D2DF6BA7BCAE0,CA4E9DFE87DE87E502F3B503D07EC8EFCAEE2549,1322D90EA6EDA85B3A8566F2C04F2D8C5C7C1EF1,E6FAC9A7F33EE66F03C55C119770B2D45D3C576B,2020-09-23 18:29:05.589000,2020-09-23 18:29:08.201000
pqf3t2nr4qyz4moc,failed,not_found,101,6BA54D7805A44F63A75D70AFEC8D2DF6BA7BCAE0,963879BB424D9A637A63105D5C26A2453C2C2272,D5C6F62A5D1B3C711CA5E6F9D3772A432E96F6C2,272AC842521666E3D1B0E5EAFAC79EF73EC88972,2020-09-23 18:29:08.202000,2020-09-23 18:29:10.678000
pqf3t2nr4qyz4moc,failed,not_found,153,6BA54D7805A44F63A75D70AFEC8D2DF6BA7BCAE0,D8A2D0080B0C73E1DC0EC9F33B497F64E5FB3F52,A2166EBF7C49ED87F29823EC3B3FF36D21DBC070,2728AD264284944DBDDDFE0C6DBE656A85A93602,2020-09-23 18:29:10.678000,2020-09-23 18:29:15.043000
pqf3t2nr4qyz4moc,failed,not_found,296,6BA54D7805A44F63A75D70AFEC8D2DF6BA7BCAE0,52A022F16D8CDBF019E132F1538A1798F167973A,5FB384605F53DCBF1CB02143D318DA3E8EE38A24,E747773C61CF671A222EB913DE17DA33074A6D76,2020-09-23 18:29:15.043000,2020-09-23 18:29:20.051000
pqf3t2nr4qyz4moc,failed,not_found,471,6BA54D7805A44F63A75D70AFEC8D2DF6BA7BCAE0,547C1CDB516798EC66A01F04A5884DCE1A151919,901CBA6FF3B90618D3FFEFF040353C267F690DF8,E6E50A68995BE3BEF723FAB5BE1A398166CC0680,2020-09-23 18:29:20.051000,2020-09-23 18:29:26.913000
pqf3t2nr4qyz4moc,failed,not_found,895,6BA54D7805A44F63A75D70AFEC8D2DF6BA7BCAE0,58FC2AAB3792AC37897D34331F4F4E00341DEC0C,F6740DEABFD5F62612FA025A5079EA72846B1F67,2751A18D2966DB9A955FAE0BD7D7431B9E2FECA4,2020-09-23 18:29:26.914000,2020-09-23 18:29:39.065000
g7jxiwlxsxl4yt2i,failed,not_found,62,6BA54D7805A44F63A75D70AFEC8D2DF6BA7BCAE0,A59AD84F92B2E5A76EBFE3BE62D3B28AF9BFD127,3EE6BA5394B18AEF14E0D3B959D733B7A1EC3AD5,F836446663F1EB816F13708955F105D0B2F5C8E0,2020-09-23 18:29:05.590000,2020-09-23 18:29:08.240000
g7jxiwlxsxl4yt2i,failed,not_found,104,6BA54D7805A44F63A75D70AFEC8D2DF6BA7BCAE0,5645739E8EF72CA7D9EE1E12678B51A6FF8711C1,1079E628FC6B0025656AC024F2D9975C441498CD,F84661C6C715DA2ECFB00CFE5859AE5733229BC0,2020-09-23 18:29:08.241000,2020-09-23 18:29:10.946000
g7jxiwlxsxl4yt2i,failed,not_found,158,6BA54D7805A44F63A75D70AFEC8D2DF6BA7BCAE0,43E187B8C7361F47EA968ED5389435865D7F4FE7,34133CC3192CF7538089B14511400DF21BA5A077,63540827C4832D214984EA47B7A68C593F9F862F,2020-09-23 18:29:10.946000,2020-09-23 18:29:14.894000
g7jxiwlxsxl4yt2i,failed,not_found,290,6BA54D7805A44F63A75D70AFEC8D2DF6BA7BCAE0,158581827034DEF1BAB1FC248D180165452E53D3,937F201D2797314953F268D252F5C98D3FA9F71E,63584BC1EF29E794A63C264136D7825C33F0889D,2020-09-23 18:29:14.895000,2020-09-23 18:29:19.832000
g7jxiwlxsxl4yt2i,failed,not_found,459,6BA54D7805A44F63A75D70AFEC8D2DF6BA7BCAE0,5B1F0DAF378A1FAFCFD5FA9CDC66D1023DC0276E,0C6D3655763B1A3A60FC42135CD60765AFE953BA,636794E0F8F1067E550FA51BF457163FFE2AC335,2020-09-23 18:29:19.833000,2020-09-23 18:29:26.256000
g7jxiwlxsxl4yt2i,failed,not_found,899,6BA54D7805A44F63A75D70AFEC8D2DF6BA7BCAE0,9EB3FD84065E5622A57EFEF14E41A01B5B99A022,6118DDB580EEDD6FE5F8D3CC0DF1EE17D8A2A4C6,F81F63FDF6B566D63D3A1112FC9D3EA1D3A285D1,2020-09-23 18:29:26.257000,2020-09-23 18:29:39.006000
7gp2ct37s3gkzxyq,failed,not_found,63,6BA54D7805A44F63A75D70AFEC8D2DF6BA7BCAE0,D3B72ADA2F3EEDA2BA98F645D620CA1C4060AAF4,F836446663F1EB816F13708955F105D0B2F5C8E0,C92F69EE5756200F160CCFAFE9C3C984D3E6D561,2020-09-23 18:29:05.590000,2020-09-23 18:29:08.011000
7gp2ct37s3gkzxyq,failed,not_found,99,6BA54D7805A44F63A75D70AFEC8D2DF6BA7BCAE0,A59AD84F92B2E5A76EBFE3BE62D3B28AF9BFD127,722BA3958D6F4B9A7CE927001CE7FED8625A749E,C9278B602025FAE439BB554BC4E1184CFF1A2ABF,2020-09-23 18:29:08.011000,2020-09-23 18:29:10.678000
7gp2ct37s3gkzxyq,failed,not_found,137,6BA54D7805A44F63A75D70AFEC8D2DF6BA7BCAE0,12D552E8AF7AA2B71B218B5BBF6A5FEFA6F26BA0,210001EE8A8E086983A3BD48F0D936996451C9CB,C92ECAF73512E2CCB15827A192B7AF3E9DBC896E,2020-09-23 18:29:10.678000,2020-09-23 18:29:12.835000
7gp2ct37s3gkzxyq,failed,not_found,209,6BA54D7805A44F63A75D70AFEC8D2DF6BA7BCAE0,18CA9EA099BB9861E354D2A6FF49337A7E81C2F3,890480E14E634C8B4467C475E355A6FBF3D99CD5,58BC2CFFA7894FC8F4CC5D8A77E38FDCFDB1DC0E,2020-09-23 18:29:12.835000,2020-09-23 18:29:16.502000
7gp2ct37s3gkzxyq,failed,not_found,1027,6BA54D7805A44F63A75D70AFEC8D2DF6BA7BCAE0,B3D56C1E0AD84BA93AF6DC533A8569C3D0E8A58B,8FA37B93397015B2BC5A525C908485260BE9F422,58BC63142C881F88D08E071DEB63DBA09DE62141,2020-09-23 18:29:16.503000,2020-09-23 18:29:43.704000
7gp2ct37s3gkzxyq,,,,,,,58B44B5591A96EC08114B041CC6B1BB1521DF2BE,2020-09-23 18:29:43.705000,
yiltgbhzvhj6kmsv,failed,not_found,54,6BA54D7805A44F63A75D70AFEC8D2DF6BA7BCAE0,FD79B7F9230858B48E75F389661840C702511078,CA95B3584C44DED8107AF5B3D8C25C562CC64DD4,B5B666F5F7E910DFF44AD58CD62A4B3F415ECB60,2020-09-23 18:29:06.551000,2020-09-23 18:29:08.054000
yiltgbhzvhj6kmsv,failed,not_found,100,6BA54D7805A44F63A75D70AFEC8D2DF6BA7BCAE0,9A48EC8AAFB2E8C9E20408596383DB74F1196747,42B4F52C5B11E4D39855F654955425B0D5A0598B,B581401A839EBD1F812DC78297FD09D60BFFA635,2020-09-23 18:29:08.054000,2020-09-23 18:29:10.728000
yiltgbhzvhj6kmsv,failed,not_found,226,6BA54D7805A44F63A75D70AFEC8D2DF6BA7BCAE0,672A56A583C658372E63ACEB43E7F791C2819548,A4A2FE36988069304CFF837064277FAB6348AF03,A07272726BD6199D28E034572D754928A7E399F3,2020-09-23 18:29:10.728000,2020-09-23 18:29:17.581000
yiltgbhzvhj6kmsv,failed,not_found,405,6BA54D7805A44F63A75D70AFEC8D2DF6BA7BCAE0,2BAF092E8667C00CA3D9686C76D8EC3CC6BC7C5B,DEF3365F1C012F80E56877B5EF05CE72BDEB0CCC,A07FF62835523CBE1EC3DC3287C05B91F847FA80,2020-09-23 18:29:17.582000,2020-09-23 18:29:23.872000
yiltgbhzvhj6kmsv,failed,not_found,635,6BA54D7805A44F63A75D70AFEC8D2DF6BA7BCAE0,1BD3B1951420BF0CF9F979B9276C0549EB03892C,B71DE54802E73B86F0798FB2ED2AFB0BB6B1F7C9,A0919C4EA28A6A6E2137902D44A7CEABC48C2612,2020-09-23 18:29:23.872000,2020-09-23 18:29:34.572000
yiltgbhzvhj6kmsv,failed,not_found,1260,6BA54D7805A44F63A75D70AFEC8D2DF6BA7BCAE0,4E5C4ED5CC70E5A32B48392FF72CC4BE24937EDA,96DAFDCE92BA94E4CC95F8314AE48E272A702FDC,B5831845F631C3E053B12D4714332E930219A014,2020-09-23 18:29:34.572000,2020-09-23 18:29:50.121000
7nxatambzgg3w2p2,failed,not_found,77,6BA54D7805A44F63A75D70AFEC8D2DF6BA7BCAE0,4CD4DFFEF3971C902A22100D911CAC639BE2EF5C,FB691D6E3FEE35C6979EE72AF03A53DD861B4CBB,3A209C005F58AF0BCDDEDC4423CFFD3AB3B826F5,2020-09-23 18:29:06.572000,2020-09-23 18:29:09.122000
7nxatambzgg3w2p2,failed,not_found,103,6BA54D7805A44F63A75D70AFEC8D2DF6BA7BCAE0,8D8E090832FCAFEA083BA150DA6D154E365A590C,62A60158A2C302E3DA792D7A4F5339F41321E5D9,3A27CC4147062E4EFDF46F848FEA7FF032A04E5F,2020-09-23 18:29:09.122000,2020-09-23 18:29:11.471000
7nxatambzgg3w2p2,failed,not_found,384,6BA54D7805A44F63A75D70AFEC8D2DF6BA7BCAE0,3EE6BA5394B18AEF14E0D3B959D733B7A1EC3AD5,8BE79CE3261C027CE94F84D6CBE45F03BE9B8B59,3A144BCB2681ABA103B83D553BEFC3EB99A11801,2020-09-23 18:29:11.471000,2020-09-23 18:29:23.044000
7nxatambzgg3w2p2,failed,not_found,604,6BA54D7805A44F63A75D70AFEC8D2DF6BA7BCAE0,A8D68ED61673B314CC8CD31C2275ABF1E07387CC,FB016E16B8CD7A0E53DEEF31ED8754E4F6B8E837,890480E14E634C8B4467C475E355A6FBF3D99CD5,2020-09-23 18:29:23.044000,2020-09-23 18:29:30.844000
7nxatambzgg3w2p2,failed,not_found,1084,6BA54D7805A44F63A75D70AFEC8D2DF6BA7BCAE0,BE8737597F2E6B4F805893202C935125829A902E,066735D43FB476FA64578C5D829E176DF53E5A00,88FD7D5810893E72E7354D0EEDCA7A7E4790C768,2020-09-23 18:29:30.844000,2020-09-23 18:29:44.617000
7nxatambzgg3w2p2,,,,,,,890530C5B510A506F5CF206EFEC1595F96E727A5,2020-09-23 18:29:44.654000,
m5hd5dwvdbkk373k,failed,not_found,78,6BA54D7805A44F63A75D70AFEC8D2DF6BA7BCAE0,6C251FA7F45E9DEDF5F69BA3D167F6BA736F49CD,4B351545DD58473F36B0A20E5500AC6ED51E8CD5,81E18725397D620DA548ABBE24D9CD263DEF2FDC,2020-09-23 18:29:06.573000,2020-09-23 18:29:09.098000
m5hd5dwvdbkk373k,failed,not_found,120,6BA54D7805A44F63A75D70AFEC8D2DF6BA7BCAE0,CC09DFB016081AD50686DAC96440BB2D6F343251,F893BC0CA3095992A145931C21CE06E3FB1376E0,431702B3A68A6015F9955DD4FD0129175B43EA0F,2020-09-23 18:29:09.098000,2020-09-23 18:29:12.420000
m5hd5dwvdbkk373k,failed,not_found,168,6BA54D7805A44F63A75D70AFEC8D2DF6BA7BCAE0,4561FC085C3F3A7271FE960317F02DCD1E9C1188,883F49ECDF48809308C0E5409E5A264B94050140,430672CD7162FA88AB49D891C38567799F346333,2020-09-23 18:29:12.420000,2020-09-23 18:29:14.777000
m5hd5dwvdbkk373k,failed,not_found,284,6BA54D7805A44F63A75D70AFEC8D2DF6BA7BCAE0,BF735F669481EE1CCC348F0731551C933D1E2278,3076FB1CCEB8341322019AD26F69BFC0AA845334,81C55D403A82BF6E7C3FBDBD41D102B7088900D9,2020-09-23 18:29:14.778000,2020-09-23 18:29:19.733000
m5hd5dwvdbkk373k,failed,not_found,455,6BA54D7805A44F63A75D70AFEC8D2DF6BA7BCAE0,BD6FFF1AD5A88A8D43870D43EC4450081B4B2BBA,2F77315CAE477550E47773BA5B1323F7FFBE3A3E,81E0F62FF2687A96A1E9C4C91E0F0676276338DB,2020-09-23 18:29:19.733000,2020-09-23 18:29:25.920000
m5hd5dwvdbkk373k,failed,not_found,777,6BA54D7805A44F63A75D70AFEC8D2DF6BA7BCAE0,4EACB1DF4BD42524AEA6A1B8026617B1BF59045C,32437FADA2B55E6F446870203311860AD8588569,4316866D578B06DC79728883C8E5C9609F8311D8,2020-09-23 18:29:25.921000,2020-09-23 18:29:35.776000
xtn5xuy6rc2auhit,failed,not_found,79,6BA54D7805A44F63A75D70AFEC8D2DF6BA7BCAE0,980B28A19B0A66948035A3FE143E5CF613C84122,AEF0EADA8C92A4DF1500FAE303ECD8E1EBD56670,F81F63FDF6B566D63D3A1112FC9D3EA1D3A285D1,2020-09-23 18:29:06.585000,2020-09-23 18:29:09.130000
xtn5xuy6rc2auhit,failed,not_found,121,6BA54D7805A44F63A75D70AFEC8D2DF6BA7BCAE0,C005F0CB30CD54CB45FF08ED151511A286B1B7CE,FE54C9B92F5306A4520072B96085EC09909B01D1,46725B5A5698570B8C3E0C2F15407C4C0936E01A,2020-09-23 18:29:09.131000,2020-09-23 18:29:13.107000
xtn5xuy6rc2auhit,failed,not_found,221,6BA54D7805A44F63A75D70AFEC8D2DF6BA7BCAE0,B6E33C39C1C94E582CBB8C24CCE351F2129807C6,52026565263963A4DA7C0A737E43850951405CDB,46736616C5A895D636C93EF9F8A289C3BC93EE53,2020-09-23 18:29:13.107000,2020-09-23 18:29:16.998000
xtn5xuy6rc2auhit,failed,not_found,354,6BA54D7805A44F63A75D70AFEC8D2DF6BA7BCAE0,A09D20D85D0AA29C47C90ABEAFDB6B7A4BF7FD07,1BB6001A9F0618B205F4005A75F5AFDE64B41FE4,F80FDE27EFCB3F6A7B4E2CC517133DBFFA78BA2D,2020-09-23 18:29:16.999000,2020-09-23 18:29:22.169000
xtn5xuy6rc2auhit,failed,not_found,550,6BA54D7805A44F63A75D70AFEC8D2DF6BA7BCAE0,39F096961ED2576975C866D450373A9913AFDC92,F7ACB36752F2D27A03800E505D1599F26C981B53,466B7476CC93AC056B83F69D84BF4467B7462D7B,2020-09-23 18:29:22.170000,2020-09-23 18:29:28.429000
xtn5xuy6rc2auhit,failed,not_found,865,6BA54D7805A44F63A75D70AFEC8D2DF6BA7BCAE0,73A62B590CC4F290D068FA20A12D6408A0D8B60C,E1BAB4F5B0E9D7891DCD9790C8F186D81728348F,F7F1286C879E0A8B4B4ECD5E9B830F7534629402,2020-09-23 18:29:28.430000,2020-09-23 18:29:39.004000
dvyvuzn5e53tkasd,failed,not_found,89,6BA54D7805A44F63A75D70AFEC8D2DF6BA7BCAE0,573051CAA3EEEE2B75EBD096BB1F70D3FDAC5F3A,103336165A0D2EFCAD3605339843A0A7710B8B92,BBD9BAE1130F9F33F2F8449A2ED67F9A36853863,2020-09-23 18:29:07.557000,2020-09-23 18:29:10.056000
dvyvuzn5e53tkasd,failed,not_found,140,6BA54D7805A44F63A75D70AFEC8D2DF6BA7BCAE0,50A39337EC55FC25E863868E80771220E468FC4C,D965855F77A59FBBC5D1224DFB9C12A992355079,619E413D0C8AFF95B456622707016A7AB7B4DA5D,2020-09-23 18:29:10.057000,2020-09-23 18:29:13.001000
dvyvuzn5e53tkasd,failed,not_found,265,6BA54D7805A44F63A75D70AFEC8D2DF6BA7BCAE0,A99B0D9E5FD5BC3C8F2D006EC91F8C7F40E09CB8,EF430155E2ADADE42563E3B28F990B6FEE92AFCF,BBD8F4DF8FF5C69A6A989DB8C1EE2CA7ADFE0755,2020-09-23 18:29:13.002000,2020-09-23 18:29:19.299000
dvyvuzn5e53tkasd,failed,not_found,442,6BA54D7805A44F63A75D70AFEC8D2DF6BA7BCAE0,86CDD0D92AB972538416A382D99666736CDDF141,F01AAA640FF4EA025DB8449BD61C055273B4A328,61875BB87F7C6BB9B656BE7B95EBBFB3D5500C97,2020-09-23 18:29:19.299000,2020-09-23 18:29:25.551000
dvyvuzn5e53tkasd,failed,not_found,681,6BA54D7805A44F63A75D70AFEC8D2DF6BA7BCAE0,4A59FD3642C4D9F46A8D916AC9BC64390BCBC6AE,BFCE771635906C6C9D76ACEA6757DE6FF3445160,619349D82424C601CAEB94161A4CF778993DAEE7,2020-09-23 18:29:25.552000,2020-09-23 18:29:33.529000
dvyvuzn5e53tkasd,failed,not_found,1212,6BA54D7805A44F63A75D70AFEC8D2DF6BA7BCAE0,44DC23661E05DEFD94398936D9334987ABCB6E5E,DA8D76F5F5819693B5C96F499BA19F7404014769,BBDE12C320FD1C3FFBEC15202F46D5620FC1444E,2020-09-23 18:29:33.529000,2020-09-23 18:29:48.915000
qn5h7aiiuut6ld2a,failed,not_found,90,6BA54D7805A44F63A75D70AFEC8D2DF6BA7BCAE0,206B2B8C1AB1E20C02CFE2A913AA8DE169980FC2,B86137AE9681701901C6720E55C16805B46BD8E3,356ACBA2D112CA4D1457F27D2EA0759BF82EE898,2020-09-23 18:29:07.578000,2020-09-23 18:29:09.993000
qn5h7aiiuut6ld2a,failed,not_found,134,6BA54D7805A44F63A75D70AFEC8D2DF6BA7BCAE0,1DE8E81240D20D9755B29A8AEA131BE2CD537FB8,E7723680EA1F78E015DF312411990D5F5E815C27,B0DA07C71D8E5066C2C391EA963260B4F584D84C,2020-09-23 18:29:09.993000,2020-09-23 18:29:13.465000
qn5h7aiiuut6ld2a,failed,not_found,234,6BA54D7805A44F63A75D70AFEC8D2DF6BA7BCAE0,FE1AF5E909002134BFF834F4AD5E1DE723779002,E39A758BD81DD27E8AA27998688E816D0A13DC82,B0DD527BE01842D46030265FBD9928217A709F28,2020-09-23 18:29:13.465000,2020-09-23 18:29:17.599000
qn5h7aiiuut6ld2a,failed,not_found,368,6BA54D7805A44F63A75D70AFEC8D2DF6BA7BCAE0,2F45CDBD6058E268A0084C94D492CABDFBF69E4C,0122A605B7C170D6086143448273D9A9844B69E2,356B94BAD3096790E409790898144A4030AC225C,2020-09-23 18:29:17.600000,2020-09-23 18:29:22.073000
qn5h7aiiuut6ld2a,failed,not_found,548,6BA54D7805A44F63A75D70AFEC8D2DF6BA7BCAE0,DE4EB74B8105751568A75649F6672A31F2A3DE20,56781CCC9F6D29FEA148799AB588429C893A473C,B0C68DDD4265C850DC08CDE01154025E9EBEC14F,2020-09-23 18:29:22.074000,2020-09-23 18:29:28.982000
qn5h7aiiuut6ld2a,failed,not_found,982,6BA54D7805A44F63A75D70AFEC8D2DF6BA7BCAE0,B74DABBE248B935CDC1038CD5C9280878C8C94E7,A35944904C0C18955AFB76539CF5EBF805C0A31D,356E3DFC797A52AB79C83323C5EAEF4CA638ED52,2020-09-23 18:29:28.982000,2020-09-23 18:29:41.404000
2jbvoeawgykmfgby,failed,not_found,235,6BA54D7805A44F63A75D70AFEC8D2DF6BA7BCAE0,C93000A754F1927ACD3B60734BD8D417868BF043,E3B0739EEFFF0DE4203BBE8563F2A1C89D410347,F0832608B0D52E7B4418E54E655CA18A585DEDB8,2020-09-23 18:29:07.579000,2020-09-23 18:29:17.752000
2jbvoeawgykmfgby,failed,not_found,383,6BA54D7805A44F63A75D70AFEC8D2DF6BA7BCAE0,E5CC91BAFE7CCD68003E873D32E38027638D49D7,32F3621E84AEE1A211DBE70B0EAB89E41A7A8B9F,F08A3744CA6568ED28545C2B7C1BE7D8BA27CBDE,2020-09-23 18:29:17.753000,2020-09-23 18:29:22.790000
2jbvoeawgykmfgby,failed,not_found,598,6BA54D7805A44F63A75D70AFEC8D2DF6BA7BCAE0,97B7BA747B62A9962DEDCE404FF33106D4032F91,1C0736CF3744A3B87C2D2269B8BD3388C7E60552,F059C76B861B25D8F1BBDA4AD37D1B69035423EC,2020-09-23 18:29:22.791000,2020-09-23 18:29:30.781000
2jbvoeawgykmfgby,failed,not_found,1061,6BA54D7805A44F63A75D70AFEC8D2DF6BA7BCAE0,6C251FA7F45E9DEDF5F69BA3D167F6BA736F49CD,3B60AEB127F4A8CDE7F3798B799EBDC3463FB9C7,A1B28D636A56AAFFE92ADCCA937AA4BD5333BB4C,2020-09-23 18:29:30.782000,2020-09-23 18:29:42.807000
2jbvoeawgykmfgby,,,,,,,A1BBCBEC113DAAC7F17E7A7E698AAA7B147D691A,2020-09-23 18:29:42.808000,
btv6a5qqp6o6pfu2,failed,not_found,92,6BA54D7805A44F63A75D70AFEC8D2DF6BA7BCAE0,A4A2FE36988069304CFF837064277FAB6348AF03,724E86E7F5DA715529DC0ECAA013AE4BDC680E4C,2508698CEE27AEE60E2FD25AFDA4E22ABF453D2A,2020-09-23 18:29:07.594000,2020-09-23 18:29:10.574000
btv6a5qqp6o6pfu2,failed,not_found,236,6BA54D7805A44F63A75D70AFEC8D2DF6BA7BCAE0,8358BDDA9C9A680B4E3A2809E5C24F5B3624D5C2,C49A177510CAA653DA6727BF0E07FB7F56A0F09D,63A0D1B0E499ACC5510697384DBCAC16A18B0B5E,2020-09-23 18:29:10.574000,2020-09-23 18:29:17.971000
btv6a5qqp6o6pfu2,failed,not_found,348,6BA54D7805A44F63A75D70AFEC8D2DF6BA7BCAE0,74AC10CA94E400BA4D69E397562597CA04FC5352,40CDE936B04B4573A47223396006443CA5EAC845,638D91FC9EF661348A6994D04C3499BC03F50BBE,2020-09-23 18:29:17.971000,2020-09-23 18:29:21.910000
btv6a5qqp6o6pfu2,failed,not_found,546,6BA54D7805A44F63A75D70AFEC8D2DF6BA7BCAE0,12CF6DB4DAE106206D6C6B09988E865C0509843B,819C8AFEDAC733315A8F3DB80F043F13090C49F6,24E91955D969AEA1D80413C64FE106FAE7FD2EA9,2020-09-23 18:29:21.911000,2020-09-23 18:29:28.809000
btv6a5qqp6o6pfu2,failed,not_found,903,6BA54D7805A44F63A75D70AFEC8D2DF6BA7BCAE0,96CAA917F65BCD62CECD236F67652BFD7C69E52E,E00DFD54DC165D5452FBD3530D30186DAD016A0C,24F97F98C45E4754655BE66799049763DAEE99CE,2020-09-23 18:29:28.809000,2020-09-23 18:29:39.098000
btv6a5qqp6o6pfu2,,,,,,,63B32F7E5389E8DBC5E1BCEFE48312DA7CCEF5D6,2020-09-23 18:29:39.098000,
kuok6nclnvpxqv2a,failed,not_found,110,6BA54D7805A44F63A75D70AFEC8D2DF6BA7BCAE0,BA820A3CA53A4956C76C04B3BA170D7E67D2179A,DC2B1E4348AF306326FA63EEDB76EA6139133485,0E0D2A2E71A61B9D209DB4CE5E6DBEB98473E4EB,2020-09-23 18:29:08.551000,2020-09-23 18:29:11.179000
kuok6nclnvpxqv2a,failed,not_found,163,6BA54D7805A44F63A75D70AFEC8D2DF6BA7BCAE0,EEFFC0D532AB63BB3E9CAEADA822971F6D3AE8D6,8E7ACAD878BBD61097C0E0D557160F5D59BCE5CA,0E5522CB4F79E36C0BB263BABC861CFC686929AE,2020-09-23 18:29:11.180000,2020-09-23 18:29:14.458000
kuok6nclnvpxqv2a,failed,not_found,266,6BA54D7805A44F63A75D70AFEC8D2DF6BA7BCAE0,8127FEAAF63A37CDB3CF0D1DA75D1B8D6DA90AD9,E130296683B896A117CE5DA531A5645644178734,51A8A22944F228EA2D601434D127864B1B0B0F8C,2020-09-23 18:29:14.459000,2020-09-23 18:29:19.443000
kuok6nclnvpxqv2a,failed,not_found,408,6BA54D7805A44F63A75D70AFEC8D2DF6BA7BCAE0,2ABA928945F7EC1E9DD105A628D5C05609DB5B6D,447A24F3402C4774D89E7AAD2D876D0BF64E3267,0E2EEC125A6AC8D5EBF5DB36B776A3DA5510E7A0,2020-09-23 18:29:19.443000,2020-09-23 18:29:24.151000
kuok6nclnvpxqv2a,failed,not_found,640,6BA54D7805A44F63A75D70AFEC8D2DF6BA7BCAE0,2BCDDD2006A6000B8D5F6D63C7D6D200E43F8B1B,D139F8FECDD1184B180A19AF98E4421586E6CF6C,51BD25EE06C46E4466427D4ABF94F2964514EB2F,2020-09-23 18:29:24.152000,2020-09-23 18:29:33.202000
kuok6nclnvpxqv2a,failed,not_found,1188,6BA54D7805A44F63A75D70AFEC8D2DF6BA7BCAE0,B576A394DFC12B7E900D643C900484765D58C30F,AFE05115595A1D028E91AD41F6A07239DB04CEBC,51C367582993D68F8215610B85A99902C945324B,2020-09-23 18:29:33.202000,2020-09-23 18:29:50.370000
dpzsdfdsftmfdhjt,failed,not_found,86,6BA54D7805A44F63A75D70AFEC8D2DF6BA7BCAE0,2507E6A97AC52DC09FA519D31340156EEC626A5B,8E76F1F6E8499CCE975C451560586A5F8BF0BFDB,C0585931F974D8158E6AF83A077CFBEFC234F9A1,2020-09-23 18:29:08.554000,2020-09-23 18:29:10.459000
dpzsdfdsftmfdhjt,failed,not_found,143,6BA54D7805A44F63A75D70AFEC8D2DF6BA7BCAE0,A418D9195651DA24B0F51E28E54923DAE2B9C304,52D5FB2004C67127C73B71478238FA66122BD443,834C91DEEB2FE4FEFCE55A99C378968FB659115C,2020-09-23 18:29:10.459000,2020-09-23 18:29:13.258000
dpzsdfdsftmfdhjt,failed,not_found,228,6BA54D7805A44F63A75D70AFEC8D2DF6BA7BCAE0,59EA74708A9C1A24D2EB1A2F150C27119A5FC2A6,BA820A3CA53A4956C76C04B3BA170D7E67D2179A,C0804913BB431D64E0621E5BCE5DA97D624CACD1,2020-09-23 18:29:13.258000,2020-09-23 18:29:17.591000
dpzsdfdsftmfdhjt,failed,not_found,326,6BA54D7805A44F63A75D70AFEC8D2DF6BA7BCAE0,C49A177510CAA653DA6727BF0E07FB7F56A0F09D,D08660B6D70B6249A57D89BB7A8F2EA2C952BD35,83381B9F72D753F3F57A5380F6C6D2EB07A4837F,2020-09-23 18:29:17.592000,2020-09-23 18:29:21.417000
dpzsdfdsftmfdhjt,failed,not_found,593,6BA54D7805A44F63A75D70AFEC8D2DF6BA7BCAE0,22775B953E662151549C114CB8EE5FBDBCBDAD02,04C3468BE24740347CBCC00534C940DBCBCABC82,8358BDDA9C9A680B4E3A2809E5C24F5B3624D5C2,2020-09-23 18:29:21.417000,2020-09-23 18:29:30.824000
dpzsdfdsftmfdhjt,,,,,,,C04850673F655A91F5AD3C06E1E5B9056C5FA2E0,2020-09-23 18:29:30.824000,
xv5hzikr4ugbn42j,failed,not_found,180,6BA54D7805A44F63A75D70AFEC8D2DF6BA7BCAE0,8127FEAAF63A37CDB3CF0D1DA75D1B8D6DA90AD9,62ABC3D1B0D5DE48DE4B8AF5E76D5AA8F535CCDF,061E017AC8FB0EAF3A8915A920EFB9AC201CA3EC,2020-09-23 18:29:08.555000,2020-09-23 18:29:15.692000
xv5hzikr4ugbn42j,failed,not_found,319,6BA54D7805A44F63A75D70AFEC8D2DF6BA7BCAE0,E130296683B896A117CE5DA531A5645644178734,BA27D43AC00F014945DC32D036056F13FE1D5243,A4C83C2BEB4F1B31D40E80D5524C66A117D77C50,2020-09-23 18:29:15.692000,2020-09-23 18:29:20.795000
xv5hzikr4ugbn42j,failed,not_found,775,6BA54D7805A44F63A75D70AFEC8D2DF6BA7BCAE0,A597AC866E40CAB5A67759ADE4942192E99DE684,9171E15EBF665768F8EFAE2271D47D922C4EED46,A4DEEE8F4467621C0A3CB7F4E25CB6F7A11FAEE4,2020-09-23 18:29:20.795000,2020-09-23 18:29:29.411000
xv5hzikr4ugbn42j,failed,not_found,960,6BA54D7805A44F63A75D70AFEC8D2DF6BA7BCAE0,B87D46124FCB8BD887CC774349F335ED1F8419F6,A4771CB90024F1870D622960519945A3E49B40FE,A4CC39184AD287D72C2247738835811C7A7ECB8E,2020-09-23 18:29:29.412000,2020-09-23 18:29:43.747000
xv5hzikr4ugbn42j,,,,,,,061E0496931D23A81A2B685C9339D36857DD0FA1,2020-09-23 18:29:43.748000,
ssc5yelk2wniumt2,failed,not_found,112,6BA54D7805A44F63A75D70AFEC8D2DF6BA7BCAE0,CA4E9DFE87DE87E502F3B503D07EC8EFCAEE2549,5D8297658AD038178C820E5D673A224829053737,6B7ABD237CF25E5F787F365AF5FC4C86F0213A9F,2020-09-23 18:29:08.556000,2020-09-23 18:29:12.040000
ssc5yelk2wniumt2,failed,not_found,176,6BA54D7805A44F63A75D70AFEC8D2DF6BA7BCAE0,FA676D742D3A439157BAA0DD1CB3C54967041043,2D41697016C0070174BF079BADA7207604086A15,6B9EA8927AB6E94E216067E65372182343A5AFA2,2020-09-23 18:29:12.041000,2020-09-23 18:29:15.523000
ssc5yelk2wniumt2,failed,not_found,304,6BA54D7805A44F63A75D70AFEC8D2DF6BA7BCAE0,7B2904FE8AA12E45EA3D65658ED8CECA4A51F7F8,A99B0D9E5FD5BC3C8F2D006EC91F8C7F40E09CB8,57C6DF5B93E54EB9C8DB90029D9E9A1111BD34D2,2020-09-23 18:29:15.524000,2020-09-23 18:29:20.455000
ssc5yelk2wniumt2,failed,not_found,487,6BA54D7805A44F63A75D70AFEC8D2DF6BA7BCAE0,9B5ED3370E002AEBB2A9B25E3213C1817CCD2D88,A4F11D693FAB6E949B2B7C18153C3F7989896007,57CB4D6FB898E8B7CA9A01018AB6BCB727BF20A9,2020-09-23 18:29:20.455000,2020-09-23 18:29:26.914000
ssc5yelk2wniumt2,failed,not_found,813,6BA54D7805A44F63A75D70AFEC8D2DF6BA7BCAE0,F0F5074A6DADD3DC22E1FAA18FD6D89CBC52771A,5CFC486780CBD4446B764E51608D6574003B350D,57B6873C2DC362E5A42A809FB5624CDA3A025430,2020-09-23 18:29:26.914000,2020-09-23 18:29:37.617000
ssc5yelk2wniumt2,,,,,,,6BA54D7805A44F63A75D70AFEC8D2DF6BA7BCAE0,2020-09-23 18:29:37.618000,
6hrup6btusj5z4qg,failed,not_found,125,6BA54D7805A44F63A75D70AFEC8D2DF6BA7BCAE0,425835370C1FBE178C21CB53C76672F12BDE091A,63BF46A63F9C21FD315CD061B3EAA3EB05283A0A,77387F000E74717DF92C16C5D4AA30AC9B5B8E3B,2020-09-23 18:29:09.540000,2020-09-23 18:29:12.401000
6hrup6btusj5z4qg,failed,not_found,184,6BA54D7805A44F63A75D70AFEC8D2DF6BA7BCAE0,EA3616A0B9BBBDC74121D8D6F01EABDDCF6BE35D,270934A4F7B669AA387F2D475FBE793D03694547,77375E4B8A1B4838D5A65C0E9638C4856D5137B3,2020-09-23 18:29:12.401000,2020-09-23 18:29:15.972000
6hrup6btusj5z4qg,failed,not_found,321,6BA54D7805A44F63A75D70AFEC8D2DF6BA7BCAE0,47C362713928A711FC105AF54993576E41CB1B7F,E7C1FAFB7525149A0E911512F511D942BA5EEAAF,7731E125924324B7405BA20E2759EE16780237E2,2020-09-23 18:29:15.972000,2020-09-23 18:29:21.345000
6hrup6btusj5z4qg,failed,not_found,514,6BA54D7805A44F63A75D70AFEC8D2DF6BA7BCAE0,91E4015E1F82DAF0121D62267E54A1F661AB6DC7,CD0F9AA1A5064430B1DE8E645CBA7A502B27ED5F,BF1A775B7282EC31FCAF8E38FC93D1FEC443A566,2020-09-23 18:29:21.345000,2020-09-23 18:29:28.007000
6hrup6btusj5z4qg,failed,not_found,856,6BA54D7805A44F63A75D70AFEC8D2DF6BA7BCAE0,00C22D3BC1822EB8EA380AF04245337399E796E2,B70BD334FFEE23E653B75219AE12CF0236BCFCBB,BF29077D90DD65D8B15B2DFC876D25C76E5057FB,2020-09-23 18:29:28.008000,2020-09-23 18:29:38.225000
6hrup6btusj5z4qg,,,,,,,BF2BF901643D3B8BC1BC1F62705AC661EA5E0E9E,2020-09-23 18:29:38.226000,
opvx7im6flwrr2lk,failed,not_found,127,6BA54D7805A44F63A75D70AFEC8D2DF6BA7BCAE0,EAB20BD4083C820EC8329ED5AEBF12019A7749F3,EAA088440B100FF8407266B5D4853FFB16A8CB67,DBE82FA23B9FE3CB2462A6FCF5289DED3CBF4AEE,2020-09-23 18:29:09.546000,2020-09-23 18:29:12.419000
opvx7im6flwrr2lk,failed,not_found,186,6BA54D7805A44F63A75D70AFEC8D2DF6BA7BCAE0,9ACD9D526D1F82D7A00225742F1BDB374D7D17D4,8111FEB45EF2950EB8F84BFD8FF070AB07AEE9DD,67073A512A5C20C65416259FD40C434A7D01C4C2,2020-09-23 18:29:12.420000,2020-09-23 18:29:20.305000
opvx7im6flwrr2lk,failed,not_found,481,6BA54D7805A44F63A75D70AFEC8D2DF6BA7BCAE0,74AC10CA94E400BA4D69E397562597CA04FC5352,33D88F331408141F2A2CC563239E54E48F7A211B,DBED0F7418CFE5F20E9ECC4A4540D315D023AD7B,2020-09-23 18:29:20.306000,2020-09-23 18:29:26.753000
opvx7im6flwrr2lk,failed,not_found,781,6BA54D7805A44F63A75D70AFEC8D2DF6BA7BCAE0,509EAB4C5D10C9A9A24B4EA0CE402C047A2D64E6,883F49ECDF48809308C0E5409E5A264B94050140,670507CA6CF7697E6027728CC28BB0AEF1DE1E7C,2020-09-23 18:29:26.753000,2020-09-23 18:29:35.898000
opvx7im6flwrr2lk,,,,,,,671A68ABADA1402FB00676055F48EA123B9B060C,2020-09-23 18:29:35.898000,
4k55nei2rtnkhbvx,failed,not_found,128,6BA54D7805A44F63A75D70AFEC8D2DF6BA7BCAE0,6A365870758A1E3E7A9EE0E82BCC0D6226A9EAAA,F9A3542D5863CD665B7FF758E73DAD40832D0064,46F9FB943917858F618F2648595DEACD931D4400,2020-09-23 18:29:09.547000,2020-09-23 18:29:13.064000
4k55nei2rtnkhbvx,failed,not_found,217,6BA54D7805A44F63A75D70AFEC8D2DF6BA7BCAE0,270835EE49A6090065A7555A734C414F8E5F03FE,F0A3054C76604DC75D3F57F55C27F1BFB643F107,46F90EF3A3628C134DBB4654D0E4FF7EB914B690,2020-09-23 18:29:13.064000,2020-09-23 18:29:16.747000
4k55nei2rtnkhbvx,failed,not_found,466,6BA54D7805A44F63A75D70AFEC8D2DF6BA7BCAE0,6B5A63BFEEA8EF58DA812F4F05BE98C869809DFB,E6C04728E9339DF22F331B7017D4A7AA3F252F0B,46EC7BB31BFEC251B89E0C0715DEC4AA8208A1BA,2020-09-23 18:29:16.747000,2020-09-23 18:29:26.275000
4k55nei2rtnkhbvx,failed,not_found,799,6BA54D7805A44F63A75D70AFEC8D2DF6BA7BCAE0,63C6AB74A5C288C2159DDC783BB00F88AB44427C,A3AFBDEE30238E44899C9F8B7666D12B09C8EE32,D65DB84BF1EB4DD225B9A1CD9CEFD87B595A30F5,2020-09-23 18:29:26.276000,2020-09-23 18:29:36.782000
4k55nei2rtnkhbvx,,,,,,,D628F6BB2330B3F78DBB4BED466B0A586D74782E,2020-09-23 18:29:36.783000,
3tm62b7kugddnroy,failed,not_found,129,6BA54D7805A44F63A75D70AFEC8D2DF6BA7BCAE0,BD4012B7B05E4E0953AE46EF4D8E265E79B1627E,A53569CB333E9895A44954700CC07D2135801518,8EF748FCCF1A9E2B9651DC6ABD921F8EEB24FA73,2020-09-23 18:29:09.549000,2020-09-23 18:29:12.385000
3tm62b7kugddnroy,failed,not_found,232,6BA54D7805A44F63A75D70AFEC8D2DF6BA7BCAE0,F0AE51D182DA3B1FB452666EE3E5EA906C431CBF,C7106F0C6A7CF0F592CBAFF7C79BD81153B1B5F5,6FDE0F5302E14FC348C83413208AFADD47164612,2020-09-23 18:29:12.385000,2020-09-23 18:29:18.548000
3tm62b7kugddnroy,failed,not_found,418,6BA54D7805A44F63A75D70AFEC8D2DF6BA7BCAE0,FABA6394C790E96812D33689FAE90796FBA79AA8,638D91FC9EF661348A6994D04C3499BC03F50BBE,8F16229D5425774DCA566D7737596178153DB838,2020-09-23 18:29:18.548000,2020-09-23 18:29:24.355000
3tm62b7kugddnroy,failed,not_found,644,6BA54D7805A44F63A75D70AFEC8D2DF6BA7BCAE0,6867E951BD7E1AD2EE8ACD6E7E7C7093428720A2,0C6D3655763B1A3A60FC42135CD60765AFE953BA,8EF8766E1645A41A2AE1565EB673A4957C8D5AD2,2020-09-23 18:29:24.355000,2020-09-23 18:29:32.817000
3tm62b7kugddnroy,failed,not_found,1164,6BA54D7805A44F63A75D70AFEC8D2DF6BA7BCAE0,B143D439B72D239A419F8DCE07B8A8EB1B486FA7,5FB384605F53DCBF1CB02143D318DA3E8EE38A24,6FF440DFB1D0697B942357D747900CC308DD57CC,2020-09-23 18:29:32.817000,2020-09-23 18:29:46.559000
3tm62b7kugddnroy,,,,,,,6FDA24CFDD2512EEE2333D586DE3EA3CAB0ADB7F,2020-09-23 18:29:46.560000,
2dnwhxr426pg2ylb,failed,not_found,146,6BA54D7805A44F63A75D70AFEC8D2DF6BA7BCAE0,11D3EB91761414F94F3C6BDF8E4875D5E6B783AF,25E078CD1E537A7418318168F7E1990EF2A160C8,44496B18C68356AF3A58ACAD835429C37B9432ED,2020-09-23 18:29:10.554000,2020-09-23 18:29:13.562000
2dnwhxr426pg2ylb,failed,not_found,213,6BA54D7805A44F63A75D70AFEC8D2DF6BA7BCAE0,0E5D730466E5BB675BC9704C374DBE7E19F06165,A7E6640FEC85C9B04FB778A51CB999E35A29531E,44354E35E9F7F97AF27686D03B0D591686E35394,2020-09-23 18:29:13.562000,2020-09-23 18:29:16.487000
2dnwhxr426pg2ylb,failed,not_found,552,6BA54D7805A44F63A75D70AFEC8D2DF6BA7BCAE0,CDAF0B74C45FD5B1955198A8D92C8A518A53D07B,6245DC873D6F613C795D48663D65BD8A2266CAF6,443114A8673927436BC3F8FCFE6E08B16B1D5F86,2020-09-23 18:29:16.487000,2020-09-23 18:29:24.484000
2dnwhxr426pg2ylb,failed,not_found,648,6BA54D7805A44F63A75D70AFEC8D2DF6BA7BCAE0,5F0BFF8BF2C7528E41DB149245F4736C75CC7779,A9A4213EA3D707857368C683F2208C83B8755D8A,FEEF24CDF15BB59B418D1BF94A64BD3E62BB2CF3,2020-09-23 18:29:24.485000,2020-09-23 18:29:33.228000
2dnwhxr426pg2ylb,failed,not_found,1192,6BA54D7805A44F63A75D70AFEC8D2DF6BA7BCAE0,14D57DEDF0A4554A2D21AD53CCCC43E31158C733,EDB9C65B939940EC5E9DA800EE1574F1D68042B4,FEDF4998951A750D5D7974DF243035499E84882E,2020-09-23 18:29:33.229000,2020-09-23 18:29:47.711000
2dnwhxr426pg2ylb,,,,,,,FEDE31337E4E19E06B97D282F08B0A0E8B9C5526,2020-09-23 18:29:47.711000,
bqafa5bwvaendl5v,failed,not_found,147,6BA54D7805A44F63A75D70AFEC8D2DF6BA7BCAE0,DB621E29A90544FF5AC75E5BD0FEE679A6812F44,733CB01BFBABADA6AC5C363C4449D7D563C794C1,7E44E0D39CE8666A98EA5DEBCBB8E12B3906410F,2020-09-23 18:29:10.559000,2020-09-23 18:29:13.555000
bqafa5bwvaendl5v,failed,not_found,239,6BA54D7805A44F63A75D70AFEC8D2DF6BA7BCAE0,DD5DA21CC5036533AE2010DE2C7E72BE2CDF9C5E,128D16508676598DC8C7465CC5A87A338208466C,C74469EC04787CC458FB1DCDF456C5092CF08B19,2020-09-23 18:29:13.556000,2020-09-23 18:29:17.684000
bqafa5bwvaendl5v,failed,not_found,381,6BA54D7805A44F63A75D70AFEC8D2DF6BA7BCAE0,2E74F4A6EB5ED3C0182A54900E3A671C5C8DB2D8,790FABD5184E98F89908404233364C940A4881EC,C74E2C7FB511861A489C60F7503A6FD74C12723E,2020-09-23 18:29:17.684000,2020-09-23 18:29:22.810000
bqafa5bwvaendl5v,failed,not_found,600,6BA54D7805A44F63A75D70AFEC8D2DF6BA7BCAE0,66BD39FE805AED414ADE400CAAD862C9CC3AC34E,85A3AC041E3FCD796AF5D653953D5E27A56E3719,C74C79346BFB34C050CD3DF4E3C73D43A1383A60,2020-09-23 18:29:22.810000,2020-09-23 18:29:30.824000
bqafa5bwvaendl5v,failed,not_found,1079,6BA54D7805A44F63A75D70AFEC8D2DF6BA7BCAE0,5CE3AD8AD04ADE66C0037A3CF5F7F7A40D48A20B,7BB70F8585DFC27E75D692970C0EEB0F22983A63,7E281CD2C315C4F7A84BC7C8721C3BC974DDBFA3,2020-09-23 18:29:30.825000,2020-09-23 18:29:43.980000
bqafa5bwvaendl5v,,,,,,,7E460670C18752F8F69A9FC4550E9BFBB90BB81E,2020-09-23 18:29:43.980000,
jasvfwyvxqrko22e,failed,not_found,148,6BA54D7805A44F63A75D70AFEC8D2DF6BA7BCAE0,B872BA6804C8C6E140AE1897B44CF32B42FD2397,B32B93C90DCAF0012328A8D55D621D26B186E11A,1D25C7B2DD3C0BD55526DCF95B175EA3E95D9286,2020-09-23 18:29:10.563000,2020-09-23 18:29:14.675000
jasvfwyvxqrko22e,failed,not_found,282,6BA54D7805A44F63A75D70AFEC8D2DF6BA7BCAE0,014BD09636373B78CC28BA70E36C7190E3DE236A,4011E1BB0E5B9A22AF665B553BFFDDE22A517B16,1D361A2F1CAE4FDD5A85E13C168BE7075A100524,2020-09-23 18:29:14.676000,2020-09-23 18:29:19.598000
jasvfwyvxqrko22e,failed,not_found,586,6BA54D7805A44F63A75D70AFEC8D2DF6BA7BCAE0,8404E8B8AAB98208FAEFB1727B637133AD9C6FAF,7992F172EDBE69B99F0190651BAC14DD0FD9E5C8,1D3174338A1131A53E098443E76E1103CDED00DC,2020-09-23 18:29:19.598000,2020-09-23 18:29:30.268000
jasvfwyvxqrko22e,failed,not_found,1335,6BA54D7805A44F63A75D70AFEC8D2DF6BA7BCAE0,018DD9C3A0D2AD0FFCAE3978D89418C1B88B81D5,0C41DC37946901C297626C0D1ABF68423947DDE5,73C4C4AE90A8F83D3A091B395C7D5B913D50604D,2020-09-23 18:29:30.269000,2020-09-23 18:29:42.612000
jasvfwyvxqrko22e,,,,,,,73A5A81688BD536BFBABE18630F5BD6306C9AC8E,2020-09-23 18:29:42.612000,
e27lplsq6svmriu7,failed,not_found,151,6BA54D7805A44F63A75D70AFEC8D2DF6BA7BCAE0,ED3ACBBB89C5F1597A44A65D2FA203BDB8E208F2,E17745C64255D2920D9B9FCF9EF930C426EE4A91,419C3FC74B87C36EEE3AD9140ED3ECE429825CF5,2020-09-23 18:29:10.563000,2020-09-23 18:29:13.926000
e27lplsq6svmriu7,failed,not_found,254,6BA54D7805A44F63A75D70AFEC8D2DF6BA7BCAE0,3F065BB0B02FB2303E144383D16C47A7DED75AE7,1D04FF920CE804CE357FE62C665901C578BC26D6,41A3C16269C7B63DB6EB741DBDDB4E1F586B1592,2020-09-23 18:29:13.926000,2020-09-23 18:29:18.301000
e27lplsq6svmriu7,failed,not_found,591,6BA54D7805A44F63A75D70AFEC8D2DF6BA7BCAE0,9EB3FD84065E5622A57EFEF14E41A01B5B99A022,3212FA08FB2358B271606E21B1DFBD6717B94FA3,41CEB66108B70108F148BF7778260A87723AACA1,2020-09-23 18:29:18.301000,2020-09-23 18:29:23.830000
e27lplsq6svmriu7,failed,not_found,632,6BA54D7805A44F63A75D70AFEC8D2DF6BA7BCAE0,104DC15ACFA69CF94F89E8ED0F6CDB2D298234D2,A1DEB529DE86E7CABC3212778374933D68FB7F2F,FD2F9B881AC640100C428DF47DC9A863DC2F2536,2020-09-23 18:29:23.830000,2020-09-23 18:29:31.934000
e27lplsq6svmriu7,failed,not_found,1140,6BA54D7805A44F63A75D70AFEC8D2DF6BA7BCAE0,ACF165754601059ED2E472F893AD0FA4CAF1142D,CDAF0B74C45FD5B1955198A8D92C8A518A53D07B,FD709DBF3AF5DDE2812BCE5A5CA2FBB733DEF520,2020-09-23 18:29:31.935000,2020-09-23 18:29:46.143000
e27lplsq6svmriu7,,,,,,,FD47FA4A74C2BA062EC731286930B97FA873A7D6,2020-09-23 18:29:46.144000,
4h5t2wdetw3garc6,failed,not_found,246,6BA54D7805A44F63A75D70AFEC8D2DF6BA7BCAE0,EEFFC0D532AB63BB3E9CAEADA822971F6D3AE8D6,F740DDDB1A6B536B5CC47111BFE4E2F7CF9B4C28,964B4E8A75263A69769541F2764563DABDD995D2,2020-09-23 18:29:11.550000,2020-09-23 18:29:18.326000
4h5t2wdetw3garc6,failed,not_found,402,6BA54D7805A44F63A75D70AFEC8D2DF6BA7BCAE0,AE08D159352237844C60E0153AC8578320922FB8,69C4C2CFCF6B418636976B5FFC0140A3BE211312,9638D8A46D8CBA79F8122D77E038ED99EBFDAEAD,2020-09-23 18:29:18.327000,2020-09-23 18:29:23.431000
4h5t2wdetw3garc6,failed,not_found,607,6BA54D7805A44F63A75D70AFEC8D2DF6BA7BCAE0,1A52E1EA95EA1C05E6A3B643AA9AC1E87FC796F3,A98ADD972045D3CCAEE65C788C3F175BAEA3E324,801FC54687E380C226D35CD7DBBF73FCD442EA6B,2020-09-23 18:29:23.432000,2020-09-23 18:29:31.021000
4h5t2wdetw3garc6,failed,not_found,1092,6BA54D7805A44F63A75D70AFEC8D2DF6BA7BCAE0,C75CDD818316ABBC839F9F0DDAEC873FCF60C370,4B483F57D9660EBF33FA3CCA670FFD1BBB0F315A,963879BB424D9A637A63105D5C26A2453C2C2272,2020-09-23 18:29:31.022000,2020-09-23 18:29:44.616000
4h5t2wdetw3garc6,,,,,,,800267725AF0B34265FB6A2795AB3F743A63DD96,2020-09-23 18:29:44.616000,
jowzzo7q73sp7wbh,failed,not_found,167,6BA54D7805A44F63A75D70AFEC8D2DF6BA7BCAE0,8DCB526722FBE2B3F4C0CE9D020B0589170F8BDA,00B57BF614F7ED3051073B5D4526FF0B23AF217B,F8AA8D8CCBA0C5F2836DE6315CDFA6E4A31A0890,2020-09-23 18:29:11.554000,2020-09-23 18:29:14.829000
jowzzo7q73sp7wbh,failed,not_found,286,6BA54D7805A44F63A75D70AFEC8D2DF6BA7BCAE0,B8E514ADDC653D61DE1FCB67821BB0303778782F,BF7BFCB3096FC81FBD0B7ADA66164431EC7FD117,DA8D76F5F5819693B5C96F499BA19F7404014769,2020-09-23 18:29:14.830000,2020-09-23 18:29:19.845000
jowzzo7q73sp7wbh,failed,not_found,461,6BA54D7805A44F63A75D70AFEC8D2DF6BA7BCAE0,2CE96A8A1DA032664C90F574AFFBECE18A6E8DFC,A35944904C0C18955AFB76539CF5EBF805C0A31D,DA870A2F894E933EC391C29B4E9FAA9070EFAFB2,2020-09-23 18:29:19.845000,2020-09-23 18:29:26.090000
jowzzo7q73sp7wbh,failed,not_found,661,6BA54D7805A44F63A75D70AFEC8D2DF6BA7BCAE0,6DA5D1B9B239501838E19CC0ACBAFAE737AEEC5B,4A60B05738087419BFF41A41D2059873EE16E1E9,F878E3AD594F013195A051CD1072BF33D543A235,2020-09-23 18:29:26.091000,2020-09-23 18:29:33.334000
jowzzo7q73sp7wbh,failed,not_found,1136,6BA54D7805A44F63A75D70AFEC8D2DF6BA7BCAE0,F6740DEABFD5F62612FA025A5079EA72846B1F67,D1F2C5C820B3F96BE6144CBFB84FDDF9D0EC0810,F88721B0D184361AD24B14CFD56832824A0E79F2,2020-09-23 18:29:33.335000,2020-09-23 18:29:46.053000
jowzzo7q73sp7wbh,,,,,,,DAA806E9529D77EF94685FC0E513386EF65B83F8,2020-09-23 18:29:46.054000,
fvnkffvqdlrofi5l,failed,not_found,169,6BA54D7805A44F63A75D70AFEC8D2DF6BA7BCAE0,4B16758168D4F334BE11872F7B6BAE2E44664E5B,B56B9FE93F83B4FA69234B17A060E8A8E7446D19,5CB30C264BB9EB17CF2FC6AEB611593B54C371C2,2020-09-23 18:29:11.563000,2020-09-23 18:29:14.879000
fvnkffvqdlrofi5l,failed,not_found,288,6BA54D7805A44F63A75D70AFEC8D2DF6BA7BCAE0,A541C211909264081DC3A4F8E105F06139DDCD8B,D405FCCF06ADEDF898DF2F29C9348DCB623031BA,5CCC3569C67B7F1BB733664D43DF4645F2A4B04D,2020-09-23 18:29:14.879000,2020-09-23 18:29:20.015000
fvnkffvqdlrofi5l,failed,not_found,463,6BA54D7805A44F63A75D70AFEC8D2DF6BA7BCAE0,AED04C65D2D0D70DB2932D7D5A0BA58169168CC1,CA95B3584C44DED8107AF5B3D8C25C562CC64DD4,73A5A81688BD536BFBABE18630F5BD6306C9AC8E,2020-09-23 18:29:20.015000,2020-09-23 18:29:25.999000
fvnkffvqdlrofi5l,failed,not_found,780,6BA54D7805A44F63A75D70AFEC8D2DF6BA7BCAE0,5DB9AE27A44EB7B476CC04A66C67A71C97A001E6,65F86FD8B92C3AC01887D86B2171E657D5C19F79,5CBD45394573828291C8FE9780232FDFD0D202DF,2020-09-23 18:29:26,2020-09-23 18:29:36.312000
fvnkffvqdlrofi5l,failed,not_found,998,6BA54D7805A44F63A75D70AFEC8D2DF6BA7BCAE0,72657B96BF99B28FBD9F2B036A590AA8A4535422,508773E7A34F3BE17DD0372446798FACB8BF1EAA,73C4C4AE90A8F83D3A091B395C7D5B913D50604D,2020-09-23 18:29:36.313000,2020-09-23 18:29:53.680000
fvnkffvqdlrofi5l,,,,,,,73CC65219889443C06E06A0B6D427B1FE1C37379,2020-09-23 18:29:53.680000,
l2eqqzd5x4rtslan,failed,not_found,170,6BA54D7805A44F63A75D70AFEC8D2DF6BA7BCAE0,B81B38902BF026BF2591CA2D73B99CEEB03F0869,C63110BDD8736D2C2A733FF962F58D58FDE63A2D,E51620B90DCB310138ED89EDEDD0A5C361AAE24E,2020-09-23 18:29:11.564000,2020-09-23 18:29:14.625000
l2eqqzd5x4rtslan,failed,not_found,279,6BA54D7805A44F63A75D70AFEC8D2DF6BA7BCAE0,D079D6818926684C5979C18171FB18862A4A5792,5790B62AD6C79A1092B30993A8F0F7F23A969FD6,E4E27D80236B421FAEA25797495B57E36FF9F7C2,2020-09-23 18:29:14.625000,2020-09-23 18:29:19.158000
l2eqqzd5x4rtslan,failed,not_found,439,6BA54D7805A44F63A75D70AFEC8D2DF6BA7BCAE0,A1B7C1F83E5DA4376FD2E1DBA7AC28A71AB332AD,73E2046A1E7F0E95D36C3F979CE5FAC3609AC610,E4D1F25DFBE484208866BA4A1A958B73127CB0AD,2020-09-23 18:29:19.159000,2020-09-23 18:29:25.585000
l2eqqzd5x4rtslan,failed,not_found,684,6BA54D7805A44F63A75D70AFEC8D2DF6BA7BCAE0,BF852C3EB6DC7C7E95312D78BCA4804514592E31,6D72E970EB5218702C854BE250EC0663CC14D9BD,D5607ADD1FDDB657482E23F09AB173310C802590,2020-09-23 18:29:25.586000,2020-09-23 18:29:33.683000
l2eqqzd5x4rtslan,failed,not_found,1232,6BA54D7805A44F63A75D70AFEC8D2DF6BA7BCAE0,20462CBA5DA4C2D963567D17D0B7249718114A68,E39A758BD81DD27E8AA27998688E816D0A13DC82,D56A98D38FC3C75E0347EEF3DD9C12749AF7C7C5,2020-09-23 18:29:33.684000,2020-09-23 18:29:49.032000
l2eqqzd5x4rtslan,,,,,,,D568EAA2A7017AFCD3FBAD64111C92CB8FD3A418,2020-09-23 18:29:49.032000,
rfjk4ox3s2ufoxrx,failed,not_found,193,6BA54D7805A44F63A75D70AFEC8D2DF6BA7BCAE0,996F98DDCDA5A303C0832AC8F842D8DD2842D3BF,BF0FB582E37F738CD33C3651125F2772705BB8E8,318CB7FC0EAEB92311EB51B5B78E3CAD45EBCF21,2020-09-23 18:29:12.543000,2020-09-23 18:29:16.189000
rfjk4ox3s2ufoxrx,failed,not_found,323,6BA54D7805A44F63A75D70AFEC8D2DF6BA7BCAE0,5B1F0DAF378A1FAFCFD5FA9CDC66D1023DC0276E,22D2314BC5146890A8E5C19C884D96C0CBFEAA24,35C23F6F5F7236061086AF1BDA9E4131314504FE,2020-09-23 18:29:16.189000,2020-09-23 18:29:20.644000
rfjk4ox3s2ufoxrx,failed,not_found,467,6BA54D7805A44F63A75D70AFEC8D2DF6BA7BCAE0,890480E14E634C8B4467C475E355A6FBF3D99CD5,42D47C736518BFA495CA31AEE40AE468F0BDA2A6,35C7266E4BA5EFAFE1032C24B657BBF14ADDD88B,2020-09-23 18:29:20.644000,2020-09-23 18:29:26.496000
rfjk4ox3s2ufoxrx,failed,not_found,1035,6BA54D7805A44F63A75D70AFEC8D2DF6BA7BCAE0,318CB7FC0EAEB92311EB51B5B78E3CAD45EBCF21,C37F87C0125E26E6ACF54366FA2198209E856ABE,31A97198C6E2BEBF57EB8FC7DC55A208AD35038E,2020-09-23 18:29:26.497000,2020-09-23 18:29:42.303000
rfjk4ox3s2ufoxrx,,,,,,,35B503FB546815CC9EDE91022555B5D0ED04E389,2020-09-23 18:29:42.303000,
w3thzal7b4r36fc5,failed,not_found,308,6BA54D7805A44F63A75D70AFEC8D2DF6BA7BCAE0,43E187B8C7361F47EA968ED5389435865D7F4FE7,09092FF120A9FD9DC1AEAC899B5C3CFECBA6C279,ECF1B53C3096AD1E75C1995F575F490B0F61AA97,2020-09-23 18:29:12.551000,2020-09-23 18:29:20.554000
w3thzal7b4r36fc5,failed,not_found,748,6BA54D7805A44F63A75D70AFEC8D2DF6BA7BCAE0,7ED3D8AFAC750F8CC0BDF8C87FE3BCBA2BBE2209,842B1F6C4B9E41FC9059DF675C5DF5BDA9F0FC73,ED0BBC5BDDEB3EEF837B7F13BD8BB6AC64D084BB,2020-09-23 18:29:20.554000,2020-09-23 18:29:35.706000
w3thzal7b4r36fc5,failed,not_found,1301,6BA54D7805A44F63A75D70AFEC8D2DF6BA7BCAE0,E17745C64255D2920D9B9FCF9EF930C426EE4A91,68541734A0D14E13BDAD84E99F552E694525F9E5,ECD596275BBD4B19157001E84C5726DB44783DA5,2020-09-23 18:29:35.706000,2020-09-23 18:29:54.181000
w3thzal7b4r36fc5,,,,,,,0964EFD3186C2AF2763B0C1EE5B4A2FA77E0449B,2020-09-23 18:29:54.181000,
fbtzrzsyzk6etem2,failed,not_found,199,6BA54D7805A44F63A75D70AFEC8D2DF6BA7BCAE0,F83A64E0FA85BC224807919772FE14E1BA07CEF5,3AF69B3ECCB000879CA1BCD0B36B619DBF712291,6ED3BE22B2261258017B3F0584706265985D7AE9,2020-09-23 18:29:12.551000,2020-09-23 18:29:17.130000
fbtzrzsyzk6etem2,failed,not_found,404,6BA54D7805A44F63A75D70AFEC8D2DF6BA7BCAE0,3C65C588DA6EDD77257E2129C5F94705C2021BED,9C1E47FF205F349D69D569AE7ED15366A5554A46,6ED2D307F36F9E493D1D465BFB7B49543FBF1214,2020-09-23 18:29:17.131000,2020-09-23 18:29:23.934000
fbtzrzsyzk6etem2,failed,not_found,709,6BA54D7805A44F63A75D70AFEC8D2DF6BA7BCAE0,47C362713928A711FC105AF54993576E41CB1B7F,8EA58F28DCA60F56C6F2131BDFE9BF5FAF2233CE,C542D452D42DBD01A071D2DA1CE6EE15AF40F5C2,2020-09-23 18:29:23.935000,2020-09-23 18:29:34.926000
fbtzrzsyzk6etem2,failed,not_found,1264,6BA54D7805A44F63A75D70AFEC8D2DF6BA7BCAE0,E9CE81CC21B63FD316F642E6AF867D6FE0C3A847,B96B5141004995295FE87DCCE1A54519BD0BB48A,6ED6758622A73F54F0EF59A9D31D71AABD7A70DA,2020-09-23 18:29:34.926000,2020-09-23 18:29:50.268000
fbtzrzsyzk6etem2,,,,,,,C51701910DEA998F4F51287A71B7E94449A3E9BC,2020-09-23 18:29:50.268000,
y35o3nrnlto3nbwe,failed,not_found,201,6BA54D7805A44F63A75D70AFEC8D2DF6BA7BCAE0,EFA2E7B073AA4CE2DAF7160F23C90DB805948F4A,5FB384605F53DCBF1CB02143D318DA3E8EE38A24,44496B18C68356AF3A58ACAD835429C37B9432ED,2020-09-23 18:29:12.551000,2020-09-23 18:29:16.704000
y35o3nrnlto3nbwe,failed,not_found,350,6BA54D7805A44F63A75D70AFEC8D2DF6BA7BCAE0,ADD35A22BF77D56AFC18CF58E5D8E2604B8985CF,6D163F649ECBE9DC20F016236EF36D7E1559E98E,4381E471E9358AE4D815021302C7F2E16502BEE1,2020-09-23 18:29:16.704000,2020-09-23 18:29:22.196000
y35o3nrnlto3nbwe,failed,not_found,431,6BA54D7805A44F63A75D70AFEC8D2DF6BA7BCAE0,B4A96C0852DD0841579D33E09A98D641EACCD73E,3076FB1CCEB8341322019AD26F69BFC0AA845334,443114A8673927436BC3F8FCFE6E08B16B1D5F86,2020-09-23 18:29:22.196000,2020-09-23 18:29:28.983000
y35o3nrnlto3nbwe,failed,not_found,920,6BA54D7805A44F63A75D70AFEC8D2DF6BA7BCAE0,FB9D9128C8F3360FDF0507754C125980654E9E17,1AAC19D892F84910AB94C45092241ABA3CFC4C89,438587D73152254E935FC1D387003DFA18166EC5,2020-09-23 18:29:28.983000,2020-09-23 18:29:39.100000
y35o3nrnlto3nbwe,,,,,,,438DC9B6B5C5375D332BB338D7E5C1B9EF448960,2020-09-23 18:29:39.100000,
sc4eqvkrrk7yjrps,failed,not_found,243,6BA54D7805A44F63A75D70AFEC8D2DF6BA7BCAE0,4FF53BC47097B50DA5B68D72C5B25CC079F4A787,C5A1D5B7CB0D12A7B7334F2915134E6DA8F5C46D,43028D0071DE055180DAA82DE200B42FD2131C23,2020-09-23 18:29:13.570000,2020-09-23 18:29:17.988000
sc4eqvkrrk7yjrps,failed,not_found,394,6BA54D7805A44F63A75D70AFEC8D2DF6BA7BCAE0,1079E628FC6B0025656AC024F2D9975C441498CD,949545960655C17A26F6525F67C554233CFE163F,43016344D7E4CB2E73F289D57EFF9D64ACAA827B,2020-09-23 18:29:17.989000,2020-09-23 18:29:25.108000
sc4eqvkrrk7yjrps,failed,not_found,768,6BA54D7805A44F63A75D70AFEC8D2DF6BA7BCAE0,03E0F4EE272731601773F48E64240D3A8896A5E3,52D5FB2004C67127C73B71478238FA66122BD443,42F44429F1F8CD25C9892B845E3FC4374DBB05B1,2020-09-23 18:29:25.109000,2020-09-23 18:29:36.429000
sc4eqvkrrk7yjrps,,,,,,,9973E1E9730A58FDBA9E112D2B3342D2C0D921B5,2020-09-23 18:29:36.429000,
vrxyunviag66acjn,failed,not_found,245,6BA54D7805A44F63A75D70AFEC8D2DF6BA7BCAE0,E7EF73B4722CFAF0E8AA2151D3AA78701DE5F19B,A0BA38A5AB64350CEC343872F852EDF30D941326,FE857C3043412FD5454ED5FEF55C4C572E5B70CF,2020-09-23 18:29:13.586000,2020-09-23 18:29:18.291000
vrxyunviag66acjn,failed,not_found,396,6BA54D7805A44F63A75D70AFEC8D2DF6BA7BCAE0,5AD3FB658E490BAD9515F363374AA41D65D31A02,D6670FB54B21818CE7C13524AA003258B8E35D38,FEA045FF57EE6A7E318DAF72AF916B5F8B0F4997,2020-09-23 18:29:18.292000,2020-09-23 18:29:23.736000
vrxyunviag66acjn,failed,not_found,622,6BA54D7805A44F63A75D70AFEC8D2DF6BA7BCAE0,0DD04EF0B081BBFDE3082D4ECC8A63FD0022FCAF,ACBBB426CE1D0641A590BF1FC1CF05416FC0FF6F,FE9CB0E0629636EBD8D0C71F46E387B944C01BCF,2020-09-23 18:29:23.737000,2020-09-23 18:29:33.905000
vrxyunviag66acjn,failed,not_found,1236,6BA54D7805A44F63A75D70AFEC8D2DF6BA7BCAE0,F641F043D50CEFA07EE41EB284466458788808ED,6FF440DFB1D0697B942357D747900CC308DD57CC,B8012A8B5B15DE41218F63B9C6E3EFB01A173748,2020-09-23 18:29:33.906000,2020-09-23 18:29:49.348000
vrxyunviag66acjn,,,,,,,B8240A4C715A2595CE54C82AB175C80214768B4A,2020-09-23 18:29:49.349000,
vy55pvrch67bjpb5,failed,not_found,248,6BA54D7805A44F63A75D70AFEC8D2DF6BA7BCAE0,46053D5D5916F20C333406F16911711AB55164C0,5790B62AD6C79A1092B30993A8F0F7F23A969FD6,F6740DEABFD5F62612FA025A5079EA72846B1F67,2020-09-23 18:29:13.586000,2020-09-23 18:29:18.344000
vy55pvrch67bjpb5,failed,not_found,406,6BA54D7805A44F63A75D70AFEC8D2DF6BA7BCAE0,4FF53BC47097B50DA5B68D72C5B25CC079F4A787,6C333B5BDBA3DFE7A782E40CB970C271ABFED119,F68E7A04A2E0375B57BBC0D2794FCD95DDEBCA32,2020-09-23 18:29:18.344000,2020-09-23 18:29:23.710000
vy55pvrch67bjpb5,failed,not_found,619,6BA54D7805A44F63A75D70AFEC8D2DF6BA7BCAE0,AB687988F260DE9EDC3B36C66287DE2660ED1CE0,54F5D800DD9783FCF2200E80EF3D1A867A3F6D6B,F68A76522D356F89BEC286889A3822250567BE2E,2020-09-23 18:29:23.711000,2020-09-23 18:29:31.462000
vy55pvrch67bjpb5,failed,not_found,1116,6BA54D7805A44F63A75D70AFEC8D2DF6BA7BCAE0,2FFE5FAF70D20E76B0474AE9E40C2A0B53F8D9F0,39379E4177FFFB0ED90C2013D97668BD284A1798,C1335B1DB938644FCD54EE744D91354F94EDD1BC,2020-09-23 18:29:31.463000,2020-09-23 18:29:45.448000
vy55pvrch67bjpb5,,,,,,,C130DD914A8D0E484E68DCC681B434A0BA044D9D,2020-09-23 18:29:45.448000,
fnzdxoyvbab4quis,failed,not_found,250,6BA54D7805A44F63A75D70AFEC8D2DF6BA7BCAE0,03CFF90060461087D34FFB7B485C3AD30143775C,3B953203AF332D8FE1452E1CE7CB50A3B5297DB2,A690C6AA8102C027D297AF3401BFE16918CCF7A6,2020-09-23 18:29:13.594000,2020-09-23 18:29:18.316000
fnzdxoyvbab4quis,failed,not_found,400,6BA54D7805A44F63A75D70AFEC8D2DF6BA7BCAE0,D87698D8E2276C7E93D531B7C2A1B27D58C71876,037BCD0EBDF7DB9F3D562DA27D463F0F78F1494B,B9DE57771D72238A0D8C8D3269A255BA448413B0,2020-09-23 18:29:18.317000,2020-09-23 18:29:23.750000
fnzdxoyvbab4quis,failed,not_found,630,6BA54D7805A44F63A75D70AFEC8D2DF6BA7BCAE0,F1A7CE1B1D558DC24E39B6B30FF217ECCEECF141,56927E61B51E6F363FB55498150A6DDFCF7077F2,B9CF104FE30CC987D0A5FF725770D134EBDB17CD,2020-09-23 18:29:23.750000,2020-09-23 18:29:32.161000
fnzdxoyvbab4quis,failed,not_found,1148,6BA54D7805A44F63A75D70AFEC8D2DF6BA7BCAE0,DBE82FA23B9FE3CB2462A6FCF5289DED3CBF4AEE,DA8D76F5F5819693B5C96F499BA19F7404014769,A68D02474552FA8A1B2332F8E4D64F7A25C8CF0F,2020-09-23 18:29:32.162000,2020-09-23 18:29:46.226000
fnzdxoyvbab4quis,,,,,,,A69221A7EC7498D2F88A0FB795261013FA36CAAE,2020-09-23 18:29:46.226000,
dfxuuhs4h4ppaksu,failed,not_found,268,6BA54D7805A44F63A75D70AFEC8D2DF6BA7BCAE0,43C83536DACCD110FF11E049A890064F6F87BEB2,7B0D94D348D9F98C50B6674C5CB17AF35EA2605F,8B1263563B5E0FB7CBFEACFD504B0BC79759CABE,2020-09-23 18:29:14.545000,2020-09-23 18:29:19.063000
dfxuuhs4h4ppaksu,failed,not_found,626,6BA54D7805A44F63A75D70AFEC8D2DF6BA7BCAE0,97B7BA747B62A9962DEDCE404FF33106D4032F91,A0BA38A5AB64350CEC343872F852EDF30D941326,953DB709F2A2DECC8D7560661F934E64411444F7,2020-09-23 18:29:19.064000,2020-09-23 18:29:25.164000
dfxuuhs4h4ppaksu,failed,not_found,1244,6BA54D7805A44F63A75D70AFEC8D2DF6BA7BCAE0,1C24A2669C7E0D62B2157B95F56ED00EE307C85C,AEDFB1F1F69DC74A90BCF87B587252334D7D180E,8AFFEAE2A917D35C4E98395F5F3BDC3A55472632,2020-09-23 18:29:25.164000,2020-09-23 18:29:35.117000
dfxuuhs4h4ppaksu,failed,not_found,1144,6BA54D7805A44F63A75D70AFEC8D2DF6BA7BCAE0,03910F285A33F365838EC66EF2C2EF754D046760,DA9E02BB8080E473157052F70439B7886AA8569D,9554FC0CF9A5200542E3375C8AE4E939C4594228,2020-09-23 18:29:35.117000,2020-09-23 18:29:50.369000
dfxuuhs4h4ppaksu,,,,,,,8B1CC76D6D1370A67263628D4CBC01B62903D0BF,2020-09-23 18:29:50.370000,
fjimncvnacm3ub7o,failed,not_found,274,6BA54D7805A44F63A75D70AFEC8D2DF6BA7BCAE0,0C3D5E19E3C75B505C8ACD26F89DCA2DF970553E,F31C03A766FAA33B62B12105D822FFE69A3BB0E5,8101421BEFCCF4C271D5483C5AABCAAD245BBB9D,2020-09-23 18:29:14.552000,2020-09-23 18:29:18.961000
fjimncvnacm3ub7o,failed,not_found,435,6BA54D7805A44F63A75D70AFEC8D2DF6BA7BCAE0,4856C97DC4F2271BC896DF9CABD217EE2D869D68,37C1D66559D0C7884E3D21F7DEB58C75D79B98A8,0824D7C7FB117D5C6AC01581FD798E670C37C804,2020-09-23 18:29:18.962000,2020-09-23 18:29:24.760000
fjimncvnacm3ub7o,failed,not_found,667,6BA54D7805A44F63A75D70AFEC8D2DF6BA7BCAE0,F1B1E1267A9301244120EF7D47CD4174FD94FD60,08F06A0DDAFABF9A26FCB2E392A1435F9E048216,08394C4873C8A71BE9F53593F9B4AD694BFCDB90,2020-09-23 18:29:24.761000,2020-09-23 18:29:34.002000
fjimncvnacm3ub7o,failed,not_found,1240,6BA54D7805A44F63A75D70AFEC8D2DF6BA7BCAE0,28DD0069992CB754531486C6C246A1EB6FEBA9D8,F878E3AD594F013195A051CD1072BF33D543A235,081C9DF6A615A300B382C004DFE2CC37B561C9A0,2020-09-23 18:29:34.003000,2020-09-23 18:29:49.128000
fjimncvnacm3ub7o,,,,,,,80F89CB42A1257A6145C1B1D6463C795CB99A6A4,2020-09-23 18:29:49.129000,
o7p3fscmbycrgio6,failed,not_found,240,6BA54D7805A44F63A75D70AFEC8D2DF6BA7BCAE0,1684B30AE2ADD371E5D3A8B3F28ACA4CE9CA2E00,02758CD398E3F842EF82478078AAAE0273770DB2,03A6C11856113883CE89F7421CE74F3B4180B504,2020-09-23 18:29:14.552000,2020-09-23 18:29:17.837000
o7p3fscmbycrgio6,failed,not_found,498,6BA54D7805A44F63A75D70AFEC8D2DF6BA7BCAE0,910842202572BBB890692971614758AD9F3FEBD7,E432C6B90254DD0675F86D3E4D5F3A2CA100DE8B,E0C3346EBDB9746185D574B92E503DC9AEB160BE,2020-09-23 18:29:17.838000,2020-09-23 18:29:27.340000
o7p3fscmbycrgio6,failed,not_found,911,6BA54D7805A44F63A75D70AFEC8D2DF6BA7BCAE0,937F201D2797314953F268D252F5C98D3FA9F71E,97767B43E78119A613B46CEAF81A788F45CC05D9,03C3069E814E296EB18776EB61B1ECB754ED89FE,2020-09-23 18:29:27.340000,2020-09-23 18:29:39.063000
o7p3fscmbycrgio6,,,,,,,03A33C3454FC0F9AC6966F12FA486999F5A22896,2020-09-23 18:29:39.064000,
cmmszad254jdokf3,failed,not_found,360,6BA54D7805A44F63A75D70AFEC8D2DF6BA7BCAE0,EBE718E1A49EE229071702964F8DB1F318075FF8,6B9EA8927AB6E94E216067E65372182343A5AFA2,1532A36172C70012B1057FBBFAFE2734EDBF4A3B,2020-09-23 18:29:14.576000,2020-09-23 18:29:22.415000
cmmszad254jdokf3,failed,not_found,560,6BA54D7805A44F63A75D70AFEC8D2DF6BA7BCAE0,A3AFBDEE30238E44899C9F8B7666D12B09C8EE32,C0F3C0EF81D84182379AA4CA5AD5A5289D011145,BFC2EEBFE31AA782949AA7D410046BF28EAF89C8,2020-09-23 18:29:22.416000,2020-09-23 18:29:29.375000
cmmszad254jdokf3,failed,not_found,1052,6BA54D7805A44F63A75D70AFEC8D2DF6BA7BCAE0,0B85617241252517E8ECF2CFC7F4C1A32DCD153F,E8BAE7393740A700D50B010DED9D9EC9A66B390D,BFC4734342209C8D172AACC283750116F74359C6,2020-09-23 18:29:29.376000,2020-09-23 18:29:46.441000
cmmszad254jdokf3,,,,,,,BFB14B9ADF1F19E59258CAE7FCDBAAC9937B7B10,2020-09-23 18:29:46.442000,
ovwl5z2llcvw53ct,failed,not_found,309,6BA54D7805A44F63A75D70AFEC8D2DF6BA7BCAE0,0ED0EA324C931CF41CB5272BFB1D015B3D5772A9,D52A160303C638D9FB03463F8A6B7934D5787F4C,9803B536ED203C9AAAFC3E53CD4935BA85FF402F,2020-09-23 18:29:15.546000,2020-09-23 18:29:20.350000
ovwl5z2llcvw53ct,failed,not_found,483,6BA54D7805A44F63A75D70AFEC8D2DF6BA7BCAE0,0C3D5E19E3C75B505C8ACD26F89DCA2DF970553E,9B047A91AC809AA020A1F42E3E785DBCEBF3652F,97E6A009185FCF2A58D884545E4E18FF612B7B06,2020-09-23 18:29:20.350000,2020-09-23 18:29:26.728000
ovwl5z2llcvw53ct,failed,not_found,773,6BA54D7805A44F63A75D70AFEC8D2DF6BA7BCAE0,E4B6C117761DF05ABC08AD0A0EAE82D97014C427,A35944904C0C18955AFB76539CF5EBF805C0A31D,022A5535F42B1A9F9AA755C4EAB5F36FEF9781D8,2020-09-23 18:29:26.728000,2020-09-23 18:29:35.485000
ovwl5z2llcvw53ct,failed,not_found,1276,6BA54D7805A44F63A75D70AFEC8D2DF6BA7BCAE0,62CF4982747BFDE3C0395A3894554BD8DC3C5D92,CACD9D63B759B35555D8C965A3E01071E9DFB44C,025B66CEBC070FCB0519D206CF0CF4965C20C96E,2020-09-23 18:29:35.485000,2020-09-23 18:29:50.549000
ovwl5z2llcvw53ct,,,,,,,97F51AF6791AD33981CE25DC7A2618429F25B3B0,2020-09-23 18:29:50.550000,
g6orr4gd27dr5dvs,failed,not_found,311,6BA54D7805A44F63A75D70AFEC8D2DF6BA7BCAE0,8ABC4D5F6182C7E79B087D1ED9E5CF652C83E52C,8B64F593CAC2ED05C0FA703AEF50FF71925B569C,5C01B2D72D75F109550963F810C2010BDA208549,2020-09-23 18:29:15.555000,2020-09-23 18:29:20.178000
g6orr4gd27dr5dvs,failed,not_found,611,6BA54D7805A44F63A75D70AFEC8D2DF6BA7BCAE0,98138DFD3E2C8C89D8F5AB11EF9B6BFF272D83B4,8275CE20C53D79EC51CA87292E7FC58F238F100C,453E51CBAA4C2169EBCB05583247DD6201E87FAD,2020-09-23 18:29:20.179000,2020-09-23 18:29:31.145000
g6orr4gd27dr5dvs,failed,not_found,1067,6BA54D7805A44F63A75D70AFEC8D2DF6BA7BCAE0,E3D61BAEA0B7CB12CACEDC8821C520557BDFCEA3,8859E68A7C95BD5AB403F16DAD92681E184D3710,5BF170F5773748C783BE4B67DABF5338C03B1AE7,2020-09-23 18:29:31.145000,2020-09-23 18:29:44.792000
g6orr4gd27dr5dvs,,,,,,,5BF17163CBE73D8CD9FDBE030C944EA05707DA93,2020-09-23 18:29:44.793000,
pmwabyew72kypjdv,failed,not_found,313,6BA54D7805A44F63A75D70AFEC8D2DF6BA7BCAE0,2AA5F598F9A1812F01CD99E3B59BB87362ED7438,8404E8B8AAB98208FAEFB1727B637133AD9C6FAF,26CE4762CC6960B9A7252756E12B2A00C2280D08,2020-09-23 18:29:15.564000,2020-09-23 18:29:20.722000
pmwabyew72kypjdv,failed,not_found,391,6BA54D7805A44F63A75D70AFEC8D2DF6BA7BCAE0,AC61D1722091F2FC4760776AF2C230D9DC679C03,3E04505D362AA324E6E4E1C8516CCD9EF4D41B9C,26B09A4C9F6A9D4815DB46EBA3626A0ED8D71E8F,2020-09-23 18:29:20.723000,2020-09-23 18:29:28.979000
pmwabyew72kypjdv,failed,not_found,907,6BA54D7805A44F63A75D70AFEC8D2DF6BA7BCAE0,F43C497039F836FE32DE416F4CBD97892C3F6E9E,B576A394DFC12B7E900D643C900484765D58C30F,26C28F29B611DF4DE23ACF5D9DC1EB4895EF5E8B,2020-09-23 18:29:28.980000,2020-09-23 18:29:39.362000
pmwabyew72kypjdv,,,,,,,44DF1007B545B4D8057F279025EBB33CF99BE227,2020-09-23 18:29:39.363000,
q4km7s35gcxaudd2,failed,not_found,315,6BA54D7805A44F63A75D70AFEC8D2DF6BA7BCAE0,288C100FFA656938C23F32207CAF0DA932ECD247,78378DDD015C4E1C9242A5EC41158AF1E24CF43E,919680B79198AE4D80A06999A93EBC909AD4DDDC,2020-09-23 18:29:15.571000,2020-09-23 18:29:20.367000
q4km7s35gcxaudd2,failed,not_found,485,6BA54D7805A44F63A75D70AFEC8D2DF6BA7BCAE0,A4771CB90024F1870D622960519945A3E49B40FE,79E3B585803DE805CCBC00C1EF36B1E74372861D,91BA193FB362FB7B6679A7A83A3050F3C44A5468,2020-09-23 18:29:20.368000,2020-09-23 18:29:26.888000
q4km7s35gcxaudd2,failed,not_found,790,6BA54D7805A44F63A75D70AFEC8D2DF6BA7BCAE0,32A1ED707343CDEFFC105EC8DF068A0E154DF6CE,8A5E7C2D09835974B4D58252BAD51FD8AD54F9CE,91ADCDFCA830A1BBAD3A10377B25D695A92BF251,2020-09-23 18:29:26.889000,2020-09-23 18:29:35.860000
q4km7s35gcxaudd2,failed,not_found,1311,6BA54D7805A44F63A75D70AFEC8D2DF6BA7BCAE0,7584319D0E19DAE85621223E2A22F92123EAB815,B7EF647EF659726C716243A82877D20AA7978EBC,99C5ACEF5AC8E3D3C4DE79004F3AC649B375891C,2020-09-23 18:29:35.860000,2020-09-23 18:29:53.197000
q4km7s35gcxaudd2,,,,,,,99D56885FD9160FBA33A6468BA1134B60837DC21,2020-09-23 18:29:53.198000,
mnksgqfa7wlsk4nt,failed,not_found,410,6BA54D7805A44F63A75D70AFEC8D2DF6BA7BCAE0,3BAACE149DB31574B327BF835B594B707D12CD58,DBE82FA23B9FE3CB2462A6FCF5289DED3CBF4AEE,A3D264895F685D16FC834D0685A094AE622F2206,2020-09-23 18:29:16.565000,2020-09-23 18:29:21.394000
mnksgqfa7wlsk4nt,failed,not_found,570,6BA54D7805A44F63A75D70AFEC8D2DF6BA7BCAE0,6940247E04C839D268543E7F62566A91E40567E3,29DDD25C8383FDA559D4E0E88F820AB88C26212A,5B7ECD80310B35E6B95FC887E143C889CF8C2841,2020-09-23 18:29:21.395000,2020-09-23 18:29:30.804000
mnksgqfa7wlsk4nt,failed,not_found,1100,6BA54D7805A44F63A75D70AFEC8D2DF6BA7BCAE0,B849824F8FCD7AEB130DF356F592BA40C686CA08,7185B69E3267E71D0E4CBE30209677205DEA5E67,5BF170F5773748C783BE4B67DABF5338C03B1AE7,2020-09-23 18:29:30.804000,2020-09-23 18:29:44.668000
mnksgqfa7wlsk4nt,,,,,,,5B9BB7A543C2C035A423A6B411780E50645782C0,2020-09-23 18:29:44.668000,
o6fy4tnqnb5k5ane,failed,not_found,339,6BA54D7805A44F63A75D70AFEC8D2DF6BA7BCAE0,A024E420DD146541D5D7F6CFEB554C3A64F985EE,A2C6C931D8627C6605288970889DDB88C7BA2142,AC633C90E126E0BCA96F14ECE5D222B586FA0D56,2020-09-23 18:29:16.566000,2020-09-23 18:29:21.456000
o6fy4tnqnb5k5ane,failed,not_found,783,6BA54D7805A44F63A75D70AFEC8D2DF6BA7BCAE0,FD449127D30D8F5D124653D9EF736EDF4A12B4DC,30B6CF0FCBA0505FD7105907999C751D799AE4D2,EEA500A216DAA83E7815F2C46786652935FD7351,2020-09-23 18:29:21.456000,2020-09-23 18:29:36.386000
o6fy4tnqnb5k5ane,failed,not_found,1340,6BA54D7805A44F63A75D70AFEC8D2DF6BA7BCAE0,AF42BD51EEBA9329E110AA8D206FED316E1DA671,3FEBFB6A491D30CACC2C2995EDB41717A6F94E95,AC61D1722091F2FC4760776AF2C230D9DC679C03,2020-09-23 18:29:36.386000,2020-09-23 18:29:53.199000
o6fy4tnqnb5k5ane,,,,,,,AC5CECEF6AF649F2A7F047D102FE9B461DA9234E,2020-09-23 18:29:53.199000,
chzift2zmto3qcfj,failed,not_found,341,6BA54D7805A44F63A75D70AFEC8D2DF6BA7BCAE0,769A297017BB5E92A9A5A3D76725CA12D694AA30,8358BDDA9C9A680B4E3A2809E5C24F5B3624D5C2,DB5A100152FB7937F02F00B5DDFFFD012789C242,2020-09-23 18:29:16.566000,2020-09-23 18:29:21.691000
chzift2zmto3qcfj,failed,not_found,1021,6BA54D7805A44F63A75D70AFEC8D2DF6BA7BCAE0,A35944904C0C18955AFB76539CF5EBF805C0A31D,1A002B6E163D502F23381391718E11A568976403,706B1ED9AF5CCAC90AD488AE2691B358FA598CBB,2020-09-23 18:29:21.692000,2020-09-23 18:29:28.521000
chzift2zmto3qcfj,failed,not_found,869,6BA54D7805A44F63A75D70AFEC8D2DF6BA7BCAE0,EE4AF632058F0734C1426B1AD689F47445CA2056,1A2B77AD0A742CD804B9DD747E2DD8E38D06C915,DB58ED50E920C51F5C1A044E6A04BA669B14CFD2,2020-09-23 18:29:28.522000,2020-09-23 18:29:39.205000
chzift2zmto3qcfj,,,,,,,7088D485934E8A403B81531F8C90BDC75FA43C98,2020-09-23 18:29:39.206000,
7bnnicdynhrtb24j,failed,not_found,343,6BA54D7805A44F63A75D70AFEC8D2DF6BA7BCAE0,5AE12CAAA489A0739F56E79CC287526FAB55A6FB,E05EAB588285C01E8807F00A07CDBBC4662A58D9,A4CC39184AD287D72C2247738835811C7A7ECB8E,2020-09-23 18:29:16.567000,2020-09-23 18:29:21.690000
7bnnicdynhrtb24j,failed,not_found,565,6BA54D7805A44F63A75D70AFEC8D2DF6BA7BCAE0,E7EF73B4722CFAF0E8AA2151D3AA78701DE5F19B,9F5068310818ED7C70B0BC4087AB55CB12CB4377,A4DEEE8F4467621C0A3CB7F4E25CB6F7A11FAEE4,2020-09-23 18:29:21.691000,2020-09-23 18:29:35.676000
7bnnicdynhrtb24j,failed,not_found,1293,6BA54D7805A44F63A75D70AFEC8D2DF6BA7BCAE0,1CD48F4ED0F1821FFBF1940802A13EEFD4C27502,59C0D88A5B3C65541CF63D0DD88EF15A379D378E,A4C83C2BEB4F1B31D40E80D5524C66A117D77C50,2020-09-23 18:29:35.676000,2020-09-23 18:29:52.233000
7bnnicdynhrtb24j,,,,,,,3586697291602DC8042EB152E60701FFFE8777BD,2020-09-23 18:29:52.234000,
yv2a5ajaycpjkoor,failed,not_found,370,6BA54D7805A44F63A75D70AFEC8D2DF6BA7BCAE0,18ECBFC3A6834CB67414640C7F1E765E542CED2C,9B8BC7AB8792ED42DD9C5D7E8D02C38E60FBA381,9AB93B5422149E5DFF4BE6A3814E2F6D9648DB6A,2020-09-23 18:29:17.615000,2020-09-23 18:29:22.595000
yv2a5ajaycpjkoor,failed,not_found,881,6BA54D7805A44F63A75D70AFEC8D2DF6BA7BCAE0,906933A309F15D7CF379127078A6791DF9B0C763,1E1A7C9134637383BE653C41973995A229D81595,3E3CBA3F2870CE76A41D3E97A8D838AA703586E3,2020-09-23 18:29:22.595000,2020-09-23 18:29:29.883000
yv2a5ajaycpjkoor,failed,not_found,994,6BA54D7805A44F63A75D70AFEC8D2DF6BA7BCAE0,CB1EC403A7331FE26F218D178DF8908014CC4F65,CD39C258265B25EAA4ABA4FDCB2DF98104CAA362,9AC1E6D6D65D8036A42F3F6B88ADC2BEBDE17F17,2020-09-23 18:29:29.883000,2020-09-23 18:29:42.226000
yv2a5ajaycpjkoor,,,,,,,9AA3FF35E7A549D2337E962333D366E102FE4D50,2020-09-23 18:29:42.226000,
4fwguqzvzrq37tvm,failed,not_found,374,6BA54D7805A44F63A75D70AFEC8D2DF6BA7BCAE0,C2C2B839F4CFFA5F7B7A40CB0BE84F7D948CB510,B0DB2F173F0DB364BABF7A465D796B3C048F1F33,CBD00958A3B897774E333D75C24E6A75F5220DCC,2020-09-23 18:29:17.616000,2020-09-23 18:29:24.391000
4fwguqzvzrq37tvm,failed,not_found,646,6BA54D7805A44F63A75D70AFEC8D2DF6BA7BCAE0,42B4F52C5B11E4D39855F654955425B0D5A0598B,B97CF770ECD2D4298A505E84A8C8A5ABFCA08887,D82FCD5DF6C46BC5A9206318F53E611CEF22D982,2020-09-23 18:29:24.391000,2020-09-23 18:29:33.110000
4fwguqzvzrq37tvm,failed,not_found,1184,6BA54D7805A44F63A75D70AFEC8D2DF6BA7BCAE0,62ABB016611D3DB3CC74A56C35D27A4C2D0E5C5F,A09DAAAD16E3F77C2ED1A012BD8A18FFCBFEB422,CBD85D49F9C8BC2FCAB1255C7D196524FE926659,2020-09-23 18:29:33.110000,2020-09-23 18:29:47.633000
4fwguqzvzrq37tvm,,,,,,,CBD0D1BD110EC52963082D839AC6A89D0AE243E7,2020-09-23 18:29:47.633000,
rlmzeyoyowta7f34,failed,not_found,376,6BA54D7805A44F63A75D70AFEC8D2DF6BA7BCAE0,39BD825F627DDF78E322EB4378C17615506AD3A1,9DB400402B545DC41DE342E14644F74B7DA4F789,67A4CFB98708FF2B4A72D6A8EFB0B6D0A930F73C,2020-09-23 18:29:17.669000,2020-09-23 18:29:22.639000
rlmzeyoyowta7f34,failed,not_found,589,6BA54D7805A44F63A75D70AFEC8D2DF6BA7BCAE0,624B7391B9790E7CD2AF6A7238239BA3D6928A57,12D552E8AF7AA2B71B218B5BBF6A5FEFA6F26BA0,AFD8484F0D84F95EAA11D62D822767FE6381A95D,2020-09-23 18:29:22.639000,2020-09-23 18:29:30.564000
rlmzeyoyowta7f34,failed,not_found,1466,6BA54D7805A44F63A75D70AFEC8D2DF6BA7BCAE0,B6312967D70463ABB6FD3416027854C845EB21BD,E3D61BAEA0B7CB12CACEDC8821C520557BDFCEA3,678FDB3BA0EEAA2572329A0BB0FF50E449D714ED,2020-09-23 18:29:30.564000,2020-09-23 18:29:56.674000
rlmzeyoyowta7f34,,,,,,,6796E53160714D908B39BCB0058CF488FF940336,2020-09-23 18:29:56.675000,
ccucvyhsz7j2gdp4,failed,not_found,378,6BA54D7805A44F63A75D70AFEC8D2DF6BA7BCAE0,B96B5141004995295FE87DCCE1A54519BD0BB48A,2BB85DC5BD3C6F0D81A4F2B5882176C6BF7ECF5A,68FBE72B0D411C314EC7F272CB5B3F14C2429246,2020-09-23 18:29:17.669000,2020-09-23 18:29:22.464000
ccucvyhsz7j2gdp4,failed,not_found,520,6BA54D7805A44F63A75D70AFEC8D2DF6BA7BCAE0,12CF6DB4DAE106206D6C6B09988E865C0509843B,5A224EFAC453F7EF2D0435E336890DECDC5CEBFD,690DA42C9C47577A383394CE4AF61BE628824E21,2020-09-23 18:29:22.465000,2020-09-23 18:29:27.926000
ccucvyhsz7j2gdp4,failed,not_found,851,6BA54D7805A44F63A75D70AFEC8D2DF6BA7BCAE0,9171101E709ADE5881F5E2CA1100D4044B44263E,FF8F56B5E1A36341F84FF72927CEB3F0AC6BC6A9,68F175CCABE727AA2D2309BCD8789499CEE36ED7,2020-09-23 18:29:27.927000,2020-09-23 18:29:39.449000
ccucvyhsz7j2gdp4,,,,,,,E747773C61CF671A222EB913DE17DA33074A6D76,2020-09-23 18:29:39.450000,
p345idbpm4nilrat,failed,not_found,420,6BA54D7805A44F63A75D70AFEC8D2DF6BA7BCAE0,FC4D03403ECD90463198B9F2F81E0B37ED7AFE1D,BBDE12C320FD1C3FFBEC15202F46D5620FC1444E,5368AB8D9033A357729D3578617A6493AB5DA3A8,2020-09-23 18:29:18.560000,2020-09-23 18:29:24.633000
p345idbpm4nilrat,failed,not_found,658,6BA54D7805A44F63A75D70AFEC8D2DF6BA7BCAE0,D7316BF7FD633DD7474B18C33E1D5FDEB04D26A7,870E97E5846D8308EA469A5BB5A50D2838503DBE,53412DCC555335B400DB72750ED0BE08D034D779,2020-09-23 18:29:24.634000,2020-09-23 18:29:32.954000
p345idbpm4nilrat,failed,not_found,1180,6BA54D7805A44F63A75D70AFEC8D2DF6BA7BCAE0,EA3616A0B9BBBDC74121D8D6F01EABDDCF6BE35D,42B4F52C5B11E4D39855F654955425B0D5A0598B,537DFC2019C77FF60A0A29BEF358F7F6D6C68688,2020-09-23 18:29:32.955000,2020-09-23 18:29:50.174000
p345idbpm4nilrat,,,,,,,9A75CC005CA0D92FFD3F96003B2524C20B053E28,2020-09-23 18:29:50.175000,
n7i56e4ryyo7i77i,failed,not_found,385,6BA54D7805A44F63A75D70AFEC8D2DF6BA7BCAE0,AA8B7237B4D2C76ED4AF24B3B47B375812AACC83,431702B3A68A6015F9955DD4FD0129175B43EA0F,9F19251CEE17B1E05084898D164F0544CCB095DD,2020-09-23 18:29:18.579000,2020-09-23 18:29:23.749000
n7i56e4ryyo7i77i,failed,not_found,1032,6BA54D7805A44F63A75D70AFEC8D2DF6BA7BCAE0,425835370C1FBE178C21CB53C76672F12BDE091A,B849824F8FCD7AEB130DF356F592BA40C686CA08,B6F03C344830AD50DF28EA7848C216801CF9AD8D,2020-09-23 18:29:23.750000,2020-09-23 18:29:42.380000
n7i56e4ryyo7i77i,,,,,,,9EFF16EA25FF27BC438A3FBF23C5315E576467AF,2020-09-23 18:29:42.381000,
cuehj4nfjahhzsys,failed,not_found,423,6BA54D7805A44F63A75D70AFEC8D2DF6BA7BCAE0,DC163DDEF4B6F0C6BC226F9F6656A5A30C5C5686,263907E9D48FBEAE6E64B10C628AE8BDF466869B,DD0AA66DD9E4E71FFAFAB658DF8300F1CEEA0364,2020-09-23 18:29:18.579000,2020-09-23 18:29:24.181000
cuehj4nfjahhzsys,failed,not_found,642,6BA54D7805A44F63A75D70AFEC8D2DF6BA7BCAE0,5F58E9417DF94A66529864FA1134635614958A44,D0273C8566CC9AECE4C762376C9B066FE0F1DADD,90C2146C22352A50A52020FDD1D6E4DE2EF5545C,2020-09-23 18:29:24.181000,2020-09-23 18:29:32.954000
cuehj4nfjahhzsys,failed,not_found,1176,6BA54D7805A44F63A75D70AFEC8D2DF6BA7BCAE0,FD127D1014ED3D36AFE50558A88BD5E8DB34A645,DBE82FA23B9FE3CB2462A6FCF5289DED3CBF4AEE,DD112ED6E8791EC1B742AF68920BA80679A0D2DB,2020-09-23 18:29:32.954000,2020-09-23 18:29:47.292000
cuehj4nfjahhzsys,,,,,,,90C3902B9F4AD3A9C8CD7BCF000988E903A1CA5A,2020-09-23 18:29:47.292000,
lkplenhhv5x77biu,failed,not_found,425,6BA54D7805A44F63A75D70AFEC8D2DF6BA7BCAE0,E8BAE7393740A700D50B010DED9D9EC9A66B390D,0D7C69551F9186DB589BDF00858314AC136A33DA,28090710ABE433A47021F22208B3EC245A912900,2020-09-23 18:29:18.588000,2020-09-23 18:29:26.148000
lkplenhhv5x77biu,failed,not_found,797,6BA54D7805A44F63A75D70AFEC8D2DF6BA7BCAE0,D14EC16949648CEE84EA1664445029EA4B597074,0990E0F4F2C127BDDA9B6726400FAC077F6C83B0,0DDC190D45A6C452F6814408284DDF7DA8175006,2020-09-23 18:29:26.149000,2020-09-23 18:29:36.837000
lkplenhhv5x77biu,,,,,,,280EC2C1108F58F39942C8740B0665702DC05E43,2020-09-23 18:29:36.837000,
4ojgx5quua2rtfxu,failed,not_found,447,6BA54D7805A44F63A75D70AFEC8D2DF6BA7BCAE0,005ED97213F725867E422B8DC0443361BBB24E3C,8B64F593CAC2ED05C0FA703AEF50FF71925B569C,DC3A65CF4E1BB0A0B98B438297E0C4171516122D,2020-09-23 18:29:19.670000,2020-09-23 18:29:25.723000
4ojgx5quua2rtfxu,failed,not_found,763,6BA54D7805A44F63A75D70AFEC8D2DF6BA7BCAE0,071ACB713A9558A4B5750520B0A738C66033E0B1,0F85E6DB0E4A3B6FDDF7C9452C9B5D089B11979D,573051CAA3EEEE2B75EBD096BB1F70D3FDAC5F3A,2020-09-23 18:29:25.723000,2020-09-23 18:29:35.619000
4ojgx5quua2rtfxu,failed,not_found,1285,6BA54D7805A44F63A75D70AFEC8D2DF6BA7BCAE0,79D9E66BB2FDBF25E846B635D8248FE1194CFD26,18EA6AFA3609A0B24752FBF411A2DAADE27DE129,DC26790B303AFF12256AF7D016BAA70C8A883450,2020-09-23 18:29:35.619000,2020-09-23 18:29:50.988000
4ojgx5quua2rtfxu,,,,,,,572FC2E6D89E8D773488A76F05DDEE3173A076E0,2020-09-23 18:29:50.988000,
y7ix5itgfmq43gq7,failed,not_found,449,6BA54D7805A44F63A75D70AFEC8D2DF6BA7BCAE0,41A3C16269C7B63DB6EB741DBDDB4E1F586B1592,C5F713E503B9F251642C49A998B0498DDD802B72,594193E51F382E34080D76B5ECAF5C7B67CF05EF,2020-09-23 18:29:19.717000,2020-09-23 18:29:26.040000
y7ix5itgfmq43gq7,failed,not_found,885,6BA54D7805A44F63A75D70AFEC8D2DF6BA7BCAE0,58F3E2956EABB81F673E2FB90E16E001DB4AC3AE,A59AD84F92B2E5A76EBFE3BE62D3B28AF9BFD127,5924EF84AAD21073CD58515D1643553A77D7B35F,2020-09-23 18:29:26.040000,2020-09-23 18:29:38.642000
y7ix5itgfmq43gq7,failed,not_found,1336,6BA54D7805A44F63A75D70AFEC8D2DF6BA7BCAE0,365F393040AA2979DC01D102F5052CAD048F42F7,12D552E8AF7AA2B71B218B5BBF6A5FEFA6F26BA0,595E9FA86E06021D53465FF0365C7FF92A4A115D,2020-09-23 18:29:38.642000,2020-09-23 18:29:53.916000
y7ix5itgfmq43gq7,,,,,,,749EF4A434DFD00DAB31E93DE86233FB916D31E3,2020-09-23 18:29:53.917000,
aqouwyswgcku7cr6,failed,not_found,555,6BA54D7805A44F63A75D70AFEC8D2DF6BA7BCAE0,32EE911D968BE3E016ECA572BB1ED0A9EE43FC2F,59BC32EA48ED1D06A373856434C0C5C4D2D86603,BC38744FD82618B37EE6A5A61BBCCE8788D55E3D,2020-09-23 18:29:19.718000,2020-09-23 18:29:29.321000
aqouwyswgcku7cr6,failed,not_found,1040,6BA54D7805A44F63A75D70AFEC8D2DF6BA7BCAE0,3BAACE149DB31574B327BF835B594B707D12CD58,E5CC91BAFE7CCD68003E873D32E38027638D49D7,C22BA9ED6DEE071D2B37B9718DCCFB6A53EAD5E6,2020-09-23 18:29:29.321000,2020-09-23 18:29:42.380000
aqouwyswgcku7cr6,,,,,,,BC64503664C90B4A9DA913736C361DEAD313B130,2020-09-23 18:29:42.380000,
enlryit4meyjgjut,failed,not_found,453,6BA54D7805A44F63A75D70AFEC8D2DF6BA7BCAE0,7A3E534C033E3836BD5AF223B642853C502AB33A,C1B79C4CD9B713BBB6B0522155B46A7BFE3BFAAE,1F509589F7F70B69A38719A201451CF4B70F89C6,2020-09-23 18:29:19.732000,2020-09-23 18:29:26.526000
enlryit4meyjgjut,failed,not_found,745,6BA54D7805A44F63A75D70AFEC8D2DF6BA7BCAE0,D87698D8E2276C7E93D531B7C2A1B27D58C71876,67CDF7A4D06E98E55AAE595BBEBF38E64C4CCBF3,CC1BDE73D48DEF3202C688A158D0718C885360D4,2020-09-23 18:29:26.527000,2020-09-23 18:29:35.062000
enlryit4meyjgjut,failed,not_found,1268,6BA54D7805A44F63A75D70AFEC8D2DF6BA7BCAE0,B0B26AEDB0D1E21EA8E06530CAAD953B464286FB,5FB384605F53DCBF1CB02143D318DA3E8EE38A24,1F2077BF01CAF23F819D4892A89883196ABA842A,2020-09-23 18:29:35.063000,2020-09-23 18:29:50.372000
enlryit4meyjgjut,,,,,,,1F41A5EFA69442AD49635074833945523A7D2145,2020-09-23 18:29:50.372000,
ubmnrt3shc6koq36,failed,not_found,491,6BA54D7805A44F63A75D70AFEC8D2DF6BA7BCAE0,39CF2F22E5018C01FD57DEB1AB8FDFA4592633FB,5FB384605F53DCBF1CB02143D318DA3E8EE38A24,BC7ACFAC04854C77167C7D66B7E471314ED8C410,2020-09-23 18:29:20.566000,2020-09-23 18:29:26.802000
ubmnrt3shc6koq36,failed,not_found,786,6BA54D7805A44F63A75D70AFEC8D2DF6BA7BCAE0,AD7552F2CFBF472F9FFE748D3E82994EA6050A76,A9F7185499C5784E35B5C25744ED4AB75437CE5D,BC70877D0CBDFA77E6B4B88DDC23D03F8299CC02,2020-09-23 18:29:26.803000,2020-09-23 18:29:36.121000
ubmnrt3shc6koq36,failed,not_found,1331,6BA54D7805A44F63A75D70AFEC8D2DF6BA7BCAE0,3BAACE149DB31574B327BF835B594B707D12CD58,4CE6D83FFA8AD24767007E8C972F371F2468F09A,13A34AD03EE2DF8B7193851DD8E795ADDE280A3D,2020-09-23 18:29:36.121000,2020-09-23 18:29:53.514000
ubmnrt3shc6koq36,,,,,,,139C86C4C9BC94E89BAF79B15EBFDF9396DD5BB0,2020-09-23 18:29:53.514000,
ngyweqds33w7bkse,failed,not_found,398,6BA54D7805A44F63A75D70AFEC8D2DF6BA7BCAE0,E0A3471C24C9021CC58FBF774203046FD2BC893F,8BB171D82DDEC2CC751C5B63BA5439FB448A24B2,41CEB66108B70108F148BF7778260A87723AACA1,2020-09-23 18:29:20.578000,2020-09-23 18:29:30.805000
ngyweqds33w7bkse,failed,not_found,1071,6BA54D7805A44F63A75D70AFEC8D2DF6BA7BCAE0,2AE2CA4BD2B7754F29432C25E03314D52AC4CAF1,24F97F98C45E4754655BE66799049763DAEE99CE,07623013C3361FE566B71C8CFCC6483D7587A827,2020-09-23 18:29:30.805000,2020-09-23 18:29:44.667000
ngyweqds33w7bkse,,,,,,,41DC047802522B360256954C8EA4B16F53F2DCD4,2020-09-23 18:29:44.667000,
jjmtkgrb5a3z3fn6,failed,not_found,495,6BA54D7805A44F63A75D70AFEC8D2DF6BA7BCAE0,82DA9678A0BAE60087AA68A3E1D6E6A2C4246D6D,7DAC367AF33DBEFEDC684789490E213FD348BE36,1DA8D6E01092B20968F99D6861C5D51B8025B511,2020-09-23 18:29:20.588000,2020-09-23 18:29:27.588000
jjmtkgrb5a3z3fn6,failed,not_found,1044,6BA54D7805A44F63A75D70AFEC8D2DF6BA7BCAE0,B3C6B4D26A20151F568D39ACFA63E15DBC01CD5D,B6352D774A912764B0B0FE6297666CF09DFE3007,E2BAAFECE5C3D3B4FFE6173B3097948E0F730623,2020-09-23 18:29:27.588000,2020-09-23 18:29:43.024000
jjmtkgrb5a3z3fn6,,,,,,,E2B9BA96723C59E65AE07E82B74C7A31AF874225,2020-09-23 18:29:43.024000,
bhjw4gm2ltmbnjp6,failed,not_found,541,6BA54D7805A44F63A75D70AFEC8D2DF6BA7BCAE0,77A56CB237740E24AEA2D61C8C8936232AFC1BD8,CA4DF2B63A43080C57CF9A561D4A155F97EC5A4F,97D2A26EA5C9972E66D23F4698E94DBDBA8F6C18,2020-09-23 18:29:20.589000,2020-09-23 18:29:29.356000
bhjw4gm2ltmbnjp6,failed,not_found,1048,6BA54D7805A44F63A75D70AFEC8D2DF6BA7BCAE0,12CF6DB4DAE106206D6C6B09988E865C0509843B,A2E6BB5C391CD46B38C55B4329C35304540771F1,75D77007F098513C70773B5EC46159DD41F2F7ED,2020-09-23 18:29:29.356000,2020-09-23 18:29:42.708000
bhjw4gm2ltmbnjp6,,,,,,,75A931404453030821C547A4FAA9094A06C48C7A,2020-09-23 18:29:42.708000,
jzleislzrhql6j5j,failed,not_found,526,6BA54D7805A44F63A75D70AFEC8D2DF6BA7BCAE0,F65990C23AB017AC37226EB2AD3DA5A8EAE55D0C,97B7BA747B62A9962DEDCE404FF33106D4032F91,A016192D0A87FC9354A7523A211BBD9CF859708B,2020-09-23 18:29:21.625000,2020-09-23 18:29:28.410000
jzleislzrhql6j5j,failed,not_found,1060,6BA54D7805A44F63A75D70AFEC8D2DF6BA7BCAE0,D24FB714345D4B9061CEA89ACBAD343081F14928,F8DE8132E599A194E20DDB738AF64A7200CD5949,FF87E49EF33078B04A5DE26AAE170DDF8BAE139F,2020-09-23 18:29:28.411000,2020-09-23 18:29:42.809000
jzleislzrhql6j5j,,,,,,,A024E420DD146541D5D7F6CFEB554C3A64F985EE,2020-09-23 18:29:42.809000,
m74s2vptubtwy4ke,failed,not_found,437,6BA54D7805A44F63A75D70AFEC8D2DF6BA7BCAE0,A6E0F950CAC74AF867CA21976069529D6D4D3E30,2F9AFDE43DC8E3F05803304C01BD3DBF329169AC,953DB709F2A2DECC8D7560661F934E64411444F7,2020-09-23 18:29:21.638000,2020-09-23 18:29:32.160000
m74s2vptubtwy4ke,failed,not_found,1272,6BA54D7805A44F63A75D70AFEC8D2DF6BA7BCAE0,30D457317789E20449CBC12E02F5658FA23E0BEE,23A2D8DDF761F35CC63BDF65E604B76A7E2F6971,9554FC0CF9A5200542E3375C8AE4E939C4594228,2020-09-23 18:29:32.161000,2020-09-23 18:29:46.056000
m74s2vptubtwy4ke,,,,,,,954B2AEA8FDCF0DF701A2EC9285640B929546DF7,2020-09-23 18:29:46.056000,
dkuwg3jpgierhcjh,failed,not_found,582,6BA54D7805A44F63A75D70AFEC8D2DF6BA7BCAE0,ECAA097324262B60394FE6F3CD446A66A331956E,CD5316A75554C2DADB87EF3624E95D848C309CE8,DC818C243B318D19D07DACFC2E7CAD327C7E0B3E,2020-09-23 18:29:21.638000,2020-09-23 18:29:30.701000
dkuwg3jpgierhcjh,failed,not_found,1010,6BA54D7805A44F63A75D70AFEC8D2DF6BA7BCAE0,1841CB960128806151B61FC6D87AFBE9A98B99D7,E2CF09F998248C71139B24B2C92740AEDB1C6D2A,DC7E7D9AB7AD52F03B856E6DC278E9D92BF19B33,2020-09-23 18:29:30.701000,2020-09-23 18:29:41.459000
dkuwg3jpgierhcjh,,,,,,,DC7BABFF3C5E49C922D239DE1A5C5252F51D2F81,2020-09-23 18:29:41.459000,
pkosmcbkcerdaovq,failed,not_found,500,6BA54D7805A44F63A75D70AFEC8D2DF6BA7BCAE0,EAA088440B100FF8407266B5D4853FFB16A8CB67,CEC92F3BE8A2F3A46D3C042721D6BDBF2F40F4C5,63584BC1EF29E794A63C264136D7825C33F0889D,2020-09-23 18:29:21.639000,2020-09-23 18:29:27.175000
pkosmcbkcerdaovq,failed,not_found,915,6BA54D7805A44F63A75D70AFEC8D2DF6BA7BCAE0,AC5CECEF6AF649F2A7F047D102FE9B461DA9234E,40CDE936B04B4573A47223396006443CA5EAC845,5EDD6628D5E13ED020A1EA03C1944DD6769B4974,2020-09-23 18:29:27.175000,2020-09-23 18:29:39.794000
pkosmcbkcerdaovq,,,,,,,5EBA4A9F483E07FD717BA81DD6F7344AF82F7D5D,2020-09-23 18:29:39.795000,
lugo3yyfbguka6f2,failed,not_found,577,6BA54D7805A44F63A75D70AFEC8D2DF6BA7BCAE0,E546C96AEB2258BD0733949027E8F96156F6B290,3BBF9D98C7D058D7C2E60F6BA5BD574CB4F3FE26,7088D485934E8A403B81531F8C90BDC75FA43C98,2020-09-23 18:29:22.638000,2020-09-23 18:29:29.863000
lugo3yyfbguka6f2,failed,not_found,990,6BA54D7805A44F63A75D70AFEC8D2DF6BA7BCAE0,461D6EA15966C7F99B43D37ADC116B5B8E47D130,63BF46A63F9C21FD315CD061B3EAA3EB05283A0A,706B1ED9AF5CCAC90AD488AE2691B358FA598CBB,2020-09-23 18:29:29.863000,2020-09-23 18:29:42.491000
lugo3yyfbguka6f2,,,,,,,706A7674A217BA905FE677E82236B7B968A23DB7,2020-09-23 18:29:42.491000,
mjxzk7zydnki46ma,failed,not_found,747,6BA54D7805A44F63A75D70AFEC8D2DF6BA7BCAE0,A6277ACC55DB0A488F615B9672427E0DD1B4F87C,263907E9D48FBEAE6E64B10C628AE8BDF466869B,AFD8484F0D84F95EAA11D62D822767FE6381A95D,2020-09-23 18:29:22.638000,2020-09-23 18:29:35.536000
mjxzk7zydnki46ma,failed,not_found,1020,6BA54D7805A44F63A75D70AFEC8D2DF6BA7BCAE0,722BA3958D6F4B9A7CE927001CE7FED8625A749E,FA32998AF5628483D8E7B7BB0A4641D33A206A28,5BF170F5773748C783BE4B67DABF5338C03B1AE7,2020-09-23 18:29:35.537000,2020-09-23 18:29:50.653000
mjxzk7zydnki46ma,,,,,,,AFE05115595A1D028E91AD41F6A07239DB04CEBC,2020-09-23 18:29:50.654000,
adrqf76xy7wnci3b,failed,not_found,594,6BA54D7805A44F63A75D70AFEC8D2DF6BA7BCAE0,F0AE51D182DA3B1FB452666EE3E5EA906C431CBF,D1B1A550FEE3A05E71CA9080D14CCA3B746C0C17,FC1E441E097BA36930AA2F615EFB325AF76D2595,2020-09-23 18:29:22.640000,2020-09-23 18:29:30.636000
adrqf76xy7wnci3b,failed,not_found,1006,6BA54D7805A44F63A75D70AFEC8D2DF6BA7BCAE0,F4A4D78F16E9A0353AD5BBEF4632C7022E20FB20,2D70583AFDE90C7C3D9CFF9F0C076F0C022CC29C,32C6B88EEBD4F6F5AA61F15952E8D88EAD7C67BE,2020-09-23 18:29:30.636000,2020-09-23 18:29:41.811000
adrqf76xy7wnci3b,,,,,,,32AABA8EC57AA18E27A19F31F1112FE6AEEE413E,2020-09-23 18:29:41.812000,
qmcd5xvkbhp35ldm,failed,not_found,596,6BA54D7805A44F63A75D70AFEC8D2DF6BA7BCAE0,63DE54637F349FD686CF1C036827B5BE826B9F7C,39F096961ED2576975C866D450373A9913AFDC92,BCF55F865EE6EF17E25EFEAF851BC429F190B85D,2020-09-23 18:29:22.640000,2020-09-23 18:29:31.075000
qmcd5xvkbhp35ldm,failed,not_found,1096,6BA54D7805A44F63A75D70AFEC8D2DF6BA7BCAE0,502774BA0466D3AE9B7A7A0EA2259CC62B8398A9,A8EC0E51DCC8F4D7A8F6620C253459D68E74560B,BD020D8EDB355C537199420AAF2649FA04536C9A,2020-09-23 18:29:31.076000,2020-09-23 18:29:45.826000
qmcd5xvkbhp35ldm,,,,,,,CBA653B8678CF7BEF7C2C1BCDCA0807CD449A8AB,2020-09-23 18:29:45.826000,
utioosnlingh2b6n,failed,not_found,609,6BA54D7805A44F63A75D70AFEC8D2DF6BA7BCAE0,33D88F331408141F2A2CC563239E54E48F7A211B,065E6B20BF87AE6F0E27063BB8AE002ECC3736E9,3B60AEB127F4A8CDE7F3798B799EBDC3463FB9C7,2020-09-23 18:29:23.680000,2020-09-23 18:29:30.996000
utioosnlingh2b6n,failed,not_found,1088,6BA54D7805A44F63A75D70AFEC8D2DF6BA7BCAE0,E7723680EA1F78E015DF312411990D5F5E815C27,C239952D0C8E4EABC3E6B0A8E0B623689174E3C6,3A6164437EF523E4907E7D97CAB135EFC39621F6,2020-09-23 18:29:30.997000,2020-09-23 18:29:44.482000
utioosnlingh2b6n,,,,,,,3B5C6ED2C1DECEB32BF1AD9B7B272F4CE9CE0656,2020-09-23 18:29:44.482000,
ij53xmgtyt67w7ru,failed,not_found,613,6BA54D7805A44F63A75D70AFEC8D2DF6BA7BCAE0,B1289B91C190A6803C1ADA6E381C0843CE039D70,3322002CF72E17911FDEFE30E460BF486B0746C6,863D7DD65F64F06934A8CFB228653E38A061FDCD,2020-09-23 18:29:23.695000,2020-09-23 18:29:31.760000
ij53xmgtyt67w7ru,failed,not_found,1135,6BA54D7805A44F63A75D70AFEC8D2DF6BA7BCAE0,7E8BC43AE75EAE16D7EC4676F4A5C355F454B809,CB92FA4D7D71F134CE1F1FFF2BFF53E88DD4A1DB,8839E8FBE28219B85392EEA5A4DBC41D315F4B83,2020-09-23 18:29:31.760000,2020-09-23 18:29:45.519000
ij53xmgtyt67w7ru,,,,,,,88529E9AE681FA9FD8DAAB6C26F135D672FE03A7,2020-09-23 18:29:45.519000,
cwsavqssvv5kf4yg,failed,not_found,615,6BA54D7805A44F63A75D70AFEC8D2DF6BA7BCAE0,DBE82FA23B9FE3CB2462A6FCF5289DED3CBF4AEE,F3F3F4900B87CF4A6B4A7F9402502FC457B7B1FC,78BC2254D3B31CD865F7682633AA438212132532,2020-09-23 18:29:23.695000,2020-09-23 18:29:31.398000
cwsavqssvv5kf4yg,failed,not_found,1208,6BA54D7805A44F63A75D70AFEC8D2DF6BA7BCAE0,891FB8477529A6B2894B7A3129402E0FD5DD281F,BFB14B9ADF1F19E59258CAE7FCDBAAC9937B7B10,78E2BE744A53631B4AAB781468E94C52AB73968B,2020-09-23 18:29:31.399000,2020-09-23 18:29:49.085000
cwsavqssvv5kf4yg,,,,,,,78B98D12997EDD630F6A674CBF42F20711DEAC11,2020-09-23 18:29:49.086000,
uh3oj7uv7i6wfkfv,failed,not_found,603,6BA54D7805A44F63A75D70AFEC8D2DF6BA7BCAE0,198F12E2DEFBE6BEEBC38B2FEDD615AECB38DA7A,910842202572BBB890692971614758AD9F3FEBD7,A14F90953AE9462CF3A862C4CA95F73BF94A6F8B,2020-09-23 18:29:23.696000,2020-09-23 18:29:31.404000
uh3oj7uv7i6wfkfv,failed,not_found,1108,6BA54D7805A44F63A75D70AFEC8D2DF6BA7BCAE0,58FC2AAB3792AC37897D34331F4F4E00341DEC0C,7D4261853A5CC5E96C8886391919FF2DA02A5801,31419A64188BC8070EE89F3CEE6AA98EAAC7E8E8,2020-09-23 18:29:31.404000,2020-09-23 18:29:45.253000
uh3oj7uv7i6wfkfv,,,,,,,316DE45EFFB53671C9FD53CE0992952846709A29,2020-09-23 18:29:45.254000,
d3c7zlf2z3tyty6x,failed,not_found,801,6BA54D7805A44F63A75D70AFEC8D2DF6BA7BCAE0,BCDE75725B927738B6FD34EA2D78F4FA77B99848,18EA6AFA3609A0B24752FBF411A2DAADE27DE129,669A96715B9D7278BA485AFC23DD07C6B90CC70D,2020-09-23 18:29:24.556000,2020-09-23 18:29:37.007000
d3c7zlf2z3tyty6x,failed,not_found,1371,6BA54D7805A44F63A75D70AFEC8D2DF6BA7BCAE0,5856DB884578915E7C7A0B7B11E4145B1D2A4E2B,A96DA63E4415E776FBFCCF3DA7154C804534B6E7,3B60AEB127F4A8CDE7F3798B799EBDC3463FB9C7,2020-09-23 18:29:37.007000,2020-09-23 18:29:53.677000
d3c7zlf2z3tyty6x,,,,,,,3B5C6ED2C1DECEB32BF1AD9B7B272F4CE9CE0656,2020-09-23 18:29:53.677000,
7augounzprfmvumj,failed,not_found,536,6BA54D7805A44F63A75D70AFEC8D2DF6BA7BCAE0,C43827BB94B59CE61987310F80A035C5AB9DF002,DAC825BBF05D678ABDEA1C3086E8D99CF0BBF112,706B1ED9AF5CCAC90AD488AE2691B358FA598CBB,2020-09-23 18:29:24.574000,2020-09-23 18:29:42.303000
7augounzprfmvumj,,,,,,,01384A5D9C6D34352701BF86D04E5F406CB256AE,2020-09-23 18:29:42.303000,
tdrwp74pvrru2e5z,,,,,,,C36A434DB54C66E1A97A5653858CE36024352C4D,2020-09-23 18:29:24.601000,
dqz2tcjh2oejfd36,failed,not_found,655,6BA54D7805A44F63A75D70AFEC8D2DF6BA7BCAE0,FA32998AF5628483D8E7B7BB0A4641D33A206A28,03C8B603AEBEC0AC4C1F73E3B0CC96A02A04D83D,FEA045FF57EE6A7E318DAF72AF916B5F8B0F4997,2020-09-23 18:29:24.602000,2020-09-23 18:29:33.492000
dqz2tcjh2oejfd36,failed,not_found,1203,6BA54D7805A44F63A75D70AFEC8D2DF6BA7BCAE0,B9877C7A9EAD7439C186B6B4C2885612BA379874,F836446663F1EB816F13708955F105D0B2F5C8E0,2F26D43258285FEB39E4320888DFAFA8A0D20E11,2020-09-23 18:29:33.492000,2020-09-23 18:29:48.820000
dqz2tcjh2oejfd36,,,,,,,2F2710152A2344B1DE3EF619E85CB1B298643D27,2020-09-23 18:29:48.821000,
l7jnmp5q3hzlc625,failed,not_found,633,6BA54D7805A44F63A75D70AFEC8D2DF6BA7BCAE0,82ED9AEC94184EC6DD299A5CDB3378B04BB17489,7E44E0D39CE8666A98EA5DEBCBB8E12B3906410F,3A144BCB2681ABA103B83D553BEFC3EB99A11801,2020-09-23 18:29:25.723000,2020-09-23 18:29:32.374000
l7jnmp5q3hzlc625,failed,not_found,1152,6BA54D7805A44F63A75D70AFEC8D2DF6BA7BCAE0,D7829A21726220AF77401BE5B2B132963A0BE82B,0122A605B7C170D6086143448273D9A9844B69E2,39F91959416763AFD34DBEEC05474411B964B2DC,2020-09-23 18:29:32.374000,2020-09-23 18:29:46.184000
l7jnmp5q3hzlc625,,,,,,,023EBBC57BEB7F45473B3DC2AA811FB3AABA4466,2020-09-23 18:29:46.185000,
2tflxeps3jhepbem,failed,not_found,771,6BA54D7805A44F63A75D70AFEC8D2DF6BA7BCAE0,9E4CC64C4F94C359D43C5BA09094323FDBEFD975,8DD0956457CF75A49E79F8E434E2DC898182DE79,930106E732385FD01810AB243E7022C42639BC06,2020-09-23 18:29:25.779000,2020-09-23 18:29:35.941000
2tflxeps3jhepbem,,,,,,,937F201D2797314953F268D252F5C98D3FA9F71E,2020-09-23 18:29:35.941000,
hjcqjtmwqdscsuhm,,,,,,,37A8BA9E3F05417EFE93DF626641EFF271E0A3C2,2020-09-23 18:29:25.927000,
oisugh3n6qabgfxv,failed,not_found,779,6BA54D7805A44F63A75D70AFEC8D2DF6BA7BCAE0,E947C029087FA1C3499BEF5D4372947C51223D8F,AF1FC704A5243CC0F08A335343D18A7D9FD871DE,46053D5D5916F20C333406F16911711AB55164C0,2020-09-23 18:29:25.952000,2020-09-23 18:29:35.898000
oisugh3n6qabgfxv,failed,not_found,1315,6BA54D7805A44F63A75D70AFEC8D2DF6BA7BCAE0,33D88F331408141F2A2CC563239E54E48F7A211B,D3B72ADA2F3EEDA2BA98F645D620CA1C4060AAF4,A926970FE1AEF9C6D8D4BF57ED6B88F3F8C66415,2020-09-23 18:29:35.898000,2020-09-23 18:29:52.536000
oisugh3n6qabgfxv,,,,,,,A943B09784A779C0BFBF627F233797CE98C058D4,2020-09-23 18:29:52.536000,
sznfv5o43fvurugw,failed,not_found,1019,6BA54D7805A44F63A75D70AFEC8D2DF6BA7BCAE0,B97CF770ECD2D4298A505E84A8C8A5ABFCA08887,103336165A0D2EFCAD3605339843A0A7710B8B92,9446EE28342A8B4502B4DA24DA18851BC9E516E0,2020-09-23 18:29:26.606000,2020-09-23 18:29:42.173000
sznfv5o43fvurugw,,,,,,,00CCE6A84E6D63A1A42E105839BC8ED5D4B16669,2020-09-23 18:29:42.173000,
sx36jqazpp7uejsf,failed,not_found,812,6BA54D7805A44F63A75D70AFEC8D2DF6BA7BCAE0,400C053623F36C5C3D1CFC73F1AB9DA6E24DEEB7,B9F3623690227FCFDB0D7D63AA1B6E3CC4A74338,867982ADCFBE55EC1C00A5B34C8991FF87605906,2020-09-23 18:29:26.607000,2020-09-23 18:29:37.264000
sx36jqazpp7uejsf,,,,,,,8657358DD3076664A5989028CEB1A92F5F93C02A,2020-09-23 18:29:37.264000,
wfuepeyqhqp6zopb,failed,not_found,793,6BA54D7805A44F63A75D70AFEC8D2DF6BA7BCAE0,BB5630967607D8A8B6CA854AF954FE8372D1662A,C91102131E6B9CECFC56C4A29ADA4E638D7872F7,021DDCD687FD505B7EA7E75DA6CEF0D778AA07FB,2020-09-23 18:29:26.688000,2020-09-23 18:29:36.077000
wfuepeyqhqp6zopb,,,,,,,023EBBC57BEB7F45473B3DC2AA811FB3AABA4466,2020-09-23 18:29:36.078000,
7xjfb6uxji3waxum,failed,not_found,1014,6BA54D7805A44F63A75D70AFEC8D2DF6BA7BCAE0,FE1AF5E909002134BFF834F4AD5E1DE723779002,D5C01B85FB3A48D55698CA660A2DE8935388816E,94F16DA2BDDBA092954FF8EC29F9234A69949403,2020-09-23 18:29:26.689000,2020-09-23 18:29:41.531000
7xjfb6uxji3waxum,,,,,,,94EC34B871936504BE70671B44760BC99242E1F3,2020-09-23 18:29:41.532000,
n5fg4lpdbuhobyif,failed,not_found,831,6BA54D7805A44F63A75D70AFEC8D2DF6BA7BCAE0,E3D61BAEA0B7CB12CACEDC8821C520557BDFCEA3,EAB20BD4083C820EC8329ED5AEBF12019A7749F3,01F73DBD9B56C31E3D3AAEB95F8CF1DEB7D9A72F,2020-09-23 18:29:27.569000,2020-09-23 18:29:37.902000
n5fg4lpdbuhobyif,failed,not_found,1401,6BA54D7805A44F63A75D70AFEC8D2DF6BA7BCAE0,5665A3904C89E22E971305EE8C1997BCA4123C69,1F78D47D20BA3ACF9DCE50F4533A5CEA232CF398,01FDC8E92D3280847D856DA1F9BFC2B4CD2C2EE8,2020-09-23 18:29:37.903000,2020-09-23 18:29:54.463000
n5fg4lpdbuhobyif,,,,,,,01FE2137C42E4802507A1FD97B0158116FD78A8C,2020-09-23 18:29:54.463000,
ojv6hveglrinkj5o,failed,not_found,839,6BA54D7805A44F63A75D70AFEC8D2DF6BA7BCAE0,0CC18E42E5ECADFE76862CE2EB7189EFA17A11FD,A9F5135AE18C7E25C7C79117CD8C7619BFEB85ED,3EDD00245D93664A33A724BA377150E5531ED033,2020-09-23 18:29:27.637000,2020-09-23 18:29:38.016000
ojv6hveglrinkj5o,failed,not_found,1224,6BA54D7805A44F63A75D70AFEC8D2DF6BA7BCAE0,86CDD0D92AB972538416A382D99666736CDDF141,6FB20BB05A841CDDB308E85A4D117FCFC911F5EA,2D317788EE8EBD11BE698EC58AB871DC6E0FC297,2020-09-23 18:29:38.017000,2020-09-23 18:29:55.344000
ojv6hveglrinkj5o,,,,,,,3ECBB7D8D5F93F4A1E1F9C3784B6B62DB8491633,2020-09-23 18:29:55.344000,
j6t2dw77oc5j3gpg,failed,not_found,843,6BA54D7805A44F63A75D70AFEC8D2DF6BA7BCAE0,4FDDFAD51B24DDABB62FB59071F4DC421E76C685,B0335F7872A698A86E5E9AC3CF323B50AEF9C081,E34C28D652520D7C8D386EA3958EA924910E647B,2020-09-23 18:29:27.676000,2020-09-23 18:29:38.288000
j6t2dw77oc5j3gpg,failed,not_found,1422,6BA54D7805A44F63A75D70AFEC8D2DF6BA7BCAE0,005079A42356183CEA5A3ADD239303F44F12E7EA,F3936F97C14EFCFD18154DF4443B91FEDD071F47,E330A88754840629644527394FD43001D5B89C7A,2020-09-23 18:29:38.288000,2020-09-23 18:29:55.462000
j6t2dw77oc5j3gpg,,,,,,,C63D7C4FAE5424D6286411D33497A2191882EB0A,2020-09-23 18:29:55.463000,
g5ezsgrnnnhgweth,failed,not_found,1036,6BA54D7805A44F63A75D70AFEC8D2DF6BA7BCAE0,708A968F3644F8A547156368FEA3DB664110E631,4011E1BB0E5B9A22AF665B553BFFDDE22A517B16,C2C1CF6FC9E9159E66804E05911E2D5A507F63D6,2020-09-23 18:29:27.676000,2020-09-23 18:29:42.573000
g5ezsgrnnnhgweth,,,,,,,C2EE40EE8451F27C2357E8B1EA1E8E6F642273EB,2020-09-23 18:29:42.574000,
kmrhxespta2yrpr5,failed,not_found,873,6BA54D7805A44F63A75D70AFEC8D2DF6BA7BCAE0,4E81EA3528D6FB79B10B0F11C6FC96CE1C060021,383CFCF03B225B3EDCA519197BAA310A58CEAABC,988625BFD9E9B23B35C590250407486F28FF8FFC,2020-09-23 18:29:28.559000,2020-09-23 18:29:38.791000
kmrhxespta2yrpr5,,,,,,,F7C32D7982E63424C20373E6B41B3C1881B894D8,2020-09-23 18:29:38.791000,
7thhnas2xq3tz4n3,failed,not_found,877,6BA54D7805A44F63A75D70AFEC8D2DF6BA7BCAE0,221F035A330AC4231A2E3D901F1CB11483C19F66,B138ECF12483CF1933A2EAD5966BC7C01B5C64E3,6A1B4F8A87E327F4E115A385206C0880DB051B3B,2020-09-23 18:29:28.559000,2020-09-23 18:29:38.890000
7thhnas2xq3tz4n3,,,,,,,A016192D0A87FC9354A7523A211BBD9CF859708B,2020-09-23 18:29:38.890000,
fjhld7jb2jczsmie,failed,not_found,575,6BA54D7805A44F63A75D70AFEC8D2DF6BA7BCAE0,4CD4DFFEF3971C902A22100D911CAC639BE2EF5C,4D52A12D9AD22A7E1BE5B564953A7CA9C31DA675,3E3CBA3F2870CE76A41D3E97A8D838AA703586E3,2020-09-23 18:29:28.589000,2020-09-23 18:29:38.081000
fjhld7jb2jczsmie,,,,,,,3E13E2EB87CCF5690564EE33E9F9F9F80B229FBB,2020-09-23 18:29:38.081000,
j32o6cfb4fnn2kd6,failed,not_found,890,6BA54D7805A44F63A75D70AFEC8D2DF6BA7BCAE0,FD127D1014ED3D36AFE50558A88BD5E8DB34A645,91258F0EDB1FF92CF76E6DC38BFE98055A74DBF8,A23A7219B1EA9D583E66DFF26D62573DE64A9C29,2020-09-23 18:29:28.647000,2020-09-23 18:29:39.002000
j32o6cfb4fnn2kd6,,,,,,,EA4366BCDCA6167B8CFF70E41D8CD1EE9968E445,2020-09-23 18:29:39.002000,
jreqtgzqkedemwba,failed,not_found,969,6BA54D7805A44F63A75D70AFEC8D2DF6BA7BCAE0,F6AAFCFB722532DA3E2A54135000E672B9473835,FD7ED9F4871E2EC46035FC602960EACC32E08FF8,C63110BDD8736D2C2A733FF962F58D58FDE63A2D,2020-09-23 18:29:29.569000,2020-09-23 18:29:41.397000
jreqtgzqkedemwba,,,,,,,C5F214F7F9CCBF09324C9AA032760150243A196C,2020-09-23 18:29:41.398000,
mwqcvamkvtr7vxro,failed,not_found,973,6BA54D7805A44F63A75D70AFEC8D2DF6BA7BCAE0,CE47F0356D86CF0A1A2008D97623216D560FB0A8,E97D754577161C2BEF19042F6E1931D8F3E57DFE,CF6A6080091BB210AA3892FEFE2F6A396DA08DF3,2020-09-23 18:29:29.593000,2020-09-23 18:29:41.317000
mwqcvamkvtr7vxro,,,,,,,C41ADE229598201F913426E9C6B9647098AEE28D,2020-09-23 18:29:41.317000,
7hbw6twwuzuvvkar,failed,not_found,978,6BA54D7805A44F63A75D70AFEC8D2DF6BA7BCAE0,DB2682153AC0CCAECD2BD1E9EBE99C6815807A1E,D8A2D0080B0C73E1DC0EC9F33B497F64E5FB3F52,45E2D7BE8D42A13A627BE13A66503F848861C5DE,2020-09-23 18:29:29.631000,2020-09-23 18:29:41.217000
7hbw6twwuzuvvkar,,,,,,,47E1157F7DA6DF80EC00D745D73ACD7B0A380BCF,2020-09-23 18:29:41.217000,
sa7hanghrhcumfyi,failed,not_found,986,6BA54D7805A44F63A75D70AFEC8D2DF6BA7BCAE0,B96B5141004995295FE87DCCE1A54519BD0BB48A,1CD48F4ED0F1821FFBF1940802A13EEFD4C27502,9971F51A3274758B5C59E1D6580ED2C13E13CBEC,2020-09-23 18:29:29.632000,2020-09-23 18:29:44.366000
sa7hanghrhcumfyi,,,,,,,998A0704E0AA4F373A7CEA51628E895320EC2EDB,2020-09-23 18:29:44.366000,
p54eqvjra7365csv,failed,not_found,1015,6BA54D7805A44F63A75D70AFEC8D2DF6BA7BCAE0,8ADA1AB31B9B49CFFF5A450816053BF4CB72E4AC,F6740DEABFD5F62612FA025A5079EA72846B1F67,B93503D458D9FE97DE5C12D211082871D08F1284,2020-09-23 18:29:30.702000,2020-09-23 18:29:41.687000
p54eqvjra7365csv,,,,,,,B940AAC942E9929E673C3533F510C5261B50790C,2020-09-23 18:29:41.688000,
ux7o2tcgbksnlvea,failed,not_found,1280,6BA54D7805A44F63A75D70AFEC8D2DF6BA7BCAE0,55E1E19071A6DD27F7C16AC3BE494C5891E1E414,761A60D0364D9AA03114F72550483287ED060B2D,5BF170F5773748C783BE4B67DABF5338C03B1AE7,2020-09-23 18:29:30.703000,2020-09-23 18:29:41.620000
ux7o2tcgbksnlvea,,,,,,,796338999A7E34CA4C0F2C6092618C82C0D335D9,2020-09-23 18:29:41.620000,
66nxmg7l5w7qz6tp,failed,not_found,1025,6BA54D7805A44F63A75D70AFEC8D2DF6BA7BCAE0,014E24C0CD21D2B9829E841D5EC1D3C415F866BF,58E89A05564E6844FACC5D78A73EF593222561A2,A64BD6DA33D870F3807C5775DEA23F6EE32289B3,2020-09-23 18:29:30.703000,2020-09-23 18:29:41.774000
66nxmg7l5w7qz6tp,,,,,,,A68D02474552FA8A1B2332F8E4D64F7A25C8CF0F,2020-09-23 18:29:41.774000,
pk32ayu6ylbxbdw7,failed,not_found,1030,6BA54D7805A44F63A75D70AFEC8D2DF6BA7BCAE0,856DAB2FDC9EED88A27BE2265FA6BD5489EF178E,C1335B1DB938644FCD54EE744D91354F94EDD1BC,128FC6D8FBF753121C5662FEE309CCD47B64BA6B,2020-09-23 18:29:30.758000,2020-09-23 18:29:42.268000
pk32ayu6ylbxbdw7,,,,,,,12AD30E5D25AA67F519780E2111E611A455FDC89,2020-09-23 18:29:42.268000,
lokwhcjx42m4ewib,failed,not_found,1062,6BA54D7805A44F63A75D70AFEC8D2DF6BA7BCAE0,221546DAE86B003139B13BD6F6AE1B4B42B59DF8,6A2F0C055A1CDE77741BA7D93D8FAE856C86F54C,75FE5236E67FFA4A44C1152C35EAB36360E4D7DF,2020-09-23 18:29:31.561000,2020-09-23 18:29:42.710000
lokwhcjx42m4ewib,,,,,,,975DF2CA6288228044A9162FF0D38B3EE15298CD,2020-09-23 18:29:42.710000,
dpnos34bfdn6hbaq,failed,not_found,1123,6BA54D7805A44F63A75D70AFEC8D2DF6BA7BCAE0,CB21756D213C09812ED2B03DC111CDE937387F9D,B058FBDEA69774C28EAC1111E167BC0AD4A904E0,F01AAA640FF4EA025DB8449BD61C055273B4A328,2020-09-23 18:29:31.585000,2020-09-23 18:29:45.785000
dpnos34bfdn6hbaq,,,,,,,F01E382DA524A57F2BFB3C4FF270A23D5CD3311D,2020-09-23 18:29:45.786000,
ofd76aoiuvzemxjj,failed,not_found,1127,6BA54D7805A44F63A75D70AFEC8D2DF6BA7BCAE0,3B953203AF332D8FE1452E1CE7CB50A3B5297DB2,EFF9E0B5B813E7269C910A3BBB2286957533CBA2,74B41DED505CFABC7A8D439362FC9B6589DE4591,2020-09-23 18:29:31.585000,2020-09-23 18:29:46.187000
ofd76aoiuvzemxjj,,,,,,,74C0C2705DB1192C03F19F7CD1BB234843B1A81F,2020-09-23 18:29:46.187000,
mkpa4l6dfuk7kl4v,failed,not_found,1131,6BA54D7805A44F63A75D70AFEC8D2DF6BA7BCAE0,235D3444236ABC28F412E93814F6B783200D4630,35513B1D2EA70649346C3C6D34F63D6982E3948A,CCF38C8682E5936852F6F33A0A333AFF30CA453F,2020-09-23 18:29:31.586000,2020-09-23 18:29:45.904000
mkpa4l6dfuk7kl4v,,,,,,,CCF2FD0048FCC9A842BE881472CEC148BB4EF458,2020-09-23 18:29:45.904000,
tmqo6mouwc3xev3g,failed,not_found,1156,6BA54D7805A44F63A75D70AFEC8D2DF6BA7BCAE0,021DDCD687FD505B7EA7E75DA6CEF0D778AA07FB,6ED3BE22B2261258017B3F0584706265985D7AE9,248CE89A310534DF139DF6A36BD87EB4CA237DCF,2020-09-23 18:29:32.816000,2020-09-23 18:29:46.492000
tmqo6mouwc3xev3g,,,,,,,E9F71AC06F29B2110E3FC09016B0E50407444EE2,2020-09-23 18:29:46.493000,
jxokyq5jne2korfe,failed,not_found,1160,6BA54D7805A44F63A75D70AFEC8D2DF6BA7BCAE0,D52A160303C638D9FB03463F8A6B7934D5787F4C,73DCA56424912F69F1478D6630DF27CFE8F41439,6530C1F5E453CC08EBB1A1D4B5836C921060473B,2020-09-23 18:29:32.817000,2020-09-23 18:29:46.610000
jxokyq5jne2korfe,,,,,,,651FBC7D8C75C86CF9609E8B572DB7715E3FE1DA,2020-09-23 18:29:46.611000,
qibv22l2i6xvuykp,failed,not_found,1168,6BA54D7805A44F63A75D70AFEC8D2DF6BA7BCAE0,2AA5F598F9A1812F01CD99E3B59BB87362ED7438,0ED0EA324C931CF41CB5272BFB1D015B3D5772A9,10644CF3D7F555F10FE28EB1D520111F56FE7180,2020-09-23 18:29:32.951000,2020-09-23 18:29:46.392000
qibv22l2i6xvuykp,,,,,,,1F509589F7F70B69A38719A201451CF4B70F89C6,2020-09-23 18:29:46.394000,
rxj43wr6xyuivlt5,failed,not_found,1080,6BA54D7805A44F63A75D70AFEC8D2DF6BA7BCAE0,06E72526BBE040C51C5ADFBAA07ADD9AEB5E1FA1,A418D9195651DA24B0F51E28E54923DAE2B9C304,9F19251CEE17B1E05084898D164F0544CCB095DD,2020-09-23 18:29:32.954000,2020-09-23 18:29:45.948000
rxj43wr6xyuivlt5,,,,,,,0B19BBFDC498CCEA23027B1D7BD8E20121B95E60,2020-09-23 18:29:45.948000,
mekeotxej23sy7am,failed,not_found,1216,6BA54D7805A44F63A75D70AFEC8D2DF6BA7BCAE0,5262556D44A7F2434990FDE1AE7973C67DF49E58,9781B0EE81E95941073AFA37542B36ED71018D49,08F4692B60862640F688B86826B66F30DEA7AB73,2020-09-23 18:29:33.571000,2020-09-23 18:29:50.902000
mekeotxej23sy7am,,,,,,,08F06A0DDAFABF9A26FCB2E392A1435F9E048216,2020-09-23 18:29:50.902000,
hhm35zzsdje2d6lf,,,,,,,1CD48F4ED0F1821FFBF1940802A13EEFD4C27502,2020-09-23 18:29:33.623000,
4pwjo32ffjmfytor,failed,not_found,1407,6BA54D7805A44F63A75D70AFEC8D2DF6BA7BCAE0,2B24C281AD12EA96F72C2808E1AF041CEBE345D0,844AE9CAD04325E955E2BE1521563B79FE7094B7,2D317788EE8EBD11BE698EC58AB871DC6E0FC297,2020-09-23 18:29:33.624000,2020-09-23 18:29:49.404000
4pwjo32ffjmfytor,,,,,,,2D418A89F79DB4A8E658BA549FBB974D1D22DD1A,2020-09-23 18:29:49.404000,
ptnplmngi2gjjcuu,failed,not_found,1228,6BA54D7805A44F63A75D70AFEC8D2DF6BA7BCAE0,E7723680EA1F78E015DF312411990D5F5E815C27,D14EC16949648CEE84EA1664445029EA4B597074,562C61C7F885741D599DB7A1235791D928BEADFD,2020-09-23 18:29:33.651000,2020-09-23 18:29:49.129000
ptnplmngi2gjjcuu,,,,,,,F21DFB7CCD5EEF3E021086EC96EF7CFCAA72F4F3,2020-09-23 18:29:49.129000,
dvjtiaie2hdl7coz,failed,not_found,732,6BA54D7805A44F63A75D70AFEC8D2DF6BA7BCAE0,D3BE0C4FEC3AC5955992D336E7BF99DC1F26020C,0D13FEFB150903100AF2F9E52A5852EC105A817E,8AFFEAE2A917D35C4E98395F5F3BDC3A55472632,2020-09-23 18:29:34.570000,2020-09-23 18:29:50.072000
dvjtiaie2hdl7coz,,,,,,,B0335F7872A698A86E5E9AC3CF323B50AEF9C081,2020-09-23 18:29:50.072000,
ailzhjx2txbbou3o,failed,not_found,1248,6BA54D7805A44F63A75D70AFEC8D2DF6BA7BCAE0,32F3621E84AEE1A211DBE70B0EAB89E41A7A8B9F,BE9B12FAAB7429842D643E2308390ECD8961E0A1,A9A4213EA3D707857368C683F2208C83B8755D8A,2020-09-23 18:29:34.571000,2020-09-23 18:29:49.404000
ailzhjx2txbbou3o,,,,,,,AAAEFD0CB5443776F98971C3E0A854C989E2DA37,2020-09-23 18:29:49.405000,
ynstrd24vfuxrgtp,failed,not_found,1169,6BA54D7805A44F63A75D70AFEC8D2DF6BA7BCAE0,A8503903F97FF27F5D1C3CA38817329F581925E6,104DC15ACFA69CF94F89E8ED0F6CDB2D298234D2,17460997E66C47F805A834BE93CC14EC0DC608EA,2020-09-23 18:29:34.571000,2020-09-23 18:29:46.896000
ynstrd24vfuxrgtp,,,,,,,174D93DF6242BD4ABE2C09E6607892C3A3905675,2020-09-23 18:29:46.896000,
vdwog453zd35yj64,failed,not_found,1256,6BA54D7805A44F63A75D70AFEC8D2DF6BA7BCAE0,88DF5D708E931C431902AAABEA981E7951E00085,DC2B1E4348AF306326FA63EEDB76EA6139133485,4B919C783B1145060DF518940252FE2B5B128F67,2020-09-23 18:29:34.571000,2020-09-23 18:29:50.269000
vdwog453zd35yj64,,,,,,,B91A1EB30E66D52026EFCD1E96BFC0E966C83E6D,2020-09-23 18:29:50.269000,
7s2fompfcloulipf,failed,not_found,1289,6BA54D7805A44F63A75D70AFEC8D2DF6BA7BCAE0,EC4AD91674B5AFECCA117A396776F120651E55BF,37DDF1906EE3DB96130A717EA54667C64DAC78DF,E8C80BE6CA6E90CFFA941027668539EBDCE4EF1A,2020-09-23 18:29:35.675000,2020-09-23 18:29:51.381000
7s2fompfcloulipf,,,,,,,B028707969D8ED84E6DEA597A884F78AAD471971,2020-09-23 18:29:51.382000,
h6cq5dqhh44sb3m3,failed,not_found,1297,6BA54D7805A44F63A75D70AFEC8D2DF6BA7BCAE0,B76A047C20D3E4F9B5A64428298DA55A90D62472,DA9E02BB8080E473157052F70439B7886AA8569D,987D0706D42070F1E2142A9FCCB56B3887808D34,2020-09-23 18:29:35.705000,2020-09-23 18:29:52.118000
h6cq5dqhh44sb3m3,,,,,,,73C4C4AE90A8F83D3A091B395C7D5B913D50604D,2020-09-23 18:29:52.118000,
2zpe6ki2j2i4urco,failed,not_found,1204,6BA54D7805A44F63A75D70AFEC8D2DF6BA7BCAE0,EA4DC5A24096EE5FAED2AFCDE50EFA09DFDD172E,9DB400402B545DC41DE342E14644F74B7DA4F789,8DE5DB687F0049631881827DF7A2935BE5FC2CBC,2020-09-23 18:29:35.774000,2020-09-23 18:29:50.172000
2zpe6ki2j2i4urco,,,,,,,8DCB526722FBE2B3F4C0CE9D020B0589170F8BDA,2020-09-23 18:29:50.173000,
mkemq6z5ytj6n64a,failed,not_found,1249,6BA54D7805A44F63A75D70AFEC8D2DF6BA7BCAE0,67CDF7A4D06E98E55AAE595BBEBF38E64C4CCBF3,63BF46A63F9C21FD315CD061B3EAA3EB05283A0A,FFB605C86D606991ADED7842269FA25A03B4A4D0,2020-09-23 18:29:35.774000,2020-09-23 18:29:49.861000
mkemq6z5ytj6n64a,,,,,,,5EBA4A9F483E07FD717BA81DD6F7344AF82F7D5D,2020-09-23 18:29:49.861000,
oxu4tlmdrvbgnxda,failed,not_found,1281,6BA54D7805A44F63A75D70AFEC8D2DF6BA7BCAE0,C72A5061DD5EB229CDF16BADA740943EEAEEFE51,6C94F282709D385C94087D5F6FB6D8F6648EE3D1,C554F4F1EF719D33AA612457960C889F1FB64A4B,2020-09-23 18:29:36.572000,2020-09-23 18:29:50.705000
oxu4tlmdrvbgnxda,,,,,,,7AF8C3C1E0E93D2B9E07C2663DE45B6DF28ED38B,2020-09-23 18:29:50.705000,
ht4pinihsj23cd6s,,,,,,,4E5868CC28C466E2C97DEF362E7990A1A336C4D3,2020-09-23 18:29:36.638000,
bztn2nqpi6r4pm3j,failed,not_found,1355,6BA54D7805A44F63A75D70AFEC8D2DF6BA7BCAE0,50C7B836942F14BDF1541B017CF21FD03F354E13,4469F441FDAB256575262B013B44D44B37E4DC8B,546E52A979FB0FBBDF1DDF360FB20AA03D22AACE,2020-09-23 18:29:36.730000,2020-09-23 18:29:53.597000
bztn2nqpi6r4pm3j,,,,,,,5436FC72ABDEAC39BF58E64E5E12C462A7D3D088,2020-09-23 18:29:53.598000,
pfgik6awmqlc6sht,,,,,,,098D9CF7568D27A8288FA4BB3819A99913315D6E,2020-09-23 18:29:36.782000,
nfrnt3vabvbqoerz,failed,not_found,1381,6BA54D7805A44F63A75D70AFEC8D2DF6BA7BCAE0,0C3D5E19E3C75B505C8ACD26F89DCA2DF970553E,2E72EEABE4EE19183BEFAA10D88B3C16829C9F99,038C30D2AD053147C91EFB1291527ED621D7D1B1,2020-09-23 18:29:37.769000,2020-09-23 18:29:54.387000
nfrnt3vabvbqoerz,,,,,,,03910F285A33F365838EC66EF2C2EF754D046760,2020-09-23 18:29:54.388000,
2q64k7afsrbswmhk,failed,not_found,1386,6BA54D7805A44F63A75D70AFEC8D2DF6BA7BCAE0,221546DAE86B003139B13BD6F6AE1B4B42B59DF8,F3CEC87ED91E0B0B1D86BE4D7DE90F00B607ECAF,A14F90953AE9462CF3A862C4CA95F73BF94A6F8B,2020-09-23 18:29:37.848000,2020-09-23 18:29:54.550000
2q64k7afsrbswmhk,,,,,,,A1688972E4AA4F24C4C9AA2372CD387B82834C40,2020-09-23 18:29:54.550000,
zyoe7pjms5bwju3k,,,,,,,2BCDDD2006A6000B8D5F6D63C7D6D200E43F8B1B,2020-09-23 18:29:37.849000,
ydwdkavsva4gbfpt,failed,not_found,1396,6BA54D7805A44F63A75D70AFEC8D2DF6BA7BCAE0,E39A758BD81DD27E8AA27998688E816D0A13DC82,3C8609D996441A690BF31A7AB0374D9E33FA2210,39A551CD188151147DC4D19523D06A09B5287C29,2020-09-23 18:29:37.902000,2020-09-23 18:29:54.554000
ydwdkavsva4gbfpt,,,,,,,B63626A3CA6F0521847853DDEC6D4044C80B903E,2020-09-23 18:29:54.554000,
2w7rounhqktzwsg5,,,,,,,2E6EE0D63EEAA9FF044AA92F951E5767106FF738,2020-09-23 18:29:38.687000,
qprvqm6zagqwi4ii,failed,not_found,1376,6BA54D7805A44F63A75D70AFEC8D2DF6BA7BCAE0,38F21DEE29E40DCDF9460A80662B7723562CA008,CB92FA4D7D71F134CE1F1FFF2BFF53E88DD4A1DB,9B816A5B3EB20B8E4E9B9D1FBA299BD3F40F0320,2020-09-23 18:29:38.758000,2020-09-23 18:29:54.146000
qprvqm6zagqwi4ii,,,,,,,A65E1523F313405BB60E4AA136A69EFA504C4F60,2020-09-23 18:29:54.146000,
n56fzltfbzkantga,,,,,,,51BD25EE06C46E4466427D4ABF94F2964514EB2F,2020-09-23 18:29:38.759000,
gqlb2tumoexxzad2,failed,not_found,1402,6BA54D7805A44F63A75D70AFEC8D2DF6BA7BCAE0,BF37445EA2A9F3D04F4B87DFAC624AEF21B559D5,438F3EA4C9FB0DB63F5377A3271AB5435FAD7E04,7226BE09B7A81000BBF7D959E360B2FE41CCC639,2020-09-23 18:29:38.790000,2020-09-23 18:29:54.307000
gqlb2tumoexxzad2,,,,,,,A4CC39184AD287D72C2247738835811C7A7ECB8E,2020-09-23 18:29:54.307000,
velhg7x46o5zvata,,,,,,,E233F3609689B34A86B15ECEB6DE7B51AA311704,2020-09-23 18:29:39.580000,
z6z3suubmf72zerd,,,,,,,E96C071A67833C2C93D74F7C84C99148E15181F8,2020-09-23 18:29:39.580000,
zhr3l6wfqjkc2ias,,,,,,,A926970FE1AEF9C6D8D4BF57ED6B88F3F8C66415,2020-09-23 18:29:39.613000,
4hn4dakss2khig4k,,,,,,,1BD3B1951420BF0CF9F979B9276C0549EB03892C,2020-09-23 18:29:39.648000,
mjpuczq24ushb7um,,,,,,,645C3F0545E0975A49F69EC272C0C3EA28586825,2020-09-23 18:29:40.875000,
kksuuikfptmdjdwp,,,,,,,BCE0FDE68117375BF37408E761CB9BDE2613800B,2020-09-23 18:29:40.998000,
orjesreec6f7skek,,,,,,,562C61C7F885741D599DB7A1235791D928BEADFD,2020-09-23 18:29:40.999000,
4r2pyyrvet64imck,,,,,,,4B582F3F4BB4DE56D7728DEB22AA255350870F98,2020-09-23 18:29:41.029000,
d2tejp53dptjrou3,,,,,,,3FE39429CB7077BBB13D2774591A1B80EE493742,2020-09-23 18:29:41.774000,
psfejzhumguy2i3k,,,,,,,2DEF1C5F4529665BB08A593C65BAF6917E9D2081,2020-09-23 18:29:41.774000,
xjgmrodapnvfle2m,,,,,,,80AAF8D5956A43C197104CEF2550CD42D165C6FB,2020-09-23 18:29:41.812000,
qi2wmijojn4pd4q3,,,,,,,27D668BFB3839D8C6E36193FFC3DF4DD6D79B513,2020-09-23 18:29:41.813000,
p2z36s5woftn7zyd,,,,,,,BDDF8187EA4419951CFD0A54088B634564F63AF3,2020-09-23 18:29:42.655000,
s2yq6w35qnwr6lva,,,,,,,79D110419709C4B3D1F92FC3CE121B5317DBE8B3,2020-09-23 18:29:42.655000,
ket3i7te7fsjejps,,,,,,,B3C6B4D26A20151F568D39ACFA63E15DBC01CD5D,2020-09-23 18:29:42.655000,
c2u7iiqit4zjviip,,,,,,,564A7F1D0314125AF60096CDE0A887F286608240,2020-09-23 18:29:42.655000,
p42z4uyzv3jplhrs,,,,,,,4053B3A8BE12DF3F47C993700761853F0BF9B964,2020-09-23 18:29:43.747000,
rp26a647xhr3o3w4,,,,,,,2D8AFA912E2B8623BB2CDACD19332209D524D1A3,2020-09-23 18:29:43.846000,
oduxttg7xeyh3kui,,,,,,,229D865D7AC084D30E5F5016CE5A8C21740F74F4,2020-09-23 18:29:43.846000,
dqmayppneicyexak,,,,,,,BA0071ABE4A5BEA669A8524C1CD8A6EEB9D5FC39,2020-09-23 18:29:43.847000,
tfbzfczj5slzxvwe,,,,,,,39AB354F12B497FCD443B85BEAB5BAF4B391CFAC,2020-09-23 18:29:45.089000,
iv4yvk5lba7rjpzt,,,,,,,A123F404BD9A15D96CC7930C2BE28103341AC68B,2020-09-23 18:29:45.130000,
6fqbbennq5hxmzi6,,,,,,,DD2CE79C61F8395EA93A3194FE87394AC40453F1,2020-09-23 18:29:45.247000,
nqchidzmb6qh26g7,,,,,,,4EE488AC0742BC6B747BB637A5635CE14E877F39,2020-09-23 18:29:45.248000,
emwz2bs3pnpsnl3p,,,,,,,CD5CF125FED4BE5DA5F259F75AF3D4DD182C54D0,2020-09-23 18:29:45.904000,
ut7vcdwaiwfbwxik,,,,,,,EC1EEF4ABBAA11CE8C978E6C87182F63AD27A4F8,2020-09-23 18:29:45.904000,
onxdeup3xei6tcpr,,,,,,,C1335B1DB938644FCD54EE744D91354F94EDD1BC,2020-09-23 18:29:45.948000,
cxxhqwtoqfvaavp4,,,,,,,D2CCA8FA2B5EE7953A778584B0F9548BDF350770,2020-09-23 18:29:45.948000,
vkxa2b6m6bkfsgok,,,,,,,E379A6CACEFAFE1B8EA68503BFCFF1215BF1EE7F,2020-09-23 18:29:46.662000,
ryddp6nhn4qudf7c,,,,,,,57C6DF5B93E54EB9C8DB90029D9E9A1111BD34D2,2020-09-23 18:29:46.773000,
g4rgx6auzbvbnvcj,,,,,,,8B1CC76D6D1370A67263628D4CBC01B62903D0BF,2020-09-23 18:29:46.773000,
daw77jnc2uoqv5tb,,,,,,,F0832608B0D52E7B4418E54E655CA18A585DEDB8,2020-09-23 18:29:46.822000,
jovdmb3wkl6ozcie,,,,,,,3C89C80E2699FB6358BBB64FDC9547AFCB5C03F7,2020-09-23 18:29:48.017000,
gfaf2sgo2sblv23l,,,,,,,9554FC0CF9A5200542E3375C8AE4E939C4594228,2020-09-23 18:29:48.018000,
i66zli7quq44b2dr,,,,,,,A1BBCBEC113DAAC7F17E7A7E698AAA7B147D691A,2020-09-23 18:29:48.018000,
yvf5mwjqtv6luman,,,,,,,BC170D6C79EB09EF17193466097D1C7788031A3D,2020-09-23 18:29:48.407000,
hpuukud6zbh7pv34,,,,,,,1A7A2516A961F2838F7F94786A8811BE82F9CFFE,2020-09-23 18:29:48.821000,
n7h3mzphouje22ql,,,,,,,F5959A1F1154807D3E51A87BCDCA6E096353579D,2020-09-23 18:29:48.915000,
sybdvvfzspxb354f,,,,,,,A1FC8E424167AD70B6FA4953D9348BCD82CEB788,2020-09-23 18:29:49.031000,
jt5dxmh4z6zvr5qt,,,,,,,6E642BD08A5D687B2C55E35936E3272636A90362,2020-09-23 18:29:49.032000,
f3nfhsvmglgynxj7,,,,,,,A066E7983758C7CC0097E16ACF4F7B71BAFA44E9,2020-09-23 18:29:49.954000,
gwhbxqgde2pk3o6h,,,,,,,34F5D33DD46D7FBD380B11567132A18773BC4F57,2020-09-23 18:29:50.071000,
yeicps5su25gbldt,,,,,,,1E5E18AC41DAEDF1BE7A02612C297E35CA24949A,2020-09-23 18:29:50.072000,
vumlp23cb4i7ewe5,,,,,,,1B54FC6897A77F5BD006D0DB06971735E6527D1E,2020-09-23 18:29:50.120000,
oyskvizsz4d2jyml,,,,,,,A9F545AE03B731AD32F9A93D698EA20C4FA6D0D9,2020-09-23 18:29:50.605000,
cq2pzmxca46srvq5,,,,,,,46E0487EEEFD694CE625CC6E12D032395C01DB82,2020-09-23 18:29:50.705000,
52b3wuzddnkhqcrt,,,,,,,77A56CB237740E24AEA2D61C8C8936232AFC1BD8,2020-09-23 18:29:50.814000,
5x4n4xtzncuk47qc,,,,,,,11C3D14A1166AEDED6D247A32DE6451F6C95223A,2020-09-23 18:29:50.814000,
s5wdiiyxqwesmfyl,,,,,,,4C30DAC2F7602BDF49C4727CF760AC7A360FF547,2020-09-23 18:29:51.677000,
lolphoip6jvib4gv,,,,,,,45D8C1EEFF044043AA6806C4B9130F8F189EF316,2020-09-23 18:29:51.971000,
m7w63vqx4qdaxk3f,,,,,,,F4C0EDAA0BF0F7EC138746F8FEF1CE26C7860265,2020-09-23 18:29:52.074000,
p4k5d7g344ucxiuk,,,,,,,7584319D0E19DAE85621223E2A22F92123EAB815,2020-09-23 18:29:52.182000,
7muog474mn6ut44q,,,,,,,68EBB2CAB63B98F0BA802AD04059ED752665A138,2020-09-23 18:29:52.813000,
hbktghlsemphyhyl,,,,,,,6E4DC86BC268306583E6C5640F11F17677663EDE,2020-09-23 18:29:53.034000,
ziyeqftfdxevmln7,,,,,,,C7106F0C6A7CF0F592CBAFF7C79BD81153B1B5F5,2020-09-23 18:29:53.034000,
p5lrx6m7bsgu7gft,,,,,,,AFA0C24F635C3E198A151D09A796430F0778BA65,2020-09-23 18:29:53.184000,
e6yzsfcjcvi4z4hn,,,,,,,68EBC7615E7DE318C6B9AA530EFD6E20FDE8DF9A,2020-09-23 18:29:53.820000,
fipmeqzewpug7rsg,,,,,,,23AD6B165137D957C09AA0F7A3EE7B05CEC4A8F2,2020-09-23 18:29:53.916000,
u72ndesntxhvueu5,,,,,,,8F7E120C1D4371FEA19E3C158C180D7DE4EE505C,2020-09-23 18:29:53.916000,
5v45nn57ttmhw37c,,,,,,,0059D92942DB3B84E52EB4D87E9F7B195CF4D005,2020-09-23 18:29:54.062000,
zfwnq5hl7juvznvs,,,,,,,CACD9D63B759B35555D8C965A3E01071E9DFB44C,2020-09-23 18:29:54.896000,
oqa3nou2rke6zpxr,,,,,,,706B1ED9AF5CCAC90AD488AE2691B358FA598CBB,2020-09-23 18:29:54.970000,
xyjurmhhpqpm6mef,,,,,,,4EEE44AE922B30D0EDA06ABA1BD924CB43E8083E,2020-09-23 18:29:55.137000,
q5n7rtx4ptelbfjs,,,,,,,3BA07FCB32A0151EF9B76507213E43D8ABD3BE5F,2020-09-23 18:29:55.138000,
bkb3yydp4yvyu3wo,,,,,,,24AF1603CDF4D118E1F7AEBF680C18BDA5E8F793,2020-09-23 18:29:55.774000,
zubrsjckizol477a,,,,,,,2D061D6553BB0A620042C505FF5772585DA8BEDC,2020-09-23 18:29:55.774000,
opdg5i46tmfhgwnb,,,,,,,68701181F3F08C0D13E6460CFB149E010104EF03,2020-09-23 18:29:55.775000,
wcpgrg3gqioiophy,,,,,,,3BFFFD2035BB388B2FDBF47F2E4BA58DD7AB7942,2020-09-23 18:29:55.775000,
cbdb3dua5r5cy2sy,,,,,,,438587D73152254E935FC1D387003DFA18166EC5,2020-09-23 18:29:57.183000,
kvmuyt7zr35tsh5e,,,,,,,7D928720EC0CB5C2AFE04DF0EBC37BD59B00EAB4,2020-09-23 18:29:57.323000,
og2v3gy7cajrb3z7,,,,,,,2037A6568C5771A5D8FF5C64FC1819247E6FEE7B,2020-09-23 18:29:57.366000,
r2nswwuoxed2phxw,,,,,,,DD0AA66DD9E4E71FFAFAB658DF8300F1CEEA0364,2020-09-23 18:29:57.435000,
