addr,status,reason,circ,guard_fp,middle_fp,exit_fp,hsdir_fp,start,end
lcje4obxuxcxzfnj,failed,not_found,,,,,B3D56C1E0AD84BA93AF6DC533A8569C3D0E8A58B,2020-09-27 22:53:58.949000,2020-09-27 22:54:00.084000
lcje4obxuxcxzfnj,failed,not_found,11,7158836DCC91AAA4FAA293FFF0F645DCD0D4EFF9,51C367582993D68F8215610B85A99902C945324B,D8A2D0080B0C73E1DC0EC9F33B497F64E5FB3F52,B3AA9132A7D759863BFAB6CD12DA6646F2A5D1AD,2020-09-27 22:54:00.085000,2020-09-27 22:54:01.004000
lcje4obxuxcxzfnj,failed,not_found,27,7158836DCC91AAA4FAA293FFF0F645DCD0D4EFF9,5D69A77423FE3D2A3CF09A015CED9F0A7B9E38D1,EE010EF80A27AC0B02CDC2B8B214A6201BB02D2B,B3C6B4D26A20151F568D39ACFA63E15DBC01CD5D,2020-09-27 22:54:01.005000,2020-09-27 22:54:03.560000
lcje4obxuxcxzfnj,failed,not_found,61,7158836DCC91AAA4FAA293FFF0F645DCD0D4EFF9,38E48C9509E18F405749859EEF299EBC1B829602,78B98D12997EDD630F6A674CBF42F20711DEAC11,ECAA097324262B60394FE6F3CD446A66A331956E,2020-09-27 22:54:03.561000,2020-09-27 22:54:05.198000
lcje4obxuxcxzfnj,failed,not_found,89,7158836DCC91AAA4FAA293FFF0F645DCD0D4EFF9,99339F3E68BCCC1391BF14C821D80766FE0C5956,7D4261853A5CC5E96C8886391919FF2DA02A5801,ECD596275BBD4B19157001E84C5726DB44783DA5,2020-09-27 22:54:05.198000,2020-09-27 22:54:07.739000
lcje4obxuxcxzfnj,failed,not_found,160,7158836DCC91AAA4FAA293FFF0F645DCD0D4EFF9,1AAC19D892F84910AB94C45092241ABA3CFC4C89,2AA5F598F9A1812F01CD99E3B59BB87362ED7438,ECB71AE4B08EAB517B9E16D28689974342EEFABB,2020-09-27 22:54:07.739000,2020-09-27 22:54:10.723000
h74fhk5eqvqwojty,failed,not_found,,,,,7AAF5597B18D82CC90CA95FB7976A1CEA4A32E06,2020-09-27 22:53:58.950000,2020-09-27 22:53:59.707000
h74fhk5eqvqwojty,failed,not_found,12,7158836DCC91AAA4FAA293FFF0F645DCD0D4EFF9,1C7215BC0123DDA23BDED0F9D2849D3AD80183CB,288C100FFA656938C23F32207CAF0DA932ECD247,7A6EC43FD4CD5990230FCE48EC37AFC578E36CE6,2020-09-27 22:53:59.708000,2020-09-27 22:54:01.333000
h74fhk5eqvqwojty,failed,not_found,20,7158836DCC91AAA4FAA293FFF0F645DCD0D4EFF9,41CEB66108B70108F148BF7778260A87723AACA1,070D387230C1B95A05811C5B722FBD21A1076BDB,7A6873B86D82BC8B4F0E790828626107820F7B9E,2020-09-27 22:54:01.334000,2020-09-27 22:54:02.631000
h74fhk5eqvqwojty,failed,not_found,45,7158836DCC91AAA4FAA293FFF0F645DCD0D4EFF9,8B7C64EC9D8209C142530B3488050B85D55D69D6,32F3621E84AEE1A211DBE70B0EAB89E41A7A8B9F,5AD3FB658E490BAD9515F363374AA41D65D31A02,2020-09-27 22:54:02.632000,2020-09-27 22:54:04.949000
h74fhk5eqvqwojty,failed,not_found,85,7158836DCC91AAA4FAA293FFF0F645DCD0D4EFF9,D08660B6D70B6249A57D89BB7A8F2EA2C952BD35,FD449127D30D8F5D124653D9EF736EDF4A12B4DC,5A8A80399011B703FDB40E11226A389162DE0DD1,2020-09-27 22:54:04.949000,2020-09-27 22:54:07.041000
h74fhk5eqvqwojty,failed,not_found,121,7158836DCC91AAA4FAA293FFF0F645DCD0D4EFF9,CE1FD7659F2DFE92B883083C0C6C974616D17F3D,A2CD32D9D0668DB764AD68C745CE29693CA851B9,5ADA85FC78D694F57ADBDCDF3EA7CC39CA552A85,2020-09-27 22:54:07.042000,2020-09-27 22:54:09.499000
fkjxtppyvatv3ljq,failed,not_found,,,,,B9609107E25BCA7803F7A2D205CE8FAE3F5086CE,2020-09-27 22:53:58.951000,2020-09-27 22:53:59.746000
fkjxtppyvatv3ljq,failed,not_found,13,7158836DCC91AAA4FAA293FFF0F645DCD0D4EFF9,BCF2FAF95847123B3FF0A54D6CDA11A0C90B746D,8358BDDA9C9A680B4E3A2809E5C24F5B3624D5C2,C282248597D1C8522A2A7525E61C8B77BBC37614,2020-09-27 22:53:59.747000,2020-09-27 22:54:01.387000
fkjxtppyvatv3ljq,failed,not_found,32,7158836DCC91AAA4FAA293FFF0F645DCD0D4EFF9,0F6E56C326DC9719942E8BBA58C22F71332DA891,3FE39429CB7077BBB13D2774591A1B80EE493742,C25E5C62897BACBA309571C2548084B45050FEDF,2020-09-27 22:54:01.388000,2020-09-27 22:54:03.184000
fkjxtppyvatv3ljq,failed,not_found,57,7158836DCC91AAA4FAA293FFF0F645DCD0D4EFF9,AAA03044B42AD37D5C5592D6604A6D1B72F4B3BE,92E7BD70682F392900E4E2CDAE8B48635E9C9BE0,B940AAC942E9929E673C3533F510C5261B50790C,2020-09-27 22:54:03.184000,2020-09-27 22:54:05.428000
fkjxtppyvatv3ljq,failed,not_found,92,7158836DCC91AAA4FAA293FFF0F645DCD0D4EFF9,F8DE8132E599A194E20DDB738AF64A7200CD5949,AEF0EADA8C92A4DF1500FAE303ECD8E1EBD56670,B94E39454D8EB7E6DC7C8E39F8C8B8DCCA0033CB,2020-09-27 22:54:05.429000,2020-09-27 22:54:07.220000
fkjxtppyvatv3ljq,failed,not_found,125,7158836DCC91AAA4FAA293FFF0F645DCD0D4EFF9,B56B9FE93F83B4FA69234B17A060E8A8E7446D19,22775B953E662151549C114CB8EE5FBDBCBDAD02,C2481FAAA5508F6C2A64873972281220E9778476,2020-09-27 22:54:07.221000,2020-09-27 22:54:09.080000
ppht6sy5qgpoukit,failed,not_found,8,7158836DCC91AAA4FAA293FFF0F645DCD0D4EFF9,F50CF02A0E6A9D9B25F7EB220FC26F7BD1B74999,B0DB2F173F0DB364BABF7A465D796B3C048F1F33,453A763984BCF3E2FBD94B3CF2AE90EA02E4A145,2020-09-27 22:53:58.962000,2020-09-27 22:54:00.659000
ppht6sy5qgpoukit,failed,not_found,21,7158836DCC91AAA4FAA293FFF0F645DCD0D4EFF9,A3C0C4B34CDBCE03A85CDA06E9EE2F7E165551DB,39AB354F12B497FCD443B85BEAB5BAF4B391CFAC,ACF165754601059ED2E472F893AD0FA4CAF1142D,2020-09-27 22:54:00.660000,2020-09-27 22:54:03.682000
ppht6sy5qgpoukit,failed,not_found,63,7158836DCC91AAA4FAA293FFF0F645DCD0D4EFF9,F15F5BBB91175B81980FD0704F1762C04CF6AF1E,62ABB016611D3DB3CC74A56C35D27A4C2D0E5C5F,453E51CBAA4C2169EBCB05583247DD6201E87FAD,2020-09-27 22:54:03.683000,2020-09-27 22:54:05.875000
ppht6sy5qgpoukit,failed,not_found,105,7158836DCC91AAA4FAA293FFF0F645DCD0D4EFF9,879B036468D30AB1A2195F96D2C91F3CAA8D1DC2,425835370C1FBE178C21CB53C76672F12BDE091A,45340458350C88E4C526A1D551BB144643ABA794,2020-09-27 22:54:05.875000,2020-09-27 22:54:07.734000
ppht6sy5qgpoukit,failed,not_found,159,7158836DCC91AAA4FAA293FFF0F645DCD0D4EFF9,355140498339A8FEBBA1453E93A3FAE8F7973968,4656F36592379C17C69F5295602FC0E7BD419F2C,ACF7FD5B73681BC01BBE8176C63E4675B274111D,2020-09-27 22:54:07.734000,2020-09-27 22:54:11.027000
ppht6sy5qgpoukit,failed,not_found,253,7158836DCC91AAA4FAA293FFF0F645DCD0D4EFF9,11ABDB4D0B944F186A898560CB82C70439957DCA,F00EC2E0A2CA79A57FE7A0918A087987747D772D,ACF38D2A79A4AE47A6CCD8011EBB729BF66482AB,2020-09-27 22:54:11.027000,2020-09-27 22:54:15.238000
x7uyojtejasnshv6,failed,not_found,9,7158836DCC91AAA4FAA293FFF0F645DCD0D4EFF9,D1B1A550FEE3A05E71CA9080D14CCA3B746C0C17,8859E68A7C95BD5AB403F16DAD92681E184D3710,F935633F907506C3327C9CEE2B7F39A54B88C375,2020-09-27 22:53:58.973000,2020-09-27 22:54:00.947000
x7uyojtejasnshv6,failed,not_found,23,7158836DCC91AAA4FAA293FFF0F645DCD0D4EFF9,33D88F331408141F2A2CC563239E54E48F7A211B,B204DE75B37064EF6A4C6BAF955C5724578D0B32,F9246DEF2B653807236DA134F2AEAB103D58ABFE,2020-09-27 22:54:00.947000,2020-09-27 22:54:02.673000
x7uyojtejasnshv6,failed,not_found,46,7158836DCC91AAA4FAA293FFF0F645DCD0D4EFF9,638D91FC9EF661348A6994D04C3499BC03F50BBE,5FB384605F53DCBF1CB02143D318DA3E8EE38A24,F92819F9B74BDF438FA9DA2E0163C3A1B44B0CEA,2020-09-27 22:54:02.673000,2020-09-27 22:54:04.422000
x7uyojtejasnshv6,failed,not_found,77,7158836DCC91AAA4FAA293FFF0F645DCD0D4EFF9,855BC2DABE24C861CD887DB9B2E950424B49FC34,9EA4649400C7D35E20C734FA737CF615E925F1E4,3523171F7CA63A75EEFB87DFE98C8AC0C90F7AB8,2020-09-27 22:54:04.423000,2020-09-27 22:54:06.076000
x7uyojtejasnshv6,failed,not_found,110,7158836DCC91AAA4FAA293FFF0F645DCD0D4EFF9,99774357E7FD1F113F242C469D1D399D444AA51A,02648F2F135C7296A27B1F59D2AE4EEC25D9A877,3547FAF7D6526BBE81CC07FACAD612A99BDD9876,2020-09-27 22:54:06.077000,2020-09-27 22:54:09.191000
x7uyojtejasnshv6,failed,not_found,190,7158836DCC91AAA4FAA293FFF0F645DCD0D4EFF9,1B3E48D75E7F7E61D1B9BBE24BA15A38B454380D,E1468D867FA3230EC1DACFCA87A800BAF22E79E0,3539F96FCCDC645C7801006F92864CBAFD4A8EB2,2020-09-27 22:54:09.191000,2020-09-27 22:54:13.231000
i4z43uosccpleu7y,failed,not_found,10,7158836DCC91AAA4FAA293FFF0F645DCD0D4EFF9,AC5CECEF6AF649F2A7F047D102FE9B461DA9234E,954666871AF443730E97772E183DAD1F45583FB7,2CE2DEE830B954EDA3A6BB57EA7420E0F5EE3C13,2020-09-27 22:53:58.984000,2020-09-27 22:54:00.849000
i4z43uosccpleu7y,failed,not_found,22,7158836DCC91AAA4FAA293FFF0F645DCD0D4EFF9,E5AA85FA69CDC31900C86E6427C7E5DE11DE9E2D,AD7552F2CFBF472F9FFE748D3E82994EA6050A76,2CDC3F1BA8B1CC698266FF5C4024F9E519BB2C08,2020-09-27 22:54:00.850000,2020-09-27 22:54:02.702000
i4z43uosccpleu7y,failed,not_found,47,7158836DCC91AAA4FAA293FFF0F645DCD0D4EFF9,B86BE002D4D6F3E2999E8EEAC9B72CAA796944BE,91BA193FB362FB7B6679A7A83A3050F3C44A5468,CC605FEC74F20D49995D8FAAFF7365954233B85D,2020-09-27 22:54:02.702000,2020-09-27 22:54:05.642000
i4z43uosccpleu7y,failed,not_found,95,7158836DCC91AAA4FAA293FFF0F645DCD0D4EFF9,F2899981E3A601A7B2DDC7DDE02C248069704D9F,885CFB6921E6E7716BB64783348DDB06E17E5B5A,CC4C2CB58527EA1C6421330EF3EFE3344E0D4A9E,2020-09-27 22:54:05.643000,2020-09-27 22:54:07.678000
i4z43uosccpleu7y,failed,not_found,155,7158836DCC91AAA4FAA293FFF0F645DCD0D4EFF9,9AD3DB628164C1E3D77D9DF9D79327B3DF4260FA,F6740DEABFD5F62612FA025A5079EA72846B1F67,CC4A3AE960E3617F49BF9887B79186C14CBA6813,2020-09-27 22:54:07.679000,2020-09-27 22:54:10.626000
i4z43uosccpleu7y,failed,not_found,239,7158836DCC91AAA4FAA293FFF0F645DCD0D4EFF9,7992F172EDBE69B99F0190651BAC14DD0FD9E5C8,5944BE10FF49A3CFC865D2F0700394C2877F197D,2CE96A8A1DA032664C90F574AFFBECE18A6E8DFC,2020-09-27 22:54:10.627000,2020-09-27 22:54:14.751000
zbziamc3heqdx4a7,failed,not_found,14,7158836DCC91AAA4FAA293FFF0F645DCD0D4EFF9,9C34EAD957DF77978BCF356F3F96B9A79E3961CB,28B39D67BD18D13694DE03679EA4A864EB6977E9,27D668BFB3839D8C6E36193FFC3DF4DD6D79B513,2020-09-27 22:53:59.958000,2020-09-27 22:54:01.993000
zbziamc3heqdx4a7,failed,not_found,36,7158836DCC91AAA4FAA293FFF0F645DCD0D4EFF9,39CF2F22E5018C01FD57DEB1AB8FDFA4592633FB,BA27D43AC00F014945DC32D036056F13FE1D5243,27A4E3F95718C8C699B795B47BAFFAAF67194A23,2020-09-27 22:54:01.994000,2020-09-27 22:54:04.015000
zbziamc3heqdx4a7,failed,not_found,69,7158836DCC91AAA4FAA293FFF0F645DCD0D4EFF9,4561FC085C3F3A7271FE960317F02DCD1E9C1188,B204DE75B37064EF6A4C6BAF955C5724578D0B32,27D02579AD5F3E32895D99C38E482D1DC6CBAE5E,2020-09-27 22:54:04.015000,2020-09-27 22:54:06.158000
zbziamc3heqdx4a7,failed,not_found,112,7158836DCC91AAA4FAA293FFF0F645DCD0D4EFF9,3239007CE1FB2ECDFDF2067DF23B949295DC5EF6,69C4C2CFCF6B418636976B5FFC0140A3BE211312,78E584CEC6BDD9D38D573A7701936F2F4AED93BA,2020-09-27 22:54:06.158000,2020-09-27 22:54:09.166000
zbziamc3heqdx4a7,failed,not_found,188,7158836DCC91AAA4FAA293FFF0F645DCD0D4EFF9,58F3E2956EABB81F673E2FB90E16E001DB4AC3AE,874D84382C892F3F61CC9E106BF08843DE0B865A,78E40CFC92AA9265BB50494B75BE8E7F94659E8E,2020-09-27 22:54:09.167000,2020-09-27 22:54:12.699000
zbziamc3heqdx4a7,failed,not_found,398,7158836DCC91AAA4FAA293FFF0F645DCD0D4EFF9,3CEA56B817455E13C4B063E7D3E7726C286F7C9B,D245C3E824456945C6759599CB8A0547135A066D,78E2BE744A53631B4AAB781468E94C52AB73968B,2020-09-27 22:54:12.700000,2020-09-27 22:54:19.626000
72kgqn46mjqo7425,failed,not_found,137,7158836DCC91AAA4FAA293FFF0F645DCD0D4EFF9,0085057C17BD2E1809E284825F06F94E72FB418C,44354E35E9F7F97AF27686D03B0D591686E35394,D16162311822511464E9C6CE2FC62E48A0548B26,2020-09-27 22:53:59.968000,2020-09-27 22:54:10.409000
72kgqn46mjqo7425,failed,not_found,235,7158836DCC91AAA4FAA293FFF0F645DCD0D4EFF9,131FBC8A3D4B44DE9B258ADC58674082B1E06D2C,46E0487EEEFD694CE625CC6E12D032395C01DB82,D1640589B1C0CC8BC657E07F9F739C267C08A768,2020-09-27 22:54:10.410000,2020-09-27 22:54:14.762000
72kgqn46mjqo7425,failed,not_found,427,7158836DCC91AAA4FAA293FFF0F645DCD0D4EFF9,A6BBD33695A4E3C4545BA370605A4DCD87D98BEE,0C6D3655763B1A3A60FC42135CD60765AFE953BA,A0BA38A5AB64350CEC343872F852EDF30D941326,2020-09-27 22:54:14.762000,2020-09-27 22:54:19.893000
72kgqn46mjqo7425,failed,not_found,722,7158836DCC91AAA4FAA293FFF0F645DCD0D4EFF9,4656F36592379C17C69F5295602FC0E7BD419F2C,4495DEA0FE1200E8675065F0DA58E21C93A616CA,A0C59410B9030AC1385C4CA44C8DBFE13AF4BC9B,2020-09-27 22:54:19.893000,2020-09-27 22:54:30.548000
72kgqn46mjqo7425,,,,,,,A0C5DDC55CECAFC31DC3909BCB344603E6A507CF,2020-09-27 22:54:30.548000,
qigwj7ksdfzyd3ql,failed,not_found,16,7158836DCC91AAA4FAA293FFF0F645DCD0D4EFF9,BA38C5688E103AE11F50D7188C8E5FDB4B0E5553,C92ECAF73512E2CCB15827A192B7AF3E9DBC896E,F6CD4DBF5850AC4386DD9A424918AD3C6BA2716F,2020-09-27 22:53:59.980000,2020-09-27 22:54:02.292000
qigwj7ksdfzyd3ql,failed,not_found,42,7158836DCC91AAA4FAA293FFF0F645DCD0D4EFF9,ABC426893B642BDA2F78D7CAE99B251126F89F74,43E187B8C7361F47EA968ED5389435865D7F4FE7,E11FC7C83F417808A4CDD84A5ABFC112844C477A,2020-09-27 22:54:02.292000,2020-09-27 22:54:03.932000
qigwj7ksdfzyd3ql,failed,not_found,67,7158836DCC91AAA4FAA293FFF0F645DCD0D4EFF9,13F7EAE731CA4600951986921E08ECAB9B1D2AF6,461453F94FA0E3CBB011685E22CDAFD2AF0DFDC3,F6AAFCFB722532DA3E2A54135000E672B9473835,2020-09-27 22:54:03.932000,2020-09-27 22:54:05.859000
qigwj7ksdfzyd3ql,failed,not_found,101,7158836DCC91AAA4FAA293FFF0F645DCD0D4EFF9,3F065BB0B02FB2303E144383D16C47A7DED75AE7,FB016E16B8CD7A0E53DEEF31ED8754E4F6B8E837,E130296683B896A117CE5DA531A5645644178734,2020-09-27 22:54:05.859000,2020-09-27 22:54:07.565000
qigwj7ksdfzyd3ql,failed,not_found,153,7158836DCC91AAA4FAA293FFF0F645DCD0D4EFF9,890480E14E634C8B4467C475E355A6FBF3D99CD5,0C3D5E19E3C75B505C8ACD26F89DCA2DF970553E,E1382D287705E5197461F25039AD08A9B97D001F,2020-09-27 22:54:07.566000,2020-09-27 22:54:10.966000
qigwj7ksdfzyd3ql,failed,not_found,247,7158836DCC91AAA4FAA293FFF0F645DCD0D4EFF9,3076FB1CCEB8341322019AD26F69BFC0AA845334,104DC15ACFA69CF94F89E8ED0F6CDB2D298234D2,F6A358DD367B3282D6EF5824C9D45E1A19C7E815,2020-09-27 22:54:10.966000,2020-09-27 22:54:14.919000
y23lg6vx2nqs73lq,failed,not_found,17,7158836DCC91AAA4FAA293FFF0F645DCD0D4EFF9,BFB14B9ADF1F19E59258CAE7FCDBAAC9937B7B10,CEC92F3BE8A2F3A46D3C042721D6BDBF2F40F4C5,1CD17CB202063C51C7DAD3BACEF87ECE81C2350F,2020-09-27 22:54:00.012000,2020-09-27 22:54:01.925000
y23lg6vx2nqs73lq,failed,not_found,34,7158836DCC91AAA4FAA293FFF0F645DCD0D4EFF9,98AEF7B834D688773CE2BCC5A32761A4943CF623,E46C3F0533709EE2112874B13A4FE3868B33E75E,E8772C96285B90F835DC4FC7B3E740E28E53A09B,2020-09-27 22:54:01.926000,2020-09-27 22:54:03.610000
y23lg6vx2nqs73lq,failed,not_found,62,7158836DCC91AAA4FAA293FFF0F645DCD0D4EFF9,4E5C4ED5CC70E5A32B48392FF72CC4BE24937EDA,E00DFD54DC165D5452FBD3530D30186DAD016A0C,E8663924FE2AAD4E081A17ED6976D0AE8010F47B,2020-09-27 22:54:03.610000,2020-09-27 22:54:05.379000
y23lg6vx2nqs73lq,failed,not_found,91,7158836DCC91AAA4FAA293FFF0F645DCD0D4EFF9,0AC4C4D8BCA8DA7BAE6BE3FEA87442E724353CBF,8CA736F332937E4FA0F5F48488B823F31883123C,1CDCB48F64E21D5ACAFE2471912E2E76F600EDFA,2020-09-27 22:54:05.388000,2020-09-27 22:54:07.074000
y23lg6vx2nqs73lq,failed,not_found,122,7158836DCC91AAA4FAA293FFF0F645DCD0D4EFF9,AFF320BA96E4338B61A008D2CA250FFE0E23B09C,B55B11A739C43396B10CC621D9C9F9D7F3A8CDE4,1CD48F4ED0F1821FFBF1940802A13EEFD4C27502,2020-09-27 22:54:07.075000,2020-09-27 22:54:08.997000
y23lg6vx2nqs73lq,failed,not_found,185,7158836DCC91AAA4FAA293FFF0F645DCD0D4EFF9,461D6EA15966C7F99B43D37ADC116B5B8E47D130,856DAB2FDC9EED88A27BE2265FA6BD5489EF178E,E86D858F2AAF9DE2A2B952A0BF864B7F35EDC8A3,2020-09-27 22:54:08.997000,2020-09-27 22:54:12.270000
vjetoudmskaw7jdg,failed,not_found,18,7158836DCC91AAA4FAA293FFF0F645DCD0D4EFF9,A541C211909264081DC3A4F8E105F06139DDCD8B,CF0CC69DE1E7E75A2D995FD8D9FA7D20983531DA,3EAA79A75F96F4A082DB92E5FA231452BAD3F80C,2020-09-27 22:54:00.012000,2020-09-27 22:54:02.354000
vjetoudmskaw7jdg,failed,not_found,43,7158836DCC91AAA4FAA293FFF0F645DCD0D4EFF9,6F1F74A4038660B39189EFFF0A1261D54339BBB5,5642A4BDFF81F2A37A44A20E5A600BC5C12A9138,3ECBB7D8D5F93F4A1E1F9C3784B6B62DB8491633,2020-09-27 22:54:02.355000,2020-09-27 22:54:04.876000
vjetoudmskaw7jdg,failed,not_found,84,7158836DCC91AAA4FAA293FFF0F645DCD0D4EFF9,5368AB8D9033A357729D3578617A6493AB5DA3A8,E130296683B896A117CE5DA531A5645644178734,3EDD00245D93664A33A724BA377150E5531ED033,2020-09-27 22:54:04.877000,2020-09-27 22:54:07.236000
vjetoudmskaw7jdg,failed,not_found,126,7158836DCC91AAA4FAA293FFF0F645DCD0D4EFF9,CBDB4CD72EA808119D3723F7CDA44AEAD683FCDA,834C91DEEB2FE4FEFCE55A99C378968FB659115C,2CD317C624803B77EAD32C96382884B0CAD4DB3F,2020-09-27 22:54:07.236000,2020-09-27 22:54:09.177000
vjetoudmskaw7jdg,failed,not_found,189,7158836DCC91AAA4FAA293FFF0F645DCD0D4EFF9,F24F8BEA2779A79111F33F6832B062BED306B9CB,CEC92F3BE8A2F3A46D3C042721D6BDBF2F40F4C5,2CDC3F1BA8B1CC698266FF5C4024F9E519BB2C08,2020-09-27 22:54:09.178000,2020-09-27 22:54:12.614000
vjetoudmskaw7jdg,failed,not_found,296,7158836DCC91AAA4FAA293FFF0F645DCD0D4EFF9,890480E14E634C8B4467C475E355A6FBF3D99CD5,695D811B130673C2DE8DCFC5A9E742790BD25066,2CD9A9BEFC2FD3BA4A2A53EFA7B16C7C66956D90,2020-09-27 22:54:12.615000,2020-09-27 22:54:16.262000
toyx44yunccowiu6,failed,not_found,19,7158836DCC91AAA4FAA293FFF0F645DCD0D4EFF9,BD4012B7B05E4E0953AE46EF4D8E265E79B1627E,E8E6A95CF0170FF9DED9145CCC74EB4288B34613,BE6CF26814BD1F35B76FE576702DBA9627EE8237,2020-09-27 22:54:00.013000,2020-09-27 22:54:01.621000
toyx44yunccowiu6,failed,not_found,33,7158836DCC91AAA4FAA293FFF0F645DCD0D4EFF9,44DC23661E05DEFD94398936D9334987ABCB6E5E,FD79B7F9230858B48E75F389661840C702511078,C0F508ADA14AE7EA9F8F6650AF149B8DFC35B598,2020-09-27 22:54:01.622000,2020-09-27 22:54:03.374000
toyx44yunccowiu6,failed,not_found,140,7158836DCC91AAA4FAA293FFF0F645DCD0D4EFF9,F8DE8132E599A194E20DDB738AF64A7200CD5949,A99B0D9E5FD5BC3C8F2D006EC91F8C7F40E09CB8,C10649F04B9ACCCA6A6B46258A99D48D67DF6A64,2020-09-27 22:54:03.375000,2020-09-27 22:54:12.808000
toyx44yunccowiu6,failed,not_found,340,7158836DCC91AAA4FAA293FFF0F645DCD0D4EFF9,3DF6C3587C2B25D738F6913F81AFC690B854BEE2,6E3B4821305D96F167C392DBE5A13240D6CCE024,BE3B9024A0EBBE72FF212979FB695FC6117E1EF5,2020-09-27 22:54:12.809000,2020-09-27 22:54:18.354000
toyx44yunccowiu6,failed,not_found,596,7158836DCC91AAA4FAA293FFF0F645DCD0D4EFF9,B849824F8FCD7AEB130DF356F592BA40C686CA08,F1A7CE1B1D558DC24E39B6B30FF217ECCEECF141,C0F3C0EF81D84182379AA4CA5AD5A5289D011145,2020-09-27 22:54:18.355000,2020-09-27 22:54:25.316000
toyx44yunccowiu6,failed,not_found,937,7158836DCC91AAA4FAA293FFF0F645DCD0D4EFF9,DEF35CE8FCC5B5ED35DEC379A9EDF420FF419677,037BCD0EBDF7DB9F3D562DA27D463F0F78F1494B,BE48173BCF9F2C3448192916BEEF01EA745F7DA3,2020-09-27 22:54:25.316000,2020-09-27 22:54:47.371000
uggfnl3lbnra4s64,failed,not_found,24,7158836DCC91AAA4FAA293FFF0F645DCD0D4EFF9,DA8D76F5F5819693B5C96F499BA19F7404014769,AEDFB1F1F69DC74A90BCF87B587252334D7D180E,AECF23413E12738380C7B61E0AF5126D47DF30E3,2020-09-27 22:54:00.959000,2020-09-27 22:54:03.204000
uggfnl3lbnra4s64,failed,not_found,58,7158836DCC91AAA4FAA293FFF0F645DCD0D4EFF9,CB92FA4D7D71F134CE1F1FFF2BFF53E88DD4A1DB,964B4E8A75263A69769541F2764563DABDD995D2,B0B85C0C0E7B621D0B7BF17FDA0427F3640691FA,2020-09-27 22:54:03.205000,2020-09-27 22:54:05.266000
uggfnl3lbnra4s64,failed,not_found,90,7158836DCC91AAA4FAA293FFF0F645DCD0D4EFF9,B04EA2B400D9679E72284E12FB81E68756670A3A,6B5A63BFEEA8EF58DA812F4F05BE98C869809DFB,AEC8A42DE8F9CB115E2479D78AE1CA4BCCF54F4A,2020-09-27 22:54:05.266000,2020-09-27 22:54:07.119000
uggfnl3lbnra4s64,failed,not_found,123,7158836DCC91AAA4FAA293FFF0F645DCD0D4EFF9,CB21756D213C09812ED2B03DC111CDE937387F9D,E6D4332BF40FDEE7814F2DBC926650EF8032B643,AED04C65D2D0D70DB2932D7D5A0BA58169168CC1,2020-09-27 22:54:07.120000,2020-09-27 22:54:09.814000
uggfnl3lbnra4s64,failed,not_found,198,7158836DCC91AAA4FAA293FFF0F645DCD0D4EFF9,9B7BAE325EBDAD859868D2C60BF6588CA5949039,DBE82FA23B9FE3CB2462A6FCF5289DED3CBF4AEE,B0C68DDD4265C850DC08CDE01154025E9EBEC14F,2020-09-27 22:54:09.814000,2020-09-27 22:54:13.400000
uggfnl3lbnra4s64,failed,not_found,378,7158836DCC91AAA4FAA293FFF0F645DCD0D4EFF9,97B7BA747B62A9962DEDCE404FF33106D4032F91,9E4CC64C4F94C359D43C5BA09094323FDBEFD975,B0CD9F9B5B60651ADC5919C0F1EAA87DBA1D9249,2020-09-27 22:54:13.401000,2020-09-27 22:54:19.033000
rght5uolwcuo4l4o,failed,not_found,25,7158836DCC91AAA4FAA293FFF0F645DCD0D4EFF9,D079D6818926684C5979C18171FB18862A4A5792,9C34EAD957DF77978BCF356F3F96B9A79E3961CB,D1C60F9BCF2DBA07A775978F66C9927D3A9490BB,2020-09-27 22:54:00.993000,2020-09-27 22:54:02.514000
rght5uolwcuo4l4o,failed,not_found,139,7158836DCC91AAA4FAA293FFF0F645DCD0D4EFF9,754CB99117E6ED570DFCFB7D9F12674B97A4E28E,2D531C17827E0054DF612F26EEAAE51220CFE799,D1F1F5AA5BCF5DAB44C444DEF82821B8BEC66148,2020-09-27 22:54:02.515000,2020-09-27 22:54:11.021000
rght5uolwcuo4l4o,failed,not_found,301,7158836DCC91AAA4FAA293FFF0F645DCD0D4EFF9,AFE05115595A1D028E91AD41F6A07239DB04CEBC,A56A0120A21557832000D5C68FCD7DE08E82A3B0,7BE3CB407039AA39EB88EF3B00053D3F92EC32AB,2020-09-27 22:54:11.021000,2020-09-27 22:54:16.435000
rght5uolwcuo4l4o,failed,not_found,503,7158836DCC91AAA4FAA293FFF0F645DCD0D4EFF9,F6740DEABFD5F62612FA025A5079EA72846B1F67,D965855F77A59FBBC5D1224DFB9C12A992355079,D1B853ED27E4DFDCA3A54D3F2E269C4D94677F66,2020-09-27 22:54:16.436000,2020-09-27 22:54:22.836000
rght5uolwcuo4l4o,failed,not_found,818,7158836DCC91AAA4FAA293FFF0F645DCD0D4EFF9,EE010EF80A27AC0B02CDC2B8B214A6201BB02D2B,94A27C2F372C96D5B1E5C3AA2E2EEECC5C40D74C,7BB70F8585DFC27E75D692970C0EEB0F22983A63,2020-09-27 22:54:22.837000,2020-09-27 22:54:37.874000
rght5uolwcuo4l4o,,,,,,,7B87EF57DAC332D7016C04AE82063E93B5162C44,2020-09-27 22:54:37.874000,
olnjqkw22vhyvf42,failed,not_found,26,7158836DCC91AAA4FAA293FFF0F645DCD0D4EFF9,844AE9CAD04325E955E2BE1521563B79FE7094B7,FD79B7F9230858B48E75F389661840C702511078,C36A434DB54C66E1A97A5653858CE36024352C4D,2020-09-27 22:54:00.994000,2020-09-27 22:54:02.831000
olnjqkw22vhyvf42,failed,not_found,49,7158836DCC91AAA4FAA293FFF0F645DCD0D4EFF9,AE2F3A9B1440086F1AC128E6D0AB94BF9EB81607,4586DF1934953F38206B5117237F79C1C8797FC4,C3443C3A0F6FE548262EA987A955D5BD4FD27C24,2020-09-27 22:54:02.832000,2020-09-27 22:54:04.661000
olnjqkw22vhyvf42,failed,not_found,79,7158836DCC91AAA4FAA293FFF0F645DCD0D4EFF9,02928855BFAD787F8B363F21860D1E7D156E0655,3B60AEB127F4A8CDE7F3798B799EBDC3463FB9C7,C3636ECA4B40900056590AA7DBFC6ED09379852F,2020-09-27 22:54:04.661000,2020-09-27 22:54:06.413000
olnjqkw22vhyvf42,failed,not_found,115,7158836DCC91AAA4FAA293FFF0F645DCD0D4EFF9,63540827C4832D214984EA47B7A68C593F9F862F,82DA9678A0BAE60087AA68A3E1D6E6A2C4246D6D,D33292FEDE24DD40F2385283E55C87F85C0943B6,2020-09-27 22:54:06.413000,2020-09-27 22:54:08.811000
olnjqkw22vhyvf42,failed,not_found,174,7158836DCC91AAA4FAA293FFF0F645DCD0D4EFF9,80AAF8D5956A43C197104CEF2550CD42D165C6FB,855BC2DABE24C861CD887DB9B2E950424B49FC34,D35682AB6E29D91AA030E03A9BEB42700D96A1EF,2020-09-27 22:54:08.812000,2020-09-27 22:54:11.810000
olnjqkw22vhyvf42,failed,not_found,274,7158836DCC91AAA4FAA293FFF0F645DCD0D4EFF9,F7B024DB02C601185C202E26DFFD2AD525C16A36,4EB55679FA91363B97372554F8DC7C63F4E5B101,D34D87C58788D5F834C7510C9AD7318CE179F2A2,2020-09-27 22:54:11.811000,2020-09-27 22:54:15.760000
vjmxlsz2hl6ggya5,failed,not_found,28,7158836DCC91AAA4FAA293FFF0F645DCD0D4EFF9,277F5717A62B3A728C98B3168E484BC08B4997E3,75F4BE85F5DC623BDAF65CB269CD6E4E3F14FE38,B1041423779CDBE805CACBD8E72EFA37AA47BBAD,2020-09-27 22:54:01.005000,2020-09-27 22:54:02.729000
vjmxlsz2hl6ggya5,failed,not_found,48,7158836DCC91AAA4FAA293FFF0F645DCD0D4EFF9,4586DF1934953F38206B5117237F79C1C8797FC4,E34C28D652520D7C8D386EA3958EA924910E647B,B0F9BA27944FA59E3B1A182208FF7C0CFF5497B2,2020-09-27 22:54:02.730000,2020-09-27 22:54:06.158000
vjmxlsz2hl6ggya5,failed,not_found,111,7158836DCC91AAA4FAA293FFF0F645DCD0D4EFF9,861BCFDD148973985E7FE97C7455C9E4AC4E13BE,11C9529C9D0671545EAEF80DFE209AD977BCE908,B0F17A56FA8686CCB33D3F302FC40F06F463B4AE,2020-09-27 22:54:06.158000,2020-09-27 22:54:08.817000
vjmxlsz2hl6ggya5,failed,not_found,175,7158836DCC91AAA4FAA293FFF0F645DCD0D4EFF9,4D1793D423FDB1968EAA7455EBC070A0E48B33ED,74AC10CA94E400BA4D69E397562597CA04FC5352,DB5A100152FB7937F02F00B5DDFFFD012789C242,2020-09-27 22:54:08.818000,2020-09-27 22:54:12.530000
vjmxlsz2hl6ggya5,failed,not_found,334,7158836DCC91AAA4FAA293FFF0F645DCD0D4EFF9,85A3AC041E3FCD796AF5D653953D5E27A56E3719,8BE79CE3261C027CE94F84D6CBE45F03BE9B8B59,DB58ED50E920C51F5C1A044E6A04BA669B14CFD2,2020-09-27 22:54:12.531000,2020-09-27 22:54:17.976000
vjmxlsz2hl6ggya5,failed,not_found,555,7158836DCC91AAA4FAA293FFF0F645DCD0D4EFF9,3662BA7D247589836D9307FAB6D8BAFA8E3CBD06,59C0D88A5B3C65541CF63D0DD88EF15A379D378E,DB53975D02957099E84F319194B8F5C7C6D15712,2020-09-27 22:54:17.976000,2020-09-27 22:54:24.799000
i26n3oqwkgre3bcr,failed,not_found,29,7158836DCC91AAA4FAA293FFF0F645DCD0D4EFF9,8B7C64EC9D8209C142530B3488050B85D55D69D6,BCA35F70CB0E7A583FC6ECB83F755B083E9E2DFB,AA8B7237B4D2C76ED4AF24B3B47B375812AACC83,2020-09-27 22:54:01.031000,2020-09-27 22:54:04.057000
i26n3oqwkgre3bcr,failed,not_found,75,7158836DCC91AAA4FAA293FFF0F645DCD0D4EFF9,1CD48F4ED0F1821FFBF1940802A13EEFD4C27502,0B25110BA3473A6DC04AB58A3A0D5E4D6922A0E0,AA98AE4BDB6E03BAA48011CAE828ECEC50B029C8,2020-09-27 22:54:04.058000,2020-09-27 22:54:06.065000
i26n3oqwkgre3bcr,failed,not_found,108,7158836DCC91AAA4FAA293FFF0F645DCD0D4EFF9,6CDF81E5A9BF270CDF4C989D5F7917113591C355,C239952D0C8E4EABC3E6B0A8E0B623689174E3C6,6B13A4EC169E4FB0F3141E1AE4307966569FA47C,2020-09-27 22:54:06.066000,2020-09-27 22:54:08.308000
i26n3oqwkgre3bcr,failed,not_found,201,7158836DCC91AAA4FAA293FFF0F645DCD0D4EFF9,5582BBEC12380E34D7DFB8C237939A0B317B205E,9B46F7BDA3950CB0227487E1282476425E876BC4,6B13A2C3331FB5F8B37F0AEE9341D5CF1C21F3AD,2020-09-27 22:54:08.309000,2020-09-27 22:54:13.611000
i26n3oqwkgre3bcr,failed,not_found,388,7158836DCC91AAA4FAA293FFF0F645DCD0D4EFF9,6FF440DFB1D0697B942357D747900CC308DD57CC,92E807AC5E23CCD9FE623EA4DC020B1627A0D09B,AA91B0A7930A19EF0D305D14CD6378BADE3A781A,2020-09-27 22:54:13.612000,2020-09-27 22:54:19.089000
i26n3oqwkgre3bcr,failed,not_found,727,7158836DCC91AAA4FAA293FFF0F645DCD0D4EFF9,0CD9E401F1ACE013988F25E4E4B1BEE3FC1DB7E8,50C7B836942F14BDF1541B017CF21FD03F354E13,6B0962E99C62CFDFCAD6D91384B11D499FCE6D46,2020-09-27 22:54:19.089000,2020-09-27 22:54:31.295000
4ia6nlkudvspzwgz,failed,not_found,30,7158836DCC91AAA4FAA293FFF0F645DCD0D4EFF9,046F2D59A85FAE693676A87533717C57436261C2,22204A65735CC47DF0376A9A7C7B79EA4B77F215,BAD761187765BC646585D1910D067596770959B5,2020-09-27 22:54:01.033000,2020-09-27 22:54:03.073000
4ia6nlkudvspzwgz,failed,not_found,55,7158836DCC91AAA4FAA293FFF0F645DCD0D4EFF9,CCB10F6C0F9ED51F8D61AFEA824F1D795A557181,25B694EA95F825F156C5DAE5607B3375E86C0C4E,BACB47406A231AB60EC33D1ED5081C603B209655,2020-09-27 22:54:03.073000,2020-09-27 22:54:04.686000
4ia6nlkudvspzwgz,failed,not_found,80,7158836DCC91AAA4FAA293FFF0F645DCD0D4EFF9,CF8CC4763298F77FF64DAF340D26D1BBF3362C5B,90D43CF5541ECF57C1833FED33FFDFF239C4817C,BAE70B5A61B12A3D31DEE94E697AF1FDA9A9B82D,2020-09-27 22:54:04.687000,2020-09-27 22:54:07.357000
4ia6nlkudvspzwgz,failed,not_found,145,7158836DCC91AAA4FAA293FFF0F645DCD0D4EFF9,63B32F7E5389E8DBC5E1BCEFE48312DA7CCEF5D6,A191F6309396DAD373FE7E4D1EF64B40F38A3637,842B1F6C4B9E41FC9059DF675C5DF5BDA9F0FC73,2020-09-27 22:54:07.357000,2020-09-27 22:54:10.318000
4ia6nlkudvspzwgz,failed,not_found,221,7158836DCC91AAA4FAA293FFF0F645DCD0D4EFF9,FB13B3060516E4C50E5E178227A036977103E4AD,0C475BA4D3AA3C289B716F95954CAD616E50C4E5,841DE1E065BCA8C1EBDC4A7140646F47A6257BD8,2020-09-27 22:54:10.319000,2020-09-27 22:54:13.741000
4ia6nlkudvspzwgz,failed,not_found,399,7158836DCC91AAA4FAA293FFF0F645DCD0D4EFF9,DA9E02BB8080E473157052F70439B7886AA8569D,43E187B8C7361F47EA968ED5389435865D7F4FE7,8404E8B8AAB98208FAEFB1727B637133AD9C6FAF,2020-09-27 22:54:13.741000,2020-09-27 22:54:19.517000
jyhabzvhzrs4x4eu,failed,not_found,138,7158836DCC91AAA4FAA293FFF0F645DCD0D4EFF9,0C6D3655763B1A3A60FC42135CD60765AFE953BA,22A6BE98D201B101C32661739967BF4DED12EF96,6315278A91710062D90B288199EFA06E4AAA9E8F,2020-09-27 22:54:01.973000,2020-09-27 22:54:10.387000
jyhabzvhzrs4x4eu,failed,not_found,197,7158836DCC91AAA4FAA293FFF0F645DCD0D4EFF9,E65BA17239C454A82082B0B4F3DDD8D83E4FD893,F6740DEABFD5F62612FA025A5079EA72846B1F67,62F4994C6F3A5B3E590AEECE522591696C8DDEE2,2020-09-27 22:54:10.388000,2020-09-27 22:54:12.967000
jyhabzvhzrs4x4eu,failed,not_found,344,7158836DCC91AAA4FAA293FFF0F645DCD0D4EFF9,19109FAE0E9EE366FF94EC6A477C3B33E798D181,856DAB2FDC9EED88A27BE2265FA6BD5489EF178E,BA405E953DBE33BA2388F6B5954EDFBCE4CD1196,2020-09-27 22:54:12.967000,2020-09-27 22:54:17.877000
jyhabzvhzrs4x4eu,failed,not_found,547,7158836DCC91AAA4FAA293FFF0F645DCD0D4EFF9,05349C0F35C5635A708888004F8B022931E8BEE6,724E86E7F5DA715529DC0ECAA013AE4BDC680E4C,6304781EA6C8D0A8638AD1A745CCCFEE77EBE55E,2020-09-27 22:54:17.877000,2020-09-27 22:54:24.282000
jyhabzvhzrs4x4eu,failed,not_found,983,7158836DCC91AAA4FAA293FFF0F645DCD0D4EFF9,EC469289B6E8B0AAD8A60785551028EC4BB36237,562434D987CF49D45649B76ADCA993BEA8F78471,BA38C5688E103AE11F50D7188C8E5FDB4B0E5553,2020-09-27 22:54:24.282000,2020-09-27 22:54:47.052000
jyhabzvhzrs4x4eu,,,,,,,BA38FDB6FE97442388C35FE83F371BB1C6C4324B,2020-09-27 22:54:47.052000,
3l2a2lt3y22qxshd,failed,not_found,37,7158836DCC91AAA4FAA293FFF0F645DCD0D4EFF9,E7723680EA1F78E015DF312411990D5F5E815C27,3D636FB9D24EA781C3C2766C051064C6CA1C0D96,E2B9BA96723C59E65AE07E82B74C7A31AF874225,2020-09-27 22:54:02.017000,2020-09-27 22:54:03.783000
3l2a2lt3y22qxshd,failed,not_found,64,7158836DCC91AAA4FAA293FFF0F645DCD0D4EFF9,39379E4177FFFB0ED90C2013D97668BD284A1798,B8F7B162963287D2199D075BBAB2C4FB941BB390,E2BAAFECE5C3D3B4FFE6173B3097948E0F730623,2020-09-27 22:54:03.784000,2020-09-27 22:54:05.607000
3l2a2lt3y22qxshd,failed,not_found,94,7158836DCC91AAA4FAA293FFF0F645DCD0D4EFF9,F9674F45A25CAA977E7B872807E0A070C121F5FA,01384A5D9C6D34352701BF86D04E5F406CB256AE,36045C1900EC3FDF1DDA9BEC72DDF7DE50DAF021,2020-09-27 22:54:05.607000,2020-09-27 22:54:07.357000
3l2a2lt3y22qxshd,failed,not_found,124,7158836DCC91AAA4FAA293FFF0F645DCD0D4EFF9,572FC2E6D89E8D773488A76F05DDEE3173A076E0,128FC6D8FBF753121C5662FEE309CCD47B64BA6B,E2B8DEC970657EE1CB872F37E81E59526285EF3F,2020-09-27 22:54:07.358000,2020-09-27 22:54:10
3l2a2lt3y22qxshd,failed,not_found,209,7158836DCC91AAA4FAA293FFF0F645DCD0D4EFF9,D6670FB54B21818CE7C13524AA003258B8E35D38,EE010EF80A27AC0B02CDC2B8B214A6201BB02D2B,36414078C521BA19168260F6DF23C97995976289,2020-09-27 22:54:10.001000,2020-09-27 22:54:13.625000
3l2a2lt3y22qxshd,failed,not_found,390,7158836DCC91AAA4FAA293FFF0F645DCD0D4EFF9,331452F317390D3C78BCD759170699E55C5570C9,E5CC91BAFE7CCD68003E873D32E38027638D49D7,361FAD570CA5DECF10A1C27EC3F8961D076E10D2,2020-09-27 22:54:13.626000,2020-09-27 22:54:19.114000
qgtyyt6ss4qhfsvd,failed,not_found,38,7158836DCC91AAA4FAA293FFF0F645DCD0D4EFF9,8EB722FA1AE9DDE1914BC21FEA22819D4DE99DB4,157CED138D3DE9CBFB5AE0232A319C2980F6C409,97D2A26EA5C9972E66D23F4698E94DBDBA8F6C18,2020-09-27 22:54:02.056000,2020-09-27 22:54:03.540000
qgtyyt6ss4qhfsvd,failed,not_found,60,7158836DCC91AAA4FAA293FFF0F645DCD0D4EFF9,211310CD09EC290505C1F24018AE5330076412A0,A3AFBDEE30238E44899C9F8B7666D12B09C8EE32,427E5C8ADC43B09582DDDA80EA8EDFBD05DF5003,2020-09-27 22:54:03.540000,2020-09-27 22:54:05.117000
qgtyyt6ss4qhfsvd,failed,not_found,73,7158836DCC91AAA4FAA293FFF0F645DCD0D4EFF9,79B39F8D53DACC9A63975FBC346301D8D0D36034,41145C3169D810DB360FF2FCA232093B02C0B262,427DEDAA28D39672F3D9B7714170C724634671F3,2020-09-27 22:54:05.118000,2020-09-27 22:54:05.963000
qgtyyt6ss4qhfsvd,failed,not_found,88,7158836DCC91AAA4FAA293FFF0F645DCD0D4EFF9,41CEB66108B70108F148BF7778260A87723AACA1,08A5B5A39EB4E6A1F47224EFC193192A633A3CD8,4273E6D162ED2717A1CF4207A254004CD3F5307B,2020-09-27 22:54:05.964000,2020-09-27 22:54:07.419000
qgtyyt6ss4qhfsvd,failed,not_found,148,7158836DCC91AAA4FAA293FFF0F645DCD0D4EFF9,69E0DF8C9BDC612B106FD6260B10492B5C3841F0,B3DA9D673321B92253DCCD38A9740F2C562C91EA,97AEE1EEFBCBB6FF8FA482029830E8E10A961883,2020-09-27 22:54:07.419000,2020-09-27 22:54:11.026000
qgtyyt6ss4qhfsvd,failed,not_found,251,7158836DCC91AAA4FAA293FFF0F645DCD0D4EFF9,B0537CD220A60ECF8045439658A53254C0D63DCB,5B1F0DAF378A1FAFCFD5FA9CDC66D1023DC0276E,979B2E677F6D94820CD8D645626ED776DCB1CB6C,2020-09-27 22:54:11.027000,2020-09-27 22:54:15.723000
fs2gi7guz3kyppuc,failed,not_found,39,7158836DCC91AAA4FAA293FFF0F645DCD0D4EFF9,B74DABBE248B935CDC1038CD5C9280878C8C94E7,F4A4D78F16E9A0353AD5BBEF4632C7022E20FB20,DE5DB7401ACCF00A66E9BDFF76E4CA4A85CA2F95,2020-09-27 22:54:02.057000,2020-09-27 22:54:03.901000
fs2gi7guz3kyppuc,failed,not_found,66,7158836DCC91AAA4FAA293FFF0F645DCD0D4EFF9,867C2418E1DB73AAF4D12D3C641380B82699477E,F65990C23AB017AC37226EB2AD3DA5A8EAE55D0C,AF51116B72FFF27806184BAC7DF61564AB7E5C9F,2020-09-27 22:54:03.902000,2020-09-27 22:54:05.488000
fs2gi7guz3kyppuc,failed,not_found,93,7158836DCC91AAA4FAA293FFF0F645DCD0D4EFF9,CC100DC017A25E244C35C964BB518E4308415ACC,61C2E2299BE15D8F3E3386D62D6D90F5DC2CA2F0,DE81E82F60AFCA34FB5F94D78F590FEEBB435CDC,2020-09-27 22:54:05.488000,2020-09-27 22:54:07.403000
fs2gi7guz3kyppuc,failed,not_found,147,7158836DCC91AAA4FAA293FFF0F645DCD0D4EFF9,1E1A7C9134637383BE653C41973995A229D81595,63BF46A63F9C21FD315CD061B3EAA3EB05283A0A,AF4997738E0CFC014CD04FB09A670D2C5F1E79A4,2020-09-27 22:54:07.403000,2020-09-27 22:54:10.402000
fs2gi7guz3kyppuc,failed,not_found,233,7158836DCC91AAA4FAA293FFF0F645DCD0D4EFF9,562434D987CF49D45649B76ADCA993BEA8F78471,F37374DB9FA6EF14CED64FD294E8D8683F032EC8,AF57275D067ACF1EADE51E32860C8E569190BB24,2020-09-27 22:54:10.403000,2020-09-27 22:54:14.490000
fs2gi7guz3kyppuc,failed,not_found,425,7158836DCC91AAA4FAA293FFF0F645DCD0D4EFF9,855BC2DABE24C861CD887DB9B2E950424B49FC34,1CD48F4ED0F1821FFBF1940802A13EEFD4C27502,DE74E8C4F3CF0FBBCB7E761BB3072050D1D4DD88,2020-09-27 22:54:14.491000,2020-09-27 22:54:19.853000
rtvespttt263giyb,failed,not_found,31,7158836DCC91AAA4FAA293FFF0F645DCD0D4EFF9,891FB8477529A6B2894B7A3129402E0FD5DD281F,9DA5284A51021A711ECAA677C81E5408222B9F2A,A56BBAB73AC7EF6BCED53E4501B2447DC93617A0,2020-09-27 22:54:02.079000,2020-09-27 22:54:03.833000
rtvespttt263giyb,failed,not_found,65,7158836DCC91AAA4FAA293FFF0F645DCD0D4EFF9,FC1E441E097BA36930AA2F615EFB325AF76D2595,5D78D7D2A16F6B4D3166FD9D1FD4A715B14A56DF,A567FF5DC72A21A6B7120609E51E76C49517EF41,2020-09-27 22:54:03.833000,2020-09-27 22:54:06.235000
rtvespttt263giyb,failed,not_found,150,7158836DCC91AAA4FAA293FFF0F645DCD0D4EFF9,96CFE178A1D12489D9D59A0CAE17FE86F5A3A79F,FB016E16B8CD7A0E53DEEF31ED8754E4F6B8E837,9A7E266811321BF39532F423121DD290287A42E1,2020-09-27 22:54:06.236000,2020-09-27 22:54:10.796000
rtvespttt263giyb,failed,not_found,243,7158836DCC91AAA4FAA293FFF0F645DCD0D4EFF9,0F6E56C326DC9719942E8BBA58C22F71332DA891,AFF320BA96E4338B61A008D2CA250FFE0E23B09C,9A8CD9CD62B29DB0549E2A117EB2F014F5AFFEF1,2020-09-27 22:54:10.797000,2020-09-27 22:54:14.792000
rtvespttt263giyb,failed,not_found,429,7158836DCC91AAA4FAA293FFF0F645DCD0D4EFF9,3151FB419FAB0FD86D7BE4F7DFD620E99E105D92,5975858B6A1F37CCC96026B946EACF08E1772D0E,9A9D48F3D5C572C87DE79236A3FA9353E08E3FF2,2020-09-27 22:54:14.792000,2020-09-27 22:54:19.952000
rtvespttt263giyb,failed,not_found,730,7158836DCC91AAA4FAA293FFF0F645DCD0D4EFF9,4B483F57D9660EBF33FA3CCA670FFD1BBB0F315A,A99B0D9E5FD5BC3C8F2D006EC91F8C7F40E09CB8,A56A0120A21557832000D5C68FCD7DE08E82A3B0,2020-09-27 22:54:19.953000,2020-09-27 22:54:31.297000
wuv3o7l7lew3ujyz,failed,not_found,40,7158836DCC91AAA4FAA293FFF0F645DCD0D4EFF9,4EBE3B18F7D38D0A2FDD67B47A55CB9069368723,A0FA50A070CFB4B89737A27F3259F92C118A0AF0,B82D54B92FC8F985B4E3F805288F61632A5DAF61,2020-09-27 22:54:02.080000,2020-09-27 22:54:04.962000
wuv3o7l7lew3ujyz,failed,not_found,86,7158836DCC91AAA4FAA293FFF0F645DCD0D4EFF9,EA3616A0B9BBBDC74121D8D6F01EABDDCF6BE35D,0B555940D37DC849728841C0B290074E1A1BDCA8,B8240A4C715A2595CE54C82AB175C80214768B4A,2020-09-27 22:54:04.963000,2020-09-27 22:54:06.946000
wuv3o7l7lew3ujyz,failed,not_found,120,7158836DCC91AAA4FAA293FFF0F645DCD0D4EFF9,B98DF300E5EA67357A7F5DDFBA213E6E8312A27C,554CE9DE4480AC2F11825BEE0CD543CC14FE9C43,B83DC1558F0D34353BB992EF93AFEAFDB226A73E,2020-09-27 22:54:06.947000,2020-09-27 22:54:08.842000
wuv3o7l7lew3ujyz,failed,not_found,176,7158836DCC91AAA4FAA293FFF0F645DCD0D4EFF9,61B8BDC91AA7BC9A05EB5A3D652FFF88C98E6911,0B555940D37DC849728841C0B290074E1A1BDCA8,4EA381A1CAF4422C14201B4BF799039942A97FFD,2020-09-27 22:54:08.843000,2020-09-27 22:54:12.367000
wuv3o7l7lew3ujyz,failed,not_found,330,7158836DCC91AAA4FAA293FFF0F645DCD0D4EFF9,1B90395827F7499A37C73F09BC5AA0225808F6FC,071ACB713A9558A4B5750520B0A738C66033E0B1,4EACB1DF4BD42524AEA6A1B8026617B1BF59045C,2020-09-27 22:54:12.368000,2020-09-27 22:54:17.263000
wuv3o7l7lew3ujyz,failed,not_found,524,7158836DCC91AAA4FAA293FFF0F645DCD0D4EFF9,44DF1007B545B4D8057F279025EBB33CF99BE227,0FF7D03AC5F31F93E3AE11ABF74313D071E11ED3,4E98AA295B7171996D18DD1F6A19F64AB4036B4A,2020-09-27 22:54:17.263000,2020-09-27 22:54:22.945000
hkv2b6xrfer72lun,failed,not_found,50,7158836DCC91AAA4FAA293FFF0F645DCD0D4EFF9,5CFC486780CBD4446B764E51608D6574003B350D,9A48EC8AAFB2E8C9E20408596383DB74F1196747,C3D92B0696196558E784EF7252A5370192720BE5,2020-09-27 22:54:02.984000,2020-09-27 22:54:04.613000
hkv2b6xrfer72lun,failed,not_found,78,7158836DCC91AAA4FAA293FFF0F645DCD0D4EFF9,C5F713E503B9F251642C49A998B0498DDD802B72,4011E1BB0E5B9A22AF665B553BFFDDE22A517B16,6F4E9FD00D4251D98BE96FB1AA546FE34676A95B,2020-09-27 22:54:04.614000,2020-09-27 22:54:06.407000
hkv2b6xrfer72lun,failed,not_found,114,7158836DCC91AAA4FAA293FFF0F645DCD0D4EFF9,085527CBD6485FD475AC983FA8683A2D9028BAA8,3D5D6178C44537E3692853B344385F6572A55767,6F6586F1631CAC1115B9561656E7664D386B7F4B,2020-09-27 22:54:06.407000,2020-09-27 22:54:09.307000
hkv2b6xrfer72lun,failed,not_found,191,7158836DCC91AAA4FAA293FFF0F645DCD0D4EFF9,F3F3F4900B87CF4A6B4A7F9402502FC457B7B1FC,1B6B37BAE2607E2B6C81685A23556EB7CFB9961C,C3B5C9391E36631ABEA89A19C24750DBDFF7CEC8,2020-09-27 22:54:09.308000,2020-09-27 22:54:13.171000
hkv2b6xrfer72lun,failed,not_found,360,7158836DCC91AAA4FAA293FFF0F645DCD0D4EFF9,38CC95A8CE92A591D4A5779359BEFFBA13FA1B88,D39328D2EAE3816F9C5D5D1BB19D1C14E2E79482,6F7E602D79D16C871F8984B98658F2C9928F2FD9,2020-09-27 22:54:13.172000,2020-09-27 22:54:18.026000
hkv2b6xrfer72lun,failed,not_found,638,7158836DCC91AAA4FAA293FFF0F645DCD0D4EFF9,BCEF908195805E03E92CCFE669C48738E556B9C5,D7829A21726220AF77401BE5B2B132963A0BE82B,C3E0E9EA1FF3FCFC27E856BFE61533020DD7F090,2020-09-27 22:54:18.027000,2020-09-27 22:54:27.377000
oxjcwosehee64uhw,failed,not_found,51,7158836DCC91AAA4FAA293FFF0F645DCD0D4EFF9,9E41448CE0DDE186CE05D2DED5F34428C99A8D70,58F3E2956EABB81F673E2FB90E16E001DB4AC3AE,CC94399E90E965BA78BEB22FD4E7836578CB3CDB,2020-09-27 22:54:03.008000,2020-09-27 22:54:06.513000
oxjcwosehee64uhw,failed,not_found,196,7158836DCC91AAA4FAA293FFF0F645DCD0D4EFF9,EA3616A0B9BBBDC74121D8D6F01EABDDCF6BE35D,FF9FC6D130FA26AE3AE8B23688691DC419F0F22E,CCAA620D5CAB34CE95FE3C863D9E6520C07451D8,2020-09-27 22:54:06.513000,2020-09-27 22:54:13.112000
oxjcwosehee64uhw,failed,not_found,358,7158836DCC91AAA4FAA293FFF0F645DCD0D4EFF9,771E0824EF82D85E04D80116554111E37F7EB796,66F8C32B94D73B51A5D2FA079C6A09047C9ABA71,CCD879EE5FBC5FE758C8EC098D40372C7C82C5C0,2020-09-27 22:54:13.113000,2020-09-27 22:54:18.062000
oxjcwosehee64uhw,failed,not_found,585,7158836DCC91AAA4FAA293FFF0F645DCD0D4EFF9,C14CE6C2145688B640EB6457F39C1C6E1DC684D4,394629DFE5305F4207B4BB080782C13304B9F545,698B8708CF4EA02D27CA09274F3351B4F66A5834,2020-09-27 22:54:18.063000,2020-09-27 22:54:25.635000
oxjcwosehee64uhw,failed,not_found,946,7158836DCC91AAA4FAA293FFF0F645DCD0D4EFF9,B70BD334FFEE23E653B75219AE12CF0236BCFCBB,41E041EC676622FFEE59F56BC75B99CD0D47F653,699388030AFC5C110822C85DE97A51545B192987,2020-09-27 22:54:25.636000,2020-09-27 22:54:48.399000
oxjcwosehee64uhw,,,,,,,69B53A5AE5025DA8947F7C32F69CA90375ED2A4E,2020-09-27 22:54:48.399000,
flm7vdw7peb6c5hl,failed,not_found,41,7158836DCC91AAA4FAA293FFF0F645DCD0D4EFF9,66BD39FE805AED414ADE400CAAD862C9CC3AC34E,58F3E2956EABB81F673E2FB90E16E001DB4AC3AE,D6A836B091949DB268139E72BDC3FDC573702055,2020-09-27 22:54:03.009000,2020-09-27 22:54:04.331000
flm7vdw7peb6c5hl,failed,not_found,76,7158836DCC91AAA4FAA293FFF0F645DCD0D4EFF9,7AAF5597B18D82CC90CA95FB7976A1CEA4A32E06,484F666C491BCDE22B45E0E19D1CEA5ACC5A9611,D6AC8B8513372F6474344C93B8A5A8AE3E3C962C,2020-09-27 22:54:04.332000,2020-09-27 22:54:06.076000
flm7vdw7peb6c5hl,failed,not_found,109,7158836DCC91AAA4FAA293FFF0F645DCD0D4EFF9,0A7208B8903DD3FF5CDFA218A3823AF498CE69CE,3D6C776E8BE9E8AE5D0591594117999E3C5498C8,D69660417D1BEEC6E9ED2CDCEABC4872BC111ADE,2020-09-27 22:54:06.076000,2020-09-27 22:54:08.019000
flm7vdw7peb6c5hl,failed,not_found,168,7158836DCC91AAA4FAA293FFF0F645DCD0D4EFF9,41145C3169D810DB360FF2FCA232093B02C0B262,34979DBD475FFED9CF6556E349DDEDEE69104345,B576A394DFC12B7E900D643C900484765D58C30F,2020-09-27 22:54:08.019000,2020-09-27 22:54:11.891000
flm7vdw7peb6c5hl,failed,not_found,401,7158836DCC91AAA4FAA293FFF0F645DCD0D4EFF9,0B25110BA3473A6DC04AB58A3A0D5E4D6922A0E0,525EE34C1A7B89AB9DF585246DE30E32702913F5,B581401A839EBD1F812DC78297FD09D60BFFA635,2020-09-27 22:54:11.892000,2020-09-27 22:54:19.705000
flm7vdw7peb6c5hl,failed,not_found,734,7158836DCC91AAA4FAA293FFF0F645DCD0D4EFF9,99339F3E68BCCC1391BF14C821D80766FE0C5956,41A3C16269C7B63DB6EB741DBDDB4E1F586B1592,B56B9FE93F83B4FA69234B17A060E8A8E7446D19,2020-09-27 22:54:19.706000,2020-09-27 22:54:31.299000
43b564tgyjalsmi2,failed,not_found,52,7158836DCC91AAA4FAA293FFF0F645DCD0D4EFF9,98F788200CC64060695B07555F09A8FE47679AC8,1C70C2AA7F3772CE07C4EF6B18A6E330150372EE,24A17A4C1FA8C2108ACDE3BE681B0731384BF3A5,2020-09-27 22:54:03.050000,2020-09-27 22:54:04.789000
43b564tgyjalsmi2,failed,not_found,82,7158836DCC91AAA4FAA293FFF0F645DCD0D4EFF9,CDAEBA458F6129776643751934076A51D851C348,8DBEF8D824437770261B4C7453F2815DB7FC9165,248CE89A310534DF139DF6A36BD87EB4CA237DCF,2020-09-27 22:54:04.790000,2020-09-27 22:54:07.703000
43b564tgyjalsmi2,failed,not_found,156,7158836DCC91AAA4FAA293FFF0F645DCD0D4EFF9,EE7CD2A763435C7006095BD167C790ABE5BC4DEA,06432D1B5A7C132071626D186D7F1A429C5BBED9,645DE9BF7A2E858F8A6B45F1F530371176D0238A,2020-09-27 22:54:07.703000,2020-09-27 22:54:10.324000
43b564tgyjalsmi2,failed,not_found,276,7158836DCC91AAA4FAA293FFF0F645DCD0D4EFF9,79D110419709C4B3D1F92FC3CE121B5317DBE8B3,7FA3FA525901A91A1310B817943668BC2C16289E,646B62D3D39E98236BA383F471FC3CF738B87507,2020-09-27 22:54:10.324000,2020-09-27 22:54:15.458000
43b564tgyjalsmi2,failed,not_found,460,7158836DCC91AAA4FAA293FFF0F645DCD0D4EFF9,F37374DB9FA6EF14CED64FD294E8D8683F032EC8,562434D987CF49D45649B76ADCA993BEA8F78471,2490CB542EB59E2A028C229DE1986BDB3F94D0B2,2020-09-27 22:54:15.458000,2020-09-27 22:54:21.430000
43b564tgyjalsmi2,failed,not_found,769,7158836DCC91AAA4FAA293FFF0F645DCD0D4EFF9,12CF84D3D2E30BB9799BFC0E1DDDFDA8D35AF007,C5D91B75D9B991FB53C41AB694D97C961D37B5AB,645C3F0545E0975A49F69EC272C0C3EA28586825,2020-09-27 22:54:21.431000,2020-09-27 22:54:34.115000
j42mxo2jy2ttdlgu,failed,not_found,53,7158836DCC91AAA4FAA293FFF0F645DCD0D4EFF9,98F788200CC64060695B07555F09A8FE47679AC8,DF86098968BBCD963E38E03FC3FC1837EF667C13,4EEE44AE922B30D0EDA06ABA1BD924CB43E8083E,2020-09-27 22:54:03.050000,2020-09-27 22:54:04.727000
j42mxo2jy2ttdlgu,failed,not_found,81,7158836DCC91AAA4FAA293FFF0F645DCD0D4EFF9,92BBADCB0697F5EB1792C607EE2DC1C291A98ADC,987D0706D42070F1E2142A9FCCB56B3887808D34,93F97B76A7D0F0947C4C75AC62017E45BBFE6C08,2020-09-27 22:54:04.727000,2020-09-27 22:54:06.588000
j42mxo2jy2ttdlgu,failed,not_found,118,7158836DCC91AAA4FAA293FFF0F645DCD0D4EFF9,310723122778237508274A36E9557B060A531BDD,BF6F8415A57259BFB7C878C4956C689FB7ECB24A,93F4DAF4F0DE5E6867CE20A0F9C7C059834DACAE,2020-09-27 22:54:06.588000,2020-09-27 22:54:08.632000
j42mxo2jy2ttdlgu,failed,not_found,172,7158836DCC91AAA4FAA293FFF0F645DCD0D4EFF9,FB016E16B8CD7A0E53DEEF31ED8754E4F6B8E837,2E74F4A6EB5ED3C0182A54900E3A671C5C8DB2D8,93E2C269B2E127CFF42CEA322B8BEF1AEC28C891,2020-09-27 22:54:08.632000,2020-09-27 22:54:11.977000
j42mxo2jy2ttdlgu,failed,not_found,287,7158836DCC91AAA4FAA293FFF0F645DCD0D4EFF9,2B24C281AD12EA96F72C2808E1AF041CEBE345D0,98AEF7B834D688773CE2BCC5A32761A4943CF623,4F3056E9D4BAC38EC2100063745221553630ECCB,2020-09-27 22:54:11.977000,2020-09-27 22:54:16.243000
j42mxo2jy2ttdlgu,failed,not_found,822,7158836DCC91AAA4FAA293FFF0F645DCD0D4EFF9,929BF37C657D4F69C76324E5FEA760A62483813B,AEF0EADA8C92A4DF1500FAE303ECD8E1EBD56670,4F0DB7E687FC7C0AE55C8F243DA8B0EB27FBF1F2,2020-09-27 22:54:16.244000,2020-09-27 22:54:22.361000
xtmtodf2n337jm6o,failed,not_found,54,7158836DCC91AAA4FAA293FFF0F645DCD0D4EFF9,90633012A1A752D8D02FEC8374A4BF98941A1900,7272FA27A7F99E88D59BE2018E3F14FB88BF9786,0DD55CF27BBA1F51131A46BC0A0EED68A177D1BB,2020-09-27 22:54:03.073000,2020-09-27 22:54:05.030000
xtmtodf2n337jm6o,failed,not_found,87,7158836DCC91AAA4FAA293FFF0F645DCD0D4EFF9,3FDCBC454FED8B5482956DB91CA089294511FA98,C2481FAAA5508F6C2A64873972281220E9778476,3F1581559522B27BD1342F2A3A0022F273FA93D6,2020-09-27 22:54:05.031000,2020-09-27 22:54:07.305000
xtmtodf2n337jm6o,failed,not_found,129,7158836DCC91AAA4FAA293FFF0F645DCD0D4EFF9,EAA823552F959DFD038E9AC8FA89345A738B6C00,3970FA79EC2752446D668ECD575354101C5E29AA,0DDC190D45A6C452F6814408284DDF7DA8175006,2020-09-27 22:54:07.305000,2020-09-27 22:54:09.381000
xtmtodf2n337jm6o,failed,not_found,192,7158836DCC91AAA4FAA293FFF0F645DCD0D4EFF9,9BAAA9CBA3109C2C807F2E84D5C9C0C8C147DCE6,E77B260DADB37C6E0AED1287843512B114705AD2,3F1DB384A36EB0F5D7EAE4CAC54351C957B7E259,2020-09-27 22:54:09.382000,2020-09-27 22:54:13.233000
xtmtodf2n337jm6o,failed,not_found,272,7158836DCC91AAA4FAA293FFF0F645DCD0D4EFF9,AFF320BA96E4338B61A008D2CA250FFE0E23B09C,118496882F58E787DC24F5C219B93F22BA5820D8,3F129FB71EB2B019B47403A5552EB2D40E5369F2,2020-09-27 22:54:13.233000,2020-09-27 22:54:17.597000
xtmtodf2n337jm6o,failed,not_found,543,7158836DCC91AAA4FAA293FFF0F645DCD0D4EFF9,0990E0F4F2C127BDDA9B6726400FAC077F6C83B0,4ECBF37E4953F48AA02CA30AE929789218B07C80,0DD04EF0B081BBFDE3082D4ECC8A63FD0022FCAF,2020-09-27 22:54:17.598000,2020-09-27 22:54:24.369000
isfhepb6tzc2gjnx,failed,not_found,68,7158836DCC91AAA4FAA293FFF0F645DCD0D4EFF9,3B953203AF332D8FE1452E1CE7CB50A3B5297DB2,0CDD60E4015EBF2C3B5D32A2B9CC8FE6C98A5C33,A943B09784A779C0BFBF627F233797CE98C058D4,2020-09-27 22:54:03.975000,2020-09-27 22:54:06.521000
isfhepb6tzc2gjnx,failed,not_found,117,7158836DCC91AAA4FAA293FFF0F645DCD0D4EFF9,A8D44B832F3267ABFC73F540C6C4CF0229FD7EB3,891FB8477529A6B2894B7A3129402E0FD5DD281F,A932F56F69D24A96A0CBC4F32922A62DEFD28C77,2020-09-27 22:54:06.522000,2020-09-27 22:54:09.086000
isfhepb6tzc2gjnx,failed,not_found,163,7158836DCC91AAA4FAA293FFF0F645DCD0D4EFF9,BF2CD90CECCB5C77B093B64C4B0D19EBFB462858,B0A63BC3FDA67A7ADD1BE08BAA8309C4B204D29B,EF09163EC3F03C2F63A865BBBF1CE5642C6595A3,2020-09-27 22:54:09.087000,2020-09-27 22:54:11.346000
isfhepb6tzc2gjnx,failed,not_found,261,7158836DCC91AAA4FAA293FFF0F645DCD0D4EFF9,F3889E2C68A673848CA9094F6F4A3653D7692109,47A83EC4D144FB8094A57DC5AEB39E9F6F174036,EF1A9BE231A6C3AC94B9E2BFC86990B16C923A45,2020-09-27 22:54:11.347000,2020-09-27 22:54:14.996000
isfhepb6tzc2gjnx,failed,not_found,438,7158836DCC91AAA4FAA293FFF0F645DCD0D4EFF9,F0C9513539800F762ECAE37F16370D7CBA5E52C2,8EE28EAF0874AF9B03EBBD79B5EB5059E2547355,EEFFC0D532AB63BB3E9CAEADA822971F6D3AE8D6,2020-09-27 22:54:14.996000,2020-09-27 22:54:20.485000
isfhepb6tzc2gjnx,failed,not_found,711,7158836DCC91AAA4FAA293FFF0F645DCD0D4EFF9,3239007CE1FB2ECDFDF2067DF23B949295DC5EF6,2AA5F598F9A1812F01CD99E3B59BB87362ED7438,A91F3E4D2CCD81F5C865E143525F92A790CDF17E,2020-09-27 22:54:20.486000,2020-09-27 22:54:30.591000
g2qw25m642ltu5wg,failed,not_found,70,7158836DCC91AAA4FAA293FFF0F645DCD0D4EFF9,27452250B484CB90E687227B3274E2BF232158E5,B56B9FE93F83B4FA69234B17A060E8A8E7446D19,B6E33C39C1C94E582CBB8C24CCE351F2129807C6,2020-09-27 22:54:04.016000,2020-09-27 22:54:05.769000
g2qw25m642ltu5wg,failed,not_found,97,7158836DCC91AAA4FAA293FFF0F645DCD0D4EFF9,60B1681670B185813E762B71F3C3B129A981F37B,D14EC16949648CEE84EA1664445029EA4B597074,085527CBD6485FD475AC983FA8683A2D9028BAA8,2020-09-27 22:54:05.769000,2020-09-27 22:54:07.614000
g2qw25m642ltu5wg,failed,not_found,154,7158836DCC91AAA4FAA293FFF0F645DCD0D4EFF9,BF50E09EED25B82861CF95E1AAA42DCFEF53E5D1,425835370C1FBE178C21CB53C76672F12BDE091A,0869EA503377C702669BC75DD7A59094658DFA08,2020-09-27 22:54:07.614000,2020-09-27 22:54:10.597000
g2qw25m642ltu5wg,failed,not_found,237,7158836DCC91AAA4FAA293FFF0F645DCD0D4EFF9,4B4D7C727B603EF6777DC0BC3D169179CA977140,79DEB4E02FD08AE1AEB4D8594AAB082375E9062D,0861F4966E199C0BA9DB1D904DB4BC843508F12C,2020-09-27 22:54:10.597000,2020-09-27 22:54:15.577000
g2qw25m642ltu5wg,failed,not_found,462,7158836DCC91AAA4FAA293FFF0F645DCD0D4EFF9,17ABA734572DBB1050CF3800F0DD145BAE7ED9A7,A4C83C2BEB4F1B31D40E80D5524C66A117D77C50,B6D4916A98D99027DA25D42D70D686F0B3663F35,2020-09-27 22:54:15.577000,2020-09-27 22:54:21.741000
g2qw25m642ltu5wg,failed,not_found,782,7158836DCC91AAA4FAA293FFF0F645DCD0D4EFF9,5D69A77423FE3D2A3CF09A015CED9F0A7B9E38D1,C49E3E34591172A5340A1D37E5B4E3D0B91E0F15,B67939B50FA98522747E4CF27843D151B681DB2C,2020-09-27 22:54:21.742000,2020-09-27 22:54:35.691000
px5kzfj2ws47olrx,failed,not_found,71,7158836DCC91AAA4FAA293FFF0F645DCD0D4EFF9,1687ECEA6D20E62CF371BA8D53B95E68788F98C1,AE236568ED01527850FA0D5BEFBBF6C6BDA47AF0,213F2B4AB09EE6FF8CA21B804B2E1BD8835088D3,2020-09-27 22:54:04.050000,2020-09-27 22:54:07.507000
px5kzfj2ws47olrx,failed,not_found,151,7158836DCC91AAA4FAA293FFF0F645DCD0D4EFF9,B96B5141004995295FE87DCCE1A54519BD0BB48A,7C8DC4ED2399E7BEF4C6B45358FE14844CC47AE3,21310F48066A4CAADEB2BFD324F0B38F8E1448D6,2020-09-27 22:54:07.507000,2020-09-27 22:54:10.309000
px5kzfj2ws47olrx,failed,not_found,219,7158836DCC91AAA4FAA293FFF0F645DCD0D4EFF9,2779DB3B7A0EEC32F39792E393CAA134847BBF6C,8C5B316ED73018484765C3E0944E4508DCAE0944,7AAF5597B18D82CC90CA95FB7976A1CEA4A32E06,2020-09-27 22:54:10.310000,2020-09-27 22:54:13.859000
px5kzfj2ws47olrx,failed,not_found,367,7158836DCC91AAA4FAA293FFF0F645DCD0D4EFF9,2AE2CA4BD2B7754F29432C25E03314D52AC4CAF1,7A3E534C033E3836BD5AF223B642853C502AB33A,7ABCCA401B647BED71FF6EEF0E088EB74A1C4E05,2020-09-27 22:54:13.859000,2020-09-27 22:54:18.200000
px5kzfj2ws47olrx,failed,not_found,594,7158836DCC91AAA4FAA293FFF0F645DCD0D4EFF9,7D693C2A9C3B0B2D69F473AF1C0E1CBE05EAD412,EEDF0AF1F892C82F056063827B47283CC9AEAA41,7AB8B08DF8B90D108EFC37D74CA90A7B939A023D,2020-09-27 22:54:18.200000,2020-09-27 22:54:25.487000
px5kzfj2ws47olrx,failed,not_found,942,7158836DCC91AAA4FAA293FFF0F645DCD0D4EFF9,17ABA734572DBB1050CF3800F0DD145BAE7ED9A7,B161E036AD43D7F8D22BA18FB612200E6A6138A0,2151722FC89329E9FA40448FA875B9B459901E66,2020-09-27 22:54:25.487000,2020-09-27 22:54:46.856000
h4ygr2bhbg2xdl6j,failed,not_found,72,7158836DCC91AAA4FAA293FFF0F645DCD0D4EFF9,6D163F649ECBE9DC20F016236EF36D7E1559E98E,B0DB2F173F0DB364BABF7A465D796B3C048F1F33,09F3067452D8D1DAFD33D0524A41DBF5295D3472,2020-09-27 22:54:04.051000,2020-09-27 22:54:05.643000
h4ygr2bhbg2xdl6j,failed,not_found,96,7158836DCC91AAA4FAA293FFF0F645DCD0D4EFF9,F9E32D4058F7F35E9BC4F1D8C3B2DAA0C4466660,7A2A6F39F485C4FC95FB885FFF37C436FD2BB7E5,0A178D302936F209AF3DA77CCC4E3C4D5DBE11E9,2020-09-27 22:54:05.643000,2020-09-27 22:54:07.395000
h4ygr2bhbg2xdl6j,failed,not_found,146,7158836DCC91AAA4FAA293FFF0F645DCD0D4EFF9,77C7500CC573643E4B3E7F602D0137F8C89CE0B8,976063DB869FF0B4B71D31270BE996A9B069B432,0A0C01DD0044E70318D9E3DA5F125A09069C57C1,2020-09-27 22:54:07.396000,2020-09-27 22:54:10.671000
h4ygr2bhbg2xdl6j,failed,not_found,241,7158836DCC91AAA4FAA293FFF0F645DCD0D4EFF9,5EACEBD7A3F396848F5E56B3EF028505AF80E191,DCE8DBF94576272AD10D996C9AA0794A4567F304,56257E74FA999BCFA1EC205892342A09645B961B,2020-09-27 22:54:10.671000,2020-09-27 22:54:16.015000
h4ygr2bhbg2xdl6j,failed,not_found,482,7158836DCC91AAA4FAA293FFF0F645DCD0D4EFF9,0F6E56C326DC9719942E8BBA58C22F71332DA891,E6C532D7C7614F19EF809F50AA735054BAB47979,562434D987CF49D45649B76ADCA993BEA8F78471,2020-09-27 22:54:16.015000,2020-09-27 22:54:21.738000
h4ygr2bhbg2xdl6j,failed,not_found,780,7158836DCC91AAA4FAA293FFF0F645DCD0D4EFF9,4E81EA3528D6FB79B10B0F11C6FC96CE1C060021,0D7C69551F9186DB589BDF00858314AC136A33DA,5628495D9939A8C139DD441402DE42F7012B7092,2020-09-27 22:54:21.739000,2020-09-27 22:54:33.743000
7vpuptppovjfv37b,failed,not_found,56,7158836DCC91AAA4FAA293FFF0F645DCD0D4EFF9,1C8B3C3D8BC705883B7799C915B2FE1E0FEB006F,886647272B44A7B37751182ADC48053860FB2AE9,9F688C46E0046AD2C026C18D9343252279E42535,2020-09-27 22:54:04.054000,2020-09-27 22:54:04.807000
7vpuptppovjfv37b,failed,not_found,83,7158836DCC91AAA4FAA293FFF0F645DCD0D4EFF9,E947C029087FA1C3499BEF5D4372947C51223D8F,070229A4CC2CFFB24EB667298A7DB5E8D11EB701,9F7D6E6420183C2B76D3CE99624EBC98A21A967E,2020-09-27 22:54:04.807000,2020-09-27 22:54:06.593000
7vpuptppovjfv37b,failed,not_found,119,7158836DCC91AAA4FAA293FFF0F645DCD0D4EFF9,7E44E0D39CE8666A98EA5DEBCBB8E12B3906410F,508773E7A34F3BE17DD0372446798FACB8BF1EAA,DE4F6E528A9FEB1B79BC3D7D24E8BF5BCDEDA0A1,2020-09-27 22:54:06.593000,2020-09-27 22:54:08.789000
7vpuptppovjfv37b,failed,not_found,173,7158836DCC91AAA4FAA293FFF0F645DCD0D4EFF9,AE95BDA37A5BB4685FEBB7F06649D6CE949B5316,E615EB5B107B04B2A892EF63018872D6A907C0E4,DE4EB74B8105751568A75649F6672A31F2A3DE20,2020-09-27 22:54:08.789000,2020-09-27 22:54:12.038000
7vpuptppovjfv37b,failed,not_found,290,7158836DCC91AAA4FAA293FFF0F645DCD0D4EFF9,FD79B7F9230858B48E75F389661840C702511078,361D33C96D0F161275EE67E2C91EE10B276E778B,DE29A5C0DB38AA229286B237798D8817EE6B75E2,2020-09-27 22:54:12.038000,2020-09-27 22:54:16.423000
7vpuptppovjfv37b,failed,not_found,553,7158836DCC91AAA4FAA293FFF0F645DCD0D4EFF9,33AA6CFE161A698169B548C9D973DAE6DED6BF0E,16DB78459B845F4E728405EB694E32929E2B318A,9F90783A672015D4D40F22902964B92AD0EA0C17,2020-09-27 22:54:16.423000,2020-09-27 22:54:24.025000
5jdqp2frpi22rfwa,failed,not_found,74,7158836DCC91AAA4FAA293FFF0F645DCD0D4EFF9,502774BA0466D3AE9B7A7A0EA2259CC62B8398A9,88DF5D708E931C431902AAABEA981E7951E00085,6B9D83843DBD686DBB8066989BFCC90303F67B05,2020-09-27 22:54:04.056000,2020-09-27 22:54:05.964000
5jdqp2frpi22rfwa,failed,not_found,107,7158836DCC91AAA4FAA293FFF0F645DCD0D4EFF9,A8EC0E51DCC8F4D7A8F6620C253459D68E74560B,7FF1A673A5E1F7E9D2495A36C185B890DBD96553,21310F48066A4CAADEB2BFD324F0B38F8E1448D6,2020-09-27 22:54:05.964000,2020-09-27 22:54:08.588000
5jdqp2frpi22rfwa,failed,not_found,293,7158836DCC91AAA4FAA293FFF0F645DCD0D4EFF9,9E4CC64C4F94C359D43C5BA09094323FDBEFD975,5F9141428BF5EAE485F0E2F7912DEDED4F4D17A7,6B88E20FEE8EB47F1A8E30207F327005C61A013D,2020-09-27 22:54:08.591000,2020-09-27 22:54:16.519000
5jdqp2frpi22rfwa,failed,not_found,566,7158836DCC91AAA4FAA293FFF0F645DCD0D4EFF9,B0DB2F173F0DB364BABF7A465D796B3C048F1F33,B0B26AEDB0D1E21EA8E06530CAAD953B464286FB,6B9EA8927AB6E94E216067E65372182343A5AFA2,2020-09-27 22:54:16.520000,2020-09-27 22:54:24.462000
5jdqp2frpi22rfwa,failed,not_found,931,7158836DCC91AAA4FAA293FFF0F645DCD0D4EFF9,5FB384605F53DCBF1CB02143D318DA3E8EE38A24,39CF2F22E5018C01FD57DEB1AB8FDFA4592633FB,213F2B4AB09EE6FF8CA21B804B2E1BD8835088D3,2020-09-27 22:54:24.462000,2020-09-27 22:54:46.856000
5jdqp2frpi22rfwa,,,,,,,2151722FC89329E9FA40448FA875B9B459901E66,2020-09-27 22:54:46.891000,
kz6boxnfj2oejg6o,failed,not_found,98,7158836DCC91AAA4FAA293FFF0F645DCD0D4EFF9,8B64F593CAC2ED05C0FA703AEF50FF71925B569C,127887BF5B69EFEFA0DC47FC767135E0ACAAFD9F,BA0BA7A976F153DBB050266CD3D21F499FCB975D,2020-09-27 22:54:05.798000,2020-09-27 22:54:07.733000
kz6boxnfj2oejg6o,failed,not_found,180,7158836DCC91AAA4FAA293FFF0F645DCD0D4EFF9,23A2D8DDF761F35CC63BDF65E604B76A7E2F6971,67CDF7A4D06E98E55AAE595BBEBF38E64C4CCBF3,383D6E34D9BEA92E97092B134A708EEF476DF2E4,2020-09-27 22:54:07.734000,2020-09-27 22:54:12.526000
kz6boxnfj2oejg6o,failed,not_found,332,7158836DCC91AAA4FAA293FFF0F645DCD0D4EFF9,E46C3F0533709EE2112874B13A4FE3868B33E75E,E00DFD54DC165D5452FBD3530D30186DAD016A0C,38312A4281F505DD31C882D3B406025C727E7162,2020-09-27 22:54:12.526000,2020-09-27 22:54:17.441000
kz6boxnfj2oejg6o,failed,not_found,536,7158836DCC91AAA4FAA293FFF0F645DCD0D4EFF9,FD127D1014ED3D36AFE50558A88BD5E8DB34A645,061E0496931D23A81A2B685C9339D36857DD0FA1,383882E740FC9214A21A60E8D4B10A220272113B,2020-09-27 22:54:17.442000,2020-09-27 22:54:23.408000
kz6boxnfj2oejg6o,failed,not_found,850,7158836DCC91AAA4FAA293FFF0F645DCD0D4EFF9,539572FE3430A83E8F502052FC7E178E20A07EE0,0F89912E6A4C4A8ACE43C58FF8B83CA299BFF74F,B9EAEADEDD4937363CD25FCD7022E55764B8DBBA,2020-09-27 22:54:23.408000,2020-09-27 22:54:38.992000
kz6boxnfj2oejg6o,,,,,,,B9E7A637B00BBB77853A639CC33245A2FEB8F033,2020-09-27 22:54:38.993000,
olenz3sm4d7nf6az,failed,not_found,99,7158836DCC91AAA4FAA293FFF0F645DCD0D4EFF9,AAC6AE4A8ED164C3657D64E3EF980EEBB4BBC8A1,81F59E8936D0B2105182E4B8200AC07D9274961F,9661AC95717798884F3E3727D360DD98D66727CC,2020-09-27 22:54:05.847000,2020-09-27 22:54:07.499000
olenz3sm4d7nf6az,failed,not_found,149,7158836DCC91AAA4FAA293FFF0F645DCD0D4EFF9,CE47F0356D86CF0A1A2008D97623216D560FB0A8,FD449127D30D8F5D124653D9EF736EDF4A12B4DC,8CA16E878293D11F0E0803E5FC09F93A5C666889,2020-09-27 22:54:07.500000,2020-09-27 22:54:10.388000
olenz3sm4d7nf6az,failed,not_found,366,7158836DCC91AAA4FAA293FFF0F645DCD0D4EFF9,06D77E461C9814243DA2C6145544D5BB3B46B52E,BF50E09EED25B82861CF95E1AAA42DCFEF53E5D1,8CAA470B905758742203E3EB45941719FCA9FEEC,2020-09-27 22:54:10.388000,2020-09-27 22:54:18.391000
olenz3sm4d7nf6az,failed,not_found,598,7158836DCC91AAA4FAA293FFF0F645DCD0D4EFF9,E6D4332BF40FDEE7814F2DBC926650EF8032B643,594193E51F382E34080D76B5ECAF5C7B67CF05EF,96560F12D1FD54131C59A2352829C2750E5EB796,2020-09-27 22:54:18.391000,2020-09-27 22:54:25.415000
olenz3sm4d7nf6az,failed,not_found,940,7158836DCC91AAA4FAA293FFF0F645DCD0D4EFF9,C7273E54DC970FD18543F521DA883C823BE4AF01,64A0B5722613DDFC2EB84897C550FBF4A096DE0D,8CA736F332937E4FA0F5F48488B823F31883123C,2020-09-27 22:54:25.416000,2020-09-27 22:54:46.760000
olenz3sm4d7nf6az,,,,,,,964B4E8A75263A69769541F2764563DABDD995D2,2020-09-27 22:54:46.760000,
f2lph2lsjuuknt34,failed,not_found,100,7158836DCC91AAA4FAA293FFF0F645DCD0D4EFF9,4F0E5D4E184C40E2B9A89664005B308A1DEE3756,0085057C17BD2E1809E284825F06F94E72FB418C,98E659B5B701076BE433B4723F20A1811739588A,2020-09-27 22:54:05.848000,2020-09-27 22:54:07.556000
f2lph2lsjuuknt34,failed,not_found,152,7158836DCC91AAA4FAA293FFF0F645DCD0D4EFF9,8FD3BAF5E14EBE1124D6253D59882AFE1C2B9B8E,885CFB6921E6E7716BB64783348DDB06E17E5B5A,1CA6E34E762AB5550FBB254A7C7BD874F1550710,2020-09-27 22:54:07.556000,2020-09-27 22:54:10.391000
f2lph2lsjuuknt34,failed,not_found,229,7158836DCC91AAA4FAA293FFF0F645DCD0D4EFF9,D2F4DAC5918BB082A5CFAC5275B29FAC9B399B2B,AF77AA5BD924319510F99B30CD0932D32B01B5C5,1CD17CB202063C51C7DAD3BACEF87ECE81C2350F,2020-09-27 22:54:10.391000,2020-09-27 22:54:14.408000
f2lph2lsjuuknt34,failed,not_found,421,7158836DCC91AAA4FAA293FFF0F645DCD0D4EFF9,99D5C9A5A7238986D1EA1D7771CF81B4A192C4D0,5CF2BC575B3537AEE1E531021E2DB682B591C5A4,1CBFDCABD9012B06471FF868FE02B6BCC0133520,2020-09-27 22:54:14.408000,2020-09-27 22:54:19.677000
f2lph2lsjuuknt34,failed,not_found,659,7158836DCC91AAA4FAA293FFF0F645DCD0D4EFF9,E5112BD6D068483F705B58D25254CA81430BC444,E130296683B896A117CE5DA531A5645644178734,98AEF7B834D688773CE2BCC5A32761A4943CF623,2020-09-27 22:54:19.678000,2020-09-27 22:54:27.902000
f2lph2lsjuuknt34,,,,,,,98BCA63DD82E13A637FF8D0EC28135663DB08CA1,2020-09-27 22:54:27.903000,
csz5fld3v43eeib5,failed,not_found,102,7158836DCC91AAA4FAA293FFF0F645DCD0D4EFF9,05349C0F35C5635A708888004F8B022931E8BEE6,D952BAC96C3FCFB37B7EFF49E615582CD63FF62E,F2AF93D23D91F9CFE03C5151DF01B0481BF99E12,2020-09-27 22:54:05.860000,2020-09-27 22:54:09.715000
csz5fld3v43eeib5,failed,not_found,195,7158836DCC91AAA4FAA293FFF0F645DCD0D4EFF9,E9A6E1549300C3551071B71AC547E2568D9F7CEE,99339F3E68BCCC1391BF14C821D80766FE0C5956,50F6216AD70E26B9FE70808380A1754BDF3DD0E5,2020-09-27 22:54:09.715000,2020-09-27 22:54:13.265000
csz5fld3v43eeib5,failed,not_found,372,7158836DCC91AAA4FAA293FFF0F645DCD0D4EFF9,D0273C8566CC9AECE4C762376C9B066FE0F1DADD,484A10BA2B8D48A5F0216674C8DD50EF27BC32F3,50E3CEA0D7EB9644B89B965743797279196775D5,2020-09-27 22:54:13.266000,2020-09-27 22:54:19.237000
csz5fld3v43eeib5,failed,not_found,380,7158836DCC91AAA4FAA293FFF0F645DCD0D4EFF9,40A60D1F1E8AFBED22FCB30B3FBE2E275A14CF99,D079D6818926684C5979C18171FB18862A4A5792,F2CEC25EDAFEF728FFB12AC23315B83A49C7488F,2020-09-27 22:54:19.238000,2020-09-27 22:54:27.463000
csz5fld3v43eeib5,failed,not_found,1003,7158836DCC91AAA4FAA293FFF0F645DCD0D4EFF9,8B64F593CAC2ED05C0FA703AEF50FF71925B569C,9EA4649400C7D35E20C734FA737CF615E925F1E4,510176C07005D47B23E6796F02C93241A29AA0E9,2020-09-27 22:54:27.463000,2020-09-27 22:54:55.451000
csz5fld3v43eeib5,,,,,,,F2D09EBC1F1BD97A7EEF896D015D6BB9C6874753,2020-09-27 22:54:55.451000,
e2ljtchitgp2hqzi,failed,not_found,103,7158836DCC91AAA4FAA293FFF0F645DCD0D4EFF9,461A6DAE35C7ABA7EF7ECC7F72849F611BB8BA23,2779DB3B7A0EEC32F39792E393CAA134847BBF6C,C7F47D16D262CFE1BFF707E8798B3CA014552423,2020-09-27 22:54:05.872000,2020-09-27 22:54:08.209000
e2ljtchitgp2hqzi,failed,not_found,169,7158836DCC91AAA4FAA293FFF0F645DCD0D4EFF9,20462CBA5DA4C2D963567D17D0B7249718114A68,66F8C32B94D73B51A5D2FA079C6A09047C9ABA71,C841357CFA0F2CE96692EF21D515D6BF0B017036,2020-09-27 22:54:08.210000,2020-09-27 22:54:11.544000
e2ljtchitgp2hqzi,failed,not_found,335,7158836DCC91AAA4FAA293FFF0F645DCD0D4EFF9,1B9FACF25E17D26E307EA7CFA7D455B144B032E5,8F89078575FEE57675A922E9E088918F63AC750C,3F129FB71EB2B019B47403A5552EB2D40E5369F2,2020-09-27 22:54:11.545000,2020-09-27 22:54:15.172000
e2ljtchitgp2hqzi,failed,not_found,698,7158836DCC91AAA4FAA293FFF0F645DCD0D4EFF9,221546DAE86B003139B13BD6F6AE1B4B42B59DF8,594193E51F382E34080D76B5ECAF5C7B67CF05EF,3F1581559522B27BD1342F2A3A0022F273FA93D6,2020-09-27 22:54:15.173000,2020-09-27 22:54:20.887000
e2ljtchitgp2hqzi,failed,not_found,717,7158836DCC91AAA4FAA293FFF0F645DCD0D4EFF9,0DD04EF0B081BBFDE3082D4ECC8A63FD0022FCAF,CCF28BC8FB26C8C172DEE741702056914D2849BD,3F065BB0B02FB2303E144383D16C47A7DED75AE7,2020-09-27 22:54:20.887000,2020-09-27 22:54:31.347000
e2ljtchitgp2hqzi,,,,,,,C804BE8FB1C7C42D43C4A5E2039E77AA0FF3A8B4,2020-09-27 22:54:31.348000,
rp5tn24iyusgjd6m,failed,not_found,104,7158836DCC91AAA4FAA293FFF0F645DCD0D4EFF9,3FE39429CB7077BBB13D2774591A1B80EE493742,8C9704A8068E46CD91287DE3C332EFE2E21C685A,0F6E56C326DC9719942E8BBA58C22F71332DA891,2020-09-27 22:54:05.875000,2020-09-27 22:54:07.714000
rp5tn24iyusgjd6m,failed,not_found,265,7158836DCC91AAA4FAA293FFF0F645DCD0D4EFF9,65F241195AD0C8F124B134D8E1FECDDE42C379F9,E6C04728E9339DF22F331B7017D4A7AA3F252F0B,0F6A04276CB95D042AEE8D28B745878F827D210D,2020-09-27 22:54:07.715000,2020-09-27 22:54:15.724000
rp5tn24iyusgjd6m,failed,not_found,466,7158836DCC91AAA4FAA293FFF0F645DCD0D4EFF9,5C5D61F279AA0816F506FD5CE86C30F256291DDE,19DEA2B8BBD3613C50CA24C96C4DE0C3ADAF4A3E,F9246DEF2B653807236DA134F2AEAB103D58ABFE,2020-09-27 22:54:15.724000,2020-09-27 22:54:21.163000
rp5tn24iyusgjd6m,failed,not_found,762,7158836DCC91AAA4FAA293FFF0F645DCD0D4EFF9,005079A42356183CEA5A3ADD239303F44F12E7EA,B04EA2B400D9679E72284E12FB81E68756670A3A,0F6E5CA4BF5565D9AA9FDDCA165AFC6A5305763D,2020-09-27 22:54:21.163000,2020-09-27 22:54:33.281000
rp5tn24iyusgjd6m,,,,,,,F92819F9B74BDF438FA9DA2E0163C3A1B44B0CEA,2020-09-27 22:54:33.282000,
ncpylks3f2rxfstq,failed,not_found,127,7158836DCC91AAA4FAA293FFF0F645DCD0D4EFF9,F38FB55A8CCA6A00CDD024A5EA2CFECB38A48E15,7D928720EC0CB5C2AFE04DF0EBC37BD59B00EAB4,E6898F94A2CBF583B48FB16D2C37F9B55037E9F9,2020-09-27 22:54:07.290000,2020-09-27 22:54:09.386000
ncpylks3f2rxfstq,failed,not_found,193,7158836DCC91AAA4FAA293FFF0F645DCD0D4EFF9,A171F8332AA037A2855C390488F8EFDFD438AAE6,35DBE43445BB44D817084200BA05E8A0573EDFD4,E689C03C0990FDCE4FD25C5F1DF17D5DA793B620,2020-09-27 22:54:09.387000,2020-09-27 22:54:12.894000
ncpylks3f2rxfstq,failed,not_found,342,7158836DCC91AAA4FAA293FFF0F645DCD0D4EFF9,9EB3FD84065E5622A57EFEF14E41A01B5B99A022,80C113BCE9356B4DECF94E7CF4A8C0BD315EE8E8,0C039F35C2E40DCB71CD8A07E97C7FD7787D42D6,2020-09-27 22:54:12.895000,2020-09-27 22:54:17.493000
ncpylks3f2rxfstq,failed,not_found,541,7158836DCC91AAA4FAA293FFF0F645DCD0D4EFF9,FF9FC6D130FA26AE3AE8B23688691DC419F0F22E,EE7CD2A763435C7006095BD167C790ABE5BC4DEA,0BE6EEB76C5641BF5D2E63C49C28CD50D2A40C15,2020-09-27 22:54:17.493000,2020-09-27 22:54:24.687000
ncpylks3f2rxfstq,failed,not_found,913,7158836DCC91AAA4FAA293FFF0F645DCD0D4EFF9,AED04C65D2D0D70DB2932D7D5A0BA58169168CC1,C2B1BF766B95CF7B8B381357F6C376461B58DEB8,E6AB0CADE4A8300EAE81D51189C4B23ADE43B58C,2020-09-27 22:54:24.687000,2020-09-27 22:54:46.232000
ncpylks3f2rxfstq,,,,,,,0BF606DE836D4C794CAFF7CA78720F8C87660998,2020-09-27 22:54:46.232000,
t7ihtevzc7pftcwb,failed,not_found,128,7158836DCC91AAA4FAA293FFF0F645DCD0D4EFF9,C5A1D5B7CB0D12A7B7334F2915134E6DA8F5C46D,69BE1831EC63C751D241E5E962DA4793355A6253,0F52E9652F96AD1D500AC062350A149902C128B9,2020-09-27 22:54:07.305000,2020-09-27 22:54:09.071000
t7ihtevzc7pftcwb,failed,not_found,295,7158836DCC91AAA4FAA293FFF0F645DCD0D4EFF9,8E39881472946D5BBE41765470D9E3099A0EB4C7,97B7BA747B62A9962DEDCE404FF33106D4032F91,EE3DDF00C1ADC567F333B9BA819C8F252A32933C,2020-09-27 22:54:09.072000,2020-09-27 22:54:16.301000
t7ihtevzc7pftcwb,failed,not_found,497,7158836DCC91AAA4FAA293FFF0F645DCD0D4EFF9,B0335F7872A698A86E5E9AC3CF323B50AEF9C081,66BD39FE805AED414ADE400CAAD862C9CC3AC34E,0F59911D698D3FFE2433B7AB31362FB1EA10237F,2020-09-27 22:54:16.301000,2020-09-27 22:54:22.405000
t7ihtevzc7pftcwb,failed,not_found,812,7158836DCC91AAA4FAA293FFF0F645DCD0D4EFF9,1145A39EC0CE18834E67D2799E3C5D87453C5EF2,F38FB55A8CCA6A00CDD024A5EA2CFECB38A48E15,EE36437DFD15BFBDE7D7F471727C3050EB4EDCC5,2020-09-27 22:54:22.405000,2020-09-27 22:54:37.475000
t7ihtevzc7pftcwb,,,,,,,EE3AC155F03CDA6BDD8877179A91F3CEEB0FDE05,2020-09-27 22:54:37.475000,
mwdcjay3limxhtmi,failed,not_found,130,7158836DCC91AAA4FAA293FFF0F645DCD0D4EFF9,F6740DEABFD5F62612FA025A5079EA72846B1F67,537DFC2019C77FF60A0A29BEF358F7F6D6C68688,5645739E8EF72CA7D9EE1E12678B51A6FF8711C1,2020-09-27 22:54:07.307000,2020-09-27 22:54:09.078000
mwdcjay3limxhtmi,failed,not_found,187,7158836DCC91AAA4FAA293FFF0F645DCD0D4EFF9,B0A63BC3FDA67A7ADD1BE08BAA8309C4B204D29B,8358BDDA9C9A680B4E3A2809E5C24F5B3624D5C2,361FAD570CA5DECF10A1C27EC3F8961D076E10D2,2020-09-27 22:54:09.079000,2020-09-27 22:54:12.278000
mwdcjay3limxhtmi,failed,not_found,322,7158836DCC91AAA4FAA293FFF0F645DCD0D4EFF9,513753D2C4A1246DCC21241C5BE5022CCBD2645C,A3AFBDEE30238E44899C9F8B7666D12B09C8EE32,562C61C7F885741D599DB7A1235791D928BEADFD,2020-09-27 22:54:12.279000,2020-09-27 22:54:16.925000
mwdcjay3limxhtmi,failed,not_found,516,7158836DCC91AAA4FAA293FFF0F645DCD0D4EFF9,0C6D3655763B1A3A60FC42135CD60765AFE953BA,8B6B10A0AED89408E509D4422EC926C89C7933D0,563C8868165186D2F7BA1FCF982EB20DEB82B350,2020-09-27 22:54:16.926000,2020-09-27 22:54:23.233000
mwdcjay3limxhtmi,failed,not_found,842,7158836DCC91AAA4FAA293FFF0F645DCD0D4EFF9,ADD3FC59BA3728DA79662C9ECDD74780CC5A3AFA,47E0EEB4E75C2C3633A7E294885F146B1E786DA9,35E98FB0B591DF3B357FFEDD3DADB10DAD027D7D,2020-09-27 22:54:23.234000,2020-09-27 22:54:38.809000
mwdcjay3limxhtmi,,,,,,,36045C1900EC3FDF1DDA9BEC72DDF7DE50DAF021,2020-09-27 22:54:38.810000,
utck2tmhsjisq6jx,failed,not_found,131,7158836DCC91AAA4FAA293FFF0F645DCD0D4EFF9,E00764EDD2D5DA338CEA2EED8691E1FCAAF4A6E9,91517F219F7648E4B8BBF3C162C77DDC55315612,361FAD570CA5DECF10A1C27EC3F8961D076E10D2,2020-09-27 22:54:07.309000,2020-09-27 22:54:09.544000
utck2tmhsjisq6jx,failed,not_found,194,7158836DCC91AAA4FAA293FFF0F645DCD0D4EFF9,60E4C5E306D2DB22890EE24A09F9B6C30AF396A8,C0E6A667064385B9CB5A685CEB06B85EDDA6AA00,36045C1900EC3FDF1DDA9BEC72DDF7DE50DAF021,2020-09-27 22:54:09.545000,2020-09-27 22:54:13.700000
utck2tmhsjisq6jx,failed,not_found,394,7158836DCC91AAA4FAA293FFF0F645DCD0D4EFF9,DB7564CC6C0A38B40BAE93755884B9B01165BE06,906933A309F15D7CF379127078A6791DF9B0C763,35E98FB0B591DF3B357FFEDD3DADB10DAD027D7D,2020-09-27 22:54:13.701000,2020-09-27 22:54:19.310000
utck2tmhsjisq6jx,failed,not_found,646,7158836DCC91AAA4FAA293FFF0F645DCD0D4EFF9,A8D44B832F3267ABFC73F540C6C4CF0229FD7EB3,7C22E89AB620E77DF1B4A33787A5EC3F2AB4A8D1,07C8367E5B7D178B899578578BFC111FB4DDF2EA,2020-09-27 22:54:19.311000,2020-09-27 22:54:27.630000
utck2tmhsjisq6jx,,,,,,,07C3EBBE41DF9FE8551DF69642FEBA70E954DC0F,2020-09-27 22:54:27.630000,
yngu3i4ujtqcekqa,failed,not_found,132,7158836DCC91AAA4FAA293FFF0F645DCD0D4EFF9,F6740DEABFD5F62612FA025A5079EA72846B1F67,EE010EF80A27AC0B02CDC2B8B214A6201BB02D2B,77E01A5D31748474C4F5F086C2461E04A26B34F1,2020-09-27 22:54:07.352000,2020-09-27 22:54:09.514000
yngu3i4ujtqcekqa,failed,not_found,183,7158836DCC91AAA4FAA293FFF0F645DCD0D4EFF9,BF0FB582E37F738CD33C3651125F2772705BB8E8,47A83EC4D144FB8094A57DC5AEB39E9F6F174036,77FE98445048C5776661BB54AECAA7A11AE85D78,2020-09-27 22:54:09.515000,2020-09-27 22:54:12.186000
yngu3i4ujtqcekqa,failed,not_found,292,7158836DCC91AAA4FAA293FFF0F645DCD0D4EFF9,9F5068310818ED7C70B0BC4087AB55CB12CB4377,C25E5C62897BACBA309571C2548084B45050FEDF,77DD258F0D58792E0DCBDAA0BC66A1DC5F8D84AD,2020-09-27 22:54:12.187000,2020-09-27 22:54:16.123000
yngu3i4ujtqcekqa,failed,not_found,490,7158836DCC91AAA4FAA293FFF0F645DCD0D4EFF9,9F5068310818ED7C70B0BC4087AB55CB12CB4377,B9DA8784541E87F9E494A78B6A49FE4443B31142,239A2E0F09B8FEA551727486519040598A022778,2020-09-27 22:54:16.124000,2020-09-27 22:54:22.403000
yngu3i4ujtqcekqa,failed,not_found,701,7158836DCC91AAA4FAA293FFF0F645DCD0D4EFF9,F8DE8132E599A194E20DDB738AF64A7200CD5949,BFBD954BE6225FFF1464E66AE647AAD6042936DD,23A022058948867659E69A5282AC4E367B2ACFBD,2020-09-27 22:54:22.403000,2020-09-27 22:54:46.393000
yngu3i4ujtqcekqa,,,,,,,2398B7FD6C9C97A20FDD7E637CBDAD175D5B761F,2020-09-27 22:54:46.394000,
45kwsywj7ht632yu,failed,not_found,133,7158836DCC91AAA4FAA293FFF0F645DCD0D4EFF9,E1468D867FA3230EC1DACFCA87A800BAF22E79E0,3FE39429CB7077BBB13D2774591A1B80EE493742,A2C3CB1520C75BEDB21244FD1DF1C371C26E959E,2020-09-27 22:54:07.352000,2020-09-27 22:54:10.085000
45kwsywj7ht632yu,failed,not_found,211,7158836DCC91AAA4FAA293FFF0F645DCD0D4EFF9,80C113BCE9356B4DECF94E7CF4A8C0BD315EE8E8,20FD9F93C8C67E198929FD9A0B8ED84134877FBB,A2CBEC70217814A9DFB21069F8510BE418ABB094,2020-09-27 22:54:10.085000,2020-09-27 22:54:13.694000
45kwsywj7ht632yu,failed,not_found,392,7158836DCC91AAA4FAA293FFF0F645DCD0D4EFF9,A1B7C1F83E5DA4376FD2E1DBA7AC28A71AB332AD,EAA088440B100FF8407266B5D4853FFB16A8CB67,A29FE1986470504D332B437161027C813146FF0B,2020-09-27 22:54:13.694000,2020-09-27 22:54:18.984000
45kwsywj7ht632yu,failed,not_found,681,7158836DCC91AAA4FAA293FFF0F645DCD0D4EFF9,160B5805A781D93390D4A2AE05EA9C5B438E7967,875F74A3DC14737BECA06F8B500022154D1A29D1,9A7417BA401B8C7EFDE24945E18145A1EDA730E7,2020-09-27 22:54:18.984000,2020-09-27 22:54:30.879000
45kwsywj7ht632yu,,,,,,,9A5754CD0C987355EB3D8AD4BEF4A2A841740520,2020-09-27 22:54:30.880000,
g6sntts2a6ib3j3p,failed,not_found,134,7158836DCC91AAA4FAA293FFF0F645DCD0D4EFF9,6D40A3DB3CA5946DF366B63C9EB02FAC03B87BC9,2DE6CA505E2FEDA6547B641A96C0B5C38E9F9F4C,7D277B076A1A044F0FDEE9EAB02CFFF655C29894,2020-09-27 22:54:07.352000,2020-09-27 22:54:10.965000
g6sntts2a6ib3j3p,failed,not_found,245,7158836DCC91AAA4FAA293FFF0F645DCD0D4EFF9,40A60D1F1E8AFBED22FCB30B3FBE2E275A14CF99,F8D27B163B9247B232A2EEE68DD8B698695C28DE,7CD234DFEFE8F215EC9AE2BC1D2CAFC9E0D1CC00,2020-09-27 22:54:10.966000,2020-09-27 22:54:14.917000
g6sntts2a6ib3j3p,failed,not_found,431,7158836DCC91AAA4FAA293FFF0F645DCD0D4EFF9,E81993EA52B73285CFFD02FEC003569D21483001,18B160CD5E22BFC345AEE7BA84B7EA45BF457FCA,5A127C65B275540A90DBF60F33D55BAF5D512B9E,2020-09-27 22:54:14.918000,2020-09-27 22:54:21.060000
g6sntts2a6ib3j3p,failed,not_found,746,7158836DCC91AAA4FAA293FFF0F645DCD0D4EFF9,C1DCC470C80F6D702C5ED11515936444BD3A0255,D52A160303C638D9FB03463F8A6B7934D5787F4C,7D044CBC4763D4BE7F115FBFC3B7B76DA8432348,2020-09-27 22:54:21.061000,2020-09-27 22:54:32.785000
g6sntts2a6ib3j3p,,,,,,,5A14FBBBAF842124A0AF3C650F4302C5B549AB17,2020-09-27 22:54:32.786000,
alddip5eige4223f,failed,not_found,135,7158836DCC91AAA4FAA293FFF0F645DCD0D4EFF9,B74DABBE248B935CDC1038CD5C9280878C8C94E7,CC6910CF21D17C1BD68FE224CE7685BEB42558A8,2757DFBECFF7B5B02680F5CE084A44FDBC08B196,2020-09-27 22:54:07.353000,2020-09-27 22:54:10.245000
alddip5eige4223f,failed,not_found,217,7158836DCC91AAA4FAA293FFF0F645DCD0D4EFF9,0F89912E6A4C4A8ACE43C58FF8B83CA299BFF74F,8111FEB45EF2950EB8F84BFD8FF070AB07AEE9DD,276AE7A0E974FC96B0933F1DA8FD51FD3BA59944,2020-09-27 22:54:10.245000,2020-09-27 22:54:13.728000
alddip5eige4223f,failed,not_found,396,7158836DCC91AAA4FAA293FFF0F645DCD0D4EFF9,02758CD398E3F842EF82478078AAAE0273770DB2,22E6FBDB8D77B4C0FA017D6C5F9B45BECDCBCFF8,BA38FDB6FE97442388C35FE83F371BB1C6C4324B,2020-09-27 22:54:13.729000,2020-09-27 22:54:19.339000
alddip5eige4223f,failed,not_found,648,7158836DCC91AAA4FAA293FFF0F645DCD0D4EFF9,F38FB55A8CCA6A00CDD024A5EA2CFECB38A48E15,14D57DEDF0A4554A2D21AD53CCCC43E31158C733,2751A18D2966DB9A955FAE0BD7D7431B9E2FECA4,2020-09-27 22:54:19.339000,2020-09-27 22:54:27.530000
alddip5eige4223f,failed,not_found,929,7158836DCC91AAA4FAA293FFF0F645DCD0D4EFF9,BF2BF901643D3B8BC1BC1F62705AC661EA5E0E9E,92E807AC5E23CCD9FE623EA4DC020B1627A0D09B,BA38C5688E103AE11F50D7188C8E5FDB4B0E5553,2020-09-27 22:54:27.530000,2020-09-27 22:54:54.336000
alddip5eige4223f,,,,,,,BA0BA7A976F153DBB050266CD3D21F499FCB975D,2020-09-27 22:54:54.337000,
5nbfrmfcvshwkchq,failed,not_found,230,7158836DCC91AAA4FAA293FFF0F645DCD0D4EFF9,B04EA2B400D9679E72284E12FB81E68756670A3A,0CD9E401F1ACE013988F25E4E4B1BEE3FC1DB7E8,F1B1E1267A9301244120EF7D47CD4174FD94FD60,2020-09-27 22:54:07.353000,2020-09-27 22:54:14.438000
5nbfrmfcvshwkchq,failed,not_found,423,7158836DCC91AAA4FAA293FFF0F645DCD0D4EFF9,EEA500A216DAA83E7815F2C46786652935FD7351,FD79B7F9230858B48E75F389661840C702511078,68315A0AC5FB2DFE55943A2A174AB02535CDCFA6,2020-09-27 22:54:14.439000,2020-09-27 22:54:20.477000
5nbfrmfcvshwkchq,failed,not_found,708,7158836DCC91AAA4FAA293FFF0F645DCD0D4EFF9,44DC23661E05DEFD94398936D9334987ABCB6E5E,87C08DDFD32C62F3C56D371F9774D27BFDBB807B,67FBB854B6DBD2DCBA5747FD761BF36096EFC0C0,2020-09-27 22:54:20.478000,2020-09-27 22:54:29.982000
5nbfrmfcvshwkchq,,,,,,,F1A7CE1B1D558DC24E39B6B30FF217ECCEECF141,2020-09-27 22:54:29.983000,
qgjmi56fsddfqrjn,failed,not_found,141,7158836DCC91AAA4FAA293FFF0F645DCD0D4EFF9,FDFD675D05216549EB7DA545E32ECFCEEAE805F2,18EF781925EDF5463338AB450EF0C56C5CAA2F1A,65A90AB81C44DD7D9B73B5529B1151798534AF74,2020-09-27 22:54:07.353000,2020-09-27 22:54:11.120000
qgjmi56fsddfqrjn,failed,not_found,255,7158836DCC91AAA4FAA293FFF0F645DCD0D4EFF9,9B5ED3370E002AEBB2A9B25E3213C1817CCD2D88,8C94FAB733C8F1E6C1828946DB77699DD9AC63D7,A8503903F97FF27F5D1C3CA38817329F581925E6,2020-09-27 22:54:11.120000,2020-09-27 22:54:15.416000
qgjmi56fsddfqrjn,failed,not_found,456,7158836DCC91AAA4FAA293FFF0F645DCD0D4EFF9,53134D9637D9FBE565FA1E3AF82B23CC964C56D6,070229A4CC2CFFB24EB667298A7DB5E8D11EB701,657D2F4DD76D1BA7877EB2F1742ED9898EB04629,2020-09-27 22:54:15.416000,2020-09-27 22:54:21.798000
qgjmi56fsddfqrjn,failed,not_found,784,7158836DCC91AAA4FAA293FFF0F645DCD0D4EFF9,4EBE3B18F7D38D0A2FDD67B47A55CB9069368723,EBB76D096FF5787A303B2C81E21BFF9816C6FA0D,659C3A63E5D848EB0973DFE1AFE214A6C74AFDDD,2020-09-27 22:54:21.798000,2020-09-27 22:54:34.785000
qgjmi56fsddfqrjn,,,,,,,A857DA8F3728DE4475BFCD86D91351F5E302B3DF,2020-09-27 22:54:34.785000,
3ih2q6oym36kgmxu,failed,not_found,142,7158836DCC91AAA4FAA293FFF0F645DCD0D4EFF9,C3263F4B4E92127B7CD15E8F9746B4382233424A,CDAF0B74C45FD5B1955198A8D92C8A518A53D07B,7430F66B1CABCB52D583C9C3035EE19A3E87A23E,2020-09-27 22:54:07.354000,2020-09-27 22:54:10.206000
3ih2q6oym36kgmxu,failed,not_found,213,7158836DCC91AAA4FAA293FFF0F645DCD0D4EFF9,03E0F4EE272731601773F48E64240D3A8896A5E3,E0F638ECCE918B5455CE29D2CD9ECC9DBD8F8B21,E605E70E86A7777A22DF2259DFA9C5360B54346A,2020-09-27 22:54:10.207000,2020-09-27 22:54:13.526000
3ih2q6oym36kgmxu,,,,,,,740E4C4842E4C190DFEC278EC1FD754FD261A864,2020-09-27 22:54:13.527000,
nltt3fuagxbq7o76,failed,not_found,144,7158836DCC91AAA4FAA293FFF0F645DCD0D4EFF9,0085057C17BD2E1809E284825F06F94E72FB418C,128FC6D8FBF753121C5662FEE309CCD47B64BA6B,D14EC16949648CEE84EA1664445029EA4B597074,2020-09-27 22:54:07.354000,2020-09-27 22:54:10.207000
nltt3fuagxbq7o76,failed,not_found,270,7158836DCC91AAA4FAA293FFF0F645DCD0D4EFF9,11C3D14A1166AEDED6D247A32DE6451F6C95223A,061E0496931D23A81A2B685C9339D36857DD0FA1,135BDF845FA5B15D5B7A1CB2491EC18B15F2574C,2020-09-27 22:54:10.207000,2020-09-27 22:54:15.439000
nltt3fuagxbq7o76,failed,not_found,692,7158836DCC91AAA4FAA293FFF0F645DCD0D4EFF9,E81EF60A73B3809F8964F73766B01BAA0A171E20,E13F7EE1535ED8AEAB92A5EEAEE9A0C782ED33E2,D1640589B1C0CC8BC657E07F9F739C267C08A768,2020-09-27 22:54:15.439000,2020-09-27 22:54:21.115000
nltt3fuagxbq7o76,failed,not_found,748,7158836DCC91AAA4FAA293FFF0F645DCD0D4EFF9,061E0496931D23A81A2B685C9339D36857DD0FA1,34979DBD475FFED9CF6556E349DDEDEE69104345,133F46E459299E1DCBE91525C353A9DB25C474DB,2020-09-27 22:54:21.115000,2020-09-27 22:54:33.335000
nltt3fuagxbq7o76,,,,,,,133889AB7079199A4370C87CC7A5CBFFEEC6DE84,2020-09-27 22:54:33.335000,
x2dq7twzy3jffg34,failed,not_found,161,7158836DCC91AAA4FAA293FFF0F645DCD0D4EFF9,B00B6BA943600447CF72D58DB7A35B16754E43C8,63BF46A63F9C21FD315CD061B3EAA3EB05283A0A,51D3F56EC4543E191B13E614A298ECBC35BEA92E,2020-09-27 22:54:07.953000,2020-09-27 22:54:11.197000
x2dq7twzy3jffg34,failed,not_found,259,7158836DCC91AAA4FAA293FFF0F645DCD0D4EFF9,9B5ED3370E002AEBB2A9B25E3213C1817CCD2D88,1B90395827F7499A37C73F09BC5AA0225808F6FC,51E1CF613FD6F9F11FE24743C91D6F9981807D82,2020-09-27 22:54:11.198000,2020-09-27 22:54:15.287000
x2dq7twzy3jffg34,failed,not_found,454,7158836DCC91AAA4FAA293FFF0F645DCD0D4EFF9,C0F3C0EF81D84182379AA4CA5AD5A5289D011145,FBC2856A48705F3ED17E504F8FC89EC6433ED25D,51CD9DB00357405FC41AF0FA513688D02BDA0C0E,2020-09-27 22:54:15.287000,2020-09-27 22:54:21.635000
x2dq7twzy3jffg34,failed,not_found,776,7158836DCC91AAA4FAA293FFF0F645DCD0D4EFF9,6B7ABD237CF25E5F787F365AF5FC4C86F0213A9F,A50CFA07258E3CEA7B06FC9B6248A257565287F5,A123F404BD9A15D96CC7930C2BE28103341AC68B,2020-09-27 22:54:21.636000,2020-09-27 22:54:34.718000
x2dq7twzy3jffg34,,,,,,,A13281DBD8F8E484E95DD273B3EE7FC14C1B0A7A,2020-09-27 22:54:34.719000,
bgyz3rppi4enbtnf,failed,not_found,162,7158836DCC91AAA4FAA293FFF0F645DCD0D4EFF9,4011E1BB0E5B9A22AF665B553BFFDDE22A517B16,25B694EA95F825F156C5DAE5607B3375E86C0C4E,C4FD2403CC929297B559A49E582516944F75C6A9,2020-09-27 22:54:07.958000,2020-09-27 22:54:11.163000
bgyz3rppi4enbtnf,failed,not_found,281,7158836DCC91AAA4FAA293FFF0F645DCD0D4EFF9,AD7552F2CFBF472F9FFE748D3E82994EA6050A76,277F5717A62B3A728C98B3168E484BC08B4997E3,C51701910DEA998F4F51287A71B7E94449A3E9BC,2020-09-27 22:54:11.163000,2020-09-27 22:54:15.600000
bgyz3rppi4enbtnf,failed,not_found,464,7158836DCC91AAA4FAA293FFF0F645DCD0D4EFF9,CCF28BC8FB26C8C172DEE741702056914D2849BD,20386D9A32BECBE602375E015FC70117955653F1,C542D452D42DBD01A071D2DA1CE6EE15AF40F5C2,2020-09-27 22:54:15.601000,2020-09-27 22:54:21.547000
bgyz3rppi4enbtnf,failed,not_found,771,7158836DCC91AAA4FAA293FFF0F645DCD0D4EFF9,01384A5D9C6D34352701BF86D04E5F406CB256AE,6B9EA8927AB6E94E216067E65372182343A5AFA2,DD8BD7307017407FCC36F8D04A688F74A0774C02,2020-09-27 22:54:21.548000,2020-09-27 22:54:33.587000
bgyz3rppi4enbtnf,,,,,,,DDBB2A38252ADDA53E4492DDF982CA6CC6E10EC0,2020-09-27 22:54:33.588000,
vkt2w3t5mhytai4h,failed,not_found,164,7158836DCC91AAA4FAA293FFF0F645DCD0D4EFF9,461D6EA15966C7F99B43D37ADC116B5B8E47D130,66BD39FE805AED414ADE400CAAD862C9CC3AC34E,2CCCE975EAA30BC303DE0B5FCE50A25917F6A531,2020-09-27 22:54:07.958000,2020-09-27 22:54:11.492000
vkt2w3t5mhytai4h,failed,not_found,264,7158836DCC91AAA4FAA293FFF0F645DCD0D4EFF9,3B4C5729F829CA2E895B81AF834A63DB336D0FFE,E9F71AC06F29B2110E3FC09016B0E50407444EE2,0C6CA58153400FA077EABB14773E36FD61BF0D75,2020-09-27 22:54:11.492000,2020-09-27 22:54:15.761000
vkt2w3t5mhytai4h,failed,not_found,468,7158836DCC91AAA4FAA293FFF0F645DCD0D4EFF9,CACD9D63B759B35555D8C965A3E01071E9DFB44C,1B91B86B67317A63636FE38ABE6C4E701A2B1A99,2CC941573AE68528BE731B758BCABBE0CE62F231,2020-09-27 22:54:15.761000,2020-09-27 22:54:21.572000
vkt2w3t5mhytai4h,failed,not_found,774,7158836DCC91AAA4FAA293FFF0F645DCD0D4EFF9,E5CC91BAFE7CCD68003E873D32E38027638D49D7,8DCB526722FBE2B3F4C0CE9D020B0589170F8BDA,0C6842CCF836DE08EFEA0BD6C1471AE3463B9B71,2020-09-27 22:54:21.572000,2020-09-27 22:54:34.053000
vkt2w3t5mhytai4h,,,,,,,0C6D3655763B1A3A60FC42135CD60765AFE953BA,2020-09-27 22:54:34.053000,
q6bti2wbd676j3tv,failed,not_found,165,7158836DCC91AAA4FAA293FFF0F645DCD0D4EFF9,2129BE984516F5A6449836F1FA36D42A1E191B4D,8E7ACAD878BBD61097C0E0D557160F5D59BCE5CA,37B97F98AA1A51FF282660D3E440DAD9687BA814,2020-09-27 22:54:07.962000,2020-09-27 22:54:11.928000
q6bti2wbd676j3tv,failed,not_found,285,7158836DCC91AAA4FAA293FFF0F645DCD0D4EFF9,036A7CD36D6F7A97C7B4AF896D9F11AB719F0DF7,BA27D43AC00F014945DC32D036056F13FE1D5243,08E9530B399F7A71936066586B31A66877066458,2020-09-27 22:54:11.928000,2020-09-27 22:54:15.834000
q6bti2wbd676j3tv,failed,not_found,470,7158836DCC91AAA4FAA293FFF0F645DCD0D4EFF9,F5C3DA7642BB037E0D279359AE88CD7FC03A98A0,2CE96A8A1DA032664C90F574AFFBECE18A6E8DFC,08CD9D4224058DC97A1F27679A5BEE5724C4C6EC,2020-09-27 22:54:15.835000,2020-09-27 22:54:21.242000
q6bti2wbd676j3tv,failed,not_found,922,7158836DCC91AAA4FAA293FFF0F645DCD0D4EFF9,60AB497573021910A2DE9BAB69573CA57D01395A,5CF2BC575B3537AEE1E531021E2DB682B591C5A4,37B1AB178ABDD0C80649ECF8A79651E331B78290,2020-09-27 22:54:21.243000,2020-09-27 22:54:47.901000
q6bti2wbd676j3tv,,,,,,,37A831DCC0027923A474F1277F6261EE8D9D0B46,2020-09-27 22:54:47.901000,
tmqy7bvucsfkzrgp,failed,not_found,166,7158836DCC91AAA4FAA293FFF0F645DCD0D4EFF9,33AA6CFE161A698169B548C9D973DAE6DED6BF0E,CB1EC403A7331FE26F218D178DF8908014CC4F65,1FC55B6E54789CB4AEF1F5A9D35C4420789AB5DE,2020-09-27 22:54:07.962000,2020-09-27 22:54:11.514000
tmqy7bvucsfkzrgp,,,,,,,1FBEAFC6CFE71F1EEC3D5F62A2D896B1F87B2F4D,2020-09-27 22:54:11.514000,
sb3imj5fyvbxj2vj,failed,not_found,167,7158836DCC91AAA4FAA293FFF0F645DCD0D4EFF9,ECC17C0BA74113FB7A4F58DAF2FF1EE23CE5DF06,21C9D9F1633246269DEB84A79495E85C07E8466D,69BE1831EC63C751D241E5E962DA4793355A6253,2020-09-27 22:54:07.965000,2020-09-27 22:54:11.449000
sb3imj5fyvbxj2vj,failed,not_found,231,7158836DCC91AAA4FAA293FFF0F645DCD0D4EFF9,61004152C709672EE739F2667B56EF5550A51332,86CDD0D92AB972538416A382D99666736CDDF141,9F688C46E0046AD2C026C18D9343252279E42535,2020-09-27 22:54:11.449000,2020-09-27 22:54:14.262000
sb3imj5fyvbxj2vj,failed,not_found,419,7158836DCC91AAA4FAA293FFF0F645DCD0D4EFF9,C7D48FA375F1DE6EA39FD95333A7475BBD83931D,1226956E8B2EC04BE7B297734C929636394F36D3,69C4C2CFCF6B418636976B5FFC0140A3BE211312,2020-09-27 22:54:14.262000,2020-09-27 22:54:20.328000
sb3imj5fyvbxj2vj,failed,not_found,703,7158836DCC91AAA4FAA293FFF0F645DCD0D4EFF9,B8E514ADDC653D61DE1FCB67821BB0303778782F,74AC10CA94E400BA4D69E397562597CA04FC5352,9F5068310818ED7C70B0BC4087AB55CB12CB4377,2020-09-27 22:54:20.329000,2020-09-27 22:54:31.215000
sb3imj5fyvbxj2vj,,,,,,,69B53A5AE5025DA8947F7C32F69CA90375ED2A4E,2020-09-27 22:54:31.215000,
ei2wh6eb5y2eol3h,failed,not_found,277,7158836DCC91AAA4FAA293FFF0F645DCD0D4EFF9,B15C0071EAF508AAEE29DB9D07607C84AA2DDEB3,1F4105C688E835A56AF3D66C787677B57240FFA2,D37DD572BDA66FC03A33F257975A7F9C167AC8E5,2020-09-27 22:54:08.951000,2020-09-27 22:54:15.959000
ei2wh6eb5y2eol3h,failed,not_found,472,7158836DCC91AAA4FAA293FFF0F645DCD0D4EFF9,537DFC2019C77FF60A0A29BEF358F7F6D6C68688,A1B28D636A56AAFFE92ADCCA937AA4BD5333BB4C,D380C57ADE8FF1989F67D22055CEAAD7F1689AD5,2020-09-27 22:54:15.959000,2020-09-27 22:54:21.712000
ei2wh6eb5y2eol3h,failed,not_found,778,7158836DCC91AAA4FAA293FFF0F645DCD0D4EFF9,B96B5141004995295FE87DCCE1A54519BD0BB48A,85A3AC041E3FCD796AF5D653953D5E27A56E3719,1BD3B1951420BF0CF9F979B9276C0549EB03892C,2020-09-27 22:54:21.712000,2020-09-27 22:54:34.175000
ei2wh6eb5y2eol3h,,,,,,,1BD9EEB6725555246E8ADFFA5FA6B1D82F43447D,2020-09-27 22:54:34.176000,
vc2wr4umvkesa7ut,failed,not_found,288,7158836DCC91AAA4FAA293FFF0F645DCD0D4EFF9,03E0F4EE272731601773F48E64240D3A8896A5E3,38EF2FCFE72C49C634FE082D6CAB5D8F423B4626,E6AB0CADE4A8300EAE81D51189C4B23ADE43B58C,2020-09-27 22:54:08.953000,2020-09-27 22:54:16.002000
vc2wr4umvkesa7ut,failed,not_found,478,7158836DCC91AAA4FAA293FFF0F645DCD0D4EFF9,4623A9EC53BFD83155929E56D6F7B55B5E718C24,567E9785458C605E59202755C74898E3C96FB1CC,E689C03C0990FDCE4FD25C5F1DF17D5DA793B620,2020-09-27 22:54:16.003000,2020-09-27 22:54:22.244000
vc2wr4umvkesa7ut,failed,not_found,804,7158836DCC91AAA4FAA293FFF0F645DCD0D4EFF9,2AE2CA4BD2B7754F29432C25E03314D52AC4CAF1,310723122778237508274A36E9557B060A531BDD,21B55072C00F4522857655FBB0F3E25D75A5357B,2020-09-27 22:54:22.245000,2020-09-27 22:54:36.163000
vc2wr4umvkesa7ut,,,,,,,E6898F94A2CBF583B48FB16D2C37F9B55037E9F9,2020-09-27 22:54:36.163000,
aem3xshlykss7lvm,failed,not_found,179,7158836DCC91AAA4FAA293FFF0F645DCD0D4EFF9,CBB5AE37E2927A915D70FA71572D2EA203F03E83,5FD8DA8E88DADB97D132A56ADE73DB60F21A9393,6DFB4AC8B5E7B1AD0B3F5F465F774A421C66CBBA,2020-09-27 22:54:08.995000,2020-09-27 22:54:12.273000
aem3xshlykss7lvm,failed,not_found,320,7158836DCC91AAA4FAA293FFF0F645DCD0D4EFF9,EEDF0AF1F892C82F056063827B47283CC9AEAA41,20CD933EDC7260B19040475B24FD6B01B73E94BB,6DFEB2BFBFA9DBEDCE2DE932F9D16EE7E0530ED1,2020-09-27 22:54:12.273000,2020-09-27 22:54:17.339000
aem3xshlykss7lvm,failed,not_found,593,7158836DCC91AAA4FAA293FFF0F645DCD0D4EFF9,9F5068310818ED7C70B0BC4087AB55CB12CB4377,37535409102DFFE92F3DAC809E470E62BC27F1DF,6DFEB41C04CCE846871338E85DD5ACF5CFB6C1DD,2020-09-27 22:54:17.340000,2020-09-27 22:54:25.315000
aem3xshlykss7lvm,,,,,,,20386D9A32BECBE602375E015FC70117955653F1,2020-09-27 22:54:25.315000,
ogabfe46ndfqtcq6,failed,not_found,181,7158836DCC91AAA4FAA293FFF0F645DCD0D4EFF9,B058FBDEA69774C28EAC1111E167BC0AD4A904E0,7A3E534C033E3836BD5AF223B642853C502AB33A,475C893CCA9661B407865B6DBB30C021AE45F1DA,2020-09-27 22:54:08.995000,2020-09-27 22:54:11.903000
ogabfe46ndfqtcq6,failed,not_found,283,7158836DCC91AAA4FAA293FFF0F645DCD0D4EFF9,B56B9FE93F83B4FA69234B17A060E8A8E7446D19,9EFF16EA25FF27BC438A3FBF23C5315E576467AF,E86D858F2AAF9DE2A2B952A0BF864B7F35EDC8A3,2020-09-27 22:54:11.903000,2020-09-27 22:54:16.175000
ogabfe46ndfqtcq6,failed,not_found,492,7158836DCC91AAA4FAA293FFF0F645DCD0D4EFF9,AEF6C1FBA0FC16F4931638BF065085B974D3E90F,508EAAA5322C7BF048C8FADBBFB37D0A3E1D9262,475B34D76756910C11EB7752EB8285F6BE00C1EE,2020-09-27 22:54:16.175000,2020-09-27 22:54:22.247000
ogabfe46ndfqtcq6,failed,not_found,808,7158836DCC91AAA4FAA293FFF0F645DCD0D4EFF9,EFCCA5852D18207A7A93C13EF3460458CAAEA9D9,F3936F97C14EFCFD18154DF4443B91FEDD071F47,E8772C96285B90F835DC4FC7B3E740E28E53A09B,2020-09-27 22:54:22.248000,2020-09-27 22:54:37.741000
ogabfe46ndfqtcq6,,,,,,,E8663924FE2AAD4E081A17ED6976D0AE8010F47B,2020-09-27 22:54:37.742000,
skndjrfsleid5elx,failed,not_found,294,7158836DCC91AAA4FAA293FFF0F645DCD0D4EFF9,E11FC7C83F417808A4CDD84A5ABFC112844C477A,1079E628FC6B0025656AC024F2D9975C441498CD,870E97E5846D8308EA469A5BB5A50D2838503DBE,2020-09-27 22:54:08.996000,2020-09-27 22:54:16.317000
skndjrfsleid5elx,failed,not_found,499,7158836DCC91AAA4FAA293FFF0F645DCD0D4EFF9,EE94030D02AF5A788C62EA56D483540C38460E10,E8E6A95CF0170FF9DED9145CCC74EB4288B34613,86FBA753C8D25653E086B98FFF8AA084F862DB67,2020-09-27 22:54:16.317000,2020-09-27 22:54:22.467000
skndjrfsleid5elx,failed,not_found,814,7158836DCC91AAA4FAA293FFF0F645DCD0D4EFF9,6C71AC0B8FB6E0255C100DCAE0C283FB3F2F1CC2,5FB384605F53DCBF1CB02143D318DA3E8EE38A24,86F2828CB4B0875515607F4E2097951542B713EF,2020-09-27 22:54:22.468000,2020-09-27 22:54:40.115000
skndjrfsleid5elx,,,,,,,5043E5D2E9CE99066DF1FBF0B18E065B08131863,2020-09-27 22:54:40.116000,
3i3qjhzkdak3oede,failed,not_found,184,7158836DCC91AAA4FAA293FFF0F645DCD0D4EFF9,E5AA85FA69CDC31900C86E6427C7E5DE11DE9E2D,B71E68A80C5156745DDE7741F6DE5E3202ABD092,60B1681670B185813E762B71F3C3B129A981F37B,2020-09-27 22:54:08.996000,2020-09-27 22:54:12.200000
3i3qjhzkdak3oede,failed,not_found,266,7158836DCC91AAA4FAA293FFF0F645DCD0D4EFF9,459310E0C3A72CAACAE10BEEBB7484D724C9C8C0,43FF3346A3F8E4ED27F631DC956C4CD8D6173D7A,00342C0E155D4542E55391788B2D779F14578DEB,2020-09-27 22:54:12.200000,2020-09-27 22:54:15.251000
3i3qjhzkdak3oede,failed,not_found,452,7158836DCC91AAA4FAA293FFF0F645DCD0D4EFF9,F6740DEABFD5F62612FA025A5079EA72846B1F67,C2481FAAA5508F6C2A64873972281220E9778476,003BFA1B6CC5CBEFD5D0082F8FC9AF2A8868A8FB,2020-09-27 22:54:15.252000,2020-09-27 22:54:21.039000
3i3qjhzkdak3oede,failed,not_found,728,7158836DCC91AAA4FAA293FFF0F645DCD0D4EFF9,20462CBA5DA4C2D963567D17D0B7249718114A68,438DC9B6B5C5375D332BB338D7E5C1B9EF448960,003D78825E0B9609EECFF5E4E0529717772E53C7,2020-09-27 22:54:21.039000,2020-09-27 22:54:30.925000
3i3qjhzkdak3oede,,,,,,,609E598FB6A00BCF7872906B602B705B64541C50,2020-09-27 22:54:30.925000,
l2x2sdzv632ihbot,failed,not_found,199,7158836DCC91AAA4FAA293FFF0F645DCD0D4EFF9,68F175CCABE727AA2D2309BCD8789499CEE36ED7,54371D64F4AED8CD1EF8ED1B58C725C4063BDE42,51CD9DB00357405FC41AF0FA513688D02BDA0C0E,2020-09-27 22:54:09.958000,2020-09-27 22:54:13.539000
l2x2sdzv632ihbot,failed,not_found,386,7158836DCC91AAA4FAA293FFF0F645DCD0D4EFF9,C7FF606D59C7F6BECA8A341D3CF11B423F382D5D,02A29A2F958211F9BB5821153296EFFED900ECC6,E0023AC14180112A2FFF00A84C6049862BB3E6C3,2020-09-27 22:54:13.540000,2020-09-27 22:54:19.052000
l2x2sdzv632ihbot,failed,not_found,619,7158836DCC91AAA4FAA293FFF0F645DCD0D4EFF9,CC6910CF21D17C1BD68FE224CE7685BEB42558A8,52BFADA8BEAA01BA46C8F767F83C18E2FE50C1B9,DFA40306BEA6EAF28CEF4AFED473A2877A90F9B5,2020-09-27 22:54:19.052000,2020-09-27 22:54:26.051000
l2x2sdzv632ihbot,failed,not_found,957,7158836DCC91AAA4FAA293FFF0F645DCD0D4EFF9,926955277C7BDB6CD1E1561A91847CBCD5B079E5,213F2B4AB09EE6FF8CA21B804B2E1BD8835088D3,DFAA86AD46BEA875D5018CC1CECD77C9F979FB0E,2020-09-27 22:54:26.051000,2020-09-27 22:54:51.047000
l2x2sdzv632ihbot,,,,,,,51C367582993D68F8215610B85A99902C945324B,2020-09-27 22:54:51.047000,
zkaqjxgt5qsqdjqq,failed,not_found,200,7158836DCC91AAA4FAA293FFF0F645DCD0D4EFF9,D1F2C5C820B3F96BE6144CBFB84FDDF9D0EC0810,929BF37C657D4F69C76324E5FEA760A62483813B,63CD37872814AD1623C239CB7A0CB9C4E3CEB923,2020-09-27 22:54:09.959000,2020-09-27 22:54:13.232000
zkaqjxgt5qsqdjqq,failed,not_found,364,7158836DCC91AAA4FAA293FFF0F645DCD0D4EFF9,DA9E02BB8080E473157052F70439B7886AA8569D,DC9E3C6576CC9A04AAE1C465210A972A722571A0,E8130F7A29B624A70A0EC506671D66BAA32F1A5F,2020-09-27 22:54:13.232000,2020-09-27 22:54:18.594000
zkaqjxgt5qsqdjqq,failed,not_found,656,7158836DCC91AAA4FAA293FFF0F645DCD0D4EFF9,65D6FEA17521A7FC2E1A633AECD33C146ACA3024,55580D71B317A072F4A4DCF6EA4EDB015734AEE7,63DE54637F349FD686CF1C036827B5BE826B9F7C,2020-09-27 22:54:18.594000,2020-09-27 22:54:27.680000
zkaqjxgt5qsqdjqq,,,,,,,63C81BCA835570069A7FCD48312DEA707F6CBAA2,2020-09-27 22:54:27.681000,
cvon3k4s7u5kp6jq,,,,,,,69B53A5AE5025DA8947F7C32F69CA90375ED2A4E,2020-09-27 22:54:09.965000,
i5borier2rlvnvup,failed,not_found,203,7158836DCC91AAA4FAA293FFF0F645DCD0D4EFF9,36FA7085B8CF7293DEFA82A8C0281E0EE43F3B5E,40A60D1F1E8AFBED22FCB30B3FBE2E275A14CF99,E7C1FAFB7525149A0E911512F511D942BA5EEAAF,2020-09-27 22:54:09.966000,2020-09-27 22:54:13.370000
i5borier2rlvnvup,failed,not_found,376,7158836DCC91AAA4FAA293FFF0F645DCD0D4EFF9,D228AE265C966CA4E9A8C4B746A30A9737060A32,AFF320BA96E4338B61A008D2CA250FFE0E23B09C,E79A58AF0DB93B90F97B48963CC4729E4CFA43C5,2020-09-27 22:54:13.370000,2020-09-27 22:54:18.635000
i5borier2rlvnvup,failed,not_found,700,7158836DCC91AAA4FAA293FFF0F645DCD0D4EFF9,FD79B7F9230858B48E75F389661840C702511078,F94A7BAC5D1E3D9372437141E10695A625B8B533,CFA7447C66A709932F038FEE6B028B84A6E676E8,2020-09-27 22:54:18.635000,2020-09-27 22:54:29.796000
i5borier2rlvnvup,,,,,,,CFDF99EE1923D870329F8DAE54398FD45409F01F,2020-09-27 22:54:29.797000,
vytb7zzeki2nwxd6,failed,not_found,205,7158836DCC91AAA4FAA293FFF0F645DCD0D4EFF9,5CF2BC575B3537AEE1E531021E2DB682B591C5A4,F6CD4DBF5850AC4386DD9A424918AD3C6BA2716F,23AD6B165137D957C09AA0F7A3EE7B05CEC4A8F2,2020-09-27 22:54:09.966000,2020-09-27 22:54:13.298000
vytb7zzeki2nwxd6,failed,not_found,374,7158836DCC91AAA4FAA293FFF0F645DCD0D4EFF9,DBE82FA23B9FE3CB2462A6FCF5289DED3CBF4AEE,2802B96E4BE4FDBFB0F5D5DFBF7E5AB541A18DF0,23BCFD8AB533AAE05639D1D79A445DEE76F8E57A,2020-09-27 22:54:13.299000,2020-09-27 22:54:18.657000
vytb7zzeki2nwxd6,failed,not_found,923,7158836DCC91AAA4FAA293FFF0F645DCD0D4EFF9,70F09E981D6D4A34A35F248F0C873CBA356A0612,78BC2254D3B31CD865F7682633AA438212132532,23A022058948867659E69A5282AC4E367B2ACFBD,2020-09-27 22:54:18.657000,2020-09-27 22:54:30.302000
vytb7zzeki2nwxd6,,,,,,,A3D264895F685D16FC834D0685A094AE622F2206,2020-09-27 22:54:30.302000,
qqavka3xassmreq2,failed,not_found,207,7158836DCC91AAA4FAA293FFF0F645DCD0D4EFF9,61FA7E7C766577D76EBABF19330993DEFA8AF3C3,D6C977DF0968848878AC02E21F78A57B84BE49B3,DF445006932A7BA942F3EBB4457D7ABF2E4006E0,2020-09-27 22:54:09.970000,2020-09-27 22:54:13.910000
qqavka3xassmreq2,failed,not_found,405,7158836DCC91AAA4FAA293FFF0F645DCD0D4EFF9,66BD39FE805AED414ADE400CAAD862C9CC3AC34E,7B7C7F31205D7AEB5DFFEDA08E00282A78CD76E0,F2AF93D23D91F9CFE03C5151DF01B0481BF99E12,2020-09-27 22:54:13.910000,2020-09-27 22:54:19.442000
qqavka3xassmreq2,failed,not_found,924,7158836DCC91AAA4FAA293FFF0F645DCD0D4EFF9,6C251FA7F45E9DEDF5F69BA3D167F6BA736F49CD,C5A1D5B7CB0D12A7B7334F2915134E6DA8F5C46D,F2D09EBC1F1BD97A7EEF896D015D6BB9C6874753,2020-09-27 22:54:19.442000,2020-09-27 22:54:27.564000
qqavka3xassmreq2,failed,not_found,644,7158836DCC91AAA4FAA293FFF0F645DCD0D4EFF9,2ACEC0EB4F92729B8CA22C868545866B9529431C,AECBAD3537B7E5D2BF2967B627D23E36283B3D2A,F2CEC25EDAFEF728FFB12AC23315B83A49C7488F,2020-09-27 22:54:27.564000,2020-09-27 22:54:55.153000
qqavka3xassmreq2,,,,,,,DF2A241897F04A7D0C2A195D81E0CB1271AD5B6F,2020-09-27 22:54:55.154000,
sq3imlb5esc2javk,failed,not_found,362,7158836DCC91AAA4FAA293FFF0F645DCD0D4EFF9,DC9E3C6576CC9A04AAE1C465210A972A722571A0,E81993EA52B73285CFFD02FEC003569D21483001,5788CEC0A7C5EE251FC72C55730A6B1FCAEA1D93,2020-09-27 22:54:12.210000,2020-09-27 22:54:18.078000
sq3imlb5esc2javk,failed,not_found,732,7158836DCC91AAA4FAA293FFF0F645DCD0D4EFF9,CC100DC017A25E244C35C964BB518E4308415ACC,361D33C96D0F161275EE67E2C91EE10B276E778B,5786D04C5A2885D19E606F13C4203F60AEE38110,2020-09-27 22:54:18.079000,2020-09-27 22:54:31.185000
sq3imlb5esc2javk,,,,,,,575F15A0A41B951BEE03E25B2A0A3FC3E8D7C7D1,2020-09-27 22:54:31.185000,
ao7plw7a3scieijb,failed,not_found,969,7158836DCC91AAA4FAA293FFF0F645DCD0D4EFF9,16AE2704B794C6C0013C7E47AF11DCABA808A0B9,B7826E5C7C22D696E42AE96B696F66C5E9D86984,F2CEC25EDAFEF728FFB12AC23315B83A49C7488F,2020-09-27 22:54:12.221000,2020-09-27 22:54:18.779000
ao7plw7a3scieijb,failed,not_found,613,7158836DCC91AAA4FAA293FFF0F645DCD0D4EFF9,00C22D3BC1822EB8EA380AF04245337399E796E2,BCDB525EBCD201761F728BA2BFE48AAA0E84D188,F2D8A6CDED1F4BC42CA4B1164FB6C6644298BE1B,2020-09-27 22:54:18.779000,2020-09-27 22:54:26.050000
ao7plw7a3scieijb,failed,not_found,653,7158836DCC91AAA4FAA293FFF0F645DCD0D4EFF9,C74E2C7FB511861A489C60F7503A6FD74C12723E,F6D600CF13B3BBE2A91A0653F1EC9D00E7CB3A6B,F2D09EBC1F1BD97A7EEF896D015D6BB9C6874753,2020-09-27 22:54:26.051000,2020-09-27 22:54:47.136000
ao7plw7a3scieijb,,,,,,,09930800210FF35CE84F2DEEDB4F9B67812B9717,2020-09-27 22:54:47.137000,
py2du3mdfhbkywjg,failed,not_found,381,7158836DCC91AAA4FAA293FFF0F645DCD0D4EFF9,5975858B6A1F37CCC96026B946EACF08E1772D0E,891FB8477529A6B2894B7A3129402E0FD5DD281F,14949C2F29DF7BE499D75E20BB0E86FC425F7EE1,2020-09-27 22:54:12.221000,2020-09-27 22:54:18.935000
py2du3mdfhbkywjg,failed,not_found,719,7158836DCC91AAA4FAA293FFF0F645DCD0D4EFF9,03CFF90060461087D34FFB7B485C3AD30143775C,3098CC656BB3F519FEBF93AF6E0CBBDE4D84002A,6D93503E150496BB32A4912F904C4E2DB205278D,2020-09-27 22:54:18.935000,2020-09-27 22:54:30.924000
py2du3mdfhbkywjg,,,,,,,14D57DEDF0A4554A2D21AD53CCCC43E31158C733,2020-09-27 22:54:30.925000,
ayzktrorxb7lj2km,failed,not_found,306,7158836DCC91AAA4FAA293FFF0F645DCD0D4EFF9,FB016E16B8CD7A0E53DEEF31ED8754E4F6B8E837,A1B7C1F83E5DA4376FD2E1DBA7AC28A71AB332AD,BF0FB582E37F738CD33C3651125F2772705BB8E8,2020-09-27 22:54:12.231000,2020-09-27 22:54:16.520000
ayzktrorxb7lj2km,failed,not_found,510,7158836DCC91AAA4FAA293FFF0F645DCD0D4EFF9,1B91B86B67317A63636FE38ABE6C4E701A2B1A99,12D552E8AF7AA2B71B218B5BBF6A5FEFA6F26BA0,2E2F424CD9C0FB6BB0F16390BFCB46853AE37CC1,2020-09-27 22:54:16.520000,2020-09-27 22:54:23.751000
ayzktrorxb7lj2km,failed,not_found,852,7158836DCC91AAA4FAA293FFF0F645DCD0D4EFF9,27B90919AADA44C9B6C74E2A437F37730129E0C3,4E81EA3528D6FB79B10B0F11C6FC96CE1C060021,2E414CD28823B5AEB51FD172AA0EE3E9EB9BCA90,2020-09-27 22:54:23.751000,2020-09-27 22:54:40.050000
ayzktrorxb7lj2km,,,,,,,2E12778C3FBE28C9E9C8AC6A76FF4509DC41599B,2020-09-27 22:54:40.050000,
j6rcdy4g2maolfxy,failed,not_found,308,7158836DCC91AAA4FAA293FFF0F645DCD0D4EFF9,412BAA4DE44DA7D14583DE63CEB3DF89835E6AC8,9A5754CD0C987355EB3D8AD4BEF4A2A841740520,CA37CD46799449D83B6B98B8C22C649906307888,2020-09-27 22:54:12.232000,2020-09-27 22:54:16.629000
j6rcdy4g2maolfxy,failed,not_found,512,7158836DCC91AAA4FAA293FFF0F645DCD0D4EFF9,4856C97DC4F2271BC896DF9CABD217EE2D869D68,58FC2AAB3792AC37897D34331F4F4E00341DEC0C,CA4DF2B63A43080C57CF9A561D4A155F97EC5A4F,2020-09-27 22:54:16.629000,2020-09-27 22:54:22.866000
j6rcdy4g2maolfxy,failed,not_found,820,7158836DCC91AAA4FAA293FFF0F645DCD0D4EFF9,987D0706D42070F1E2142A9FCCB56B3887808D34,18B160CD5E22BFC345AEE7BA84B7EA45BF457FCA,C9FAA93525ACE580BDB03ABC662ED2045262BD89,2020-09-27 22:54:22.866000,2020-09-27 22:54:37.813000
j6rcdy4g2maolfxy,,,,,,,E41B16F7DDF52EBB1DB4268AB2FE340B37AD8904,2020-09-27 22:54:37.813000,
45gack2z5z46mqi7,failed,not_found,310,7158836DCC91AAA4FAA293FFF0F645DCD0D4EFF9,599A708756048993A1029B2775EEF8C9E40BB640,B8805CBDBE91A5E68D268FC62DC617B5BD7CC9E7,6304781EA6C8D0A8638AD1A745CCCFEE77EBE55E,2020-09-27 22:54:12.252000,2020-09-27 22:54:18.699000
45gack2z5z46mqi7,failed,not_found,611,7158836DCC91AAA4FAA293FFF0F645DCD0D4EFF9,CA95B3584C44DED8107AF5B3D8C25C562CC64DD4,12CF6DB4DAE106206D6C6B09988E865C0509843B,62F4994C6F3A5B3E590AEECE522591696C8DDEE2,2020-09-27 22:54:18.699000,2020-09-27 22:54:26.252000
45gack2z5z46mqi7,failed,not_found,963,7158836DCC91AAA4FAA293FFF0F645DCD0D4EFF9,213F2B4AB09EE6FF8CA21B804B2E1BD8835088D3,A2CD32D9D0668DB764AD68C745CE29693CA851B9,A1DEB529DE86E7CABC3212778374933D68FB7F2F,2020-09-27 22:54:26.253000,2020-09-27 22:54:51.046000
45gack2z5z46mqi7,,,,,,,6315278A91710062D90B288199EFA06E4AAA9E8F,2020-09-27 22:54:51.046000,
caloyzeiseeldzif,failed,not_found,370,7158836DCC91AAA4FAA293FFF0F645DCD0D4EFF9,62ABC3D1B0D5DE48DE4B8AF5E76D5AA8F535CCDF,FB016E16B8CD7A0E53DEEF31ED8754E4F6B8E837,929BF37C657D4F69C76324E5FEA760A62483813B,2020-09-27 22:54:12.253000,2020-09-27 22:54:18.535000
caloyzeiseeldzif,failed,not_found,655,7158836DCC91AAA4FAA293FFF0F645DCD0D4EFF9,2E12778C3FBE28C9E9C8AC6A76FF4509DC41599B,C7E332093AD8D8CBBED8AA6136BDDBC337A87BF4,929BB84A68198CE35E2F2828812840AF5C2CBC4A,2020-09-27 22:54:18.535000,2020-09-27 22:54:27.530000
caloyzeiseeldzif,failed,not_found,955,7158836DCC91AAA4FAA293FFF0F645DCD0D4EFF9,47A83EC4D144FB8094A57DC5AEB39E9F6F174036,EBC2FE67491F1A08643900B6475BB70897AD42E3,C5AF11B595BE211E42D1A121ABEC89515D3B0CBC,2020-09-27 22:54:27.530000,2020-09-27 22:54:55.645000
caloyzeiseeldzif,,,,,,,92A125B9AB491AFC084E4257B552D0FB56090CB3,2020-09-27 22:54:55.645000,
267llyaby72lcgse,failed,not_found,314,7158836DCC91AAA4FAA293FFF0F645DCD0D4EFF9,EE010EF80A27AC0B02CDC2B8B214A6201BB02D2B,3B4C5729F829CA2E895B81AF834A63DB336D0FFE,E95955CD7AB012DE770711878F147C784FC13D37,2020-09-27 22:54:12.269000,2020-09-27 22:54:17.199000
267llyaby72lcgse,failed,not_found,574,7158836DCC91AAA4FAA293FFF0F645DCD0D4EFF9,504F23DC734459DBBA58B2F11A4799EB945188A3,D39328D2EAE3816F9C5D5D1BB19D1C14E2E79482,B6320E44A230302C7BF9319E67597A9B87882241,2020-09-27 22:54:17.199000,2020-09-27 22:54:25.198000
267llyaby72lcgse,failed,not_found,908,7158836DCC91AAA4FAA293FFF0F645DCD0D4EFF9,393046812C24A855F669A80F8D8C38789D41EAC8,B872BA6804C8C6E140AE1897B44CF32B42FD2397,E9649F3BE3488799911E24BE16873ED04E4F7BEA,2020-09-27 22:54:25.199000,2020-09-27 22:54:44.355000
267llyaby72lcgse,,,,,,,B63410CD48185ED34E9C6AE62D048D8A6854A5CA,2020-09-27 22:54:44.355000,
dq536fz5h6lsh3rz,failed,not_found,316,7158836DCC91AAA4FAA293FFF0F645DCD0D4EFF9,A4771CB90024F1870D622960519945A3E49B40FE,070229A4CC2CFFB24EB667298A7DB5E8D11EB701,FF154E0265ADC24FDB1D8BBA34455E324C9FE407,2020-09-27 22:54:12.270000,2020-09-27 22:54:16.703000
dq536fz5h6lsh3rz,failed,not_found,560,7158836DCC91AAA4FAA293FFF0F645DCD0D4EFF9,204ECC4FF8F93862E82FA19C53B5BC98B1AF6046,66BD39FE805AED414ADE400CAAD862C9CC3AC34E,FEDE31337E4E19E06B97D282F08B0A0E8B9C5526,2020-09-27 22:54:16.703000,2020-09-27 22:54:24.190000
dq536fz5h6lsh3rz,failed,not_found,927,7158836DCC91AAA4FAA293FFF0F645DCD0D4EFF9,1CD48F4ED0F1821FFBF1940802A13EEFD4C27502,E36536404200A74930DB165858BD5BB554D2BEA2,5A49AB08F68AA087CD7E18299CC56577D8A07747,2020-09-27 22:54:24.190000,2020-09-27 22:54:46.758000
dq536fz5h6lsh3rz,,,,,,,5AD3FB658E490BAD9515F363374AA41D65D31A02,2020-09-27 22:54:46.758000,
5jmaanljkipfuwnb,failed,not_found,318,7158836DCC91AAA4FAA293FFF0F645DCD0D4EFF9,03910F285A33F365838EC66EF2C2EF754D046760,AFF499AF071A2DE2EADC22B67B48ACC91EEEF394,CB81BCFD44FC142616BB5983648BD8AF01930789,2020-09-27 22:54:12.271000,2020-09-27 22:54:19.155000
5jmaanljkipfuwnb,failed,not_found,637,7158836DCC91AAA4FAA293FFF0F645DCD0D4EFF9,88CF8D42D49B7C8E9D03ABE5DAE7AF25E9902008,E3D61BAEA0B7CB12CACEDC8821C520557BDFCEA3,21AC6EF15C86641CE623B8A08D64144BCAC14AEC,2020-09-27 22:54:19.156000,2020-09-27 22:54:27.295000
5jmaanljkipfuwnb,failed,not_found,993,7158836DCC91AAA4FAA293FFF0F645DCD0D4EFF9,01FE2137C42E4802507A1FD97B0158116FD78A8C,03910F285A33F365838EC66EF2C2EF754D046760,21A125136763F6D8AEA882871D7F7E4547724169,2020-09-27 22:54:27.295000,2020-09-27 22:54:55.255000
5jmaanljkipfuwnb,,,,,,,21B55072C00F4522857655FBB0F3E25D75A5357B,2020-09-27 22:54:55.256000,
ynfro7kl6hnkgqyl,failed,not_found,326,7158836DCC91AAA4FAA293FFF0F645DCD0D4EFF9,5368AB8D9033A357729D3578617A6493AB5DA3A8,856DAB2FDC9EED88A27BE2265FA6BD5489EF178E,0F3B1BCB42C0E688D4A45887EFDD762B8D2F08F9,2020-09-27 22:54:12.289000,2020-09-27 22:54:17.943000
ynfro7kl6hnkgqyl,failed,not_found,551,7158836DCC91AAA4FAA293FFF0F645DCD0D4EFF9,E5AA85FA69CDC31900C86E6427C7E5DE11DE9E2D,8111FEB45EF2950EB8F84BFD8FF070AB07AEE9DD,C680718A6F51A8F7C5D4E68269ED5B2C07FE531B,2020-09-27 22:54:17.943000,2020-09-27 22:54:24.022000
ynfro7kl6hnkgqyl,,,,,,,C699F40B3344D34D3C596791A7EBC67E41C62A0B,2020-09-27 22:54:24.023000,
c7kerccetpyro2my,failed,not_found,328,7158836DCC91AAA4FAA293FFF0F645DCD0D4EFF9,60F2139EA3E06410A05CBD6E8254E60A9063AD9D,F6740DEABFD5F62612FA025A5079EA72846B1F67,7E08734909378D7F38FE8FDC9429DCC1521EEB57,2020-09-27 22:54:12.289000,2020-09-27 22:54:18.199000
c7kerccetpyro2my,failed,not_found,591,7158836DCC91AAA4FAA293FFF0F645DCD0D4EFF9,221546DAE86B003139B13BD6F6AE1B4B42B59DF8,6BE5AA34A5C391724677A3FDC2AA77B3768F6E26,D8E832DD333476940DD083E80230E17BC2C16F5F,2020-09-27 22:54:18.200000,2020-09-27 22:54:25.264000
c7kerccetpyro2my,failed,not_found,915,7158836DCC91AAA4FAA293FFF0F645DCD0D4EFF9,425835370C1FBE178C21CB53C76672F12BDE091A,B85E6AB2B5F115536B2DA847A3FB99B8A985D437,D8DF9660261B158A9DF6C3D7D63DD92B0FD5B9F7,2020-09-27 22:54:25.265000,2020-09-27 22:54:45.235000
c7kerccetpyro2my,,,,,,,D8EA105E79803FB0040A8C2A676D93DAEA2CFFF0,2020-09-27 22:54:45.236000,
qdbtj7bg2rpnk35i,failed,not_found,346,7158836DCC91AAA4FAA293FFF0F645DCD0D4EFF9,863FDDA3CA537CE03646B3AEBD3FD1CC6B077FBE,FB016E16B8CD7A0E53DEEF31ED8754E4F6B8E837,7C499ACD60FB651DD486B6D802290A3EBBECCD84,2020-09-27 22:54:13.010000,2020-09-27 22:54:17.992000
qdbtj7bg2rpnk35i,failed,not_found,506,7158836DCC91AAA4FAA293FFF0F645DCD0D4EFF9,0F977B4D6EBEECD578AC838A5FDDC81B636060A7,4415B0667DE7347C16133DED0477ED82A90FA4EE,7C56BA2175839470ACAAB72E045DD6820764B733,2020-09-27 22:54:17.992000,2020-09-27 22:54:23.407000
qdbtj7bg2rpnk35i,failed,not_found,848,7158836DCC91AAA4FAA293FFF0F645DCD0D4EFF9,F8DE8132E599A194E20DDB738AF64A7200CD5949,B2D03CDF45EB4D74A65FAC4F00EBA785C9663A5F,7C22E89AB620E77DF1B4A33787A5EC3F2AB4A8D1,2020-09-27 22:54:23.407000,2020-09-27 22:54:39.083000
qdbtj7bg2rpnk35i,,,,,,,0964EFD3186C2AF2763B0C1EE5B4A2FA77E0449B,2020-09-27 22:54:39.083000,
5ikkvx6fgpwbu76p,failed,not_found,348,7158836DCC91AAA4FAA293FFF0F645DCD0D4EFF9,8E7ACAD878BBD61097C0E0D557160F5D59BCE5CA,A7143CD3C548EB63D98647D592A7AE3EA02B142B,2AA5F598F9A1812F01CD99E3B59BB87362ED7438,2020-09-27 22:54:13.010000,2020-09-27 22:54:17.487000
5ikkvx6fgpwbu76p,failed,not_found,539,7158836DCC91AAA4FAA293FFF0F645DCD0D4EFF9,4CFE65E16DBE9D9ED0CFFBD9BEEEE4EAE50CD33F,023EBBC57BEB7F45473B3DC2AA811FB3AABA4466,2AB9FFCC6618FBBC973C457FC6BE5E8620A60FDC,2020-09-27 22:54:17.488000,2020-09-27 22:54:23.989000
5ikkvx6fgpwbu76p,failed,not_found,855,7158836DCC91AAA4FAA293FFF0F645DCD0D4EFF9,9AB93B5422149E5DFF4BE6A3814E2F6D9648DB6A,86D924EDE1498B4E1DD08D2260F3E9FE454012E1,5C5D61F279AA0816F506FD5CE86C30F256291DDE,2020-09-27 22:54:23.990000,2020-09-27 22:54:39.842000
5ikkvx6fgpwbu76p,,,,,,,5C4B505FCFCE0E340A86D0E7960B24A13ED5677C,2020-09-27 22:54:39.843000,
o2kvbdcfqdtg6jev,failed,not_found,350,7158836DCC91AAA4FAA293FFF0F645DCD0D4EFF9,44354E35E9F7F97AF27686D03B0D591686E35394,509EAB4C5D10C9A9A24B4EA0CE402C047A2D64E6,12B1A5769D38FF47CF68C2235E1BDA315DF400F2,2020-09-27 22:54:13.050000,2020-09-27 22:54:18.177000
o2kvbdcfqdtg6jev,failed,not_found,589,7158836DCC91AAA4FAA293FFF0F645DCD0D4EFF9,A1400B309B434D18AF611C379F4DB0FC65C58F17,E39A758BD81DD27E8AA27998688E816D0A13DC82,08394C4873C8A71BE9F53593F9B4AD694BFCDB90,2020-09-27 22:54:18.177000,2020-09-27 22:54:24.957000
o2kvbdcfqdtg6jev,failed,not_found,939,7158836DCC91AAA4FAA293FFF0F645DCD0D4EFF9,FD449127D30D8F5D124653D9EF736EDF4A12B4DC,33D88F331408141F2A2CC563239E54E48F7A211B,085527CBD6485FD475AC983FA8683A2D9028BAA8,2020-09-27 22:54:24.957000,2020-09-27 22:54:47.648000
o2kvbdcfqdtg6jev,,,,,,,12CF6DB4DAE106206D6C6B09988E865C0509843B,2020-09-27 22:54:47.649000,
2y43r56bloeuhs5b,failed,not_found,352,7158836DCC91AAA4FAA293FFF0F645DCD0D4EFF9,59C0D88A5B3C65541CF63D0DD88EF15A379D378E,B291D30517D23299AD7CEE3E60DFE60D0E3A4664,DA1B8B8D617909902572790CE8BB99DA502C6485,2020-09-27 22:54:13.080000,2020-09-27 22:54:18.533000
2y43r56bloeuhs5b,failed,not_found,652,7158836DCC91AAA4FAA293FFF0F645DCD0D4EFF9,F3F3F4900B87CF4A6B4A7F9402502FC457B7B1FC,206B2B8C1AB1E20C02CFE2A913AA8DE169980FC2,D9FC98828F09EF87128FED5569AE5459FBA151A7,2020-09-27 22:54:18.533000,2020-09-27 22:54:27.495000
2y43r56bloeuhs5b,failed,not_found,1005,7158836DCC91AAA4FAA293FFF0F645DCD0D4EFF9,18B160CD5E22BFC345AEE7BA84B7EA45BF457FCA,425835370C1FBE178C21CB53C76672F12BDE091A,DA13C3CD7EB23CDFD739C31855658BC5B63841EE,2020-09-27 22:54:27.495000,2020-09-27 22:54:55.951000
2y43r56bloeuhs5b,,,,,,,EBB76D096FF5787A303B2C81E21BFF9816C6FA0D,2020-09-27 22:54:55.952000,
msvscpcqjhj4pzva,failed,not_found,354,7158836DCC91AAA4FAA293FFF0F645DCD0D4EFF9,D777D31F95081D0F7223AAD5F8A74977D524145D,6E4B0D429CD87AB6C25D72E298294C583FF8BA4A,95FCD71974985F8CB546821E3DC4D834794F77F9,2020-09-27 22:54:13.081000,2020-09-27 22:54:17.992000
msvscpcqjhj4pzva,failed,not_found,558,7158836DCC91AAA4FAA293FFF0F645DCD0D4EFF9,47C362713928A711FC105AF54993576E41CB1B7F,7C5C0E83CA290FFF6D5E30D9E0E3FFC9BAE0D0C5,C699F40B3344D34D3C596791A7EBC67E41C62A0B,2020-09-27 22:54:17.993000,2020-09-27 22:54:24.461000
msvscpcqjhj4pzva,,,,,,,96211F57FA0A399EC48D1972BA3F8EE6E4D6978C,2020-09-27 22:54:24.462000,
b35dgkruaixsmsoc,failed,not_found,356,7158836DCC91AAA4FAA293FFF0F645DCD0D4EFF9,8ABC4D5F6182C7E79B087D1ED9E5CF652C83E52C,276AE7A0E974FC96B0933F1DA8FD51FD3BA59944,BA38C5688E103AE11F50D7188C8E5FDB4B0E5553,2020-09-27 22:54:13.081000,2020-09-27 22:54:17.877000
b35dgkruaixsmsoc,failed,not_found,549,7158836DCC91AAA4FAA293FFF0F645DCD0D4EFF9,8ABC4D5F6182C7E79B087D1ED9E5CF652C83E52C,E61D63442BE06CC8CCA60C972DE1C3AE3DD7871E,D0ED5C7031A8F2B0CB5181060D6535C53686C559,2020-09-27 22:54:17.877000,2020-09-27 22:54:24.074000
b35dgkruaixsmsoc,failed,not_found,859,7158836DCC91AAA4FAA293FFF0F645DCD0D4EFF9,3AB334331819AC0BA1A8AFE002D4321672109CAC,0DB061CA620A1B9AD80983D911A419D4A6747625,D0EDC58A0E7D7FE28A1A5E366260A80AEF9BD448,2020-09-27 22:54:24.074000,2020-09-27 22:54:40.805000
b35dgkruaixsmsoc,,,,,,,BA38FDB6FE97442388C35FE83F371BB1C6C4324B,2020-09-27 22:54:40.806000,
wcmwjj4s3hybyyue,failed,not_found,407,7158836DCC91AAA4FAA293FFF0F645DCD0D4EFF9,C8AFC02CE1B72D7E0046C10A9C4C30D29BD8BA32,E7882187F6FA695450719FD3738D640FBDFF5D48,A4E7318199A347B70E85B4C8581E608CAEDAD8AC,2020-09-27 22:54:14.023000,2020-09-27 22:54:20.013000
wcmwjj4s3hybyyue,failed,not_found,737,7158836DCC91AAA4FAA293FFF0F645DCD0D4EFF9,EBE76802D098FF6FA226F60C2D0B0C098F367AF1,A4E120350425BAD920307FFA74440F95D0172302,7DC52AE6667A30536BA2383CD102CFC24F20AD71,2020-09-27 22:54:20.014000,2020-09-27 22:54:31.540000
wcmwjj4s3hybyyue,,,,,,,7DB8443AE29FBC450D34E55FA914F42BF929EE49,2020-09-27 22:54:31.541000,
phipozol324iu44a,failed,not_found,409,7158836DCC91AAA4FAA293FFF0F645DCD0D4EFF9,EC3EC2E26C9C57B46686E9EFE7EEABD4B570D6D3,E76E2BC2FC9273BFBA38947EB5572076270D49D5,34BA457C5120D5E7DA9513C7B98733C57503E3E6,2020-09-27 22:54:14.059000,2020-09-27 22:54:19.624000
phipozol324iu44a,failed,not_found,705,7158836DCC91AAA4FAA293FFF0F645DCD0D4EFF9,5DB9AE27A44EB7B476CC04A66C67A71C97A001E6,8E39881472946D5BBE41765470D9E3099A0EB4C7,34DE7F9028A53D5238D779B00DAF7438FDE1D7A0,2020-09-27 22:54:19.624000,2020-09-27 22:54:29.946000
phipozol324iu44a,,,,,,,E26635F9ED41CDA8467C2AA992D81074337602EF,2020-09-27 22:54:29.947000,
3eiy5jlgmahfsewm,failed,not_found,411,7158836DCC91AAA4FAA293FFF0F645DCD0D4EFF9,77A6151CE190059973D12E5E461F5B84AC583CB9,25E078CD1E537A7418318168F7E1990EF2A160C8,02F250898E6213FC6B5BAEA368322BEE015AD677,2020-09-27 22:54:14.059000,2020-09-27 22:54:20.573000
3eiy5jlgmahfsewm,failed,not_found,713,7158836DCC91AAA4FAA293FFF0F645DCD0D4EFF9,F1759BB360F666B6A8CE02CD04F028E8425FD9CF,648E97719EDEC4F0E08F1CEB8D24F2C8F587344C,02ED4F8DB11F1303BA21B16AA1CF2A0A48547ACA,2020-09-27 22:54:20.573000,2020-09-27 22:54:30.121000
3eiy5jlgmahfsewm,,,,,,,02FAEC637620B6DFF329022CEAA4D83BA23CEC6F,2020-09-27 22:54:30.121000,
6duuip2hgsdogwo4,failed,not_found,413,7158836DCC91AAA4FAA293FFF0F645DCD0D4EFF9,EAB20BD4083C820EC8329ED5AEBF12019A7749F3,97B7BA747B62A9962DEDCE404FF33106D4032F91,DCB6273B2D2AD09AAC021141136CD461994D1533,2020-09-27 22:54:14.060000,2020-09-27 22:54:19.735000
6duuip2hgsdogwo4,failed,not_found,720,7158836DCC91AAA4FAA293FFF0F645DCD0D4EFF9,8646226690C1D4F2DDC3021F89909A26A8C32A27,C50CF85CBE0A327E32EE7A001161C47BBB38CE76,DCB5A6BF7EC2D8277459E288115706286C4B9C86,2020-09-27 22:54:19.736000,2020-09-27 22:54:30.778000
6duuip2hgsdogwo4,,,,,,,C0BAB92DD18FF83E315CC114238F71CF6E782D66,2020-09-27 22:54:30.779000,
tcxmushed6zbcyln,failed,not_found,545,7158836DCC91AAA4FAA293FFF0F645DCD0D4EFF9,724E86E7F5DA715529DC0ECAA013AE4BDC680E4C,F836446663F1EB816F13708955F105D0B2F5C8E0,B9CF104FE30CC987D0A5FF725770D134EBDB17CD,2020-09-27 22:54:14.080000,2020-09-27 22:54:23.938000
tcxmushed6zbcyln,failed,not_found,801,7158836DCC91AAA4FAA293FFF0F645DCD0D4EFF9,B6F03C344830AD50DF28EA7848C216801CF9AD8D,CE863C22AD5ABBEAF606AE35A22781C409D895E5,F4A4D78F16E9A0353AD5BBEF4632C7022E20FB20,2020-09-27 22:54:23.939000,2020-09-27 22:54:36.004000
tcxmushed6zbcyln,,,,,,,B9962C193AE4313D625E9BFB9415C4306214D330,2020-09-27 22:54:36.004000,
dpy43wihbvm4hixz,failed,not_found,417,7158836DCC91AAA4FAA293FFF0F645DCD0D4EFF9,FA32998AF5628483D8E7B7BB0A4641D33A206A28,39F91959416763AFD34DBEEC05474411B964B2DC,ACBBB426CE1D0641A590BF1FC1CF05416FC0FF6F,2020-09-27 22:54:14.080000,2020-09-27 22:54:19.976000
dpy43wihbvm4hixz,failed,not_found,735,7158836DCC91AAA4FAA293FFF0F645DCD0D4EFF9,64A0B5722613DDFC2EB84897C550FBF4A096DE0D,72C2EB697C3CD4CE7408359B386DEE6B2888F714,334DF2164322B98FCC567BC444947B74AC92DAEA,2020-09-27 22:54:19.976000,2020-09-27 22:54:31.293000
dpy43wihbvm4hixz,,,,,,,3351BC69807F3C9BACF7C317263D917252160462,2020-09-27 22:54:31.294000,
rui44t24qnjedole,failed,not_found,433,7158836DCC91AAA4FAA293FFF0F645DCD0D4EFF9,475B34D76756910C11EB7752EB8285F6BE00C1EE,F3F3F4900B87CF4A6B4A7F9402502FC457B7B1FC,D7230F4F13324A28C308AF94E2385D0A7F1B05F9,2020-09-27 22:54:14.969000,2020-09-27 22:54:21.116000
rui44t24qnjedole,failed,not_found,750,7158836DCC91AAA4FAA293FFF0F645DCD0D4EFF9,C5B0D29AEA0A0568274AD67BA8E3C5D0864215DC,F50CF02A0E6A9D9B25F7EB220FC26F7BD1B74999,05601B110B888BF3A12E10E8BF3C0B02166BF3F1,2020-09-27 22:54:21.116000,2020-09-27 22:54:33.335000
rui44t24qnjedole,,,,,,,D7204D395ED3E4B6F6D81C38D8D6A9241F58250F,2020-09-27 22:54:33.335000,
nxat7eojbfm6qq5c,failed,not_found,440,7158836DCC91AAA4FAA293FFF0F645DCD0D4EFF9,B96B5141004995295FE87DCCE1A54519BD0BB48A,D079D6818926684C5979C18171FB18862A4A5792,174D93DF6242BD4ABE2C09E6607892C3A3905675,2020-09-27 22:54:14.996000,2020-09-27 22:54:20.367000
nxat7eojbfm6qq5c,failed,not_found,706,7158836DCC91AAA4FAA293FFF0F645DCD0D4EFF9,DA4B488C2826DFBBD04D635DA1E71A2BA5B20747,A4771CB90024F1870D622960519945A3E49B40FE,17460997E66C47F805A834BE93CC14EC0DC608EA,2020-09-27 22:54:20.367000,2020-09-27 22:54:29.837000
nxat7eojbfm6qq5c,,,,,,,FCC70D3F500C2EA62004137B0137201A93A2B57E,2020-09-27 22:54:29.838000,
2vhlvi5yxzxefypw,failed,not_found,442,7158836DCC91AAA4FAA293FFF0F645DCD0D4EFF9,2E74F4A6EB5ED3C0182A54900E3A671C5C8DB2D8,2FFE5FAF70D20E76B0474AE9E40C2A0B53F8D9F0,9370F55D4BBF72FBDF13C41D65C8B814B4300CC8,2020-09-27 22:54:14.997000,2020-09-27 22:54:20.961000
2vhlvi5yxzxefypw,failed,not_found,723,7158836DCC91AAA4FAA293FFF0F645DCD0D4EFF9,7E44E0D39CE8666A98EA5DEBCBB8E12B3906410F,AED04C65D2D0D70DB2932D7D5A0BA58169168CC1,361FAD570CA5DECF10A1C27EC3F8961D076E10D2,2020-09-27 22:54:20.961000,2020-09-27 22:54:30.736000
2vhlvi5yxzxefypw,,,,,,,364E18848469385C5948376FAF778AC61D4CFB67,2020-09-27 22:54:30.738000,
e5w4afoxoyczrco7,failed,not_found,402,7158836DCC91AAA4FAA293FFF0F645DCD0D4EFF9,0ED0EA324C931CF41CB5272BFB1D015B3D5772A9,F6CD4DBF5850AC4386DD9A424918AD3C6BA2716F,77131D7E2EC1CA9B8D737502256DA9103599CE51,2020-09-27 22:54:15.008000,2020-09-27 22:54:19.406000
e5w4afoxoyczrco7,failed,not_found,650,7158836DCC91AAA4FAA293FFF0F645DCD0D4EFF9,F00EC2E0A2CA79A57FE7A0918A087987747D772D,9AB93B5422149E5DFF4BE6A3814E2F6D9648DB6A,770E5AFB0A796DA2DA88434F11427513BAA1FACC,2020-09-27 22:54:19.407000,2020-09-27 22:54:27.850000
e5w4afoxoyczrco7,,,,,,,7716DE8030A56A80080446E0CBC59738605454E6,2020-09-27 22:54:27.851000,
srehyg5ok7bdq326,failed,not_found,445,7158836DCC91AAA4FAA293FFF0F645DCD0D4EFF9,4FDDFAD51B24DDABB62FB59071F4DC421E76C685,29FA511E67A31A1A874AABFB2B624AD122AE4ED4,183C8C6727E2137AF278B3850AD5D9C2304B98C9,2020-09-27 22:54:15.021000,2020-09-27 22:54:21.011000
srehyg5ok7bdq326,failed,not_found,725,7158836DCC91AAA4FAA293FFF0F645DCD0D4EFF9,79D9E66BB2FDBF25E846B635D8248FE1194CFD26,157CED138D3DE9CBFB5AE0232A319C2980F6C409,181F48BFF5D425BCEC1E78DAC5B5F0E45FFDAF4D,2020-09-27 22:54:21.011000,2020-09-27 22:54:30.592000
srehyg5ok7bdq326,,,,,,,10B689D11CDCB8EB74BF394880508C975058C608,2020-09-27 22:54:30.592000,
cgrpcuswqhllpshh,failed,not_found,448,7158836DCC91AAA4FAA293FFF0F645DCD0D4EFF9,74AC10CA94E400BA4D69E397562597CA04FC5352,0F977B4D6EBEECD578AC838A5FDDC81B636060A7,DC7E7D9AB7AD52F03B856E6DC278E9D92BF19B33,2020-09-27 22:54:15.021000,2020-09-27 22:54:20.884000
cgrpcuswqhllpshh,failed,not_found,715,7158836DCC91AAA4FAA293FFF0F645DCD0D4EFF9,0C6D3655763B1A3A60FC42135CD60765AFE953BA,82DA9678A0BAE60087AA68A3E1D6E6A2C4246D6D,DC818C243B318D19D07DACFC2E7CAD327C7E0B3E,2020-09-27 22:54:20.885000,2020-09-27 22:54:30.301000
cgrpcuswqhllpshh,,,,,,,DC7BABFF3C5E49C922D239DE1A5C5252F51D2F81,2020-09-27 22:54:30.302000,
xjku42ofg26blcoq,failed,not_found,474,7158836DCC91AAA4FAA293FFF0F645DCD0D4EFF9,3DF6C3587C2B25D738F6913F81AFC690B854BEE2,E5CC91BAFE7CCD68003E873D32E38027638D49D7,798A57B4E129699A521A03E7F72BC0FDEC31F4D6,2020-09-27 22:54:15.990000,2020-09-27 22:54:22.548000
xjku42ofg26blcoq,failed,not_found,816,7158836DCC91AAA4FAA293FFF0F645DCD0D4EFF9,E0087D2258960A98CA2DC06AC82F4D0623309B70,42E440E573CAA2C309041B448BDB8FC5D066E535,7992F172EDBE69B99F0190651BAC14DD0FD9E5C8,2020-09-27 22:54:22.549000,2020-09-27 22:54:37.150000
xjku42ofg26blcoq,,,,,,,46B1C969D0A45CAE908ECC7EC0FEF7EF4C855961,2020-09-27 22:54:37.150000,
nkeb45dxpycwnkm2,failed,not_found,436,7158836DCC91AAA4FAA293FFF0F645DCD0D4EFF9,FB13B3060516E4C50E5E178227A036977103E4AD,CEA2E066A7F8EC0F235F5190E25DD3C9F86F084B,1F509589F7F70B69A38719A201451CF4B70F89C6,2020-09-27 22:54:15.991000,2020-09-27 22:54:21.241000
nkeb45dxpycwnkm2,failed,not_found,764,7158836DCC91AAA4FAA293FFF0F645DCD0D4EFF9,73A62B590CC4F290D068FA20A12D6408A0D8B60C,5CFC486780CBD4446B764E51608D6574003B350D,CF7D2B4BECD17E04FA0D604229888F91D1665C01,2020-09-27 22:54:21.242000,2020-09-27 22:54:33.684000
nkeb45dxpycwnkm2,,,,,,,CFA7447C66A709932F038FEE6B028B84A6E676E8,2020-09-27 22:54:33.684000,
qrto7kt55fxmwvfw,failed,not_found,480,7158836DCC91AAA4FAA293FFF0F645DCD0D4EFF9,690C190822B240351DD1A19D0337E8373B1290E8,A2CD32D9D0668DB764AD68C745CE29693CA851B9,ECD596275BBD4B19157001E84C5726DB44783DA5,2020-09-27 22:54:16.004000,2020-09-27 22:54:22.247000
qrto7kt55fxmwvfw,failed,not_found,806,7158836DCC91AAA4FAA293FFF0F645DCD0D4EFF9,8EB722FA1AE9DDE1914BC21FEA22819D4DE99DB4,EDC9D832FBEAF949F610D3F6A55537291B4E8F26,FB8796036069BB4787D639F92681ECC2FD7AEB22,2020-09-27 22:54:22.247000,2020-09-27 22:54:36.550000
qrto7kt55fxmwvfw,,,,,,,FBBC3BD58B471F6227DC0F05265C6A37C770905F,2020-09-27 22:54:36.550000,
lmc7kjcab4ymf7jy,failed,not_found,484,7158836DCC91AAA4FAA293FFF0F645DCD0D4EFF9,CC605FEC74F20D49995D8FAAFF7365954233B85D,C239952D0C8E4EABC3E6B0A8E0B623689174E3C6,756A8DD40D4166E2863064C98069411559B16887,2020-09-27 22:54:16.028000,2020-09-27 22:54:21.934000
lmc7kjcab4ymf7jy,failed,not_found,788,7158836DCC91AAA4FAA293FFF0F645DCD0D4EFF9,599A708756048993A1029B2775EEF8C9E40BB640,EEDF0AF1F892C82F056063827B47283CC9AEAA41,7574975BA76DE0726231FC916DD70B09B3824CE5,2020-09-27 22:54:21.934000,2020-09-27 22:54:35.023000
lmc7kjcab4ymf7jy,,,,,,,A2534EF23390CAE079B1586F0FDF9CE11F556062,2020-09-27 22:54:35.023000,
7xq56n2xeg4fxnhk,failed,not_found,486,7158836DCC91AAA4FAA293FFF0F645DCD0D4EFF9,09A70E396DE93F54D4541BBB0EC8E2B23761F34F,D228AE265C966CA4E9A8C4B746A30A9737060A32,A9F545AE03B731AD32F9A93D698EA20C4FA6D0D9,2020-09-27 22:54:16.029000,2020-09-27 22:54:21.835000
7xq56n2xeg4fxnhk,failed,not_found,786,7158836DCC91AAA4FAA293FFF0F645DCD0D4EFF9,03E0F4EE272731601773F48E64240D3A8896A5E3,459310E0C3A72CAACAE10BEEBB7484D724C9C8C0,A9F7185499C5784E35B5C25744ED4AB75437CE5D,2020-09-27 22:54:21.835000,2020-09-27 22:54:34.442000
7xq56n2xeg4fxnhk,,,,,,,B4969260F76BE3F145E90AF053B569D9B441E281,2020-09-27 22:54:34.442000,
wqjyoc5qi6thrvcw,failed,not_found,488,7158836DCC91AAA4FAA293FFF0F645DCD0D4EFF9,52A022F16D8CDBF019E132F1538A1798F167973A,1DC17C4A52A458B5C8B1E79157F8665696210E10,525D5386F858580E93B88D21727869555DFC654C,2020-09-27 22:54:16.029000,2020-09-27 22:54:22.119000
wqjyoc5qi6thrvcw,failed,not_found,800,7158836DCC91AAA4FAA293FFF0F645DCD0D4EFF9,CBBA40F7D9F284F47A243EE2C081E96682741D22,BFBD954BE6225FFF1464E66AE647AAD6042936DD,527826EF1856C0614DE01EB40A4B97C3F7DFC6A5,2020-09-27 22:54:22.120000,2020-09-27 22:54:40.368000
wqjyoc5qi6thrvcw,,,,,,,5262556D44A7F2434990FDE1AE7973C67DF49E58,2020-09-27 22:54:40.368000,
4cjijh5zuwitax2m,failed,not_found,518,7158836DCC91AAA4FAA293FFF0F645DCD0D4EFF9,A0B05E1D852D874EFAF3603C83246E00AD65AF20,35DBE43445BB44D817084200BA05E8A0573EDFD4,CA6A1295456D14F8C78CE623EB779EF2C1CCC7F0,2020-09-27 22:54:16.996000,2020-09-27 22:54:23.089000
4cjijh5zuwitax2m,failed,not_found,839,7158836DCC91AAA4FAA293FFF0F645DCD0D4EFF9,A6C983C2F7EEADD55CE9169E540EBD95423FC260,BEA635C89C057DB8E879572C6A2C188239CFAD68,CA4E9DFE87DE87E502F3B503D07EC8EFCAEE2549,2020-09-27 22:54:23.089000,2020-09-27 22:54:38.263000
4cjijh5zuwitax2m,,,,,,,DD823AFB415380A802DCAEB9461AE637604107FB,2020-09-27 22:54:38.264000,
r4ztyzbly7nzkd7j,failed,not_found,522,7158836DCC91AAA4FAA293FFF0F645DCD0D4EFF9,41CEB66108B70108F148BF7778260A87723AACA1,D56A98D38FC3C75E0347EEF3DD9C12749AF7C7C5,C3636ECA4B40900056590AA7DBFC6ED09379852F,2020-09-27 22:54:17.262000,2020-09-27 22:54:22.931000
r4ztyzbly7nzkd7j,failed,not_found,824,7158836DCC91AAA4FAA293FFF0F645DCD0D4EFF9,5F58E9417DF94A66529864FA1134635614958A44,B86BE002D4D6F3E2999E8EEAC9B72CAA796944BE,F4C836A27BF192F3364A67166E8EE2B19693AED1,2020-09-27 22:54:22.934000,2020-09-27 22:54:39.259000
r4ztyzbly7nzkd7j,,,,,,,C3443C3A0F6FE548262EA987A955D5BD4FD27C24,2020-09-27 22:54:39.260000,
f5tmyizoodafsqpx,failed,not_found,526,7158836DCC91AAA4FAA293FFF0F645DCD0D4EFF9,35DBE43445BB44D817084200BA05E8A0573EDFD4,B3C6B4D26A20151F568D39ACFA63E15DBC01CD5D,46BC57CFDC91DE75CBDA7D264A1FD4684A048B5C,2020-09-27 22:54:17.304000,2020-09-27 22:54:22.905000
f5tmyizoodafsqpx,failed,not_found,495,7158836DCC91AAA4FAA293FFF0F645DCD0D4EFF9,41CEB66108B70108F148BF7778260A87723AACA1,5FE83AD106B498D5A3EA7A48FB73749AF2897E5B,4F0DB7E687FC7C0AE55C8F243DA8B0EB27FBF1F2,2020-09-27 22:54:22.906000,2020-09-27 22:54:37.874000
f5tmyizoodafsqpx,,,,,,,4EE488AC0742BC6B747BB637A5635CE14E877F39,2020-09-27 22:54:37.874000,
4okdxwqmxfzdbxd2,failed,not_found,528,7158836DCC91AAA4FAA293FFF0F645DCD0D4EFF9,081C9DF6A615A300B382C004DFE2CC37B561C9A0,221546DAE86B003139B13BD6F6AE1B4B42B59DF8,742C45F2D9004AADE0077E528A4418A6A81BC2BA,2020-09-27 22:54:17.304000,2020-09-27 22:54:23.111000
4okdxwqmxfzdbxd2,,,,,,,740E4C4842E4C190DFEC278EC1FD754FD261A864,2020-09-27 22:54:23.112000,
i6t7kiqw2j3iwqxp,failed,not_found,530,7158836DCC91AAA4FAA293FFF0F645DCD0D4EFF9,F148A022E5E2BAD006E29C82C8D47C047A29958F,C35C9FA3FC501BDC22A83FC05102733951E386D0,9E2D7C6981269404AA1970B53891701A20424EF8,2020-09-27 22:54:17.308000,2020-09-27 22:54:23.236000
i6t7kiqw2j3iwqxp,failed,not_found,844,7158836DCC91AAA4FAA293FFF0F645DCD0D4EFF9,891FB8477529A6B2894B7A3129402E0FD5DD281F,FD449127D30D8F5D124653D9EF736EDF4A12B4DC,85BFDBFCF9E711CF0F1A22C115368724D7C101F7,2020-09-27 22:54:23.237000,2020-09-27 22:54:39.326000
i6t7kiqw2j3iwqxp,,,,,,,85A885433E50B1874F11CEC9BE98451E24660976,2020-09-27 22:54:39.326000,
ul64okes6qzs6n2u,failed,not_found,532,7158836DCC91AAA4FAA293FFF0F645DCD0D4EFF9,8B0D8D35EC9BE90675E1D054DD7F52F555C80085,0F6E5CA4BF5565D9AA9FDDCA165AFC6A5305763D,38F0B34A86E19A2C65B20F95BFB0CBE40E3165C9,2020-09-27 22:54:17.309000,2020-09-27 22:54:23.406000
ul64okes6qzs6n2u,failed,not_found,846,7158836DCC91AAA4FAA293FFF0F645DCD0D4EFF9,AD1FC4AE877B2FFEB3C84F1A6B76E9B057AAEF4E,E185A006CD1ED8BBCC80193E891E9B392BF0A8EC,3B3F451BD58F96DC0E8EB7D01F209FC8803C33DF,2020-09-27 22:54:23.407000,2020-09-27 22:54:40.543000
ul64okes6qzs6n2u,,,,,,,3B5C6ED2C1DECEB32BF1AD9B7B272F4CE9CE0656,2020-09-27 22:54:40.544000,
clxkerpyfyhck5ql,failed,not_found,694,7158836DCC91AAA4FAA293FFF0F645DCD0D4EFF9,005079A42356183CEA5A3ADD239303F44F12E7EA,E1468D867FA3230EC1DACFCA87A800BAF22E79E0,CD5CF125FED4BE5DA5F259F75AF3D4DD182C54D0,2020-09-27 22:54:18.010000,2020-09-27 22:54:29.763000
clxkerpyfyhck5ql,,,,,,,CD5316A75554C2DADB87EF3624E95D848C309CE8,2020-09-27 22:54:29.764000,
utyc626lc5eyozq7,failed,not_found,628,7158836DCC91AAA4FAA293FFF0F645DCD0D4EFF9,2BAF092E8667C00CA3D9686C76D8EC3CC6BC7C5B,CD5CF125FED4BE5DA5F259F75AF3D4DD182C54D0,A389C523BE3B29EA59C75AC557BF5CFB69586DCB,2020-09-27 22:54:18.026000,2020-09-27 22:54:27.330000
utyc626lc5eyozq7,failed,not_found,997,7158836DCC91AAA4FAA293FFF0F645DCD0D4EFF9,019FEB22CE04CBD0489B7F24BE038518B64FA223,CC6910CF21D17C1BD68FE224CE7685BEB42558A8,46BC57CFDC91DE75CBDA7D264A1FD4684A048B5C,2020-09-27 22:54:27.330000,2020-09-27 22:54:55.845000
utyc626lc5eyozq7,,,,,,,A3901DDB7799A11E9BAB90BD1DDA734DBA196337,2020-09-27 22:54:55.846000,
cplpvfnb3tdftzir,failed,not_found,568,7158836DCC91AAA4FAA293FFF0F645DCD0D4EFF9,63BF46A63F9C21FD315CD061B3EAA3EB05283A0A,E5507444DAC04539B8DC624299616141B0DB64D5,DA4B488C2826DFBBD04D635DA1E71A2BA5B20747,2020-09-27 22:54:18.026000,2020-09-27 22:54:24.503000
cplpvfnb3tdftzir,failed,not_found,935,7158836DCC91AAA4FAA293FFF0F645DCD0D4EFF9,8101421BEFCCF4C271D5483C5AABCAAD245BBB9D,E1A24015947A6302F7DE89BB16E4FA3812B7C65B,DA53984DBA28420169F34F4F44CB24E3A0946747,2020-09-27 22:54:24.503000,2020-09-27 22:54:48.080000
cplpvfnb3tdftzir,,,,,,,A3407CC403CF39DFA40ED9E1D14A8B54431F6104,2020-09-27 22:54:48.080000,
pabpv4r2v3zshalc,failed,not_found,579,7158836DCC91AAA4FAA293FFF0F645DCD0D4EFF9,EE7CD2A763435C7006095BD167C790ABE5BC4DEA,21C9D9F1633246269DEB84A79495E85C07E8466D,775B0FAFDE71AADC23FFC8782B7BEB1D5A92733E,2020-09-27 22:54:18.042000,2020-09-27 22:54:25.019000
pabpv4r2v3zshalc,failed,not_found,900,7158836DCC91AAA4FAA293FFF0F645DCD0D4EFF9,9DB400402B545DC41DE342E14644F74B7DA4F789,B70BD334FFEE23E653B75219AE12CF0236BCFCBB,776FCB8F73F8D84407F5AF2460A75F9EEC982EB3,2020-09-27 22:54:25.019000,2020-09-27 22:54:42.068000
pabpv4r2v3zshalc,,,,,,,7761DDC7EB1BE26D4155F74A15F12C32A36FE0F2,2020-09-27 22:54:42.069000,
h2lfpigoa75wm3lo,failed,not_found,581,7158836DCC91AAA4FAA293FFF0F645DCD0D4EFF9,E03E581AA42A211F69DC63608B1980F10AE52C26,32437FADA2B55E6F446870203311860AD8588569,7332A06B00D6AF54AA804F03C624DFBBC9E66172,2020-09-27 22:54:18.043000,2020-09-27 22:54:25.110000
h2lfpigoa75wm3lo,failed,not_found,948,7158836DCC91AAA4FAA293FFF0F645DCD0D4EFF9,D0BF6A6400081DA6031536ECEAD59F79BDABEB65,1BB9F857B41ABFB3BE0570F8A86DDCFD198713A2,7327876AE79C997DFE311A7B15B4FA875736BBD1,2020-09-27 22:54:25.110000,2020-09-27 22:54:48.154000
h2lfpigoa75wm3lo,,,,,,,D1F2C5C820B3F96BE6144CBFB84FDDF9D0EC0810,2020-09-27 22:54:48.154000,
fr5q7yivofkdjcax,failed,not_found,583,7158836DCC91AAA4FAA293FFF0F645DCD0D4EFF9,FA1845C313B88EF49E8BE1F23B02CD0AC702B636,FE1AF5E909002134BFF834F4AD5E1DE723779002,18ECBFC3A6834CB67414640C7F1E765E542CED2C,2020-09-27 22:54:18.043000,2020-09-27 22:54:25.263000
fr5q7yivofkdjcax,failed,not_found,911,7158836DCC91AAA4FAA293FFF0F645DCD0D4EFF9,72C2EB697C3CD4CE7408359B386DEE6B2888F714,BF735F669481EE1CCC348F0731551C933D1E2278,18EEE9D8553BA0171A7967CEB96366864EF0E552,2020-09-27 22:54:25.264000,2020-09-27 22:54:45.239000
fr5q7yivofkdjcax,,,,,,,18EF781925EDF5463338AB450EF0C56C5CAA2F1A,2020-09-27 22:54:45.239000,
2bo3x66cv7ln4x3g,failed,not_found,577,7158836DCC91AAA4FAA293FFF0F645DCD0D4EFF9,77A56CB237740E24AEA2D61C8C8936232AFC1BD8,174D93DF6242BD4ABE2C09E6607892C3A3905675,492FF91A6B43110681F7D5DD3B380E537699D3F1,2020-09-27 22:54:19.069000,2020-09-27 22:54:25.076000
2bo3x66cv7ln4x3g,failed,not_found,944,7158836DCC91AAA4FAA293FFF0F645DCD0D4EFF9,64FC9B3852BA7EC74E79BD4099D850C338009E77,BBDE12C320FD1C3FFBEC15202F46D5620FC1444E,48DE832F4BE6955B3F3F1F060310F3BFD7A7903E,2020-09-27 22:54:25.077000,2020-09-27 22:54:47.372000
2bo3x66cv7ln4x3g,,,,,,,1FA44BC51BF2416D3E44C9AAD732F7B14C0D1C05,2020-09-27 22:54:47.372000,
5wdbokwsekq54obw,failed,not_found,624,7158836DCC91AAA4FAA293FFF0F645DCD0D4EFF9,44BD70C13DAA7513D6F47773804178B009F21ED5,D1B1A550FEE3A05E71CA9080D14CCA3B746C0C17,4AC4F120C119C72356BC9C33BF14E26D2BF052D4,2020-09-27 22:54:19.090000,2020-09-27 22:54:26.645000
5wdbokwsekq54obw,failed,not_found,974,7158836DCC91AAA4FAA293FFF0F645DCD0D4EFF9,A751D8BEE222564B7BA657F74B6658836FF1AEEA,D87698D8E2276C7E93D531B7C2A1B27D58C71876,4AC424FBB4DAC4B028366C0C2EE9C9DD11A7BE2D,2020-09-27 22:54:26.645000,2020-09-27 22:54:53.294000
5wdbokwsekq54obw,,,,,,,4A72492BACE7815554E45F4AB9AF05D549136D8F,2020-09-27 22:54:53.295000,
2n7m6lp4rrkcidig,failed,not_found,626,7158836DCC91AAA4FAA293FFF0F645DCD0D4EFF9,6E4B0D429CD87AB6C25D72E298294C583FF8BA4A,4656F36592379C17C69F5295602FC0E7BD419F2C,94A27C2F372C96D5B1E5C3AA2E2EEECC5C40D74C,2020-09-27 22:54:19.114000,2020-09-27 22:54:26.838000
2n7m6lp4rrkcidig,failed,not_found,976,7158836DCC91AAA4FAA293FFF0F645DCD0D4EFF9,901CBA6FF3B90618D3FFEFF040353C267F690DF8,C5AF11B595BE211E42D1A121ABEC89515D3B0CBC,EB60A3BD25E01AF2564EF0397D8508E5D2AFD58A,2020-09-27 22:54:26.839000,2020-09-27 22:54:56.850000
2n7m6lp4rrkcidig,,,,,,,EB60858E074016216315AA6F6E8E3D4F17381D5D,2020-09-27 22:54:56.850000,
ba26qnida6aigqer,failed,not_found,733,7158836DCC91AAA4FAA293FFF0F645DCD0D4EFF9,00240ECB2B535AA4C1E1874D744DFA6AF2E5E941,7A3E534C033E3836BD5AF223B642853C502AB33A,537DFC2019C77FF60A0A29BEF358F7F6D6C68688,2020-09-27 22:54:19.155000,2020-09-27 22:54:31.126000
ba26qnida6aigqer,,,,,,,5333C98E703385743AE931ECC929C5E4B32A0CD0,2020-09-27 22:54:31.126000,
qkmrbatk2yn3p4dc,failed,not_found,640,7158836DCC91AAA4FAA293FFF0F645DCD0D4EFF9,44BD70C13DAA7513D6F47773804178B009F21ED5,D777D31F95081D0F7223AAD5F8A74977D524145D,DA84D41783BBB6058CB9DF8C90697E8D5EA647C3,2020-09-27 22:54:19.156000,2020-09-27 22:54:27.329000
qkmrbatk2yn3p4dc,,,,,,,4AC424FBB4DAC4B028366C0C2EE9C9DD11A7BE2D,2020-09-27 22:54:27.329000,
cz62gijiizlpf5yg,failed,not_found,642,7158836DCC91AAA4FAA293FFF0F645DCD0D4EFF9,C414F28FD2BEC1553024299B31D4E726BEB8E788,1F78D47D20BA3ACF9DCE50F4533A5CEA232CF398,37F6C543A7944CC88B52971705FA5B69AFC7E552,2020-09-27 22:54:19.237000,2020-09-27 22:54:27.057000
cz62gijiizlpf5yg,failed,not_found,978,7158836DCC91AAA4FAA293FFF0F645DCD0D4EFF9,7A3E534C033E3836BD5AF223B642853C502AB33A,AF1C02D6BF9827BB956F09C454C28B431B1EFFE7,380F79145FF9C2332CBF41313062C99DBA9B0E50,2020-09-27 22:54:27.058000,2020-09-27 22:54:56.189000
cz62gijiizlpf5yg,,,,,,,B5831845F631C3E053B12D4714332E930219A014,2020-09-27 22:54:56.190000,
6hp3c3jltb34s7db,failed,not_found,738,7158836DCC91AAA4FAA293FFF0F645DCD0D4EFF9,F65990C23AB017AC37226EB2AD3DA5A8EAE55D0C,E00DFD54DC165D5452FBD3530D30186DAD016A0C,6BA54D7805A44F63A75D70AFEC8D2DF6BA7BCAE0,2020-09-27 22:54:20.035000,2020-09-27 22:54:31.805000
6hp3c3jltb34s7db,,,,,,,5628495D9939A8C139DD441402DE42F7012B7092,2020-09-27 22:54:31.806000,
4st4vu3uvgey5hv6,failed,not_found,739,7158836DCC91AAA4FAA293FFF0F645DCD0D4EFF9,A66E5782FE6097D2824044466776FE912AEFD85B,E36536404200A74930DB165858BD5BB554D2BEA2,706A7674A217BA905FE677E82236B7B968A23DB7,2020-09-27 22:54:20.063000,2020-09-27 22:54:32.786000
4st4vu3uvgey5hv6,,,,,,,70090E9F85FBE004EEBF58461FD6EDD5BF8A523E,2020-09-27 22:54:32.787000,
e2sqoikrupyfwpzz,failed,not_found,695,7158836DCC91AAA4FAA293FFF0F645DCD0D4EFF9,8EA58F28DCA60F56C6F2131BDFE9BF5FAF2233CE,334DF2164322B98FCC567BC444947B74AC92DAEA,61FA7E7C766577D76EBABF19330993DEFA8AF3C3,2020-09-27 22:54:20.064000,2020-09-27 22:54:29.578000
e2sqoikrupyfwpzz,,,,,,,620C95FD5C1C4DA2D212C7F05494E49C6130BDAF,2020-09-27 22:54:29.579000,
7qoczztmrxrqesqt,failed,not_found,458,7158836DCC91AAA4FAA293FFF0F645DCD0D4EFF9,54FF87E18CF4B351BB078A640A4DC5265969485E,60A9E1FE4D020383A4A0FE58E5950983D08D65E7,D1640589B1C0CC8BC657E07F9F739C267C08A768,2020-09-27 22:54:20.164000,2020-09-27 22:54:29.981000
7qoczztmrxrqesqt,,,,,,,D16162311822511464E9C6CE2FC62E48A0548B26,2020-09-27 22:54:29.982000,
t5d4f2rrtfvlxvzn,failed,not_found,669,7158836DCC91AAA4FAA293FFF0F645DCD0D4EFF9,8056080EE822B5CA1A8FFF52B7242A82C5E42FBB,BA8546AE9B27F0C81F98A6C12D96B7DAB0814991,311A4533F7A2415F42346A6C8FA77E6FD279594C,2020-09-27 22:54:20.250000,2020-09-27 22:54:27.798000
t5d4f2rrtfvlxvzn,,,,,,,318CAD1A00B33D2F65958210B09B8937836E99AF,2020-09-27 22:54:27.798000,
wzym5lwsw7zj2vkt,failed,not_found,450,7158836DCC91AAA4FAA293FFF0F645DCD0D4EFF9,8D79F73DCD91FC4F5017422FAC70074D6DB8DD81,5AD3FB658E490BAD9515F363374AA41D65D31A02,3F1581559522B27BD1342F2A3A0022F273FA93D6,2020-09-27 22:54:20.250000,2020-09-27 22:54:30.033000
wzym5lwsw7zj2vkt,,,,,,,3F1DB384A36EB0F5D7EAE4CAC54351C957B7E259,2020-09-27 22:54:30.034000,
3mptzhb7bp2lbgso,failed,not_found,744,7158836DCC91AAA4FAA293FFF0F645DCD0D4EFF9,9B3E7A0AD9A054984CC87E7CA9D5C117202D45D4,0CE3B73DDFF92FF6653A9C7F9003A32BB6C2364D,F6691E3EB7CAB3C876AAA885E6801B63DC998C39,2020-09-27 22:54:21.060000,2020-09-27 22:54:33.476000
3mptzhb7bp2lbgso,,,,,,,070229A4CC2CFFB24EB667298A7DB5E8D11EB701,2020-09-27 22:54:33.476000,
xn5sz5r7pfjq3zzn,failed,not_found,798,7158836DCC91AAA4FAA293FFF0F645DCD0D4EFF9,3D6C776E8BE9E8AE5D0591594117999E3C5498C8,A0F39D32028CEC7F35419E9570401DE15B1B4564,841DE1E065BCA8C1EBDC4A7140646F47A6257BD8,2020-09-27 22:54:21.138000,2020-09-27 22:54:33.979000
xn5sz5r7pfjq3zzn,,,,,,,33AA6CFE161A698169B548C9D973DAE6DED6BF0E,2020-09-27 22:54:33.979000,
dxdu6qntu7bk4cv2,failed,not_found,754,7158836DCC91AAA4FAA293FFF0F645DCD0D4EFF9,C8B23EA543FAD6F820E5841A8380DC28C83AEA0F,023EBBC57BEB7F45473B3DC2AA811FB3AABA4466,5412D862C7625F145E16D3D831F6D33A9FAF5EE9,2020-09-27 22:54:21.138000,2020-09-27 22:54:35.122000
dxdu6qntu7bk4cv2,,,,,,,069E732EC96774ED5609D4803D7B1130E338B0EB,2020-09-27 22:54:35.122000,
fx46cqych6a4aseg,failed,not_found,756,7158836DCC91AAA4FAA293FFF0F645DCD0D4EFF9,5751514249B4A7FA5187363BB6C4F76126729137,E65BA17239C454A82082B0B4F3DDD8D83E4FD893,E6898F94A2CBF583B48FB16D2C37F9B55037E9F9,2020-09-27 22:54:21.139000,2020-09-27 22:54:35.025000
fx46cqych6a4aseg,,,,,,,E689C03C0990FDCE4FD25C5F1DF17D5DA793B620,2020-09-27 22:54:35.026000,
mq6pbgvn2yy5qkw5,failed,not_found,758,7158836DCC91AAA4FAA293FFF0F645DCD0D4EFF9,6B7ABD237CF25E5F787F365AF5FC4C86F0213A9F,F8DE8132E599A194E20DDB738AF64A7200CD5949,254FF480BF5642929460532FF59BCE15DF1070EB,2020-09-27 22:54:21.162000,2020-09-27 22:54:33.130000
mq6pbgvn2yy5qkw5,,,,,,,699388030AFC5C110822C85DE97A51545B192987,2020-09-27 22:54:33.130000,
oiokj5ritn6ohj5p,failed,not_found,760,7158836DCC91AAA4FAA293FFF0F645DCD0D4EFF9,5F9141428BF5EAE485F0E2F7912DEDED4F4D17A7,6A5B650B830F408286FF870718D3D00B568B7045,0F85E6DB0E4A3B6FDDF7C9452C9B5D089B11979D,2020-09-27 22:54:21.162000,2020-09-27 22:54:34.785000
oiokj5ritn6ohj5p,,,,,,,0F89912E6A4C4A8ACE43C58FF8B83CA299BFF74F,2020-09-27 22:54:34.786000,
h7uxs42z4su26ccw,failed,not_found,961,7158836DCC91AAA4FAA293FFF0F645DCD0D4EFF9,A4A2FE36988069304CFF837064277FAB6348AF03,18B160CD5E22BFC345AEE7BA84B7EA45BF457FCA,6F7E602D79D16C871F8984B98658F2C9928F2FD9,2020-09-27 22:54:22.003000,2020-09-27 22:54:35.423000
h7uxs42z4su26ccw,,,,,,,6F901069356A789F02294F18A4D5FE1368239702,2020-09-27 22:54:35.423000,
mpfgvaagzqw7qevt,failed,not_found,793,7158836DCC91AAA4FAA293FFF0F645DCD0D4EFF9,035396269F6D00503D1765DF36ED1B203A028D74,7A2A6F39F485C4FC95FB885FFF37C436FD2BB7E5,6DFB4AC8B5E7B1AD0B3F5F465F774A421C66CBBA,2020-09-27 22:54:22.026000,2020-09-27 22:54:34.562000
mpfgvaagzqw7qevt,,,,,,,6CE02B690E1F95032D38E3FAF380D907135C9E1A,2020-09-27 22:54:34.562000,
qfcx3tfy3cuostl4,failed,not_found,741,7158836DCC91AAA4FAA293FFF0F645DCD0D4EFF9,43C83536DACCD110FF11E049A890064F6F87BEB2,A9CC6C0B5B002C6D902827584A336CB15B5C9DC7,FCC70D3F500C2EA62004137B0137201A93A2B57E,2020-09-27 22:54:22.027000,2020-09-27 22:54:32.612000
qfcx3tfy3cuostl4,,,,,,,FCCCECDC44273C67FB374200138464F38DDF39AC,2020-09-27 22:54:32.613000,
327ilpgzez2y65mt,failed,not_found,796,7158836DCC91AAA4FAA293FFF0F645DCD0D4EFF9,F94A7BAC5D1E3D9372437141E10695A625B8B533,624B7391B9790E7CD2AF6A7238239BA3D6928A57,5790B62AD6C79A1092B30993A8F0F7F23A969FD6,2020-09-27 22:54:22.052000,2020-09-27 22:54:34.917000
327ilpgzez2y65mt,,,,,,,3A144BCB2681ABA103B83D553BEFC3EB99A11801,2020-09-27 22:54:34.917000,
uvh5ezfgo7fbfkue,failed,not_found,752,7158836DCC91AAA4FAA293FFF0F645DCD0D4EFF9,CC100DC017A25E244C35C964BB518E4308415ACC,B31A677A74A47621BC6073AC32066F85F3033594,841DE1E065BCA8C1EBDC4A7140646F47A6257BD8,2020-09-27 22:54:22.119000,2020-09-27 22:54:34.968000
uvh5ezfgo7fbfkue,,,,,,,83D0FC8B6791056FAED01FD2717A699D3D97CEBF,2020-09-27 22:54:34.969000,
tbgzef3lhlob43y2,failed,not_found,772,7158836DCC91AAA4FAA293FFF0F645DCD0D4EFF9,A2C6C931D8627C6605288970889DDB88C7BA2142,316DE45EFFB53671C9FD53CE0992952846709A29,D82943434B24204FBF1B4B818CFEA64F205DEAC3,2020-09-27 22:54:22.160000,2020-09-27 22:54:33.476000
tbgzef3lhlob43y2,,,,,,,D8733048FC8EC9102466AD8F3098622BF1BF71FD,2020-09-27 22:54:33.476000,
qnqskqla3sm3gfrs,failed,not_found,827,7158836DCC91AAA4FAA293FFF0F645DCD0D4EFF9,6DFB4AC8B5E7B1AD0B3F5F465F774A421C66CBBA,87D73471FDC64BD9CEDF84435D20CA4EB5C36FE8,E08FA051D29468D098C2A3E1B123E4A05967398E,2020-09-27 22:54:22.990000,2020-09-27 22:54:38.728000
qnqskqla3sm3gfrs,,,,,,,E0B3B10226F067A1B215178D19A19EF311E7FDC3,2020-09-27 22:54:38.728000,
rnsatlzspiwj2zfz,failed,not_found,829,7158836DCC91AAA4FAA293FFF0F645DCD0D4EFF9,84001E8A376A3B0B645EE6F807D072CC8D63EA09,68773D3FF7B8CEFCEEFCA32AE72015E2D38C62C1,D4C5BAEA92CADCC02D64E0DD9F1A49024C57F05C,2020-09-27 22:54:23.015000,2020-09-27 22:54:37.986000
rnsatlzspiwj2zfz,,,,,,,D4A47678E58E6E38FC90F1D80FD19FDFE6C58D90,2020-09-27 22:54:37.986000,
bjzyjxticzksi77c,failed,not_found,831,7158836DCC91AAA4FAA293FFF0F645DCD0D4EFF9,50C7B836942F14BDF1541B017CF21FD03F354E13,0990E0F4F2C127BDDA9B6726400FAC077F6C83B0,65379EED488599B0A1512E80D4743BC9125CB306,2020-09-27 22:54:23.040000,2020-09-27 22:54:38.530000
bjzyjxticzksi77c,,,,,,,6315278A91710062D90B288199EFA06E4AAA9E8F,2020-09-27 22:54:38.530000,
rozi4swpdbum4q62,failed,not_found,833,7158836DCC91AAA4FAA293FFF0F645DCD0D4EFF9,7992F172EDBE69B99F0190651BAC14DD0FD9E5C8,9EB3FD84065E5622A57EFEF14E41A01B5B99A022,5B52301188A4D0A96190DAB170973FA39116495D,2020-09-27 22:54:23.065000,2020-09-27 22:54:38.059000
rozi4swpdbum4q62,,,,,,,5B701D5C806F91D8A3C6B3E92624727EC43E26C2,2020-09-27 22:54:38.060000,
4b5pcnxoxqc3b6qq,failed,not_found,835,7158836DCC91AAA4FAA293FFF0F645DCD0D4EFF9,E947C029087FA1C3499BEF5D4372947C51223D8F,DE4EB74B8105751568A75649F6672A31F2A3DE20,99339F3E68BCCC1391BF14C821D80766FE0C5956,2020-09-27 22:54:23.065000,2020-09-27 22:54:38.129000
4b5pcnxoxqc3b6qq,,,,,,,C69BE3F0326A7328556501BE237408F32748247D,2020-09-27 22:54:38.130000,
pmq4vggjqb7aow6w,failed,not_found,837,7158836DCC91AAA4FAA293FFF0F645DCD0D4EFF9,ACBF3D504CFF3D74D1991AFDF6AC070606232B10,A99B0D9E5FD5BC3C8F2D006EC91F8C7F40E09CB8,B27CF1DCEECD50F7992B07D720D7F6BF0EDF9D40,2020-09-27 22:54:23.066000,2020-09-27 22:54:38.587000
pmq4vggjqb7aow6w,,,,,,,B280113839E36CB58237E5E950B1D1C3B9C07C29,2020-09-27 22:54:38.587000,
fetljhcwsaq7k3gh,failed,not_found,864,7158836DCC91AAA4FAA293FFF0F645DCD0D4EFF9,C333C56EAAD404ACDDE2FB3A675C5F5DA46A81E2,3B953203AF332D8FE1452E1CE7CB50A3B5297DB2,369FD7461D2FF60A860816EB8A0CB289CEF3AE93,2020-09-27 22:54:24.074000,2020-09-27 22:54:41.685000
fetljhcwsaq7k3gh,,,,,,,36BABBBC06E2BF9D2C992371324B95B812E10A40,2020-09-27 22:54:41.686000,
nxxo4phh4piy2trk,,,,,,,770E5AFB0A796DA2DA88434F11427513BAA1FACC,2020-09-27 22:54:24.074000,
rpxbeivxyxhuomfn,failed,not_found,868,7158836DCC91AAA4FAA293FFF0F645DCD0D4EFF9,61FA7E7C766577D76EBABF19330993DEFA8AF3C3,84F0FEBFDFA8FBC6A2EA27F87EBB31F050AFD04D,2B5E502536A436FE36DA2C6875F4C77F3593B37F,2020-09-27 22:54:24.146000,2020-09-27 22:54:41.447000
rpxbeivxyxhuomfn,,,,,,,91E7CA6B8D0AAD77C7CFB8FEA25BF4F46DA1042A,2020-09-27 22:54:41.448000,
7x7tuohqa56lwy4g,failed,not_found,871,7158836DCC91AAA4FAA293FFF0F645DCD0D4EFF9,B5831845F631C3E053B12D4714332E930219A014,7B2904FE8AA12E45EA3D65658ED8CECA4A51F7F8,39F91959416763AFD34DBEEC05474411B964B2DC,2020-09-27 22:54:24.146000,2020-09-27 22:54:41.608000
7x7tuohqa56lwy4g,,,,,,,3A144BCB2681ABA103B83D553BEFC3EB99A11801,2020-09-27 22:54:41.608000,
aglneijugxgnhxja,failed,not_found,918,7158836DCC91AAA4FAA293FFF0F645DCD0D4EFF9,65BCA5B95D3631771AF358CC73933F85B68DDFA4,0C3D5E19E3C75B505C8ACD26F89DCA2DF970553E,6C143720FFF8469EF6A5C5B4066366340CF6C0D1,2020-09-27 22:54:24.147000,2020-09-27 22:54:47.736000
aglneijugxgnhxja,,,,,,,295C5C7213AE400F16DF7303AF28B3AFE16E0F7D,2020-09-27 22:54:47.736000,
5o63ch3vbsc5a3g3,failed,not_found,919,7158836DCC91AAA4FAA293FFF0F645DCD0D4EFF9,1B02964F5C1DBFE957AE244525A213C115A9F23D,C1335B1DB938644FCD54EE744D91354F94EDD1BC,870E97E5846D8308EA469A5BB5A50D2838503DBE,2020-09-27 22:54:24.186000,2020-09-27 22:54:45.751000
5o63ch3vbsc5a3g3,,,,,,,081C9DF6A615A300B382C004DFE2CC37B561C9A0,2020-09-27 22:54:45.752000,
fequq2si6hw546zk,failed,not_found,856,7158836DCC91AAA4FAA293FFF0F645DCD0D4EFF9,547C1CDB516798EC66A01F04A5884DCE1A151919,457D6035A953805B82D2A9933EDE3A0EA4B675FE,D5039E1EBFD96D9A3F9846BF99EC9F75EDDE902A,2020-09-27 22:54:25.078000,2020-09-27 22:54:40.369000
fequq2si6hw546zk,,,,,,,24D0491A2ADAAB52C17625FBC926D84477AEA322,2020-09-27 22:54:40.369000,
r4lracbfxzzbj6bf,failed,not_found,951,7158836DCC91AAA4FAA293FFF0F645DCD0D4EFF9,A932F56F69D24A96A0CBC4F32922A62DEFD28C77,5CE3AD8AD04ADE66C0037A3CF5F7F7A40D48A20B,61F3A840F61EEFFF682C6243534ECEB09ADFE3B3,2020-09-27 22:54:25.110000,2020-09-27 22:54:51.522000
r4lracbfxzzbj6bf,,,,,,,61F24EBAEC4290FAC31CF34F0FFCDA765A2D9705,2020-09-27 22:54:51.522000,
6jwwgkr3yqgwpzdj,failed,not_found,953,7158836DCC91AAA4FAA293FFF0F645DCD0D4EFF9,CD39C258265B25EAA4ABA4FDCB2DF98104CAA362,44DC23661E05DEFD94398936D9334987ABCB6E5E,6F1F13BF7774A849849F2EDF76FBE6022C6D4C1A,2020-09-27 22:54:25.197000,2020-09-27 22:54:48.598000
6jwwgkr3yqgwpzdj,,,,,,,6F1A2314C4A1ADEDFB7D419B6BB10D7BC40119F6,2020-09-27 22:54:48.599000,
stofetbn4rowefbz,failed,not_found,904,7158836DCC91AAA4FAA293FFF0F645DCD0D4EFF9,CDA9361C072A86719AA3D5A283F5BFBCBF82133B,55BEC1032A3C66AE5ABF26D11505352318736D45,2B34099ED2BC598C4745C96C873FD73A445646BD,2020-09-27 22:54:25.198000,2020-09-27 22:54:48.229000
stofetbn4rowefbz,,,,,,,2B24C281AD12EA96F72C2808E1AF041CEBE345D0,2020-09-27 22:54:48.229000,
jxwwh3lkr65bpgap,failed,not_found,906,7158836DCC91AAA4FAA293FFF0F645DCD0D4EFF9,070D387230C1B95A05811C5B722FBD21A1076BDB,05349C0F35C5635A708888004F8B022931E8BEE6,DB8D1454CE078844DDA447C8ACBEE440B267258D,2020-09-27 22:54:25.198000,2020-09-27 22:54:46.232000
jxwwh3lkr65bpgap,,,,,,,DB739627A2E20DE302A0D25F21B8B372D4AC2963,2020-09-27 22:54:46.233000,
2mmdo3pzrqq5z7kw,failed,not_found,869,7158836DCC91AAA4FAA293FFF0F645DCD0D4EFF9,66BD39FE805AED414ADE400CAAD862C9CC3AC34E,AB803469D8B0C3F00620D98DE99CA8F646428E66,37DDF1906EE3DB96130A717EA54667C64DAC78DF,2020-09-27 22:54:25.230000,2020-09-27 22:54:41.355000
2mmdo3pzrqq5z7kw,,,,,,,37F3B91330C07A8F22F8D31545503E52627002CB,2020-09-27 22:54:41.356000,
l7d7ata3bnjppbg6,failed,not_found,959,7158836DCC91AAA4FAA293FFF0F645DCD0D4EFF9,B8805CBDBE91A5E68D268FC62DC617B5BD7CC9E7,1CDCB48F64E21D5ACAFE2471912E2E76F600EDFA,91517F219F7648E4B8BBF3C162C77DDC55315612,2020-09-27 22:54:26.252000,2020-09-27 22:54:51.612000
l7d7ata3bnjppbg6,,,,,,,9127D95DAA81291F26BE45B1A73E2F1145887B94,2020-09-27 22:54:51.612000,
e56rs52gyin3xjit,failed,not_found,791,7158836DCC91AAA4FAA293FFF0F645DCD0D4EFF9,E77B260DADB37C6E0AED1287843512B114705AD2,13B2354C74CCE29815B4E1F692F2F0E86C7F13DD,6F7E602D79D16C871F8984B98658F2C9928F2FD9,2020-09-27 22:54:26.252000,2020-09-27 22:54:52.261000
e56rs52gyin3xjit,,,,,,,6F6586F1631CAC1115B9561656E7664D386B7F4B,2020-09-27 22:54:52.261000,
j7ity7rzkl5rasyd,failed,not_found,965,7158836DCC91AAA4FAA293FFF0F645DCD0D4EFF9,754CB99117E6ED570DFCFB7D9F12674B97A4E28E,DA8D76F5F5819693B5C96F499BA19F7404014769,81EDFBC8F6F5C7CF0ADD5F8E08BC8FABA04089C6,2020-09-27 22:54:26.253000,2020-09-27 22:54:52.100000
j7ity7rzkl5rasyd,,,,,,,81E18725397D620DA548ABBE24D9CD263DEF2FDC,2020-09-27 22:54:52.100000,
qosmyn6m5pvyl2xn,failed,not_found,967,7158836DCC91AAA4FAA293FFF0F645DCD0D4EFF9,484A10BA2B8D48A5F0216674C8DD50EF27BC32F3,BCDB525EBCD201761F728BA2BFE48AAA0E84D188,1C70C2AA7F3772CE07C4EF6B18A6E330150372EE,2020-09-27 22:54:26.317000,2020-09-27 22:54:56.073000
qosmyn6m5pvyl2xn,,,,,,,0011BD2485AD45D984EC4159C88FC066E5E3300E,2020-09-27 22:54:56.074000,
l3zqiq3z6oamllhf,failed,not_found,968,7158836DCC91AAA4FAA293FFF0F645DCD0D4EFF9,722BA3958D6F4B9A7CE927001CE7FED8625A749E,5F276A6F7AA74AFB2AF100EADA28C7A6F48BA50F,BF3E9B97D3CE4099F73AA4BD70CA14B635FA3CEA,2020-09-27 22:54:26.318000,2020-09-27 22:54:54.431000
l3zqiq3z6oamllhf,,,,,,,BF50E09EED25B82861CF95E1AAA42DCFEF53E5D1,2020-09-27 22:54:54.432000,
dflp4yhlwh2suso6,failed,not_found,972,7158836DCC91AAA4FAA293FFF0F645DCD0D4EFF9,02758CD398E3F842EF82478078AAAE0273770DB2,E4A7CF32D1EC81521E234C8BF46384E75838A8D7,BD3FBEC1D67C48A2583DB378B92A59C5E9AB4DA2,2020-09-27 22:54:26.400000,2020-09-27 22:54:52.678000
dflp4yhlwh2suso6,,,,,,,BB5630967607D8A8B6CA854AF954FE8372D1662A,2020-09-27 22:54:52.678000,
ak3un33mwrbckzaa,failed,not_found,980,7158836DCC91AAA4FAA293FFF0F645DCD0D4EFF9,9B2BC7EFD661072AFADC533BE8DCF1C19D8C2DCC,C5F214F7F9CCBF09324C9AA032760150243A196C,C1939D36649DE98A202429631D8EFC70128D5F5F,2020-09-27 22:54:27.129000,2020-09-27 22:54:53.521000
ak3un33mwrbckzaa,,,,,,,C1841E4BA7C4A1B6BA012E4320570ABEF66D60B0,2020-09-27 22:54:53.521000,
hjazf2yw4imhuei5,failed,not_found,982,7158836DCC91AAA4FAA293FFF0F645DCD0D4EFF9,A567FF5DC72A21A6B7120609E51E76C49517EF41,03CFF90060461087D34FFB7B485C3AD30143775C,18C585E153DFBCC414B8259FE7994BA520B5EB6F,2020-09-27 22:54:27.130000,2020-09-27 22:54:54.933000
hjazf2yw4imhuei5,,,,,,,7FF94320963B5CDAF9A072CE9BEE9B4F1F2B383C,2020-09-27 22:54:54.934000,
2q2evgildadht2gm,failed,not_found,985,7158836DCC91AAA4FAA293FFF0F645DCD0D4EFF9,C3ACB0492A644E27A549BC3CDF3B7A129186E3BF,DB2682153AC0CCAECD2BD1E9EBE99C6815807A1E,57C6DF5B93E54EB9C8DB90029D9E9A1111BD34D2,2020-09-27 22:54:27.261000,2020-09-27 22:54:54.134000
2q2evgildadht2gm,,,,,,,5A14FBBBAF842124A0AF3C650F4302C5B549AB17,2020-09-27 22:54:54.134000,
62mbm3jcubpdpfc6,failed,not_found,987,7158836DCC91AAA4FAA293FFF0F645DCD0D4EFF9,B0DB2F173F0DB364BABF7A465D796B3C048F1F33,06E72526BBE040C51C5ADFBAA07ADD9AEB5E1FA1,E8130F7A29B624A70A0EC506671D66BAA32F1A5F,2020-09-27 22:54:27.262000,2020-09-27 22:54:55.349000
62mbm3jcubpdpfc6,,,,,,,CFDF99EE1923D870329F8DAE54398FD45409F01F,2020-09-27 22:54:55.349000,
xdm6ebc4qch2nmtc,failed,not_found,989,7158836DCC91AAA4FAA293FFF0F645DCD0D4EFF9,AE95BDA37A5BB4685FEBB7F06649D6CE949B5316,BB12ECF3DCF12B187CFD735DAC68F98A3E13DEE2,19FFF04C4B4448A993F5C908C99704881DCD4767,2020-09-27 22:54:27.262000,2020-09-27 22:54:54.842000
xdm6ebc4qch2nmtc,,,,,,,1A002B6E163D502F23381391718E11A568976403,2020-09-27 22:54:54.842000,
icwjrc2bniysxvmi,failed,not_found,991,7158836DCC91AAA4FAA293FFF0F645DCD0D4EFF9,AA7630738F82C4DF26BB8EFF131564DACDEAC64C,5790B62AD6C79A1092B30993A8F0F7F23A969FD6,CF556653E704F7B619E1BBC0AE86A8E2E185A17F,2020-09-27 22:54:27.295000,2020-09-27 22:54:54.526000
icwjrc2bniysxvmi,,,,,,,38F74AD4503689A3FD5DCADC11783F8D8255F839,2020-09-27 22:54:54.527000,
zp5mxibe2h6ngfzi,,,,,,,CF051D466CBEB31925F48A932E2AA0D7F203120B,2020-09-27 22:54:28.026000,
w4yy43yltqnwagwq,,,,,,,7A6873B86D82BC8B4F0E790828626107820F7B9E,2020-09-27 22:54:28.067000,
s7gupslvswhakgoo,,,,,,,FB52C73C8B728ABDE014DB30DC53D160A71E5708,2020-09-27 22:54:28.067000,
rdgkayw77talzd54,,,,,,,798A57B4E129699A521A03E7F72BC0FDEC31F4D6,2020-09-27 22:54:28.144000,
75eixttk4g6dqe4f,,,,,,,D7082DB97E7F0481CBF4B88CA5F5683399E196A3,2020-09-27 22:54:28.144000,
oglab7n6aqlnzh3s,,,,,,,1D25C7B2DD3C0BD55526DCF95B175EA3E95D9286,2020-09-27 22:54:28.144000,
qdpfxr7ovtzqrrui,,,,,,,2C6E2587287437FA10BFB145CD2691FD605C8709,2020-09-27 22:54:29.238000,
apymyukzezn2mymj,failed,not_found,1007,7158836DCC91AAA4FAA293FFF0F645DCD0D4EFF9,61B8BDC91AA7BC9A05EB5A3D652FFF88C98E6911,42D47C736518BFA495CA31AEE40AE468F0BDA2A6,FE59C12C9697E742CD3F7ADBAF6385EA1C8B379F,2020-09-27 22:54:29.239000,2020-09-27 22:54:57.152000
apymyukzezn2mymj,,,,,,,CA4E9DFE87DE87E502F3B503D07EC8EFCAEE2549,2020-09-27 22:54:57.153000,
jt4izg2o3goo2dgz,,,,,,,EC1EEF4ABBAA11CE8C978E6C87182F63AD27A4F8,2020-09-27 22:54:29.239000,
2txv7iyc6ddbyfeq,,,,,,,EEFFC0D532AB63BB3E9CAEADA822971F6D3AE8D6,2020-09-27 22:54:29.441000,
sygvaldix3i26t3f,,,,,,,E6898F94A2CBF583B48FB16D2C37F9B55037E9F9,2020-09-27 22:54:29.518000,
hftdh4y5sjaimknw,,,,,,,C545ED3BE029B226D74B3F798235951D2FEEE3E1,2020-09-27 22:54:29.519000,
75z6cfjs4ynca2js,,,,,,,1AAC19D892F84910AB94C45092241ABA3CFC4C89,2020-09-27 22:54:30.301000,
ptyxxlwlnyn7xrvt,,,,,,,419C3FC74B87C36EEE3AD9140ED3ECE429825CF5,2020-09-27 22:54:30.303000,
grgvios4dfbz6wmt,,,,,,,C2481FAAA5508F6C2A64873972281220E9778476,2020-09-27 22:54:30.457000,
eosinlj6my3bo7xz,,,,,,,4D70F05DD308A2EA5B671E440879BFADAC92860F,2020-09-27 22:54:30.458000,
nae3sgzszv4g64dn,,,,,,,B43409C6A047E50FC7B7A23321102957BAFC3D6B,2020-09-27 22:54:30.459000,
p5nl5ygrmydpxuho,,,,,,,42D58335381BC9BB8C9ED98D390109EB74DBCBC4,2020-09-27 22:54:30.546000,
m7333uhmgwoimtrm,,,,,,,B9877C7A9EAD7439C186B6B4C2885612BA379874,2020-09-27 22:54:31.176000,
6xlats5cw5f7jma6,,,,,,,F7ACB36752F2D27A03800E505D1599F26C981B53,2020-09-27 22:54:31.176000,
gvqmgemzjs4ep5nu,,,,,,,D111CA928084A907D8BE9B3F1E1D05227A5FBBE0,2020-09-27 22:54:31.177000,
uakederlnzi6u3sy,,,,,,,9A5754CD0C987355EB3D8AD4BEF4A2A841740520,2020-09-27 22:54:31.214000,
oizmvsuopfjqe5ng,,,,,,,9634E9F53EB46828AE7E06839FEE595950286B1D,2020-09-27 22:54:31.214000,
okoekyylevhhcsk2,,,,,,,98EAC67EA6814038285F1A100D786AD8A0CD2A5E,2020-09-27 22:54:31.215000,
nou5a2bhlsps7osh,,,,,,,8C35B15C1F138BDE4D50A975129E4773B44A503D,2020-09-27 22:54:32.353000,
w5h5ahlr6grsp3hy,,,,,,,CF0916A824BC68659DA31E4016B5FC0CA6A9E298,2020-09-27 22:54:32.609000,
plfuwiy2k3yqjsjw,,,,,,,465D17C6FC297E3857B5C6F152006A1E212944EA,2020-09-27 22:54:32.611000,
gzekt2orll73lazq,,,,,,,A50CFA07258E3CEA7B06FC9B6248A257565287F5,2020-09-27 22:54:32.612000,
w2m6usfouvnjmwxm,,,,,,,2E72CDAFA12AE1547795F9BAFF402FC16B653CE0,2020-09-27 22:54:32.730000,
trjslasgcrqy5xhn,,,,,,,FA32998AF5628483D8E7B7BB0A4641D33A206A28,2020-09-27 22:54:32.731000,
y3cvp7xmtilbsgqa,,,,,,,970CE6B17927F083ABF157E9BFA305FD39E062E5,2020-09-27 22:54:33.281000,
o573ziehnmfgmvf7,,,,,,,8A91128C84415B64F3DB85B49EB88342EAE31249,2020-09-27 22:54:33.283000,
dgllqafpepnw6hun,,,,,,,85A885433E50B1874F11CEC9BE98451E24660976,2020-09-27 22:54:33.336000,
5kccrfeksp7xj5a6,,,,,,,76B4FEDD0696D924A407CFAB50B6E574B28CCDCA,2020-09-27 22:54:33.475000,
6jvrxntpe2xga655,,,,,,,1D963F0A72B8FF21ECD2B2666D70E7040BEDEAB6,2020-09-27 22:54:33.475000,
rsuuoja43qmkrd7l,,,,,,,CF6A061268FF0EEFD323E0E91B1E9DF24098E413,2020-09-27 22:54:33.476000,
pkyx44vregaufllj,,,,,,,7F3D20E72A24ED2EBD92AA9C430B805BA389D02B,2020-09-27 22:54:34.274000,
bdjm6vwvu6ig6y4e,,,,,,,CBD00958A3B897774E333D75C24E6A75F5220DCC,2020-09-27 22:54:34.275000,
mv75wwnlblwsoqaa,,,,,,,60D3667F56AEC5C69CF7E8F557DB21DDF6C36060,2020-09-27 22:54:34.275000,
wsmbmfimsmgpdodb,,,,,,,B63410CD48185ED34E9C6AE62D048D8A6854A5CA,2020-09-27 22:54:34.433000,
xhavio6i754kx3ng,,,,,,,C25E5C62897BACBA309571C2548084B45050FEDF,2020-09-27 22:54:34.442000,
7yow4oycywajz3br,,,,,,,4B170476D09459328438F3E68ED19516C9F75A80,2020-09-27 22:54:34.484000,
3mefdkzoelxy6i5d,,,,,,,3A6164437EF523E4907E7D97CAB135EFC39621F6,2020-09-27 22:54:35.123000,
e3f6qurhx4jbxmby,,,,,,,77FE98445048C5776661BB54AECAA7A11AE85D78,2020-09-27 22:54:35.123000,
pdwbelph23ccjrab,,,,,,,80B8F5AD79F5616EFF8166B4E2128924F90DE8F0,2020-09-27 22:54:35.275000,
fphes7ljibpzbzah,,,,,,,EEFFC0D532AB63BB3E9CAEADA822971F6D3AE8D6,2020-09-27 22:54:35.276000,
emu62rxtbzjttqmj,,,,,,,3B5C6ED2C1DECEB32BF1AD9B7B272F4CE9CE0656,2020-09-27 22:54:35.277000,
aqqb5hcvqwjdhwwx,,,,,,,1617A702B30320C37A5C9FA3CFB737A2AFA9198D,2020-09-27 22:54:35.278000,
gcbhxsgxrovrr2mx,,,,,,,823701D5C4C5D72C3FF533113F25A1922DED6303,2020-09-27 22:54:36.350000,
xj4lxuj4lnjljzmu,,,,,,,C78AFFEEE320EA0F860961763E613FD2FAC855F5,2020-09-27 22:54:36.552000,
qwcznhrrd7pxi6re,,,,,,,8F8BCB045168D59D0D7443A91FDCA22C0121FAF6,2020-09-27 22:54:36.691000,
lyixwaapir5xbjrn,,,,,,,12AD30E5D25AA67F519780E2111E611A455FDC89,2020-09-27 22:54:36.691000,
ne3b7ximvws2ki5g,,,,,,,C6B656BA6BC16E31115A1B2D56396A53165F3408,2020-09-27 22:54:36.789000,
4vabfozyxf76lr7y,,,,,,,DC163DDEF4B6F0C6BC226F9F6656A5A30C5C5686,2020-09-27 22:54:36.958000,
bzb4w5h2de3ogv7g,,,,,,,348439F4A3D959E6D1481070DA81A135343419CB,2020-09-27 22:54:37.316000,
kf73tyipkrfhcbfl,,,,,,,BD4012B7B05E4E0953AE46EF4D8E265E79B1627E,2020-09-27 22:54:37.317000,
whuh2vhh24cmheql,,,,,,,91FBAE8A92F3BDFBF86D8860CC7FF189B6A0D165,2020-09-27 22:54:37.424000,
6bs7tjh7jxlq4enq,,,,,,,8A2D71CBCA33F13A3EA9614DE28AE3F669D84987,2020-09-27 22:54:37.424000,
3taqxjaw57emubgp,,,,,,,15483893699246724B8135CC6F087767EA89A2D3,2020-09-27 22:54:37.474000,
b2ukke27zh6m4khq,,,,,,,837D5EA513DF7FDDA36BE569C646151CDA4B9935,2020-09-27 22:54:37.474000,
doqydm4emkx6ogiz,,,,,,,31A97198C6E2BEBF57EB8FC7DC55A208AD35038E,2020-09-27 22:54:38.263000,
auzzyxzjtn44vmpr,,,,,,,414385E0BA88B6F7870C389A60819BB06308E8D0,2020-09-27 22:54:38.263000,
fwaxip4nnlos6qkg,,,,,,,2A2022D386894D3CB3438752977C27A7AF50BAFA,2020-09-27 22:54:38.323000,
x2mh6ugx4xtphtax,,,,,,,587B1EAF1E22E148EFB010DAA337ACDCD4DB5CBA,2020-09-27 22:54:38.323000,
3f2e4mznbprvebhf,,,,,,,2E414CD28823B5AEB51FD172AA0EE3E9EB9BCA90,2020-09-27 22:54:38.522000,
dlxyppmqsj67e2qc,,,,,,,E767C3B8295AD79B02E80A21345C9F2B3C2AD7DB,2020-09-27 22:54:38.523000,
fvktyihdbzk2pixj,,,,,,,F959CBDE3403ED478355F6281B96D476684F416C,2020-09-27 22:54:39.465000,
sdiq64d5rywwcafa,,,,,,,09C2AA312AE0DDDF4C5E57CB1BE24158A5408590,2020-09-27 22:54:39.465000,
itlryfuezobb6z77,,,,,,,3A9443710224E5182895C342D1D36C1D460A1206,2020-09-27 22:54:39.476000,
nibrbk55he35ga75,,,,,,,0C039F35C2E40DCB71CD8A07E97C7FD7787D42D6,2020-09-27 22:54:39.589000,
cm7uke7vz257qpha,,,,,,,1228111A6D4AFC619ED3A70079A3A0B678476A43,2020-09-27 22:54:39.590000,
c7wwjhhmjbyfga7c,,,,,,,A9DC04A5C96EE5986753A15E384BB8679EE8F319,2020-09-27 22:54:39.746000,
we3tc3izkd4emhuq,,,,,,,89C7E852CC2FA537ED78775ADC3BEA24672B4154,2020-09-27 22:54:40.051000,
wxyo4i3mfkmq4hnp,,,,,,,465D17C6FC297E3857B5C6F152006A1E212944EA,2020-09-27 22:54:40.115000,
zk3cq2scyhguphp7,,,,,,,6FB41ED1D68FCC399DCE81600CE30360DCFFE263,2020-09-27 22:54:40.115000,
tkhs7azp5bn4eyot,,,,,,,C08DE49658E5B3CFC6F2A952B453C4B608C9A16A,2020-09-27 22:54:40.367000,
xakbhw7yhqxtydtf,,,,,,,25F49247646F1F9C9C4B31217AE004308B271359,2020-09-27 22:54:40.369000,
g3rxgfubbtss5uc5,,,,,,,B20FA6C1B2B0F7548EC8434A46F3611700C057BD,2020-09-27 22:54:40.369000,
rgqjwxw7n4bmkjff,,,,,,,66BBCD0D58FDB891AD86CE22A2613A9BEE3CA274,2020-09-27 22:54:41.067000,
dqp45mypqtz3nrih,,,,,,,198F12E2DEFBE6BEEBC38B2FEDD615AECB38DA7A,2020-09-27 22:54:41.067000,
skvqm2xukxng67jf,,,,,,,CD5316A75554C2DADB87EF3624E95D848C309CE8,2020-09-27 22:54:41.214000,
sxkrjgdnk44rpqew,,,,,,,3EDD00245D93664A33A724BA377150E5531ED033,2020-09-27 22:54:41.214000,
s7l5ov25zyiq5bel,,,,,,,841DE1E065BCA8C1EBDC4A7140646F47A6257BD8,2020-09-27 22:54:41.355000,
rzi3qkgl6bryqdiv,,,,,,,BB9C5D15BC3B77C8AF5CBC733F7E54553A1B7BD5,2020-09-27 22:54:41.358000,
cdtwgq3qdolpz4g7,,,,,,,7D277B076A1A044F0FDEE9EAB02CFFF655C29894,2020-09-27 22:54:42.227000,
zzvjz22f2dsjyuqg,,,,,,,BA38C5688E103AE11F50D7188C8E5FDB4B0E5553,2020-09-27 22:54:42.228000,
d4xp7hpb6d3tmpkx,,,,,,,FAF3236D37B0B18D8438C46317940F642E296924,2020-09-27 22:54:42.228000,
kjuzflhjlrpfxsuk,,,,,,,35DBE43445BB44D817084200BA05E8A0573EDFD4,2020-09-27 22:54:42.412000,
vkxnxkwq6gzzpxnp,,,,,,,F3EB1E1FF45A3CDE4E02FBD4E805D4FC37A4AD56,2020-09-27 22:54:42.413000,
yy5j3tmlzz3ed5mb,,,,,,,546E52A979FB0FBBDF1DDF360FB20AA03D22AACE,2020-09-27 22:54:42.753000,
uum3zyhhzlcq5nnm,,,,,,,4837A6DFFC8E3681D70AD9E8D057C029093DA2F7,2020-09-27 22:54:43.671000,
usg3kipdadjp6jeq,,,,,,,F43C497039F836FE32DE416F4CBD97892C3F6E9E,2020-09-27 22:54:43.961000,
vxy65vbssfjyc3ay,,,,,,,887461A33FF2B02B76ED12905FD95BF0D8616638,2020-09-27 22:54:43.962000,
gwqdgflbh4ev72cj,,,,,,,2B24C281AD12EA96F72C2808E1AF041CEBE345D0,2020-09-27 22:54:44.180000,
nixhun7yg4bzi43y,,,,,,,287E1041DFC3A03E1650A61ADF580EA1C6BF3649,2020-09-27 22:54:44.181000,
fliexo62uk57yips,,,,,,,DA13C3CD7EB23CDFD739C31855658BC5B63841EE,2020-09-27 22:54:44.181000,
yt2mzmquuodbifpj,,,,,,,B9E7A637B00BBB77853A639CC33245A2FEB8F033,2020-09-27 22:54:44.652000,
cfr2nqwpgmi5xszb,,,,,,,1F97BE0788A261FF978C082E0AB44ADD96AF1F7A,2020-09-27 22:54:44.653000,
zcpn5flqxc3lyxj4,,,,,,,C005F0CB30CD54CB45FF08ED151511A286B1B7CE,2020-09-27 22:54:44.839000,
q6bhqwbddsqzmr2n,,,,,,,20386D9A32BECBE602375E015FC70117955653F1,2020-09-27 22:54:45.067000,
2lydvh7okvv65msi,,,,,,,8CC7474E0671B257AA821624F6B43D9B07CBDC89,2020-09-27 22:54:45.068000,
mdua73u5nnvzewvf,,,,,,,DAA806E9529D77EF94685FC0E513386EF65B83F8,2020-09-27 22:54:45.237000,
5t5rvsi3umywka2t,,,,,,,1F037215FF7FE4710BFD0507AECE33C3A7CB6277,2020-09-27 22:54:45.486000,
ds2swiiybbisg4s2,,,,,,,C7D67C945AE18A7F53299E30A284E0E3BC9E4309,2020-09-27 22:54:45.752000,
sz3dgsbo2copjj6y,,,,,,,78B98D12997EDD630F6A674CBF42F20711DEAC11,2020-09-27 22:54:45.753000,
dekwoqygz33z6d5p,,,,,,,78E2BE744A53631B4AAB781468E94C52AB73968B,2020-09-27 22:54:46.044000,
aa6pv6nyjibicgaw,,,,,,,EDB9C65B939940EC5E9DA800EE1574F1D68042B4,2020-09-27 22:54:46.045000,
ouiw7zobbxks7en2,,,,,,,7F04E089C6BED83E04FB2AE196BDE34B808094F5,2020-09-27 22:54:46.148000,
uwi2j3tixodpzbzc,,,,,,,C1841E4BA7C4A1B6BA012E4320570ABEF66D60B0,2020-09-27 22:54:46.583000,
xljqcsvzfzjpq5m3,,,,,,,7997D73272295C1322F30FFD1F32D093E1E19795,2020-09-27 22:54:46.583000,
dany7jrxb36nghig,,,,,,,0745857B06337B7F343635608975972A9EC14901,2020-09-27 22:54:46.677000,
vj42c5hk3cbnb4nu,,,,,,,F2D8A6CDED1F4BC42CA4B1164FB6C6644298BE1B,2020-09-27 22:54:46.677000,
tkyq2h7urtjnwgg7,,,,,,,310056E3539B2EE9F227B0D230B0835554051475,2020-09-27 22:54:46.759000,
j7enmcrrmuma5njv,,,,,,,64FC9B3852BA7EC74E79BD4099D850C338009E77,2020-09-27 22:54:46.760000,
4jkarooshgbawkdg,,,,,,,8F89078575FEE57675A922E9E088918F63AC750C,2020-09-27 22:54:47.211000,
caix7hvoae63crwn,,,,,,,D89267FB10BF625D31FF7687AF7D12B03BBF757C,2020-09-27 22:54:47.370000,
kfna2vag7cjobqsw,,,,,,,8C4D95BCE64C6D9DA75F728EA20DC2D8B41F53FA,2020-09-27 22:54:47.371000,
yj6nzwu4er5i5a73,,,,,,,57071A79665F3107F6AAEEED96C6BBC40EBD1D91,2020-09-27 22:54:47.371000,
eirlgpqbu44wyplm,,,,,,,950134F4ABA3291EEE4E7A2F26546DB7070776A4,2020-09-27 22:54:47.552000,
ybua2wq7u2ttyn4h,,,,,,,E309E2E3C3F4472A83F3226C315818DB07BF77BA,2020-09-27 22:54:47.553000,
l4lfkjalkwt5ao7q,,,,,,,A6C983C2F7EEADD55CE9169E540EBD95423FC260,2020-09-27 22:54:48.398000,
slok44uhzt2yvpsw,,,,,,,4AC424FBB4DAC4B028366C0C2EE9C9DD11A7BE2D,2020-09-27 22:54:48.398000,
eiqofqe6zhu3cnmp,,,,,,,56257E74FA999BCFA1EC205892342A09645B961B,2020-09-27 22:54:48.488000,
wxp5xfam3f4nxm6z,,,,,,,93F97B76A7D0F0947C4C75AC62017E45BBFE6C08,2020-09-27 22:54:48.489000,
pyndrjvtkmeuooj7,,,,,,,BDD1B4801294D81C1F89C9AB488BA993DDF1B520,2020-09-27 22:54:48.489000,
tckph2jspngeogex,,,,,,,3D9CE80399B68C01377FEC42395E399B9ED16E18,2020-09-27 22:54:48.490000,
mpya2zcta6tyg6nf,,,,,,,B70629C29A032979E5AD00CC51D2330845AAFD6A,2020-09-27 22:54:49.673000,
tttxopibewhfkn6c,,,,,,,3A9443710224E5182895C342D1D36C1D460A1206,2020-09-27 22:54:49.767000,
jp3hrhqlcdl32tt6,,,,,,,0E92BF02B3C11B0DD18301A0DE1B164A0546E36F,2020-09-27 22:54:50.017000,
5b5cdnvexvmp45f6,,,,,,,9F7D6E6420183C2B76D3CE99624EBC98A21A967E,2020-09-27 22:54:50.018000,
i2fczkkay3diw3xt,,,,,,,841DE1E065BCA8C1EBDC4A7140646F47A6257BD8,2020-09-27 22:54:50.367000,
hur7orgupjaj5sci,,,,,,,CE035C7946CEE68425CD2358E620E408A9C823FD,2020-09-27 22:54:50.372000,
mjnfsfx4yih4d7kc,,,,,,,12D978C2A4CB4AC17940FE88F899B67A0FF9BAAD,2020-09-27 22:54:50.730000,
rskepzpur4cbwrcz,,,,,,,D1AFBF3117B308B6D1A7AA762B1315FD86A6B8AF,2020-09-27 22:54:50.731000,
t5mgtg62xj2zclxf,,,,,,,E08FA051D29468D098C2A3E1B123E4A05967398E,2020-09-27 22:54:51.045000,
bsoonlkfoy43ziwx,,,,,,,286F22F5D198AB20C50C65B94A03B52CAE588946,2020-09-27 22:54:51.046000,
bt3viww33jcwo4so,,,,,,,18C74F4FF294C4AE9C3E1C3DC1DE47E8DC957A91,2020-09-27 22:54:51.046000,
p3kjkvzyngcmvkkq,,,,,,,D4E4D495A761B318F9FCDE7F93EA478C85F95420,2020-09-27 22:54:51.324000,
out6b57xzkngjq56,,,,,,,089318D2FA3DA0306BF2C19F15ACC24FE2E926D1,2020-09-27 22:54:51.522000,
nnjcwzek7ddpujc3,,,,,,,F59A3032A7AE637687E99437CA6DA81D3587A0EC,2020-09-27 22:54:51.611000,
zkxozmcozr6aems4,,,,,,,E95955CD7AB012DE770711878F147C784FC13D37,2020-09-27 22:54:51.612000,
zpfrciidu65qnn7h,,,,,,,E4A7CF32D1EC81521E234C8BF46384E75838A8D7,2020-09-27 22:54:51.869000,
k63gwojfabz2xvhm,,,,,,,C63D7C4FAE5424D6286411D33497A2191882EB0A,2020-09-27 22:54:51.869000,
pl7n7hrm4bgv7huq,,,,,,,1C916E9F9247FFC63E9011154508CFF7F6A002B2,2020-09-27 22:54:52.101000,
j6jbigwc47qfii5m,,,,,,,98E659B5B701076BE433B4723F20A1811739588A,2020-09-27 22:54:52.679000,
wsg2aaiscnvlahoi,,,,,,,38A42B8D7C0E6346F4A4821617740AEE86EA885B,2020-09-27 22:54:52.997000,
vg3h5wwms3fgqv75,,,,,,,DD8BD7307017407FCC36F8D04A688F74A0774C02,2020-09-27 22:54:52.998000,
4dou4w3bxqwbgkgf,,,,,,,E321D0118DAD44BBC74A5C26FE7CFDBAAF3DA077,2020-09-27 22:54:53.093000,
jrkivodp2bktfdwm,,,,,,,B86137AE9681701901C6720E55C16805B46BD8E3,2020-09-27 22:54:53.093000,
i7kknbqqqpjij7xl,,,,,,,14877C6384A9E793F422C8D1DDA447CACA4F7C4B,2020-09-27 22:54:53.294000,
yrwzhexeqfjejnu5,,,,,,,A6AA94B4007A0E2919B2DA8ECF2CFA3CA1761A13,2020-09-27 22:54:53.716000,
mzew5hkipfwy4u3p,,,,,,,B204DE75B37064EF6A4C6BAF955C5724578D0B32,2020-09-27 22:54:53.717000,
4a6h3tn55ay4kvbq,,,,,,,66F8C32B94D73B51A5D2FA079C6A09047C9ABA71,2020-09-27 22:54:54.134000,
ymt7436slpzsf4ob,,,,,,,39CF2F22E5018C01FD57DEB1AB8FDFA4592633FB,2020-09-27 22:54:54.134000,
rwmsfwma3ygpya6v,,,,,,,51A8A22944F228EA2D601434D127864B1B0B0F8C,2020-09-27 22:54:54.235000,
poie77r5klo7nufn,,,,,,,35094D4F2418A2169B1C05D4905027EE86C9F0D1,2020-09-27 22:54:54.236000,
7oksfklxjmfxobuw,,,,,,,A541C211909264081DC3A4F8E105F06139DDCD8B,2020-09-27 22:54:54.526000,
e7yqsg2zh4z36awo,,,,,,,9F5068310818ED7C70B0BC4087AB55CB12CB4377,2020-09-27 22:54:54.526000,
jwc3l6zaobu6usiq,,,,,,,83AEDBDB4BE3AD0ED91850BF1A521B843077759E,2020-09-27 22:54:54.637000,
tyixckvdz32pkkl6,,,,,,,CBD0D1BD110EC52963082D839AC6A89D0AE243E7,2020-09-27 22:54:54.637000,
yfup2dut2i366n5s,,,,,,,F5FD7EF4307F8C5C398147877F32A9F9F71E2092,2020-09-27 22:54:54.638000,
d7iwt7tnryp6c6be,,,,,,,66842EDB888DCB7E445BEB33C699AAA90DACECAB,2020-09-27 22:54:54.638000,
rfuaybvptgwht5fm,,,,,,,D6C977DF0968848878AC02E21F78A57B84BE49B3,2020-09-27 22:54:55.350000,
obbnvjtyairdre7s,,,,,,,7C499ACD60FB651DD486B6D802290A3EBBECCD84,2020-09-27 22:54:55.451000,
mbsebxbenn2rssik,,,,,,,46E0487EEEFD694CE625CC6E12D032395C01DB82,2020-09-27 22:54:55.451000,
nwtzh4ipz5ufbol5,,,,,,,D568EAA2A7017AFCD3FBAD64111C92CB8FD3A418,2020-09-27 22:54:55.545000,
veg4r6mtt3ld455v,,,,,,,AAA03044B42AD37D5C5592D6604A6D1B72F4B3BE,2020-09-27 22:54:55.545000,
7p35efx7y7wboemq,,,,,,,4CDCC833FB70B9F3915522FDC90E52C531FEEC49,2020-09-27 22:54:55.546000,
xr46ahiddsnntthd,,,,,,,FBC2856A48705F3ED17E504F8FC89EC6433ED25D,2020-09-27 22:54:56.290000,
djlbrcqn3lzwfiea,,,,,,,5D544F4055C6FD2F2F692D519CFA7A627D8D3903,2020-09-27 22:54:56.631000,
z4t2kx3kgrhs6xwg,,,,,,,706A7674A217BA905FE677E82236B7B968A23DB7,2020-09-27 22:54:56.640000,
theoali627connoo,,,,,,,9A9DAB548013C67EE1608E5AD70AB120190CEB83,2020-09-27 22:54:56.641000,
hn4x5qpzpfh67fyh,,,,,,,15FEE423DFF8AF9E2E081959B0C6326072C60DA1,2020-09-27 22:54:56.744000,
bmmui4shj5oullp7,,,,,,,C87A4D8B534F78FDF0F4639B55F121401FEF259C,2020-09-27 22:54:56.744000,
jdo6fu3c24vqii6m,,,,,,,08E9530B399F7A71936066586B31A66877066458,2020-09-27 22:54:57.367000,
urgmwrbrdcw4gwff,,,,,,,418DADED4C5DED6454D4C86F64A6A853CF2F6643,2020-09-27 22:54:57.367000,
i3ncdvom6qzuku2p,,,,,,,3655BA69BDB86299057FDE2FF1A788003BE1043D,2020-09-27 22:54:57.584000,
ggxjuccpngceahif,,,,,,,AE2AC9BCEF573A31B2055560BD92BBE4EF9223E3,2020-09-27 22:54:57.584000,
rszyuqizdrqiixob,,,,,,,0011BD2485AD45D984EC4159C88FC066E5E3300E,2020-09-27 22:54:57.585000,
7usdw6nhw6z7rqmk,,,,,,,66842EDB888DCB7E445BEB33C699AAA90DACECAB,2020-09-27 22:54:57.803000,
