addr,status,reason,circ,guard_fp,middle_fp,exit_fp,hsdir_fp,start,end
73bcpplyjoi4iros,failed,not_found,,,,,CB040846C647F338EE1950C6CC03267102088C50,2020-09-25 12:31:24.975000,2020-09-25 12:31:26.958000
73bcpplyjoi4iros,failed,not_found,20,39CF2F22E5018C01FD57DEB1AB8FDFA4592633FB,8FD3BAF5E14EBE1124D6253D59882AFE1C2B9B8E,FC4D03403ECD90463198B9F2F81E0B37ED7AFE1D,61F24EBAEC4290FAC31CF34F0FFCDA765A2D9705,2020-09-25 12:31:26.959000,2020-09-25 12:31:29.637000
73bcpplyjoi4iros,failed,not_found,44,39CF2F22E5018C01FD57DEB1AB8FDFA4592633FB,014BD09636373B78CC28BA70E36C7190E3DE236A,79E3B585803DE805CCBC00C1EF36B1E74372861D,CAF57EB30FD17389954C9F2B43026734F80E39C0,2020-09-25 12:31:29.637000,2020-09-25 12:31:32.501000
73bcpplyjoi4iros,failed,not_found,73,39CF2F22E5018C01FD57DEB1AB8FDFA4592633FB,74B8B22AF950B0BE11D8A228FB09D2F5279FB757,8EE44717FA55705C12086F3ECD1F8D9C8676FD05,61FA7E7C766577D76EBABF19330993DEFA8AF3C3,2020-09-25 12:31:32.502000,2020-09-25 12:31:35.113000
73bcpplyjoi4iros,failed,not_found,108,39CF2F22E5018C01FD57DEB1AB8FDFA4592633FB,0F89912E6A4C4A8ACE43C58FF8B83CA299BFF74F,8B0D8D35EC9BE90675E1D054DD7F52F555C80085,CB19AC6FFAC13B4C1A143B423884EDEA4381ED2F,2020-09-25 12:31:35.114000,2020-09-25 12:31:37.991000
73bcpplyjoi4iros,failed,not_found,164,39CF2F22E5018C01FD57DEB1AB8FDFA4592633FB,277F5717A62B3A728C98B3168E484BC08B4997E3,842B1F6C4B9E41FC9059DF675C5DF5BDA9F0FC73,61F3A840F61EEFFF682C6243534ECEB09ADFE3B3,2020-09-25 12:31:37.992000,2020-09-25 12:31:42.558000
u3gtfi4s7tzku3pk,failed,not_found,,,,,16F8469B848F9DCB4590BCC5CEA5F24980BDC806,2020-09-25 12:31:24.977000,2020-09-25 12:31:26.696000
u3gtfi4s7tzku3pk,failed,not_found,19,39CF2F22E5018C01FD57DEB1AB8FDFA4592633FB,2DC309671D3B1BDF8B10EBEC05F14C9BFD41D9D4,E0F638ECCE918B5455CE29D2CD9ECC9DBD8F8B21,16F7E9E93D6CC469392AD0BA020A3F359DF98345,2020-09-25 12:31:26.697000,2020-09-25 12:31:31.540000
u3gtfi4s7tzku3pk,failed,not_found,62,39CF2F22E5018C01FD57DEB1AB8FDFA4592633FB,29A39144AD141242436D07901F7A8B91F7516A66,FA32998AF5628483D8E7B7BB0A4641D33A206A28,AAC6AE4A8ED164C3657D64E3EF980EEBB4BBC8A1,2020-09-25 12:31:31.541000,2020-09-25 12:31:34.165000
u3gtfi4s7tzku3pk,failed,not_found,93,39CF2F22E5018C01FD57DEB1AB8FDFA4592633FB,DBD915F96E467C1BFBC17E6B03688897FA25E449,117359EDDFCF93AFEAB82AF76903B9BFD210E87F,AAFF4A997543DB0D881F4F11638485B7D471FECE,2020-09-25 12:31:34.166000,2020-09-25 12:31:37.682000
u3gtfi4s7tzku3pk,failed,not_found,159,39CF2F22E5018C01FD57DEB1AB8FDFA4592633FB,B576A394DFC12B7E900D643C900484765D58C30F,FD449127D30D8F5D124653D9EF736EDF4A12B4DC,16F50F2728581FE5CA7AC31F5066DCE8653F996C,2020-09-25 12:31:37.682000,2020-09-25 12:31:41.979000
u3gtfi4s7tzku3pk,failed,not_found,240,39CF2F22E5018C01FD57DEB1AB8FDFA4592633FB,F244C5F5DDE2F29CA1F88E4C9F9FACCC48BCA857,769A297017BB5E92A9A5A3D76725CA12D694AA30,AAE168C9016C395EA5C47D94AEA9606E59A9EA8F,2020-09-25 12:31:41.980000,2020-09-25 12:31:48.616000
ykt77hykfgyhpeu6,failed,not_found,,,,,B8F7B162963287D2199D075BBAB2C4FB941BB390,2020-09-25 12:31:24.979000,2020-09-25 12:31:26.546000
ykt77hykfgyhpeu6,failed,not_found,18,39CF2F22E5018C01FD57DEB1AB8FDFA4592633FB,289F955FA04BD224F18DED9D4766529705FBDC48,D965855F77A59FBBC5D1224DFB9C12A992355079,5FA7596FB2BA2C889337F8B82DD7127BBB240D4D,2020-09-25 12:31:26.547000,2020-09-25 12:31:29.636000
ykt77hykfgyhpeu6,failed,not_found,43,39CF2F22E5018C01FD57DEB1AB8FDFA4592633FB,310723122778237508274A36E9557B060A531BDD,2935E0F03B71BE44F6F265FEF976E810BAAD6F4E,B8F6E68B36BEE2BF548750BDCCC3C2A7DB56A623,2020-09-25 12:31:29.637000,2020-09-25 12:31:32.799000
ykt77hykfgyhpeu6,failed,not_found,80,39CF2F22E5018C01FD57DEB1AB8FDFA4592633FB,3AB334331819AC0BA1A8AFE002D4321672109CAC,7A3E534C033E3836BD5AF223B642853C502AB33A,5FB17DE2E897625CDCAE99A9FA7689ADE2F4A699,2020-09-25 12:31:32.800000,2020-09-25 12:31:35.783000
ykt77hykfgyhpeu6,failed,not_found,124,39CF2F22E5018C01FD57DEB1AB8FDFA4592633FB,A5EB3D3967327169EE882910D712FD9EB666499E,7355A4A20BA4C083C921464302108C121BAC7EF2,5FB384605F53DCBF1CB02143D318DA3E8EE38A24,2020-09-25 12:31:35.784000,2020-09-25 12:31:39.667000
ykt77hykfgyhpeu6,failed,not_found,198,39CF2F22E5018C01FD57DEB1AB8FDFA4592633FB,6A2F0C055A1CDE77741BA7D93D8FAE856C86F54C,431702B3A68A6015F9955DD4FD0129175B43EA0F,B8E514ADDC653D61DE1FCB67821BB0303778782F,2020-09-25 12:31:39.667000,2020-09-25 12:31:44.511000
a5cl4kyf6owgbr4l,failed,not_found,7,39CF2F22E5018C01FD57DEB1AB8FDFA4592633FB,D64D25D465B9D145320E5A4A32BB45B53BFDA06F,994FB6A842C0CEE1F1C4CBA9A7604C5FF6014CFC,CA0E72B38D97D7CC687F88DAE136A60509CFB6DE,2020-09-25 12:31:25.005000,2020-09-25 12:31:28.496000
a5cl4kyf6owgbr4l,failed,not_found,31,39CF2F22E5018C01FD57DEB1AB8FDFA4592633FB,9684C4D6C71131EEEF2E5C23C3EA234A684CD501,5DC40F5357EDF4809A9010828172072C95A73514,CA29603FE2143C9BF06AFE76AB5D7940194271C1,2020-09-25 12:31:28.497000,2020-09-25 12:31:36.693000
a5cl4kyf6owgbr4l,failed,not_found,121,39CF2F22E5018C01FD57DEB1AB8FDFA4592633FB,980B28A19B0A66948035A3FE143E5CF613C84122,5DB9AE27A44EB7B476CC04A66C67A71C97A001E6,6E8E5CA9B6F567416ADA21E990E7746BC223B0C0,2020-09-25 12:31:36.694000,2020-09-25 12:31:39.442000
a5cl4kyf6owgbr4l,failed,not_found,206,39CF2F22E5018C01FD57DEB1AB8FDFA4592633FB,2F09BD6D9A2D5A7D6D26C17651CE8ECF0B7BA257,5E4D1E6D31413DCCC148A8050224578CBBF12883,6E9642DDB353D044931029C036D1CAD832F3DFD7,2020-09-25 12:31:39.443000,2020-09-25 12:31:45.250000
a5cl4kyf6owgbr4l,failed,not_found,318,39CF2F22E5018C01FD57DEB1AB8FDFA4592633FB,4DB0490A0420809A8149E778BBAC8F1E9349D9EC,71DF8174D809D862445BFCB89F5A0980099947EC,C9FAA93525ACE580BDB03ABC662ED2045262BD89,2020-09-25 12:31:45.251000,2020-09-25 12:31:53.351000
a5cl4kyf6owgbr4l,failed,not_found,540,39CF2F22E5018C01FD57DEB1AB8FDFA4592633FB,63DE54637F349FD686CF1C036827B5BE826B9F7C,B204DE75B37064EF6A4C6BAF955C5724578D0B32,6E94866ED8CA098BACDFD36D4E8E2B459B8A734E,2020-09-25 12:31:53.352000,2020-09-25 12:32:08.930000
yx5xar5lr66x46oo,failed,not_found,8,39CF2F22E5018C01FD57DEB1AB8FDFA4592633FB,6CDF81E5A9BF270CDF4C989D5F7917113591C355,33D88F331408141F2A2CC563239E54E48F7A211B,C596D85AB2641BEC96106AE62E5F72C751B7BE22,2020-09-25 12:31:25.257000,2020-09-25 12:31:29.069000
yx5xar5lr66x46oo,failed,not_found,34,39CF2F22E5018C01FD57DEB1AB8FDFA4592633FB,F703D459983875CE9CED6AF74788A597ED662674,B9E7A637B00BBB77853A639CC33245A2FEB8F033,D380C57ADE8FF1989F67D22055CEAAD7F1689AD5,2020-09-25 12:31:29.070000,2020-09-25 12:31:32.621000
yx5xar5lr66x46oo,failed,not_found,76,39CF2F22E5018C01FD57DEB1AB8FDFA4592633FB,23A2D8DDF761F35CC63BDF65E604B76A7E2F6971,43A8F247F9FA636BE30D4DFE66B55233A2D8A738,C577C56EAD654C829D1FF2F86133F89A1A59AA89,2020-09-25 12:31:32.629000,2020-09-25 12:31:35.207000
yx5xar5lr66x46oo,failed,not_found,96,39CF2F22E5018C01FD57DEB1AB8FDFA4592633FB,562434D987CF49D45649B76ADCA993BEA8F78471,BFD3FC19AD1F691C01B5392DE90D3510B8D1B886,C58DE93ED11CBB74823669F7C6E41D513F2049BE,2020-09-25 12:31:35.208000,2020-09-25 12:31:37.073000
yx5xar5lr66x46oo,failed,not_found,177,39CF2F22E5018C01FD57DEB1AB8FDFA4592633FB,38471394F06B2B86404768193C929313962FDC2F,867982ADCFBE55EC1C00A5B34C8991FF87605906,D39328D2EAE3816F9C5D5D1BB19D1C14E2E79482,2020-09-25 12:31:37.074000,2020-09-25 12:31:43.253000
yx5xar5lr66x46oo,failed,not_found,350,39CF2F22E5018C01FD57DEB1AB8FDFA4592633FB,BA12CEF016B1D1EA93AB944C4EECAD77AB3A6DDD,F3CEC87ED91E0B0B1D86BE4D7DE90F00B607ECAF,D37DD572BDA66FC03A33F257975A7F9C167AC8E5,2020-09-25 12:31:43.254000,2020-09-25 12:31:56.504000
fj6rllx6eiug7g62,failed,not_found,9,39CF2F22E5018C01FD57DEB1AB8FDFA4592633FB,AB687988F260DE9EDC3B36C66287DE2660ED1CE0,02928855BFAD787F8B363F21860D1E7D156E0655,E1DE607E31C2C0FB6F8FC959BF7B58CE35D95990,2020-09-25 12:31:25.277000,2020-09-25 12:31:28.436000
fj6rllx6eiug7g62,failed,not_found,29,39CF2F22E5018C01FD57DEB1AB8FDFA4592633FB,0FF7D03AC5F31F93E3AE11ABF74313D071E11ED3,74AC10CA94E400BA4D69E397562597CA04FC5352,6BA54D7805A44F63A75D70AFEC8D2DF6BA7BCAE0,2020-09-25 12:31:28.437000,2020-09-25 12:31:31.647000
fj6rllx6eiug7g62,failed,not_found,66,39CF2F22E5018C01FD57DEB1AB8FDFA4592633FB,5AC61DC0B51C83AC2E655E06B7396ECD7D34DC47,980B28A19B0A66948035A3FE143E5CF613C84122,6BCB964AB74E23F8986BDA905697D3A6BE08AF28,2020-09-25 12:31:31.647000,2020-09-25 12:31:35.351000
fj6rllx6eiug7g62,failed,not_found,142,39CF2F22E5018C01FD57DEB1AB8FDFA4592633FB,9127D95DAA81291F26BE45B1A73E2F1145887B94,F2899981E3A601A7B2DDC7DDE02C248069704D9F,E1B54925C59ECE813269B9A3309B7A5EB57E9B98,2020-09-25 12:31:35.352000,2020-09-25 12:31:40.972000
fj6rllx6eiug7g62,failed,not_found,217,39CF2F22E5018C01FD57DEB1AB8FDFA4592633FB,B0537CD220A60ECF8045439658A53254C0D63DCB,F5C3DA7642BB037E0D279359AE88CD7FC03A98A0,6B9EA8927AB6E94E216067E65372182343A5AFA2,2020-09-25 12:31:40.973000,2020-09-25 12:31:46.032000
fj6rllx6eiug7g62,failed,not_found,397,39CF2F22E5018C01FD57DEB1AB8FDFA4592633FB,5C8B811887778DCF705F3D39F19E40A21889451F,55580D71B317A072F4A4DCF6EA4EDB015734AEE7,E1BAB4F5B0E9D7891DCD9790C8F186D81728348F,2020-09-25 12:31:46.033000,2020-09-25 12:31:59.525000
gtbggyhwqydbxrct,failed,not_found,10,39CF2F22E5018C01FD57DEB1AB8FDFA4592633FB,4E81EA3528D6FB79B10B0F11C6FC96CE1C060021,E36536404200A74930DB165858BD5BB554D2BEA2,6118DDB580EEDD6FE5F8D3CC0DF1EE17D8A2A4C6,2020-09-25 12:31:25.321000,2020-09-25 12:31:28.497000
gtbggyhwqydbxrct,failed,not_found,32,39CF2F22E5018C01FD57DEB1AB8FDFA4592633FB,104DC15ACFA69CF94F89E8ED0F6CDB2D298234D2,E76E2BC2FC9273BFBA38947EB5572076270D49D5,66DFC51E724E38DDCB3AB67DDF4C0BB0F1F49C0B,2020-09-25 12:31:28.498000,2020-09-25 12:31:31.539000
gtbggyhwqydbxrct,failed,not_found,61,39CF2F22E5018C01FD57DEB1AB8FDFA4592633FB,C3189F000C3A681CED1E892C71736F4A5DF55763,02758CD398E3F842EF82478078AAAE0273770DB2,6117337636B8CB979F09B67530477DFFCA61BF88,2020-09-25 12:31:31.540000,2020-09-25 12:31:37.321000
gtbggyhwqydbxrct,failed,not_found,178,39CF2F22E5018C01FD57DEB1AB8FDFA4592633FB,23094C42B9763CB513D324CE1789835EBE3D0FD4,E4240508EFC308D01665A07BD98B8564740D3376,66F3438B93260F9AC2DFE879BD6A3F830DCE9366,2020-09-25 12:31:37.321000,2020-09-25 12:31:44.261000
gtbggyhwqydbxrct,failed,not_found,293,39CF2F22E5018C01FD57DEB1AB8FDFA4592633FB,A541C211909264081DC3A4F8E105F06139DDCD8B,44DC23661E05DEFD94398936D9334987ABCB6E5E,6136AA93127F01CEF039273CBEF75F6842994100,2020-09-25 12:31:44.262000,2020-09-25 12:31:51.568000
gtbggyhwqydbxrct,failed,not_found,499,39CF2F22E5018C01FD57DEB1AB8FDFA4592633FB,0B19BBFDC498CCEA23027B1D7BD8E20121B95E60,F0AE51D182DA3B1FB452666EE3E5EA906C431CBF,66F8C32B94D73B51A5D2FA079C6A09047C9ABA71,2020-09-25 12:31:51.569000,2020-09-25 12:32:05.983000
tcqfcogk4qxagr6f,failed,not_found,11,39CF2F22E5018C01FD57DEB1AB8FDFA4592633FB,18CA9EA099BB9861E354D2A6FF49337A7E81C2F3,E8466E02C893B9A6602A251CCEA100F252E25B4B,95B9052EECDB4B833F130ABD564E720643BA7952,2020-09-25 12:31:25.322000,2020-09-25 12:31:28.437000
tcqfcogk4qxagr6f,failed,not_found,30,39CF2F22E5018C01FD57DEB1AB8FDFA4592633FB,B3D56C1E0AD84BA93AF6DC533A8569C3D0E8A58B,7D2C0FB145DFDE5D56FCC588879119A8CF50FAA1,95A30F58E3DE3BE75D5CBAF7426BBF5786F2C1E3,2020-09-25 12:31:28.439000,2020-09-25 12:31:31.930000
tcqfcogk4qxagr6f,failed,not_found,48,39CF2F22E5018C01FD57DEB1AB8FDFA4592633FB,071ACB713A9558A4B5750520B0A738C66033E0B1,0C3D5E19E3C75B505C8ACD26F89DCA2DF970553E,AED4A69836630A3375845006B5AAD03BFA3F96DC,2020-09-25 12:31:31.930000,2020-09-25 12:31:33.215000
tcqfcogk4qxagr6f,failed,not_found,53,39CF2F22E5018C01FD57DEB1AB8FDFA4592633FB,856DAB2FDC9EED88A27BE2265FA6BD5489EF178E,A0DFB31231C718829FA18EAB4D0CD51DEDBAE08C,95C8B9418E74F3FF80E5C3D3AF7F03156FFBBFBE,2020-09-25 12:31:33.215000,2020-09-25 12:31:34.516000
tcqfcogk4qxagr6f,failed,not_found,132,39CF2F22E5018C01FD57DEB1AB8FDFA4592633FB,A977FA8FE8E1B00C05F86D114BD2336C3A9F1D8F,954666871AF443730E97772E183DAD1F45583FB7,AECF23413E12738380C7B61E0AF5126D47DF30E3,2020-09-25 12:31:34.516000,2020-09-25 12:31:40.113000
tcqfcogk4qxagr6f,failed,not_found,205,39CF2F22E5018C01FD57DEB1AB8FDFA4592633FB,2EB3C230180694A1E848001E20F36F76A2287039,9DB400402B545DC41DE342E14644F74B7DA4F789,AEC8A42DE8F9CB115E2479D78AE1CA4BCCF54F4A,2020-09-25 12:31:40.113000,2020-09-25 12:31:45.823000
2qs2kv2gsqasigqk,failed,not_found,13,39CF2F22E5018C01FD57DEB1AB8FDFA4592633FB,D9B91878B46BB80E6D752E876BF9D481EFEAC5BF,57DE17E5368653AA53B6EFA4CBEE2F8DEB4314FA,FDFD675D05216549EB7DA545E32ECFCEEAE805F2,2020-09-25 12:31:26.274000,2020-09-25 12:31:29.648000
2qs2kv2gsqasigqk,failed,not_found,45,39CF2F22E5018C01FD57DEB1AB8FDFA4592633FB,75D77007F098513C70773B5EC46159DD41F2F7ED,34AC6170825ADD59DDD6042C9E5B6A9015B10CF0,FE1AF5E909002134BFF834F4AD5E1DE723779002,2020-09-25 12:31:29.649000,2020-09-25 12:31:32.761000
2qs2kv2gsqasigqk,failed,not_found,78,39CF2F22E5018C01FD57DEB1AB8FDFA4592633FB,9B047A91AC809AA020A1F42E3E785DBCEBF3652F,8701E70AC4C0C9E1FE47EA853FC997D29BE5D65C,19D353B8AA0927DF82CB26E0396C57BE27C0ACC5,2020-09-25 12:31:32.762000,2020-09-25 12:31:35.429000
2qs2kv2gsqasigqk,failed,not_found,120,39CF2F22E5018C01FD57DEB1AB8FDFA4592633FB,B8E514ADDC653D61DE1FCB67821BB0303778782F,0990E0F4F2C127BDDA9B6726400FAC077F6C83B0,198F12E2DEFBE6BEEBC38B2FEDD615AECB38DA7A,2020-09-25 12:31:35.429000,2020-09-25 12:31:39.584000
2qs2kv2gsqasigqk,failed,not_found,189,39CF2F22E5018C01FD57DEB1AB8FDFA4592633FB,547C1CDB516798EC66A01F04A5884DCE1A151919,85FB52CF11DC1F7DB0CF16F5F2F5939AA7736A86,FE00A3A835680E67FBBC895A724E2657BB253E97,2020-09-25 12:31:39.584000,2020-09-25 12:31:44.201000
2qs2kv2gsqasigqk,failed,not_found,424,39CF2F22E5018C01FD57DEB1AB8FDFA4592633FB,CEECFBB82FC484051E89719C49DC803F65AABC72,E263B860EFA177F0DDE30C381F893F2805C140DC,197CEA93D6643434C074EE7C2431F0B369A01491,2020-09-25 12:31:44.202000,2020-09-25 12:32:00.422000
vpjecxegplva6iiz,failed,not_found,14,39CF2F22E5018C01FD57DEB1AB8FDFA4592633FB,4E98AA295B7171996D18DD1F6A19F64AB4036B4A,8FA37B93397015B2BC5A525C908485260BE9F422,AAC6AE4A8ED164C3657D64E3EF980EEBB4BBC8A1,2020-09-25 12:31:26.275000,2020-09-25 12:31:29.002000
vpjecxegplva6iiz,failed,not_found,33,39CF2F22E5018C01FD57DEB1AB8FDFA4592633FB,3151FB419FAB0FD86D7BE4F7DFD620E99E105D92,B9962C193AE4313D625E9BFB9415C4306214D330,AAFF4A997543DB0D881F4F11638485B7D471FECE,2020-09-25 12:31:29.003000,2020-09-25 12:31:32.349000
vpjecxegplva6iiz,failed,not_found,72,39CF2F22E5018C01FD57DEB1AB8FDFA4592633FB,34AC6170825ADD59DDD6042C9E5B6A9015B10CF0,1CD48F4ED0F1821FFBF1940802A13EEFD4C27502,AAE168C9016C395EA5C47D94AEA9606E59A9EA8F,2020-09-25 12:31:32.350000,2020-09-25 12:31:36.205000
vpjecxegplva6iiz,failed,not_found,126,39CF2F22E5018C01FD57DEB1AB8FDFA4592633FB,DA8D76F5F5819693B5C96F499BA19F7404014769,09A70E396DE93F54D4541BBB0EC8E2B23761F34F,7088D485934E8A403B81531F8C90BDC75FA43C98,2020-09-25 12:31:36.205000,2020-09-25 12:31:39.601000
vpjecxegplva6iiz,failed,not_found,195,39CF2F22E5018C01FD57DEB1AB8FDFA4592633FB,80B8F5AD79F5616EFF8166B4E2128924F90DE8F0,903CA67D0DEB74CFBB01432840A26CB8C6C18FDF,706A7674A217BA905FE677E82236B7B968A23DB7,2020-09-25 12:31:39.601000,2020-09-25 12:31:45.086000
vpjecxegplva6iiz,failed,not_found,315,39CF2F22E5018C01FD57DEB1AB8FDFA4592633FB,A6C983C2F7EEADD55CE9169E540EBD95423FC260,B568135C5E345BAFB080C11FDDF348E545A722E5,706B1ED9AF5CCAC90AD488AE2691B358FA598CBB,2020-09-25 12:31:45.087000,2020-09-25 12:31:53.015000
carvbnxiismhov4v,failed,not_found,15,39CF2F22E5018C01FD57DEB1AB8FDFA4592633FB,EEDF0AF1F892C82F056063827B47283CC9AEAA41,A0DFB31231C718829FA18EAB4D0CD51DEDBAE08C,2779DB3B7A0EEC32F39792E393CAA134847BBF6C,2020-09-25 12:31:26.289000,2020-09-25 12:31:29.287000
carvbnxiismhov4v,failed,not_found,36,39CF2F22E5018C01FD57DEB1AB8FDFA4592633FB,1BB9F857B41ABFB3BE0570F8A86DDCFD198713A2,BFC2EEBFE31AA782949AA7D410046BF28EAF89C8,DE514E42528D4FB8B79804B561008B482B91D402,2020-09-25 12:31:29.287000,2020-09-25 12:31:33.819000
carvbnxiismhov4v,failed,not_found,84,39CF2F22E5018C01FD57DEB1AB8FDFA4592633FB,C8B23EA543FAD6F820E5841A8380DC28C83AEA0F,5F58E9417DF94A66529864FA1134635614958A44,DE29A5C0DB38AA229286B237798D8817EE6B75E2,2020-09-25 12:31:33.820000,2020-09-25 12:31:36.807000
carvbnxiismhov4v,failed,not_found,144,39CF2F22E5018C01FD57DEB1AB8FDFA4592633FB,CA95B3584C44DED8107AF5B3D8C25C562CC64DD4,DA8D76F5F5819693B5C96F499BA19F7404014769,2757DFBECFF7B5B02680F5CE084A44FDBC08B196,2020-09-25 12:31:36.808000,2020-09-25 12:31:41.747000
carvbnxiismhov4v,failed,not_found,237,39CF2F22E5018C01FD57DEB1AB8FDFA4592633FB,489606DA64FD4B68A76C49386298695E6C30B5E2,90D43CF5541ECF57C1833FED33FFDFF239C4817C,DE4EB74B8105751568A75649F6672A31F2A3DE20,2020-09-25 12:31:41.748000,2020-09-25 12:31:47.657000
carvbnxiismhov4v,failed,not_found,574,39CF2F22E5018C01FD57DEB1AB8FDFA4592633FB,CC6910CF21D17C1BD68FE224CE7685BEB42558A8,B0B26AEDB0D1E21EA8E06530CAAD953B464286FB,276AE7A0E974FC96B0933F1DA8FD51FD3BA59944,2020-09-25 12:31:47.658000,2020-09-25 12:32:11.150000
3absltbd5vx6kma7,failed,not_found,16,39CF2F22E5018C01FD57DEB1AB8FDFA4592633FB,E3F98C86C9E01138DD8EA06B1E660A0CDB4B2782,61FA7E7C766577D76EBABF19330993DEFA8AF3C3,2422DD77A4797310F826B12483B0801F5EDF3519,2020-09-25 12:31:26.310000,2020-09-25 12:31:30.366000
3absltbd5vx6kma7,failed,not_found,49,39CF2F22E5018C01FD57DEB1AB8FDFA4592633FB,CDD296D8C38EAA6A94242FCF03293E0D6EC4A0D0,0512FE6BE9CCA0ED133152E64010B2FBA141EB10,D7A80E95892AAF51FF24CF7C2CE49311931B55F7,2020-09-25 12:31:30.367000,2020-09-25 12:31:33.646000
3absltbd5vx6kma7,failed,not_found,83,39CF2F22E5018C01FD57DEB1AB8FDFA4592633FB,3FE39429CB7077BBB13D2774591A1B80EE493742,E4CB7449182806088DCD6A707F45809F0694A50A,D7E1B4F504FC22027FA06BA5F1F0F59C24FA2912,2020-09-25 12:31:33.647000,2020-09-25 12:31:37.150000
3absltbd5vx6kma7,failed,not_found,182,39CF2F22E5018C01FD57DEB1AB8FDFA4592633FB,1C8B3C3D8BC705883B7799C915B2FE1E0FEB006F,E4A23FEACFA0D7064C6694BE91BF94805E3CE487,D7DB8E82604F806766FC3F80213CF719A0481D0B,2020-09-25 12:31:37.150000,2020-09-25 12:31:43.663000
3absltbd5vx6kma7,failed,not_found,310,39CF2F22E5018C01FD57DEB1AB8FDFA4592633FB,D408EA531AA2FA90F25BD14283D38FDBB2094BA3,0B45375A2CE8065E8A649D52CC35F39D128745A8,24352D30196BEFE5BB29A50923F79A2804527611,2020-09-25 12:31:43.663000,2020-09-25 12:31:52.663000
3absltbd5vx6kma7,failed,not_found,676,39CF2F22E5018C01FD57DEB1AB8FDFA4592633FB,E947C029087FA1C3499BEF5D4372947C51223D8F,4856C97DC4F2271BC896DF9CABD217EE2D869D68,241F67E50CA7D5E522F94E28B5AB5ABE4F166616,2020-09-25 12:31:52.664000,2020-09-25 12:32:21.763000
bzkpry4zw6d3xavw,failed,not_found,21,39CF2F22E5018C01FD57DEB1AB8FDFA4592633FB,FC1E441E097BA36930AA2F615EFB325AF76D2595,41145C3169D810DB360FF2FCA232093B02C0B262,9D29FD5DBCC6EC40709F353A8641E90333B0CE09,2020-09-25 12:31:27.286000,2020-09-25 12:31:29.991000
bzkpry4zw6d3xavw,failed,not_found,28,39CF2F22E5018C01FD57DEB1AB8FDFA4592633FB,FC4D03403ECD90463198B9F2F81E0B37ED7AFE1D,7158836DCC91AAA4FAA293FFF0F645DCD0D4EFF9,9D21F034C3BFF4E7737D08CF775DC1745706801F,2020-09-25 12:31:29.992000,2020-09-25 12:31:31.645000
bzkpry4zw6d3xavw,failed,not_found,65,39CF2F22E5018C01FD57DEB1AB8FDFA4592633FB,BA27D43AC00F014945DC32D036056F13FE1D5243,6EEADF83B927422B8DC37EBD5EF5B89FCA402943,9D1E4B6383D9398D1592C1D8087D6817278F9DBF,2020-09-25 12:31:31.646000,2020-09-25 12:31:35.412000
bzkpry4zw6d3xavw,failed,not_found,134,39CF2F22E5018C01FD57DEB1AB8FDFA4592633FB,0516A1A5836825F58848D47B91F47CB593B58D54,76D2EBA82BBCCA3DF9F254A9A8372A10A26F3D14,474648D2DFC1C060A5CA74C8A5976807B7FB5FE0,2020-09-25 12:31:35.413000,2020-09-25 12:31:40.216000
bzkpry4zw6d3xavw,failed,not_found,209,39CF2F22E5018C01FD57DEB1AB8FDFA4592633FB,52A022F16D8CDBF019E132F1538A1798F167973A,3A27CC4147062E4EFDF46F848FEA7FF032A04E5F,475B34D76756910C11EB7752EB8285F6BE00C1EE,2020-09-25 12:31:40.217000,2020-09-25 12:31:45.825000
bzkpry4zw6d3xavw,failed,not_found,366,39CF2F22E5018C01FD57DEB1AB8FDFA4592633FB,E68CC9C2E262E01C4C71C8F66F07517B0AB5E245,5FB384605F53DCBF1CB02143D318DA3E8EE38A24,47175EA5C1B830AD72F2ED14C089B443758376E1,2020-09-25 12:31:45.825000,2020-09-25 12:31:57.081000
futrwpl5l2muw5f2,failed,not_found,22,39CF2F22E5018C01FD57DEB1AB8FDFA4592633FB,15BE17C99FACE24470D40AF782D6A9C692AB36D6,015757E38C2E3043CAC78E80A34601EC8D2FC409,23B32039F3A201FB2C215C07E0EB3F38D67ABD13,2020-09-25 12:31:27.304000,2020-09-25 12:31:30.343000
futrwpl5l2muw5f2,failed,not_found,40,39CF2F22E5018C01FD57DEB1AB8FDFA4592633FB,6ED6758622A73F54F0EF59A9D31D71AABD7A70DA,1CD48F4ED0F1821FFBF1940802A13EEFD4C27502,E00DFD54DC165D5452FBD3530D30186DAD016A0C,2020-09-25 12:31:30.344000,2020-09-25 12:31:32.544000
futrwpl5l2muw5f2,failed,not_found,75,39CF2F22E5018C01FD57DEB1AB8FDFA4592633FB,D5C01B85FB3A48D55698CA660A2DE8935388816E,9E6BA60AFBF9A4946A52770ABCDFC95703DAD6CB,23AD6B165137D957C09AA0F7A3EE7B05CEC4A8F2,2020-09-25 12:31:32.545000,2020-09-25 12:31:35.193000
futrwpl5l2muw5f2,failed,not_found,109,39CF2F22E5018C01FD57DEB1AB8FDFA4592633FB,BBBBBAD453263D786EC34AB68A06214288910345,8C5B316ED73018484765C3E0944E4508DCAE0944,23BCFD8AB533AAE05639D1D79A445DEE76F8E57A,2020-09-25 12:31:35.193000,2020-09-25 12:31:38.226000
futrwpl5l2muw5f2,failed,not_found,167,39CF2F22E5018C01FD57DEB1AB8FDFA4592633FB,7ED3D8AFAC750F8CC0BDF8C87FE3BCBA2BBE2209,2FFE5FAF70D20E76B0474AE9E40C2A0B53F8D9F0,E006EA04C696BBD6E35407538131305FF3CB8C16,2020-09-25 12:31:38.227000,2020-09-25 12:31:42.247000
futrwpl5l2muw5f2,failed,not_found,220,39CF2F22E5018C01FD57DEB1AB8FDFA4592633FB,CED424DF844971572655A1351D159ED79B6C1511,926955277C7BDB6CD1E1561A91847CBCD5B079E5,E0023AC14180112A2FFF00A84C6049862BB3E6C3,2020-09-25 12:31:42.247000,2020-09-25 12:31:46.946000
zmxx45h7zufainyo,failed,not_found,23,39CF2F22E5018C01FD57DEB1AB8FDFA4592633FB,968CB7DA0C56E66F22B78CBA0562FE132939D8BF,6CDF81E5A9BF270CDF4C989D5F7917113591C355,88AE3BC088396F1D3FCC4F2F588C0DC837599D20,2020-09-25 12:31:27.341000,2020-09-25 12:31:29.755000
zmxx45h7zufainyo,failed,not_found,46,39CF2F22E5018C01FD57DEB1AB8FDFA4592633FB,23A2D8DDF761F35CC63BDF65E604B76A7E2F6971,3A8557B067FBE53F168BBEAA7D14D1298AE52A52,C63110BDD8736D2C2A733FF962F58D58FDE63A2D,2020-09-25 12:31:29.756000,2020-09-25 12:31:32.502000
zmxx45h7zufainyo,failed,not_found,74,39CF2F22E5018C01FD57DEB1AB8FDFA4592633FB,B872BA6804C8C6E140AE1897B44CF32B42FD2397,081C9DF6A615A300B382C004DFE2CC37B561C9A0,889C9C1821CAB437ABAA9286E07D3141179F043A,2020-09-25 12:31:32.503000,2020-09-25 12:31:35.523000
zmxx45h7zufainyo,failed,not_found,122,39CF2F22E5018C01FD57DEB1AB8FDFA4592633FB,8A4DD3B74E4064623F46CC7A1CADC2770ECBB246,7A3E534C033E3836BD5AF223B642853C502AB33A,888E5DBA911DCF0671F21B7D8F1C9FBFF96E5B9B,2020-09-25 12:31:35.523000,2020-09-25 12:31:39.755000
zmxx45h7zufainyo,failed,not_found,200,39CF2F22E5018C01FD57DEB1AB8FDFA4592633FB,FA32998AF5628483D8E7B7BB0A4641D33A206A28,7260949459C2D4D4A5ABC3AC10C1AD6939E6525C,C5F76A7B459A68EDD255680325F6370B60E0BC3C,2020-09-25 12:31:39.755000,2020-09-25 12:31:44.581000
zmxx45h7zufainyo,failed,not_found,327,39CF2F22E5018C01FD57DEB1AB8FDFA4592633FB,A8D44B832F3267ABFC73F540C6C4CF0229FD7EB3,B568135C5E345BAFB080C11FDDF348E545A722E5,C63D7C4FAE5424D6286411D33497A2191882EB0A,2020-09-25 12:31:44.582000,2020-09-25 12:31:54.075000
rkib54gorx5z7uip,failed,not_found,136,39CF2F22E5018C01FD57DEB1AB8FDFA4592633FB,BF50E09EED25B82861CF95E1AAA42DCFEF53E5D1,165532BF5B1A34DF60D74375409D632D6FBEF83F,85041E7C5DF043B03F2C19421998F1751C002E49,2020-09-25 12:31:27.354000,2020-09-25 12:31:40.376000
rkib54gorx5z7uip,failed,not_found,301,39CF2F22E5018C01FD57DEB1AB8FDFA4592633FB,D8056CAD4A3D6EE7D82748027474BF5C53E569D9,2AA5F598F9A1812F01CD99E3B59BB87362ED7438,A2CBEC70217814A9DFB21069F8510BE418ABB094,2020-09-25 12:31:40.377000,2020-09-25 12:31:45.824000
rkib54gorx5z7uip,failed,not_found,365,39CF2F22E5018C01FD57DEB1AB8FDFA4592633FB,7B7C7F31205D7AEB5DFFEDA08E00282A78CD76E0,D14EC16949648CEE84EA1664445029EA4B597074,84F0FEBFDFA8FBC6A2EA27F87EBB31F050AFD04D,2020-09-25 12:31:45.824000,2020-09-25 12:31:56.875000
rkib54gorx5z7uip,failed,not_found,613,39CF2F22E5018C01FD57DEB1AB8FDFA4592633FB,DA4B488C2826DFBBD04D635DA1E71A2BA5B20747,92CA65917475033271D68E39C190551F1F03E53C,A2CD32D9D0668DB764AD68C745CE29693CA851B9,2020-09-25 12:31:56.875000,2020-09-25 12:32:14.610000
rkib54gorx5z7uip,,,,,,,A2C3CB1520C75BEDB21244FD1DF1C371C26E959E,2020-09-25 12:32:14.610000,
qgv6ip46voo7npuo,failed,not_found,17,39CF2F22E5018C01FD57DEB1AB8FDFA4592633FB,0A7208B8903DD3FF5CDFA218A3823AF498CE69CE,63540827C4832D214984EA47B7A68C593F9F862F,CEACA34874EAD103D27CA6A7650B16112F12B209,2020-09-25 12:31:28.258000,2020-09-25 12:31:29.378000
qgv6ip46voo7npuo,failed,not_found,41,39CF2F22E5018C01FD57DEB1AB8FDFA4592633FB,994FB6A842C0CEE1F1C4CBA9A7604C5FF6014CFC,0516A1A5836825F58848D47B91F47CB593B58D54,0EB07340EF2D1608FC16F6268E1DA0C532EB3D11,2020-09-25 12:31:29.379000,2020-09-25 12:31:32.189000
qgv6ip46voo7npuo,failed,not_found,68,39CF2F22E5018C01FD57DEB1AB8FDFA4592633FB,DC40A59D4D744F2C3C7A655EC6BF3A59AFA1C66C,B1B7C23D771F91C582F8B099602649A363C3091D,CEA2E066A7F8EC0F235F5190E25DD3C9F86F084B,2020-09-25 12:31:32.190000,2020-09-25 12:31:35.413000
qgv6ip46voo7npuo,failed,not_found,119,39CF2F22E5018C01FD57DEB1AB8FDFA4592633FB,F5C3DA7642BB037E0D279359AE88CD7FC03A98A0,133F46E459299E1DCBE91525C353A9DB25C474DB,CEC92F3BE8A2F3A46D3C042721D6BDBF2F40F4C5,2020-09-25 12:31:35.414000,2020-09-25 12:31:39.574000
qgv6ip46voo7npuo,failed,not_found,307,39CF2F22E5018C01FD57DEB1AB8FDFA4592633FB,964400BD72F85E4EF3541DD8578E9131EA628DD8,44DC23661E05DEFD94398936D9334987ABCB6E5E,0EAD0000E01B073AE88B1B4A0E63A6B9407BA255,2020-09-25 12:31:39.575000,2020-09-25 12:31:53.090000
qgv6ip46voo7npuo,,,,,,,0E92BF02B3C11B0DD18301A0DE1B164A0546E36F,2020-09-25 12:31:53.091000,
uz3ahwkrtc25ruhb,failed,not_found,12,39CF2F22E5018C01FD57DEB1AB8FDFA4592633FB,1AFF59F9B2579D78284EF7173A183F34086D4B56,5FB384605F53DCBF1CB02143D318DA3E8EE38A24,7674C383F7F551E065E3E95BBCFC067157546A17,2020-09-25 12:31:28.285000,2020-09-25 12:31:29.481000
uz3ahwkrtc25ruhb,failed,not_found,42,39CF2F22E5018C01FD57DEB1AB8FDFA4592633FB,C303038FDCC72805A160FF64E994333A49ECDA71,FB314AB78CAFF873786B71FA52634576337AB6E4,764BF8A03868F84C8F323C1A676AA254B80DC3BF,2020-09-25 12:31:29.482000,2020-09-25 12:31:32.777000
uz3ahwkrtc25ruhb,failed,not_found,79,39CF2F22E5018C01FD57DEB1AB8FDFA4592633FB,F6740DEABFD5F62612FA025A5079EA72846B1F67,CA95B3584C44DED8107AF5B3D8C25C562CC64DD4,BA9D7FB9AB4ED0FBCA56941DA22CF7770BA1A4BC,2020-09-25 12:31:32.778000,2020-09-25 12:31:35.375000
uz3ahwkrtc25ruhb,failed,not_found,117,39CF2F22E5018C01FD57DEB1AB8FDFA4592633FB,B214C768C88BB08F017BE30CBB603939F3DDA661,59BC32EA48ED1D06A373856434C0C5C4D2D86603,BACB47406A231AB60EC33D1ED5081C603B209655,2020-09-25 12:31:35.375000,2020-09-25 12:31:39.363000
uz3ahwkrtc25ruhb,failed,not_found,185,39CF2F22E5018C01FD57DEB1AB8FDFA4592633FB,AE95BDA37A5BB4685FEBB7F06649D6CE949B5316,F0F13714732C347312426EC2B8D5C4940EAA45BA,76543749510CD00CB16E1DD4940CAA8FAC727F58,2020-09-25 12:31:39.364000,2020-09-25 12:31:43.605000
uz3ahwkrtc25ruhb,failed,not_found,309,39CF2F22E5018C01FD57DEB1AB8FDFA4592633FB,7355A4A20BA4C083C921464302108C121BAC7EF2,F37374DB9FA6EF14CED64FD294E8D8683F032EC8,BAF223E9DF62D3261F1675C6CFC4E5D50F15FA57,2020-09-25 12:31:43.605000,2020-09-25 12:31:52.378000
flwe3prcgfrnsxr2,failed,not_found,26,39CF2F22E5018C01FD57DEB1AB8FDFA4592633FB,85A3AC041E3FCD796AF5D653953D5E27A56E3719,3E53D3979DB07EFD736661C934A1DED14127B684,825AD5D33B2A5C41BC647047D6B63AC41C4C5021,2020-09-25 12:31:28.286000,2020-09-25 12:31:30.786000
flwe3prcgfrnsxr2,failed,not_found,52,39CF2F22E5018C01FD57DEB1AB8FDFA4592633FB,B70BD334FFEE23E653B75219AE12CF0236BCFCBB,4A59FD3642C4D9F46A8D916AC9BC64390BCBC6AE,CDE4C5DC9D639E915B99B461EE243044FCA264B6,2020-09-25 12:31:30.787000,2020-09-25 12:31:33.522000
flwe3prcgfrnsxr2,failed,not_found,82,39CF2F22E5018C01FD57DEB1AB8FDFA4592633FB,FB016E16B8CD7A0E53DEEF31ED8754E4F6B8E837,365F393040AA2979DC01D102F5052CAD048F42F7,CDE4149F0DC65A7BE1AE440340BE1C7A18135E29,2020-09-25 12:31:33.523000,2020-09-25 12:31:36.684000
flwe3prcgfrnsxr2,failed,not_found,141,39CF2F22E5018C01FD57DEB1AB8FDFA4592633FB,870D9148A25F84C138F72DC647ABC390ED34383B,CEA300BA32D38055F2788DEEEF4BC272BAF808FA,8275CE20C53D79EC51CA87292E7FC58F238F100C,2020-09-25 12:31:36.685000,2020-09-25 12:31:41.259000
flwe3prcgfrnsxr2,failed,not_found,222,39CF2F22E5018C01FD57DEB1AB8FDFA4592633FB,7BE4752877553A96CD4035D0C526BCD09E81CC64,8358BDDA9C9A680B4E3A2809E5C24F5B3624D5C2,82405679E1F2AE258FBA8DD45BB2A52735EEED91,2020-09-25 12:31:41.260000,2020-09-25 12:31:46.352000
flwe3prcgfrnsxr2,failed,not_found,322,39CF2F22E5018C01FD57DEB1AB8FDFA4592633FB,7997D73272295C1322F30FFD1F32D093E1E19795,EE7CD2A763435C7006095BD167C790ABE5BC4DEA,CDDEC3CC4B0FD5054C99B2D2843DE8B609A4CABA,2020-09-25 12:31:46.353000,2020-09-25 12:31:53.983000
kisglojisvob53sk,failed,not_found,27,39CF2F22E5018C01FD57DEB1AB8FDFA4592633FB,8FD3BAF5E14EBE1124D6253D59882AFE1C2B9B8E,005ED97213F725867E422B8DC0443361BBB24E3C,7863A1C08114FF834E9C38990D6B2EA8AB3749FE,2020-09-25 12:31:28.311000,2020-09-25 12:31:31.352000
kisglojisvob53sk,failed,not_found,137,39CF2F22E5018C01FD57DEB1AB8FDFA4592633FB,F7B024DB02C601185C202E26DFFD2AD525C16A36,AC61D1722091F2FC4760776AF2C230D9DC679C03,91ADCDFCA830A1BBAD3A10377B25D695A92BF251,2020-09-25 12:31:31.353000,2020-09-25 12:31:40.113000
kisglojisvob53sk,failed,not_found,207,39CF2F22E5018C01FD57DEB1AB8FDFA4592633FB,33AA6CFE161A698169B548C9D973DAE6DED6BF0E,8A57DA2FFB5BA49C041EDE1A095E33E86EA756CC,787403EB1E2F7C9BA1B38D0389AA6719463F0F7E,2020-09-25 12:31:40.114000,2020-09-25 12:31:45.377000
kisglojisvob53sk,failed,not_found,321,39CF2F22E5018C01FD57DEB1AB8FDFA4592633FB,D5C6F62A5D1B3C711CA5E6F9D3772A432E96F6C2,ADE92B0150C933FFE00683E7492F1D930AFABB6D,91BA193FB362FB7B6679A7A83A3050F3C44A5468,2020-09-25 12:31:45.377000,2020-09-25 12:31:53.643000
kisglojisvob53sk,failed,not_found,545,39CF2F22E5018C01FD57DEB1AB8FDFA4592633FB,138ED47EE2156E6492FDE0B61338D973C9717F32,A05C1306E400AD1DDC6883E23D7EAAF910C4DF64,91BAB54C6923454F4E5EDC59313C45002B238665,2020-09-25 12:31:53.644000,2020-09-25 12:32:09.553000
kisglojisvob53sk,,,,,,,786ECA0A66DDC507672BF5987985D9F6E811E79E,2020-09-25 12:32:09.554000,
cflarexljc3rw355ysrkrzwapozws6nre6xsy3n4yrj7taye3uiby3ad,received,,24,39CF2F22E5018C01FD57DEB1AB8FDFA4592633FB,8DCB526722FBE2B3F4C0CE9D020B0589170F8BDA,B3C6B4D26A20151F568D39ACFA63E15DBC01CD5D,CD9BFE309010778D64ED5E55D5EEAA92B2020DE8,2020-09-25 12:31:29.182000,2020-09-25 12:31:30.497000
ec25omqnmxzisn7y,failed,not_found,35,39CF2F22E5018C01FD57DEB1AB8FDFA4592633FB,59A755782C1F977D6DCD76C0EC450FFCC7C29E56,6B9EA8927AB6E94E216067E65372182343A5AFA2,0AAF0B549639B01EDB6E190C8551EDC2C8EDA2A5,2020-09-25 12:31:29.269000,2020-09-25 12:31:31.979000
ec25omqnmxzisn7y,failed,not_found,67,39CF2F22E5018C01FD57DEB1AB8FDFA4592633FB,A0F39D32028CEC7F35419E9570401DE15B1B4564,BF37445EA2A9F3D04F4B87DFAC624AEF21B559D5,0ACD9B1271E95AC1743B9EC1299BB294BD3EBD90,2020-09-25 12:31:31.979000,2020-09-25 12:31:34.596000
ec25omqnmxzisn7y,failed,not_found,105,39CF2F22E5018C01FD57DEB1AB8FDFA4592633FB,97755455E7DC4E95F0F2EE660FCF11726B6BF69A,A9BEA2E0699D1F60521C8A1167340945A419D102,0AB05FC63CF9AC7070C1D89BB1A1189C319E1A92,2020-09-25 12:31:34.596000,2020-09-25 12:31:37.785000
ec25omqnmxzisn7y,failed,not_found,191,39CF2F22E5018C01FD57DEB1AB8FDFA4592633FB,E0260FF9BB70FD1398FC839A9CB8E90215CE77C4,874D84382C892F3F61CC9E106BF08843DE0B865A,5F746B9C4DCF6F50486A1CB27BFD4D7E01689EEE,2020-09-25 12:31:37.786000,2020-09-25 12:31:44.202000
ec25omqnmxzisn7y,failed,not_found,287,39CF2F22E5018C01FD57DEB1AB8FDFA4592633FB,645C3F0545E0975A49F69EC272C0C3EA28586825,7355A4A20BA4C083C921464302108C121BAC7EF2,5F58E9417DF94A66529864FA1134635614958A44,2020-09-25 12:31:44.202000,2020-09-25 12:31:51.120000
ec25omqnmxzisn7y,failed,not_found,472,39CF2F22E5018C01FD57DEB1AB8FDFA4592633FB,213F2B4AB09EE6FF8CA21B804B2E1BD8835088D3,4D0F97107D9949C20C9885F7CC10A883D146786D,5F5A59E3ECB0987407D916ABBDE60613F83EA1E9,2020-09-25 12:31:51.120000,2020-09-25 12:32:04.569000
rvneo7ufpwzoxb7m,failed,not_found,37,39CF2F22E5018C01FD57DEB1AB8FDFA4592633FB,6AC9235F43975B26E57568B811F663491A9E2891,335E993222204F6B4817134506494A6441DEFB6B,04EE5E1B23127D26A36F71C66810D88B0B80BB91,2020-09-25 12:31:29.305000,2020-09-25 12:31:32.206000
rvneo7ufpwzoxb7m,failed,not_found,70,39CF2F22E5018C01FD57DEB1AB8FDFA4592633FB,27EE4854D03F81FAEA3884A44303BE00DEEEE555,66F8C32B94D73B51A5D2FA079C6A09047C9ABA71,C0A0FEB6473F3F31822BB8F008049718CA017627,2020-09-25 12:31:32.207000,2020-09-25 12:31:34.908000
rvneo7ufpwzoxb7m,failed,not_found,107,39CF2F22E5018C01FD57DEB1AB8FDFA4592633FB,AE9B4F3B133CF4FC75BD0685F047EA4253C49B09,903A2A7991C838E70FF5A586CD387749B3589669,C0AEABA1B55519FE5384AA44D0312BE98216DA71,2020-09-25 12:31:34.909000,2020-09-25 12:31:38.428000
rvneo7ufpwzoxb7m,failed,not_found,172,39CF2F22E5018C01FD57DEB1AB8FDFA4592633FB,2BE633EE1B2229B9F7C9B2019067C7896FCE6A53,0C3D5E19E3C75B505C8ACD26F89DCA2DF970553E,0515C09FF6F72644B922C8D99128489FA53BA1FC,2020-09-25 12:31:38.428000,2020-09-25 12:31:42.914000
rvneo7ufpwzoxb7m,failed,not_found,258,39CF2F22E5018C01FD57DEB1AB8FDFA4592633FB,648E97719EDEC4F0E08F1CEB8D24F2C8F587344C,C1BB67D3FBED68D4BAD400D1A49C5B79ECE3965E,C0BAB92DD18FF83E315CC114238F71CF6E782D66,2020-09-25 12:31:42.915000,2020-09-25 12:31:49.834000
rvneo7ufpwzoxb7m,failed,not_found,454,39CF2F22E5018C01FD57DEB1AB8FDFA4592633FB,5D995EC983ED3DF9DAABD32B9BF1540AFF42A457,D1E706B9021A0BF8E9663DB207D9D9EC03A70DAC,0512FE6BE9CCA0ED133152E64010B2FBA141EB10,2020-09-25 12:31:49.835000,2020-09-25 12:32:02.303000
l5ullq2teqz6l7w3,failed,not_found,38,39CF2F22E5018C01FD57DEB1AB8FDFA4592633FB,AB10D5040BCBBA912FA448B8CF2A653DC8ACDC2C,E0087D2258960A98CA2DC06AC82F4D0623309B70,139C86C4C9BC94E89BAF79B15EBFDF9396DD5BB0,2020-09-25 12:31:29.337000,2020-09-25 12:31:32.644000
l5ullq2teqz6l7w3,failed,not_found,77,39CF2F22E5018C01FD57DEB1AB8FDFA4592633FB,787768FEF9FBFE2D9B8E0214019A7F9960D39206,257342F27502A108EECA766F3B125441B3DD4F4E,138B95F9A10E8BEBA6B142ADAC7331765C61ACE4,2020-09-25 12:31:32.645000,2020-09-25 12:31:35.249000
l5ullq2teqz6l7w3,failed,not_found,81,39CF2F22E5018C01FD57DEB1AB8FDFA4592633FB,C8ADC3A9310689F8E89B024C142E3ABEF2980E9C,EFCCA5852D18207A7A93C13EF3460458CAAEA9D9,3098CC656BB3F519FEBF93AF6E0CBBDE4D84002A,2020-09-25 12:31:35.250000,2020-09-25 12:31:37.884000
l5ullq2teqz6l7w3,failed,not_found,192,39CF2F22E5018C01FD57DEB1AB8FDFA4592633FB,C49A177510CAA653DA6727BF0E07FB7F56A0F09D,B576A394DFC12B7E900D643C900484765D58C30F,138ED47EE2156E6492FDE0B61338D973C9717F32,2020-09-25 12:31:37.885000,2020-09-25 12:31:44.256000
l5ullq2teqz6l7w3,failed,not_found,289,39CF2F22E5018C01FD57DEB1AB8FDFA4592633FB,E4A23FEACFA0D7064C6694BE91BF94805E3CE487,724E86E7F5DA715529DC0ECAA013AE4BDC680E4C,3092A9B4B9356F9D84D7521A59DBFC5CB3B5332C,2020-09-25 12:31:44.256000,2020-09-25 12:31:51.286000
l5ullq2teqz6l7w3,failed,not_found,475,39CF2F22E5018C01FD57DEB1AB8FDFA4592633FB,62ABC3D1B0D5DE48DE4B8AF5E76D5AA8F535CCDF,27C61AE08EBDD8B26B78992C7647D890269E9E03,3076FB1CCEB8341322019AD26F69BFC0AA845334,2020-09-25 12:31:51.286000,2020-09-25 12:32:03.458000
jhkn735fwnzvjh6b,failed,not_found,39,39CF2F22E5018C01FD57DEB1AB8FDFA4592633FB,B33BFA9AA0005730C1C0E8F7E6F53CF3C5716BD6,E5CC91BAFE7CCD68003E873D32E38027638D49D7,FD2F9B881AC640100C428DF47DC9A863DC2F2536,2020-09-25 12:31:29.338000,2020-09-25 12:31:32.205000
jhkn735fwnzvjh6b,failed,not_found,69,39CF2F22E5018C01FD57DEB1AB8FDFA4592633FB,2F2B8D5BBA29F7DBD41163FF5187A77E446C527D,D5C6F62A5D1B3C711CA5E6F9D3772A432E96F6C2,FD709DBF3AF5DDE2812BCE5A5CA2FBB733DEF520,2020-09-25 12:31:32.206000,2020-09-25 12:31:36.087000
jhkn735fwnzvjh6b,failed,not_found,125,39CF2F22E5018C01FD57DEB1AB8FDFA4592633FB,9C34EAD957DF77978BCF356F3F96B9A79E3961CB,ADE3C2765233F1389B500AE0D577A481A2B9C7B6,FD47FA4A74C2BA062EC731286930B97FA873A7D6,2020-09-25 12:31:36.088000,2020-09-25 12:31:40.012000
jhkn735fwnzvjh6b,failed,not_found,202,39CF2F22E5018C01FD57DEB1AB8FDFA4592633FB,E05EAB588285C01E8807F00A07CDBBC4662A58D9,BEA635C89C057DB8E879572C6A2C188239CFAD68,4317CB1BED0C6090ABEBB45440A040AD68383CAC,2020-09-25 12:31:40.013000,2020-09-25 12:31:44.923000
jhkn735fwnzvjh6b,failed,not_found,335,39CF2F22E5018C01FD57DEB1AB8FDFA4592633FB,AB10D5040BCBBA912FA448B8CF2A653DC8ACDC2C,58F3E2956EABB81F673E2FB90E16E001DB4AC3AE,431D60010C99E10ECDE7308B6B4D3FCD2B7126C1,2020-09-25 12:31:44.924000,2020-09-25 12:31:54.572000
jhkn735fwnzvjh6b,failed,not_found,566,39CF2F22E5018C01FD57DEB1AB8FDFA4592633FB,430672CD7162FA88AB49D891C38567799F346333,93F97B76A7D0F0947C4C75AC62017E45BBFE6C08,431EA69FC4089BE4304AAEC38FEAE8BC8F8711C5,2020-09-25 12:31:54.573000,2020-09-25 12:32:10.651000
tdbzciiljquxywy5,failed,not_found,55,39CF2F22E5018C01FD57DEB1AB8FDFA4592633FB,9A7417BA401B8C7EFDE24945E18145A1EDA730E7,7D928720EC0CB5C2AFE04DF0EBC37BD59B00EAB4,E8663924FE2AAD4E081A17ED6976D0AE8010F47B,2020-09-25 12:31:31.397000,2020-09-25 12:31:34.200000
tdbzciiljquxywy5,failed,not_found,95,39CF2F22E5018C01FD57DEB1AB8FDFA4592633FB,FD79B7F9230858B48E75F389661840C702511078,25E078CD1E537A7418318168F7E1990EF2A160C8,B7CC64C566EA6486537BA4187870E2F744763CA5,2020-09-25 12:31:34.200000,2020-09-25 12:31:37.023000
tdbzciiljquxywy5,failed,not_found,149,39CF2F22E5018C01FD57DEB1AB8FDFA4592633FB,F2E60DE0F39BEA826B50EB619A014ADCE9619359,38E48C9509E18F405749859EEF299EBC1B829602,B7A115C65ED1AA30C15E11A19A68EB5AAE7ED0C4,2020-09-25 12:31:37.024000,2020-09-25 12:31:41.302000
tdbzciiljquxywy5,failed,not_found,227,39CF2F22E5018C01FD57DEB1AB8FDFA4592633FB,7992F172EDBE69B99F0190651BAC14DD0FD9E5C8,856DAB2FDC9EED88A27BE2265FA6BD5489EF178E,B7826E5C7C22D696E42AE96B696F66C5E9D86984,2020-09-25 12:31:41.303000,2020-09-25 12:31:46.772000
tdbzciiljquxywy5,failed,not_found,356,39CF2F22E5018C01FD57DEB1AB8FDFA4592633FB,FB016E16B8CD7A0E53DEEF31ED8754E4F6B8E837,D7829A21726220AF77401BE5B2B132963A0BE82B,E8772C96285B90F835DC4FC7B3E740E28E53A09B,2020-09-25 12:31:46.773000,2020-09-25 12:31:56.728000
tdbzciiljquxywy5,failed,not_found,605,39CF2F22E5018C01FD57DEB1AB8FDFA4592633FB,9171E15EBF665768F8EFAE2271D47D922C4EED46,A1B7C1F83E5DA4376FD2E1DBA7AC28A71AB332AD,E86D858F2AAF9DE2A2B952A0BF864B7F35EDC8A3,2020-09-25 12:31:56.729000,2020-09-25 12:32:13.513000
7mbmhcllodtgjpdk,failed,not_found,56,39CF2F22E5018C01FD57DEB1AB8FDFA4592633FB,7B53DA28813258A20335C8E8985C05D0D089B441,43C83536DACCD110FF11E049A890064F6F87BEB2,153962FA0F2A058A97D37B039607377EE67E5885,2020-09-25 12:31:31.415000,2020-09-25 12:31:34.099000
7mbmhcllodtgjpdk,failed,not_found,71,39CF2F22E5018C01FD57DEB1AB8FDFA4592633FB,58F3E2956EABB81F673E2FB90E16E001DB4AC3AE,E5CC82DF823F15F9EEF99F22BFB1F3CC5F5076EF,15571673BCE30678EC5F895C9F59EB1C01CBBC56,2020-09-25 12:31:34.100000,2020-09-25 12:31:35.307000
7mbmhcllodtgjpdk,failed,not_found,115,39CF2F22E5018C01FD57DEB1AB8FDFA4592633FB,435397A34B281D8F31ED3EC388FC692C8D06CEA0,2EB3C230180694A1E848001E20F36F76A2287039,15483893699246724B8135CC6F087767EA89A2D3,2020-09-25 12:31:35.308000,2020-09-25 12:31:38.832000
7mbmhcllodtgjpdk,failed,not_found,173,39CF2F22E5018C01FD57DEB1AB8FDFA4592633FB,C1335B1DB938644FCD54EE744D91354F94EDD1BC,2FD0BA57A34DC2792AF470398F72F37F9E51DC2D,58A7199712C0E52B3C5F2F8E8B27B5A62BE58BC8,2020-09-25 12:31:38.833000,2020-09-25 12:31:43.141000
7mbmhcllodtgjpdk,failed,not_found,261,39CF2F22E5018C01FD57DEB1AB8FDFA4592633FB,461D6EA15966C7F99B43D37ADC116B5B8E47D130,FD449127D30D8F5D124653D9EF736EDF4A12B4DC,58BC2CFFA7894FC8F4CC5D8A77E38FDCFDB1DC0E,2020-09-25 12:31:43.143000,2020-09-25 12:31:49.135000
7mbmhcllodtgjpdk,failed,not_found,408,39CF2F22E5018C01FD57DEB1AB8FDFA4592633FB,D14EC16949648CEE84EA1664445029EA4B597074,E623A5E043ED2B74CC280BD004514FDD0854DC8C,58B44B5591A96EC08114B041CC6B1BB1521DF2BE,2020-09-25 12:31:49.136000,2020-09-25 12:31:59.931000
ln24kc4qgoimtbl2,failed,not_found,57,39CF2F22E5018C01FD57DEB1AB8FDFA4592633FB,74B8B22AF950B0BE11D8A228FB09D2F5279FB757,ABA31795BAD2AB8097F3AD0FE1A920E518D3D3F3,0FBB3C61AB6D93E10ABDE69EB8CCC60518A8BF3A,2020-09-25 12:31:31.439000,2020-09-25 12:31:34.488000
ln24kc4qgoimtbl2,failed,not_found,103,39CF2F22E5018C01FD57DEB1AB8FDFA4592633FB,9F7D6E6420183C2B76D3CE99624EBC98A21A967E,277F5717A62B3A728C98B3168E484BC08B4997E3,C9BC841E180B35F229FD47664F84CF8A8ADB3F68,2020-09-25 12:31:34.488000,2020-09-25 12:31:37.592000
ln24kc4qgoimtbl2,failed,not_found,158,39CF2F22E5018C01FD57DEB1AB8FDFA4592633FB,9063C7EC4A3273446DC05E9310A5C5B2F4235696,8DCB526722FBE2B3F4C0CE9D020B0589170F8BDA,C9DF39AABF4E34309E04E1E56DB9FA6CF37AE140,2020-09-25 12:31:37.593000,2020-09-25 12:31:43.179000
ln24kc4qgoimtbl2,failed,not_found,262,39CF2F22E5018C01FD57DEB1AB8FDFA4592633FB,987D0706D42070F1E2142A9FCCB56B3887808D34,FCE1FA95BC61BC2FF9752EE9BB5651805A30FD99,C9D02B1644BD47C136E379FDFAF4973D1A1CE07C,2020-09-25 12:31:43.180000,2020-09-25 12:31:49.498000
ln24kc4qgoimtbl2,failed,not_found,489,39CF2F22E5018C01FD57DEB1AB8FDFA4592633FB,926955277C7BDB6CD1E1561A91847CBCD5B079E5,5A14FBBBAF842124A0AF3C650F4302C5B549AB17,0FADA801B150261109DD1F492BB10CE39C83A782,2020-09-25 12:31:49.498000,2020-09-25 12:32:04.721000
ln24kc4qgoimtbl2,,,,,,,0FB2EDAB99D10A2B708370E625323C76EB895FA2,2020-09-25 12:32:04.722000,
psiw4aqg23p5g2se,failed,not_found,58,39CF2F22E5018C01FD57DEB1AB8FDFA4592633FB,BF0FB582E37F738CD33C3651125F2772705BB8E8,DB2682153AC0CCAECD2BD1E9EBE99C6815807A1E,96E0D19D735D47039844EA83372183BB606F87B4,2020-09-25 12:31:31.439000,2020-09-25 12:31:34.427000
psiw4aqg23p5g2se,failed,not_found,102,39CF2F22E5018C01FD57DEB1AB8FDFA4592633FB,64FC9B3852BA7EC74E79BD4099D850C338009E77,30C0B4DE58CFBB350485B326A0D67352E0138CCF,96EA4E2C87D5B99713201CCA8B712D839FD76C59,2020-09-25 12:31:34.427000,2020-09-25 12:31:39.750000
psiw4aqg23p5g2se,failed,not_found,174,39CF2F22E5018C01FD57DEB1AB8FDFA4592633FB,0F89912E6A4C4A8ACE43C58FF8B83CA299BFF74F,9EA4649400C7D35E20C734FA737CF615E925F1E4,9634E9F53EB46828AE7E06839FEE595950286B1D,2020-09-25 12:31:39.750000,2020-09-25 12:31:43.069000
psiw4aqg23p5g2se,failed,not_found,259,39CF2F22E5018C01FD57DEB1AB8FDFA4592633FB,5790B62AD6C79A1092B30993A8F0F7F23A969FD6,44354E35E9F7F97AF27686D03B0D591686E35394,963879BB424D9A637A63105D5C26A2453C2C2272,2020-09-25 12:31:43.070000,2020-09-25 12:31:49.305000
psiw4aqg23p5g2se,failed,not_found,415,39CF2F22E5018C01FD57DEB1AB8FDFA4592633FB,E4A7CF32D1EC81521E234C8BF46384E75838A8D7,66BD39FE805AED414ADE400CAAD862C9CC3AC34E,9638D8A46D8CBA79F8122D77E038ED99EBFDAEAD,2020-09-25 12:31:49.305000,2020-09-25 12:31:59.911000
psiw4aqg23p5g2se,failed,not_found,686,39CF2F22E5018C01FD57DEB1AB8FDFA4592633FB,427E5C8ADC43B09582DDDA80EA8EDFBD05DF5003,9171E15EBF665768F8EFAE2271D47D922C4EED46,970CE6B17927F083ABF157E9BFA305FD39E062E5,2020-09-25 12:31:59.911000,2020-09-25 12:32:21.662000
vzx2z7ra65l4bdkn,failed,not_found,59,39CF2F22E5018C01FD57DEB1AB8FDFA4592633FB,9E9C2223EA179F52BA73A24BFDE2E44DCA468EEF,B143D439B72D239A419F8DCE07B8A8EB1B486FA7,868A253C330F40FBE435D9320849397F85823E86,2020-09-25 12:31:31.528000,2020-09-25 12:31:34.189000
vzx2z7ra65l4bdkn,failed,not_found,94,39CF2F22E5018C01FD57DEB1AB8FDFA4592633FB,29A39144AD141242436D07901F7A8B91F7516A66,03CFF90060461087D34FFB7B485C3AD30143775C,6AC1A5C13A6875FEA157D9A7DC30EE83F632150D,2020-09-25 12:31:34.189000,2020-09-25 12:31:36.810000
vzx2z7ra65l4bdkn,failed,not_found,145,39CF2F22E5018C01FD57DEB1AB8FDFA4592633FB,BF735F669481EE1CCC348F0731551C933D1E2278,B058FBDEA69774C28EAC1111E167BC0AD4A904E0,867ADF7D4E8559F34FB3920E256B2EC858D11BE9,2020-09-25 12:31:36.810000,2020-09-25 12:31:42.806000
vzx2z7ra65l4bdkn,failed,not_found,316,39CF2F22E5018C01FD57DEB1AB8FDFA4592633FB,AE17FAAF8F302A506AF2167666EC62882804403F,5B1F0DAF378A1FAFCFD5FA9CDC66D1023DC0276E,867982ADCFBE55EC1C00A5B34C8991FF87605906,2020-09-25 12:31:42.806000,2020-09-25 12:31:52.939000
vzx2z7ra65l4bdkn,failed,not_found,529,39CF2F22E5018C01FD57DEB1AB8FDFA4592633FB,A4F11D693FAB6E949B2B7C18153C3F7989896007,03910F285A33F365838EC66EF2C2EF754D046760,6AE6C0AF05A3F2688CD6241FAAF5F2027E8032B0,2020-09-25 12:31:52.940000,2020-09-25 12:32:07.473000
vzx2z7ra65l4bdkn,,,,,,,6AD2D73B1A0A931AD792117D58A6C65EF411EBC2,2020-09-25 12:32:07.473000,
5kx3dulgo57gle5r,failed,not_found,60,39CF2F22E5018C01FD57DEB1AB8FDFA4592633FB,B8805CBDBE91A5E68D268FC62DC617B5BD7CC9E7,BE6CF26814BD1F35B76FE576702DBA9627EE8237,88AE3BC088396F1D3FCC4F2F588C0DC837599D20,2020-09-25 12:31:31.529000,2020-09-25 12:31:35.547000
5kx3dulgo57gle5r,failed,not_found,123,39CF2F22E5018C01FD57DEB1AB8FDFA4592633FB,8838B9E8F70E10B5895427D370A65B5554C3F25D,B97CF770ECD2D4298A505E84A8C8A5ABFCA08887,9CFA49D7F6C1774FFECC12AD3F3E59BD781285EF,2020-09-25 12:31:35.548000,2020-09-25 12:31:39.336000
5kx3dulgo57gle5r,failed,not_found,166,39CF2F22E5018C01FD57DEB1AB8FDFA4592633FB,8C00FA7369A7A308F6A137600F0FA07990D9D451,BA856D21B1A22CAE677A712DA4C9F0852D799DF8,888E5DBA911DCF0671F21B7D8F1C9FBFF96E5B9B,2020-09-25 12:31:39.336000,2020-09-25 12:31:42.608000
5kx3dulgo57gle5r,failed,not_found,255,39CF2F22E5018C01FD57DEB1AB8FDFA4592633FB,767E444E1FA1DA75F3B77479DB5AE2FA3FFF75CC,D1E706B9021A0BF8E9663DB207D9D9EC03A70DAC,889C9C1821CAB437ABAA9286E07D3141179F043A,2020-09-25 12:31:42.609000,2020-09-25 12:31:49.460000
5kx3dulgo57gle5r,failed,not_found,675,39CF2F22E5018C01FD57DEB1AB8FDFA4592633FB,13B2354C74CCE29815B4E1F692F2F0E86C7F13DD,47A83EC4D144FB8094A57DC5AEB39E9F6F174036,9D21F034C3BFF4E7737D08CF775DC1745706801F,2020-09-25 12:31:49.460000,2020-09-25 12:32:22.919000
5kx3dulgo57gle5r,,,,,,,9D1E4B6383D9398D1592C1D8087D6817278F9DBF,2020-09-25 12:32:22.920000,
fjk6t6rujbkchtdx,failed,not_found,63,39CF2F22E5018C01FD57DEB1AB8FDFA4592633FB,5B1F0DAF378A1FAFCFD5FA9CDC66D1023DC0276E,8EE28EAF0874AF9B03EBBD79B5EB5059E2547355,ACF165754601059ED2E472F893AD0FA4CAF1142D,2020-09-25 12:31:31.573000,2020-09-25 12:31:34.268000
fjk6t6rujbkchtdx,failed,not_found,97,39CF2F22E5018C01FD57DEB1AB8FDFA4592633FB,08F4692B60862640F688B86826B66F30DEA7AB73,43C83536DACCD110FF11E049A890064F6F87BEB2,ACD8C7107031AF4ACF9A2DBC69AB8903943EEA5D,2020-09-25 12:31:34.269000,2020-09-25 12:31:37.322000
fjk6t6rujbkchtdx,failed,not_found,157,39CF2F22E5018C01FD57DEB1AB8FDFA4592633FB,383CFCF03B225B3EDCA519197BAA310A58CEAABC,7A2A6F39F485C4FC95FB885FFF37C436FD2BB7E5,DFA40306BEA6EAF28CEF4AFED473A2877A90F9B5,2020-09-25 12:31:37.322000,2020-09-25 12:31:41.580000
fjk6t6rujbkchtdx,failed,not_found,231,39CF2F22E5018C01FD57DEB1AB8FDFA4592633FB,1F78D47D20BA3ACF9DCE50F4533A5CEA232CF398,819C8AFEDAC733315A8F3DB80F043F13090C49F6,DF86098968BBCD963E38E03FC3FC1837EF667C13,2020-09-25 12:31:41.580000,2020-09-25 12:31:46.825000
fjk6t6rujbkchtdx,failed,not_found,358,39CF2F22E5018C01FD57DEB1AB8FDFA4592633FB,5F58E9417DF94A66529864FA1134635614958A44,0ED0EA324C931CF41CB5272BFB1D015B3D5772A9,DF81D831D4FF686F52C9ACAA9EB5711F95BF4DD4,2020-09-25 12:31:46.826000,2020-09-25 12:31:56.980000
fjk6t6rujbkchtdx,,,,,,,ACDD9E85A05B127BA010466C13C8C47212E8A38F,2020-09-25 12:31:56.981000,
kdmekyfgejie5pas,failed,not_found,64,39CF2F22E5018C01FD57DEB1AB8FDFA4592633FB,EAA823552F959DFD038E9AC8FA89345A738B6C00,96D656384559910834CFDB128D843F819D5D2FD5,0861F4966E199C0BA9DB1D904DB4BC843508F12C,2020-09-25 12:31:31.613000,2020-09-25 12:31:34.699000
kdmekyfgejie5pas,failed,not_found,106,39CF2F22E5018C01FD57DEB1AB8FDFA4592633FB,C013F6A7A2297FA4CD00D05EF4A1C5222B844B25,CCF28BC8FB26C8C172DEE741702056914D2849BD,08394C4873C8A71BE9F53593F9B4AD694BFCDB90,2020-09-25 12:31:34.700000,2020-09-25 12:31:37.914000
kdmekyfgejie5pas,failed,not_found,163,39CF2F22E5018C01FD57DEB1AB8FDFA4592633FB,B8F7B162963287D2199D075BBAB2C4FB941BB390,19DEA2B8BBD3613C50CA24C96C4DE0C3ADAF4A3E,B55B11A739C43396B10CC621D9C9F9D7F3A8CDE4,2020-09-25 12:31:37.915000,2020-09-25 12:31:42.198000
kdmekyfgejie5pas,failed,not_found,244,39CF2F22E5018C01FD57DEB1AB8FDFA4592633FB,66BD39FE805AED414ADE400CAAD862C9CC3AC34E,CA4E9DFE87DE87E502F3B503D07EC8EFCAEE2549,B576A394DFC12B7E900D643C900484765D58C30F,2020-09-25 12:31:42.199000,2020-09-25 12:31:48.727000
kdmekyfgejie5pas,failed,not_found,487,39CF2F22E5018C01FD57DEB1AB8FDFA4592633FB,FB016E16B8CD7A0E53DEEF31ED8754E4F6B8E837,42B4F52C5B11E4D39855F654955425B0D5A0598B,085527CBD6485FD475AC983FA8683A2D9028BAA8,2020-09-25 12:31:48.728000,2020-09-25 12:32:05.234000
kdmekyfgejie5pas,,,,,,,B56B9FE93F83B4FA69234B17A060E8A8E7446D19,2020-09-25 12:32:05.234000,
gji6fglmgh7j75nm,failed,not_found,85,39CF2F22E5018C01FD57DEB1AB8FDFA4592633FB,AFE05115595A1D028E91AD41F6A07239DB04CEBC,A2C6C931D8627C6605288970889DDB88C7BA2142,7BB70F8585DFC27E75D692970C0EEB0F22983A63,2020-09-25 12:31:33.879000,2020-09-25 12:31:36.605000
gji6fglmgh7j75nm,failed,not_found,139,39CF2F22E5018C01FD57DEB1AB8FDFA4592633FB,05C621B44EF6833889AE7B7E2A0B476569C47E37,51800AF38B30ED1454DD74CB412BADCED5F60593,2543BCADFCBA2B5ADE83FB93194B5E9D45810532,2020-09-25 12:31:36.605000,2020-09-25 12:31:40.627000
gji6fglmgh7j75nm,failed,not_found,216,39CF2F22E5018C01FD57DEB1AB8FDFA4592633FB,8111FEB45EF2950EB8F84BFD8FF070AB07AEE9DD,BA856D21B1A22CAE677A712DA4C9F0852D799DF8,7BE3CB407039AA39EB88EF3B00053D3F92EC32AB,2020-09-25 12:31:40.627000,2020-09-25 12:31:46.238000
gji6fglmgh7j75nm,failed,not_found,372,39CF2F22E5018C01FD57DEB1AB8FDFA4592633FB,573051CAA3EEEE2B75EBD096BB1F70D3FDAC5F3A,7674C383F7F551E065E3E95BBCFC067157546A17,7BE4752877553A96CD4035D0C526BCD09E81CC64,2020-09-25 12:31:46.239000,2020-09-25 12:31:57.136000
gji6fglmgh7j75nm,failed,not_found,625,39CF2F22E5018C01FD57DEB1AB8FDFA4592633FB,4352D58B2641E8C1787750EFD3A07A88224967AC,2D6C93A2336368D9A5778416FD4DDDD97FF37D40,25350509AE9D23736871CFCC2CF80BF9C9AA5D36,2020-09-25 12:31:57.137000,2020-09-25 12:32:16.085000
gji6fglmgh7j75nm,,,,,,,254FF480BF5642929460532FF59BCE15DF1070EB,2020-09-25 12:32:16.086000,
6dhgl5szx45o5c4s,failed,not_found,86,39CF2F22E5018C01FD57DEB1AB8FDFA4592633FB,AE2F3A9B1440086F1AC128E6D0AB94BF9EB81607,EBE718E1A49EE229071702964F8DB1F318075FF8,91799AD097018FD5F83B70B978068FB83F72934F,2020-09-25 12:31:33.880000,2020-09-25 12:31:36.677000
6dhgl5szx45o5c4s,failed,not_found,140,39CF2F22E5018C01FD57DEB1AB8FDFA4592633FB,F0F13714732C347312426EC2B8D5C4940EAA45BA,7355A4A20BA4C083C921464302108C121BAC7EF2,D598E2865164AF6D9958FC9A37D825C283A80C3B,2020-09-25 12:31:36.678000,2020-09-25 12:31:40.335000
6dhgl5szx45o5c4s,failed,not_found,214,39CF2F22E5018C01FD57DEB1AB8FDFA4592633FB,58F3E2956EABB81F673E2FB90E16E001DB4AC3AE,FF3059E77E5D22F1C3B20CCBE125691AD27588DD,919680B79198AE4D80A06999A93EBC909AD4DDDC,2020-09-25 12:31:40.335000,2020-09-25 12:31:45.869000
6dhgl5szx45o5c4s,failed,not_found,506,39CF2F22E5018C01FD57DEB1AB8FDFA4592633FB,D87698D8E2276C7E93D531B7C2A1B27D58C71876,34979DBD475FFED9CF6556E349DDEDEE69104345,D5C01B85FB3A48D55698CA660A2DE8935388816E,2020-09-25 12:31:45.870000,2020-09-25 12:32:00.118000
6dhgl5szx45o5c4s,failed,not_found,680,39CF2F22E5018C01FD57DEB1AB8FDFA4592633FB,3EE6BA5394B18AEF14E0D3B959D733B7A1EC3AD5,1C0736CF3744A3B87C2D2269B8BD3388C7E60552,917A2DADBA0D7727DF7FFD46AD923FD937686A3D,2020-09-25 12:32:00.119000,2020-09-25 12:32:21.288000
6dhgl5szx45o5c4s,,,,,,,D5A2B3AE1E8047017A0BBC7209FD624DB84D47CE,2020-09-25 12:32:21.289000,
x5b2cxjliwfxvvir,failed,not_found,87,39CF2F22E5018C01FD57DEB1AB8FDFA4592633FB,5047962E97AFDC89C9B9EE98322F3E4CB7BEB639,E1468D867FA3230EC1DACFCA87A800BAF22E79E0,3A27CC4147062E4EFDF46F848FEA7FF032A04E5F,2020-09-25 12:31:33.894000,2020-09-25 12:31:36.576000
x5b2cxjliwfxvvir,failed,not_found,131,39CF2F22E5018C01FD57DEB1AB8FDFA4592633FB,8CDF2F3A8ABD834CF9F3E8FC202DF64625BFB443,30D457317789E20449CBC12E02F5658FA23E0BEE,3A209C005F58AF0BCDDEDC4423CFFD3AB3B826F5,2020-09-25 12:31:36.577000,2020-09-25 12:31:39.651000
x5b2cxjliwfxvvir,failed,not_found,196,39CF2F22E5018C01FD57DEB1AB8FDFA4592633FB,CF6A6080091BB210AA3892FEFE2F6A396DA08DF3,74B41DED505CFABC7A8D439362FC9B6589DE4591,4661DE96D3F8E923994B05218F23760C8D7935A4,2020-09-25 12:31:39.652000,2020-09-25 12:31:44.677000
x5b2cxjliwfxvvir,failed,not_found,299,39CF2F22E5018C01FD57DEB1AB8FDFA4592633FB,BF37445EA2A9F3D04F4B87DFAC624AEF21B559D5,6C251FA7F45E9DEDF5F69BA3D167F6BA736F49CD,4656F36592379C17C69F5295602FC0E7BD419F2C,2020-09-25 12:31:44.678000,2020-09-25 12:31:52.005000
x5b2cxjliwfxvvir,failed,not_found,501,39CF2F22E5018C01FD57DEB1AB8FDFA4592633FB,6BE9FC8A297D896B23460F2FB15EF854DFCDC98B,CDA9361C072A86719AA3D5A283F5BFBCBF82133B,3A144BCB2681ABA103B83D553BEFC3EB99A11801,2020-09-25 12:31:52.006000,2020-09-25 12:32:07.577000
x5b2cxjliwfxvvir,,,,,,,465D17C6FC297E3857B5C6F152006A1E212944EA,2020-09-25 12:32:07.578000,
k5dujcd5chnz2p5w,failed,not_found,88,39CF2F22E5018C01FD57DEB1AB8FDFA4592633FB,7C22E89AB620E77DF1B4A33787A5EC3F2AB4A8D1,F0F5074A6DADD3DC22E1FAA18FD6D89CBC52771A,66842EDB888DCB7E445BEB33C699AAA90DACECAB,2020-09-25 12:31:33.895000,2020-09-25 12:31:36.604000
k5dujcd5chnz2p5w,failed,not_found,135,39CF2F22E5018C01FD57DEB1AB8FDFA4592633FB,B576A394DFC12B7E900D643C900484765D58C30F,853246C4EBF7FD27C2EBE31E2DF37B2B5F13A39C,1C2F0929A4A8D9661D83E70FDE96B61040ECA14D,2020-09-25 12:31:36.605000,2020-09-25 12:31:39.887000
k5dujcd5chnz2p5w,failed,not_found,232,39CF2F22E5018C01FD57DEB1AB8FDFA4592633FB,0D6E25BD8C540178C309EE2A84C7A74496360D6E,327F5823438B8EC86EC33355C147D8455AB1C14B,1C265471CAAB20F1D3EFBBB6D6648E060E7F75C4,2020-09-25 12:31:39.888000,2020-09-25 12:31:47.415000
k5dujcd5chnz2p5w,failed,not_found,373,39CF2F22E5018C01FD57DEB1AB8FDFA4592633FB,96560F12D1FD54131C59A2352829C2750E5EB796,879FAE7932DF44AAFB3366DE405C4680F74E9284,1C24A2669C7E0D62B2157B95F56ED00EE307C85C,2020-09-25 12:31:47.416000,2020-09-25 12:31:57.248000
k5dujcd5chnz2p5w,failed,not_found,627,39CF2F22E5018C01FD57DEB1AB8FDFA4592633FB,22E6FBDB8D77B4C0FA017D6C5F9B45BECDCBCFF8,71C924A772F69451FE97FE5A9025DEDDEF3DB664,669E5034B6DE2E2C7CFBCF9EAC8D9F5A47757996,2020-09-25 12:31:57.249000,2020-09-25 12:32:16.697000
k5dujcd5chnz2p5w,,,,,,,66B06D59BDFC90EBC6EDE79C558275F2CD4799B0,2020-09-25 12:32:16.698000,
uwsadal6gdup2ybf,failed,not_found,89,39CF2F22E5018C01FD57DEB1AB8FDFA4592633FB,79509683AB4C8DDAF90A120C69A4179C6CD5A387,3239007CE1FB2ECDFDF2067DF23B949295DC5EF6,DCE5AA5B2287663BE7DBE9C87635FA846138D9A6,2020-09-25 12:31:33.896000,2020-09-25 12:31:36.600000
uwsadal6gdup2ybf,failed,not_found,133,39CF2F22E5018C01FD57DEB1AB8FDFA4592633FB,59BC32EA48ED1D06A373856434C0C5C4D2D86603,198F12E2DEFBE6BEEBC38B2FEDD615AECB38DA7A,F86A29330A705B0279EA3577784018AB0E18D5AF,2020-09-25 12:31:36.601000,2020-09-25 12:31:39.600000
uwsadal6gdup2ybf,failed,not_found,194,39CF2F22E5018C01FD57DEB1AB8FDFA4592633FB,E00DFD54DC165D5452FBD3530D30186DAD016A0C,FB016E16B8CD7A0E53DEEF31ED8754E4F6B8E837,DCEA2A6D8034E164A4FFDD8AFF997E2F6FB2ECF8,2020-09-25 12:31:39.601000,2020-09-25 12:31:44.077000
uwsadal6gdup2ybf,failed,not_found,282,39CF2F22E5018C01FD57DEB1AB8FDFA4592633FB,6E4B0D429CD87AB6C25D72E298294C583FF8BA4A,47C362713928A711FC105AF54993576E41CB1B7F,DD0AA66DD9E4E71FFAFAB658DF8300F1CEEA0364,2020-09-25 12:31:44.077000,2020-09-25 12:31:50.577000
uwsadal6gdup2ybf,failed,not_found,470,39CF2F22E5018C01FD57DEB1AB8FDFA4592633FB,41CEB66108B70108F148BF7778260A87723AACA1,3A27CC4147062E4EFDF46F848FEA7FF032A04E5F,F878E3AD594F013195A051CD1072BF33D543A235,2020-09-25 12:31:50.578000,2020-09-25 12:32:02.964000
uwsadal6gdup2ybf,,,,,,,F84661C6C715DA2ECFB00CFE5859AE5733229BC0,2020-09-25 12:32:02.965000,
jsy4uzx5tyscaftu,failed,not_found,90,39CF2F22E5018C01FD57DEB1AB8FDFA4592633FB,A6BBD33695A4E3C4545BA370605A4DCD87D98BEE,AD7552F2CFBF472F9FFE748D3E82994EA6050A76,90FD830C357A5109AB3C505287713F1AC811174C,2020-09-25 12:31:33.928000,2020-09-25 12:31:36.870000
jsy4uzx5tyscaftu,failed,not_found,146,39CF2F22E5018C01FD57DEB1AB8FDFA4592633FB,B70BD334FFEE23E653B75219AE12CF0236BCFCBB,453E51CBAA4C2169EBCB05583247DD6201E87FAD,912709C7F560CC3E9FE9604B58D598B1BFAED8C7,2020-09-25 12:31:36.870000,2020-09-25 12:31:41.139000
jsy4uzx5tyscaftu,failed,not_found,242,39CF2F22E5018C01FD57DEB1AB8FDFA4592633FB,F5F4019509109A07E90C45A022CEED9ECA1643C8,F4FB9A80308AE71CA8057F4158DD6B3C8EE375F9,910842202572BBB890692971614758AD9F3FEBD7,2020-09-25 12:31:41.140000,2020-09-25 12:31:48.617000
jsy4uzx5tyscaftu,failed,not_found,396,39CF2F22E5018C01FD57DEB1AB8FDFA4592633FB,33AA6CFE161A698169B548C9D973DAE6DED6BF0E,6DFEB41C04CCE846871338E85DD5ACF5CFB6C1DD,C19B33758B3A5144894233EC4C95D7985B9FD101,2020-09-25 12:31:48.618000,2020-09-25 12:31:59.347000
jsy4uzx5tyscaftu,,,,,,,C1939D36649DE98A202429631D8EFC70128D5F5F,2020-09-25 12:31:59.347000,
pp24d6jzps23cgeo,failed,not_found,91,39CF2F22E5018C01FD57DEB1AB8FDFA4592633FB,D228AE265C966CA4E9A8C4B746A30A9737060A32,863FDDA3CA537CE03646B3AEBD3FD1CC6B077FBE,721E494B0E06554D8F9A169BDBF17282C07B2588,2020-09-25 12:31:33.928000,2020-09-25 12:31:36.992000
pp24d6jzps23cgeo,failed,not_found,148,39CF2F22E5018C01FD57DEB1AB8FDFA4592633FB,D16A75E422664448F8A7E7D536D359D512B91256,40CDE936B04B4573A47223396006443CA5EAC845,71CFDEB4D9E00CCC3E31EC4E8A29E109BBC1FB36,2020-09-25 12:31:36.993000,2020-09-25 12:31:41.308000
pp24d6jzps23cgeo,failed,not_found,228,39CF2F22E5018C01FD57DEB1AB8FDFA4592633FB,C2481FAAA5508F6C2A64873972281220E9778476,853246C4EBF7FD27C2EBE31E2DF37B2B5F13A39C,3BA07FCB32A0151EF9B76507213E43D8ABD3BE5F,2020-09-25 12:31:41.309000,2020-09-25 12:31:46.773000
pp24d6jzps23cgeo,failed,not_found,483,39CF2F22E5018C01FD57DEB1AB8FDFA4592633FB,8EE28EAF0874AF9B03EBBD79B5EB5059E2547355,1FBAE723F8186847E30EA1C03CCA3D4081D4E2F9,3B953203AF332D8FE1452E1CE7CB50A3B5297DB2,2020-09-25 12:31:46.773000,2020-09-25 12:32:04.449000
pp24d6jzps23cgeo,,,,,,,3BAACE149DB31574B327BF835B594B707D12CD58,2020-09-25 12:32:04.450000,
isq2uhc2h53o23jo,failed,not_found,92,39CF2F22E5018C01FD57DEB1AB8FDFA4592633FB,42B4F52C5B11E4D39855F654955425B0D5A0598B,00E1649E69FF91D7F01E74A5E62EF14F7D9915E4,7D41FED58481A0E594C642E74176C811778D91A6,2020-09-25 12:31:33.929000,2020-09-25 12:31:36.762000
isq2uhc2h53o23jo,failed,not_found,143,39CF2F22E5018C01FD57DEB1AB8FDFA4592633FB,B8F7B162963287D2199D075BBAB2C4FB941BB390,4E91B66561EE01B1653E1803FE53B5C400D967DB,7D3307C578AD1B1D818D74E38635BDACB390A845,2020-09-25 12:31:36.763000,2020-09-25 12:31:42.040000
isq2uhc2h53o23jo,failed,not_found,268,39CF2F22E5018C01FD57DEB1AB8FDFA4592633FB,FD7ED9F4871E2EC46035FC602960EACC32E08FF8,D52A160303C638D9FB03463F8A6B7934D5787F4C,148487C6EBE04EB22496080C20796C51B060F611,2020-09-25 12:31:42.041000,2020-09-25 12:31:49.793000
isq2uhc2h53o23jo,failed,not_found,452,39CF2F22E5018C01FD57DEB1AB8FDFA4592633FB,44BD70C13DAA7513D6F47773804178B009F21ED5,F475E5987E44A2B7B143A2BEE3F8128EEFD7E5A3,7D277B076A1A044F0FDEE9EAB02CFFF655C29894,2020-09-25 12:31:49.794000,2020-09-25 12:32:02.832000
isq2uhc2h53o23jo,,,,,,,14877C6384A9E793F422C8D1DDA447CACA4F7C4B,2020-09-25 12:32:02.833000,
g5hkuyfclpvi25f6,failed,not_found,127,39CF2F22E5018C01FD57DEB1AB8FDFA4592633FB,7992F172EDBE69B99F0190651BAC14DD0FD9E5C8,49877399DD0E82FE123148361038823368F77193,FBCD5D8428C342B02D94156F52358B02B3F2E519,2020-09-25 12:31:34.272000,2020-09-25 12:31:39.714000
g5hkuyfclpvi25f6,failed,not_found,199,39CF2F22E5018C01FD57DEB1AB8FDFA4592633FB,BFCDE7C44DC8F222216AACFF46D3E28D722D32D3,1B9FACF25E17D26E307EA7CFA7D455B144B032E5,76D2EBA82BBCCA3DF9F254A9A8372A10A26F3D14,2020-09-25 12:31:39.714000,2020-09-25 12:31:44.764000
g5hkuyfclpvi25f6,failed,not_found,328,39CF2F22E5018C01FD57DEB1AB8FDFA4592633FB,FE1B74C7CEE0493613929A92F9A1D890E58DC649,0745857B06337B7F343635608975972A9EC14901,FBBC3BD58B471F6227DC0F05265C6A37C770905F,2020-09-25 12:31:44.764000,2020-09-25 12:31:54.149000
g5hkuyfclpvi25f6,failed,not_found,552,39CF2F22E5018C01FD57DEB1AB8FDFA4592633FB,9127D95DAA81291F26BE45B1A73E2F1145887B94,7D8EBB86CF2EB560F938BEF018E1D8FD6B36B327,76B4FEDD0696D924A407CFAB50B6E574B28CCDCA,2020-09-25 12:31:54.149000,2020-09-25 12:32:09.275000
g5hkuyfclpvi25f6,,,,,,,76AB50C3EC0472A63AFB9A833A535FA6BD691478,2020-09-25 12:32:09.275000,
u4dc6fo5kn2qey5j,failed,not_found,99,39CF2F22E5018C01FD57DEB1AB8FDFA4592633FB,CB92FA4D7D71F134CE1F1FFF2BFF53E88DD4A1DB,4B351545DD58473F36B0A20E5500AC6ED51E8CD5,1F037215FF7FE4710BFD0507AECE33C3A7CB6277,2020-09-25 12:31:34.274000,2020-09-25 12:31:37.795000
u4dc6fo5kn2qey5j,failed,not_found,161,39CF2F22E5018C01FD57DEB1AB8FDFA4592633FB,1CD48F4ED0F1821FFBF1940802A13EEFD4C27502,F7B024DB02C601185C202E26DFFD2AD525C16A36,1EDE608C5E190C8682A2F827664E758416104670,2020-09-25 12:31:37.796000,2020-09-25 12:31:41.911000
u4dc6fo5kn2qey5j,failed,not_found,239,39CF2F22E5018C01FD57DEB1AB8FDFA4592633FB,18EF781925EDF5463338AB450EF0C56C5CAA2F1A,DEF8C760A79FEF2358E03AE5A1950086ABEB953E,1EE882126F8CF613C67DC25415330D8CF328CDBA,2020-09-25 12:31:41.911000,2020-09-25 12:31:47.906000
u4dc6fo5kn2qey5j,failed,not_found,468,39CF2F22E5018C01FD57DEB1AB8FDFA4592633FB,54FF87E18CF4B351BB078A640A4DC5265969485E,0F89912E6A4C4A8ACE43C58FF8B83CA299BFF74F,01F73DBD9B56C31E3D3AAEB95F8CF1DEB7D9A72F,2020-09-25 12:31:47.906000,2020-09-25 12:32:03.265000
u4dc6fo5kn2qey5j,,,,,,,01CB2E297A8F586DBBCF98F028A3D1A49B0AB7BA,2020-09-25 12:32:03.266000,
6vp5e2ngz7wwiucq,failed,not_found,165,39CF2F22E5018C01FD57DEB1AB8FDFA4592633FB,61004152C709672EE739F2667B56EF5550A51332,DB5DE88B4914F60CDEEF581ECCA8DEA59EF26A90,296A9A2C96249BC5D8CA8CF196EF5E3FCC80488E,2020-09-25 12:31:34.274000,2020-09-25 12:31:42.094000
6vp5e2ngz7wwiucq,failed,not_found,243,39CF2F22E5018C01FD57DEB1AB8FDFA4592633FB,94318CC2299A3826D81899EB23C25A2B7D6B1FFE,BE8737597F2E6B4F805893202C935125829A902E,EA79FFE95F5779A34E9FB14CE934A76B22FE6ACE,2020-09-25 12:31:42.095000,2020-09-25 12:31:47.848000
6vp5e2ngz7wwiucq,failed,not_found,467,39CF2F22E5018C01FD57DEB1AB8FDFA4592633FB,38471394F06B2B86404768193C929313962FDC2F,127887BF5B69EFEFA0DC47FC767135E0ACAAFD9F,296B040F1537DC2E9D644D7FF41C912403E1AF8D,2020-09-25 12:31:47.848000,2020-09-25 12:32:04.266000
6vp5e2ngz7wwiucq,,,,,,,EA7642C6940BF6571267F068EF289B93BE82F169,2020-09-25 12:32:04.266000,
uj6fhcabz2uhsr36,failed,not_found,101,39CF2F22E5018C01FD57DEB1AB8FDFA4592633FB,525EE34C1A7B89AB9DF585246DE30E32702913F5,E81993EA52B73285CFFD02FEC003569D21483001,823183CEB754CDE8E76A3722D783CA031E7E160A,2020-09-25 12:31:34.276000,2020-09-25 12:31:37.193000
uj6fhcabz2uhsr36,failed,not_found,152,39CF2F22E5018C01FD57DEB1AB8FDFA4592633FB,C9D02B1644BD47C136E379FDFAF4973D1A1CE07C,CC6910CF21D17C1BD68FE224CE7685BEB42558A8,D84F6589F8FF75C8A8AE50716DBE7BBA36BDC1F0,2020-09-25 12:31:37.193000,2020-09-25 12:31:41.734000
uj6fhcabz2uhsr36,failed,not_found,260,39CF2F22E5018C01FD57DEB1AB8FDFA4592633FB,903A2A7991C838E70FF5A586CD387749B3589669,88DF5D708E931C431902AAABEA981E7951E00085,D82FCD5DF6C46BC5A9206318F53E611CEF22D982,2020-09-25 12:31:41.735000,2020-09-25 12:31:49.151000
uj6fhcabz2uhsr36,failed,not_found,488,39CF2F22E5018C01FD57DEB1AB8FDFA4592633FB,C69BE3F0326A7328556501BE237408F32748247D,AC2275831607A95CD8B939C3B8DC466CCF48E2B9,823AA81E277F366505545522CEDC2F529CE4DC3F,2020-09-25 12:31:49.152000,2020-09-25 12:32:05.011000
uj6fhcabz2uhsr36,,,,,,,D82943434B24204FBF1B4B818CFEA64F205DEAC3,2020-09-25 12:32:05.012000,
645xze6xwf4qln24,failed,not_found,111,39CF2F22E5018C01FD57DEB1AB8FDFA4592633FB,9F5068310818ED7C70B0BC4087AB55CB12CB4377,25E078CD1E537A7418318168F7E1990EF2A160C8,425E358E94FB53E7F11AF2D9AB60DE25F534BA1A,2020-09-25 12:31:35.258000,2020-09-25 12:31:38.919000
645xze6xwf4qln24,failed,not_found,175,39CF2F22E5018C01FD57DEB1AB8FDFA4592633FB,F65990C23AB017AC37226EB2AD3DA5A8EAE55D0C,B085FE1700622B72188150C54D066F382359700E,90A5D1355C4B5840E950EB61E673863A6AE3ACA1,2020-09-25 12:31:38.919000,2020-09-25 12:31:43.223000
645xze6xwf4qln24,failed,not_found,263,39CF2F22E5018C01FD57DEB1AB8FDFA4592633FB,C239952D0C8E4EABC3E6B0A8E0B623689174E3C6,0C3D5E19E3C75B505C8ACD26F89DCA2DF970553E,425835370C1FBE178C21CB53C76672F12BDE091A,2020-09-25 12:31:43.223000,2020-09-25 12:31:49.366000
645xze6xwf4qln24,failed,not_found,422,39CF2F22E5018C01FD57DEB1AB8FDFA4592633FB,7494CB6B5C82725BAFB6C1084DC0A1BE76591B51,870D9148A25F84C138F72DC647ABC390ED34383B,424BF86927E80D916589BB12248BD468BB470684,2020-09-25 12:31:49.366000,2020-09-25 12:32:00.892000
645xze6xwf4qln24,,,,,,,90B64F9E18B59AF322EBD28B8F8CD65C53E10CE1,2020-09-25 12:32:00.893000,
a652r6gblu6jfk4f,failed,not_found,112,39CF2F22E5018C01FD57DEB1AB8FDFA4592633FB,2CC941573AE68528BE731B758BCABBE0CE62F231,81E18725397D620DA548ABBE24D9CD263DEF2FDC,531BE6C3195A757C116B9566B944DD0B2B6A23B0,2020-09-25 12:31:35.261000,2020-09-25 12:31:39.369000
a652r6gblu6jfk4f,failed,not_found,186,39CF2F22E5018C01FD57DEB1AB8FDFA4592633FB,DA9E02BB8080E473157052F70439B7886AA8569D,138B95F9A10E8BEBA6B142ADAC7331765C61ACE4,53134D9637D9FBE565FA1E3AF82B23CC964C56D6,2020-09-25 12:31:39.369000,2020-09-25 12:31:43.844000
a652r6gblu6jfk4f,failed,not_found,311,39CF2F22E5018C01FD57DEB1AB8FDFA4592633FB,D7829A21726220AF77401BE5B2B132963A0BE82B,5FB384605F53DCBF1CB02143D318DA3E8EE38A24,5333C98E703385743AE931ECC929C5E4B32A0CD0,2020-09-25 12:31:43.845000,2020-09-25 12:31:52.867000
a652r6gblu6jfk4f,failed,not_found,524,39CF2F22E5018C01FD57DEB1AB8FDFA4592633FB,EC0ABA811E4EB33DAD8BC8B7037D862BF4F3AA28,81A1D777C023EBB1DEE9E7FA8735629BA8F7497C,C980254CCF8BC5187B4F1671DA6D00DF252B5451,2020-09-25 12:31:52.868000,2020-09-25 12:32:08.115000
a652r6gblu6jfk4f,,,,,,,C92ECAF73512E2CCB15827A192B7AF3E9DBC896E,2020-09-25 12:32:08.126000,
y7r6ukk36s7wyoxs,failed,not_found,113,39CF2F22E5018C01FD57DEB1AB8FDFA4592633FB,A99B0D9E5FD5BC3C8F2D006EC91F8C7F40E09CB8,63D3E51878C205CB39B0CD47CDD3B3126ACB38A9,980AFB485D04C566C74D5704C96CF80D29DE3793,2020-09-25 12:31:35.304000,2020-09-25 12:31:38.919000
y7r6ukk36s7wyoxs,failed,not_found,176,39CF2F22E5018C01FD57DEB1AB8FDFA4592633FB,F006B0489AF7D6A13CD55A4F14C90593812458F6,BA39D0333CF0F2026F58D8A493168F92A016CAA1,09092FF120A9FD9DC1AEAC899B5C3CFECBA6C279,2020-09-25 12:31:38.920000,2020-09-25 12:31:43.592000
y7r6ukk36s7wyoxs,failed,not_found,330,39CF2F22E5018C01FD57DEB1AB8FDFA4592633FB,E3E7491900ECA759D7FA64E6B1CCBD6AC69474D7,B01BF09244C6B73687BB781C5A9C9E812974D086,9803B536ED203C9AAAFC3E53CD4935BA85FF402F,2020-09-25 12:31:43.592000,2020-09-25 12:31:54.255000
y7r6ukk36s7wyoxs,failed,not_found,554,39CF2F22E5018C01FD57DEB1AB8FDFA4592633FB,853246C4EBF7FD27C2EBE31E2DF37B2B5F13A39C,B86137AE9681701901C6720E55C16805B46BD8E3,97F51AF6791AD33981CE25DC7A2618429F25B3B0,2020-09-25 12:31:54.255000,2020-09-25 12:32:09.420000
y7r6ukk36s7wyoxs,,,,,,,091F0E777170A967C60069B10F5404C3D14E90E8,2020-09-25 12:32:09.421000,
47ykeclmwr4vof7z,failed,not_found,114,39CF2F22E5018C01FD57DEB1AB8FDFA4592633FB,A4E120350425BAD920307FFA74440F95D0172302,F80FDE27EFCB3F6A7B4E2CC517133DBFFA78BA2D,F5F4019509109A07E90C45A022CEED9ECA1643C8,2020-09-25 12:31:35.305000,2020-09-25 12:31:39.029000
47ykeclmwr4vof7z,failed,not_found,179,39CF2F22E5018C01FD57DEB1AB8FDFA4592633FB,1F78D47D20BA3ACF9DCE50F4533A5CEA232CF398,B86137AE9681701901C6720E55C16805B46BD8E3,F5FD7EF4307F8C5C398147877F32A9F9F71E2092,2020-09-25 12:31:39.029000,2020-09-25 12:31:43.373000
47ykeclmwr4vof7z,failed,not_found,300,39CF2F22E5018C01FD57DEB1AB8FDFA4592633FB,75FB9A4469199F251581061391214ACFDC682EF4,79E3B585803DE805CCBC00C1EF36B1E74372861D,4CDCC833FB70B9F3915522FDC90E52C531FEEC49,2020-09-25 12:31:43.374000,2020-09-25 12:31:52.588000
47ykeclmwr4vof7z,failed,not_found,520,39CF2F22E5018C01FD57DEB1AB8FDFA4592633FB,D60C2D85EAD93D23F1C00874D334BBF8A96CD529,6B13A4EC169E4FB0F3141E1AE4307966569FA47C,4CE6D83FFA8AD24767007E8C972F371F2468F09A,2020-09-25 12:31:52.588000,2020-09-25 12:32:07.424000
47ykeclmwr4vof7z,,,,,,,4CD4DFFEF3971C902A22100D911CAC639BE2EF5C,2020-09-25 12:32:07.425000,
ypziudf2meemdzx5,failed,not_found,128,39CF2F22E5018C01FD57DEB1AB8FDFA4592633FB,7A3E534C033E3836BD5AF223B642853C502AB33A,B085FE1700622B72188150C54D066F382359700E,B33BFA9AA0005730C1C0E8F7E6F53CF3C5716BD6,2020-09-25 12:31:36.312000,2020-09-25 12:31:39.660000
ypziudf2meemdzx5,failed,not_found,197,39CF2F22E5018C01FD57DEB1AB8FDFA4592633FB,D39F2CD90A236F94A61B76616B4873329DA77888,C5BF27560E4B007365FBA96D32F9E74614218C8E,B340E3BA587E36462D8DE44DAE0F7CAB6748F064,2020-09-25 12:31:39.661000,2020-09-25 12:31:44.404000
ypziudf2meemdzx5,failed,not_found,325,39CF2F22E5018C01FD57DEB1AB8FDFA4592633FB,90D43CF5541ECF57C1833FED33FFDFF239C4817C,1804C06A266F0DA26DF58CD559E01C2F7C3FC42A,AA26B97B6CA757BF63328EE96705120609CF4AAD,2020-09-25 12:31:44.405000,2020-09-25 12:31:53.984000
ypziudf2meemdzx5,failed,not_found,678,39CF2F22E5018C01FD57DEB1AB8FDFA4592633FB,8CAA470B905758742203E3EB45941719FCA9FEEC,C9B34ABF2C30DA56BD006B7B42610098072BEF4C,AA4AF27D6A573B0EEB234AEF89750CA6E6141C0E,2020-09-25 12:31:53.985000,2020-09-25 12:32:21.294000
ypziudf2meemdzx5,,,,,,,B32B93C90DCAF0012328A8D55D621D26B186E11A,2020-09-25 12:32:21.295000,
tg3wsvcpka7voisf,failed,not_found,110,39CF2F22E5018C01FD57DEB1AB8FDFA4592633FB,BE9B12FAAB7429842D643E2308390ECD8961E0A1,1CD48F4ED0F1821FFBF1940802A13EEFD4C27502,08CD9D4224058DC97A1F27679A5BEE5724C4C6EC,2020-09-25 12:31:36.319000,2020-09-25 12:31:38.267000
tg3wsvcpka7voisf,failed,not_found,168,39CF2F22E5018C01FD57DEB1AB8FDFA4592633FB,8DCB526722FBE2B3F4C0CE9D020B0589170F8BDA,F8DE8132E599A194E20DDB738AF64A7200CD5949,456F6E4998EB17B975DB5A19273607868E5F8AFA,2020-09-25 12:31:38.267000,2020-09-25 12:31:42.498000
tg3wsvcpka7voisf,failed,not_found,250,39CF2F22E5018C01FD57DEB1AB8FDFA4592633FB,5FB384605F53DCBF1CB02143D318DA3E8EE38A24,6847EB9A4756AEB8AB741B389AD26A9BF530E979,45582F4CCEE4BBF79B44A4853FDD82908B08D4A8,2020-09-25 12:31:42.499000,2020-09-25 12:31:48.315000
tg3wsvcpka7voisf,failed,not_found,482,39CF2F22E5018C01FD57DEB1AB8FDFA4592633FB,55804F9D37F7B27BD0426B3CB06C64B4D0F95546,327F5823438B8EC86EC33355C147D8455AB1C14B,4561FC085C3F3A7271FE960317F02DCD1E9C1188,2020-09-25 12:31:48.315000,2020-09-25 12:32:04.115000
tg3wsvcpka7voisf,,,,,,,08F4692B60862640F688B86826B66F30DEA7AB73,2020-09-25 12:32:04.116000,
mrz2xc7clkcwkvtt,failed,not_found,129,39CF2F22E5018C01FD57DEB1AB8FDFA4592633FB,AC5CECEF6AF649F2A7F047D102FE9B461DA9234E,58332DDDA15415CB3D13F5ECA3D54BE961B8C458,605EE4375EE4C38215C8949F5808863749FD4F4A,2020-09-25 12:31:36.320000,2020-09-25 12:31:39.592000
mrz2xc7clkcwkvtt,failed,not_found,265,39CF2F22E5018C01FD57DEB1AB8FDFA4592633FB,2AB9FFCC6618FBBC973C457FC6BE5E8620A60FDC,A597AC866E40CAB5A67759ADE4942192E99DE684,0D6E25BD8C540178C309EE2A84C7A74496360D6E,2020-09-25 12:31:39.592000,2020-09-25 12:31:49.560000
mrz2xc7clkcwkvtt,failed,not_found,490,39CF2F22E5018C01FD57DEB1AB8FDFA4592633FB,E46C3F0533709EE2112874B13A4FE3868B33E75E,BD3FBEC1D67C48A2583DB378B92A59C5E9AB4DA2,60769652C04712912E6E21CED1F08DC797789A75,2020-09-25 12:31:49.561000,2020-09-25 12:32:05.125000
mrz2xc7clkcwkvtt,,,,,,,60685893A57D66562A0754BEE3B6A6E68082C8BE,2020-09-25 12:32:05.125000,
b6p2evapxo4dx7kw,failed,not_found,130,39CF2F22E5018C01FD57DEB1AB8FDFA4592633FB,45FD401243854294783CD83673613FF565D9A662,D965855F77A59FBBC5D1224DFB9C12A992355079,C41ADE229598201F913426E9C6B9647098AEE28D,2020-09-25 12:31:36.339000,2020-09-25 12:31:40.152000
b6p2evapxo4dx7kw,failed,not_found,208,39CF2F22E5018C01FD57DEB1AB8FDFA4592633FB,F9674F45A25CAA977E7B872807E0A070C121F5FA,88249F18737379DAC87185E5EC75626EB1F414EB,8839E8FBE28219B85392EEA5A4DBC41D315F4B83,2020-09-25 12:31:40.152000,2020-09-25 12:31:45.722000
b6p2evapxo4dx7kw,failed,not_found,332,39CF2F22E5018C01FD57DEB1AB8FDFA4592633FB,24D0491A2ADAAB52C17625FBC926D84477AEA322,BA856D21B1A22CAE677A712DA4C9F0852D799DF8,88529E9AE681FA9FD8DAAB6C26F135D672FE03A7,2020-09-25 12:31:45.723000,2020-09-25 12:31:54.998000
b6p2evapxo4dx7kw,failed,not_found,573,39CF2F22E5018C01FD57DEB1AB8FDFA4592633FB,8F22AFDD06AA4238ADD93A8EA6FBC2BB9C652711,B32B93C90DCAF0012328A8D55D621D26B186E11A,C3EFDAE459692CC22D7181FEF0F0A579156F43C1,2020-09-25 12:31:54.998000,2020-09-25 12:32:11.521000
b6p2evapxo4dx7kw,,,,,,,8841E775C3DE70E4414F0678DBD532C1F80FF62C,2020-09-25 12:32:11.521000,
cov5xkwc7oxoendz,failed,not_found,153,39CF2F22E5018C01FD57DEB1AB8FDFA4592633FB,93F4DAF4F0DE5E6867CE20A0F9C7C059834DACAE,061E0496931D23A81A2B685C9339D36857DD0FA1,FD127D1014ED3D36AFE50558A88BD5E8DB34A645,2020-09-25 12:31:37.264000,2020-09-25 12:31:41.497000
cov5xkwc7oxoendz,failed,not_found,230,39CF2F22E5018C01FD57DEB1AB8FDFA4592633FB,A4F11D693FAB6E949B2B7C18153C3F7989896007,5DB9AE27A44EB7B476CC04A66C67A71C97A001E6,FD00BDB335960AFDCA6CD565B81DEF2BA7F27E7D,2020-09-25 12:31:41.497000,2020-09-25 12:31:46.978000
cov5xkwc7oxoendz,failed,not_found,359,39CF2F22E5018C01FD57DEB1AB8FDFA4592633FB,ADE92B0150C933FFE00683E7492F1D930AFABB6D,003BFA1B6CC5CBEFD5D0082F8FC9AF2A8868A8FB,39BC283D9734073A13BE346ACD4091C0FA505CA4,2020-09-25 12:31:46.979000,2020-09-25 12:31:56.828000
cov5xkwc7oxoendz,failed,not_found,609,39CF2F22E5018C01FD57DEB1AB8FDFA4592633FB,C3636ECA4B40900056590AA7DBFC6ED09379852F,03910F285A33F365838EC66EF2C2EF754D046760,FCF61C25093BB33BAA203D8EE7E65466D42ECF98,2020-09-25 12:31:56.828000,2020-09-25 12:32:14.314000
cov5xkwc7oxoendz,,,,,,,39BD825F627DDF78E322EB4378C17615506AD3A1,2020-09-25 12:32:14.315000,
35xq5kp4ve4tddis,failed,not_found,154,39CF2F22E5018C01FD57DEB1AB8FDFA4592633FB,F9A3542D5863CD665B7FF758E73DAD40832D0064,2BAF092E8667C00CA3D9686C76D8EC3CC6BC7C5B,E56F07759E704C4F53334E161066F12FAF7F7C97,2020-09-25 12:31:37.273000,2020-09-25 12:31:41.698000
35xq5kp4ve4tddis,failed,not_found,313,39CF2F22E5018C01FD57DEB1AB8FDFA4592633FB,EE7CD2A763435C7006095BD167C790ABE5BC4DEA,6245DC873D6F613C795D48663D65BD8A2266CAF6,E54B0FA7D957593344B0C316C83ABC1CD2EE87EA,2020-09-25 12:31:41.698000,2020-09-25 12:31:52.940000
35xq5kp4ve4tddis,failed,not_found,531,39CF2F22E5018C01FD57DEB1AB8FDFA4592633FB,A9EDB4EBF9EF5F3A129A58AE28EF92DB4B5078A3,6940247E04C839D268543E7F62566A91E40567E3,CEE804FA03A87A65CAA6BCB3A250B5ED923C08BD,2020-09-25 12:31:52.940000,2020-09-25 12:32:07.656000
35xq5kp4ve4tddis,,,,,,,CEECFBB82FC484051E89719C49DC803F65AABC72,2020-09-25 12:32:07.657000,
mendl746i5shlwvj,failed,not_found,155,39CF2F22E5018C01FD57DEB1AB8FDFA4592633FB,4656F36592379C17C69F5295602FC0E7BD419F2C,8737307DE84C2621E6399E99123967A9590297F2,4A3B874F0187F2CF0DA3C8F76063B070F9F7A14F,2020-09-25 12:31:37.274000,2020-09-25 12:31:41.685000
mendl746i5shlwvj,failed,not_found,233,39CF2F22E5018C01FD57DEB1AB8FDFA4592633FB,CCAA620D5CAB34CE95FE3C863D9E6520C07451D8,5B1F0DAF378A1FAFCFD5FA9CDC66D1023DC0276E,4A3EA0E1E4381199A9D80D88AF7D334644DF082B,2020-09-25 12:31:41.686000,2020-09-25 12:31:47.162000
mendl746i5shlwvj,failed,not_found,362,39CF2F22E5018C01FD57DEB1AB8FDFA4592633FB,65F86FD8B92C3AC01887D86B2171E657D5C19F79,DA8D76F5F5819693B5C96F499BA19F7404014769,4A411DD8EBBD539AA0090A305856B9C838F7F2D6,2020-09-25 12:31:47.163000,2020-09-25 12:31:56.952000
mendl746i5shlwvj,failed,not_found,571,39CF2F22E5018C01FD57DEB1AB8FDFA4592633FB,ED0BBC5BDDEB3EEF837B7F13BD8BB6AC64D084BB,575F15A0A41B951BEE03E25B2A0A3FC3E8D7C7D1,88CF8D42D49B7C8E9D03ABE5DAE7AF25E9902008,2020-09-25 12:31:56.953000,2020-09-25 12:32:12.829000
mendl746i5shlwvj,,,,,,,88AE3BC088396F1D3FCC4F2F588C0DC837599D20,2020-09-25 12:32:12.830000,
zaxulf36cfffzrai,failed,not_found,138,39CF2F22E5018C01FD57DEB1AB8FDFA4592633FB,31FC0066DA78D1464A2542E8D9EBF6FD6F99AE1E,8FA37B93397015B2BC5A525C908485260BE9F422,0B25110BA3473A6DC04AB58A3A0D5E4D6922A0E0,2020-09-25 12:31:37.277000,2020-09-25 12:31:40.087000
zaxulf36cfffzrai,failed,not_found,229,39CF2F22E5018C01FD57DEB1AB8FDFA4592633FB,4B351545DD58473F36B0A20E5500AC6ED51E8CD5,9AFAFAF168741F001305BBD122B7A7DBA8665353,0B3C8C2B2B1A1CA4429B9649F533BEB4D7470AEA,2020-09-25 12:31:40.088000,2020-09-25 12:31:46.750000
zaxulf36cfffzrai,failed,not_found,355,39CF2F22E5018C01FD57DEB1AB8FDFA4592633FB,103336165A0D2EFCAD3605339843A0A7710B8B92,F37374DB9FA6EF14CED64FD294E8D8683F032EC8,0B343CDB8934729DC91B1CAD7BD2D05F705E90E0,2020-09-25 12:31:46.750000,2020-09-25 12:31:56.257000
zaxulf36cfffzrai,failed,not_found,593,39CF2F22E5018C01FD57DEB1AB8FDFA4592633FB,ADB98B27D7A3FB5732068FD23602A1BCB3BE9F38,4CA8D07878F86ED5B64B4B89030FF4616067210F,3ECBB7D8D5F93F4A1E1F9C3784B6B62DB8491633,2020-09-25 12:31:56.258000,2020-09-25 12:32:12.904000
zaxulf36cfffzrai,,,,,,,3EDD00245D93664A33A724BA377150E5531ED033,2020-09-25 12:32:12.905000,
ndsyq6yw4c3mdb4u,failed,not_found,169,39CF2F22E5018C01FD57DEB1AB8FDFA4592633FB,A59AD84F92B2E5A76EBFE3BE62D3B28AF9BFD127,2ACEC0EB4F92729B8CA22C868545866B9529431C,CD39C258265B25EAA4ABA4FDCB2DF98104CAA362,2020-09-25 12:31:38.276000,2020-09-25 12:31:42.271000
ndsyq6yw4c3mdb4u,failed,not_found,247,39CF2F22E5018C01FD57DEB1AB8FDFA4592633FB,9A51C5D79C30B9F3B527EC77EF901DDAB76C3AB5,FC1E441E097BA36930AA2F615EFB325AF76D2595,CD192E1521505F902AC31D17FA9D37D03275BC6A,2020-09-25 12:31:42.271000,2020-09-25 12:31:49.055000
ndsyq6yw4c3mdb4u,failed,not_found,406,39CF2F22E5018C01FD57DEB1AB8FDFA4592633FB,ECB71AE4B08EAB517B9E16D28689974342EEFABB,C3ACB0492A644E27A549BC3CDF3B7A129186E3BF,EEA500A216DAA83E7815F2C46786652935FD7351,2020-09-25 12:31:49.056000,2020-09-25 12:31:59.776000
ndsyq6yw4c3mdb4u,,,,,,,CD21B997AF3D30AD719C066C38C7FA8C8FE83C70,2020-09-25 12:31:59.776000,
xydsy5bxx2qsdnhj,failed,not_found,170,39CF2F22E5018C01FD57DEB1AB8FDFA4592633FB,BC123DB7F61E9DB31F23B37BF62A16DAA1010FC9,7FA3FA525901A91A1310B817943668BC2C16289E,562434D987CF49D45649B76ADCA993BEA8F78471,2020-09-25 12:31:38.277000,2020-09-25 12:31:42.631000
xydsy5bxx2qsdnhj,failed,not_found,236,39CF2F22E5018C01FD57DEB1AB8FDFA4592633FB,003BFA1B6CC5CBEFD5D0082F8FC9AF2A8868A8FB,44BD70C13DAA7513D6F47773804178B009F21ED5,FF154E0265ADC24FDB1D8BBA34455E324C9FE407,2020-09-25 12:31:42.632000,2020-09-25 12:31:47.570000
xydsy5bxx2qsdnhj,failed,not_found,420,39CF2F22E5018C01FD57DEB1AB8FDFA4592633FB,FD449127D30D8F5D124653D9EF736EDF4A12B4DC,1F78D47D20BA3ACF9DCE50F4533A5CEA232CF398,FF1E4DFC8C713B2092E76401C472FDCC03B7F809,2020-09-25 12:31:47.570000,2020-09-25 12:32:00.114000
xydsy5bxx2qsdnhj,,,,,,,5628495D9939A8C139DD441402DE42F7012B7092,2020-09-25 12:32:00.115000,
azt5kui25tijdhnt,failed,not_found,171,39CF2F22E5018C01FD57DEB1AB8FDFA4592633FB,D4C381686A379E3CC3C09F95E1F6E4BFF27C489C,00342C0E155D4542E55391788B2D779F14578DEB,A1DEB529DE86E7CABC3212778374933D68FB7F2F,2020-09-25 12:31:38.278000,2020-09-25 12:31:42.576000
azt5kui25tijdhnt,failed,not_found,317,39CF2F22E5018C01FD57DEB1AB8FDFA4592633FB,1AAC19D892F84910AB94C45092241ABA3CFC4C89,A0B05E1D852D874EFAF3603C83246E00AD65AF20,8111FEB45EF2950EB8F84BFD8FF070AB07AEE9DD,2020-09-25 12:31:42.576000,2020-09-25 12:31:52.900000
azt5kui25tijdhnt,failed,not_found,526,39CF2F22E5018C01FD57DEB1AB8FDFA4592633FB,844AE9CAD04325E955E2BE1521563B79FE7094B7,82DA9678A0BAE60087AA68A3E1D6E6A2C4246D6D,8118F4C0E60C84A453ACCD1641F3A7328CBE6280,2020-09-25 12:31:52.901000,2020-09-25 12:32:07.423000
azt5kui25tijdhnt,,,,,,,A1FC8E424167AD70B6FA4953D9348BCD82CEB788,2020-09-25 12:32:07.424000,
gbbrbsk6te4sreej,failed,not_found,147,39CF2F22E5018C01FD57DEB1AB8FDFA4592633FB,A06B527FE05AF6EA0CDF52A43CD4D8C2F0F4862D,72A33E374DE5AD1E617394896F0FD8B092D3E7C4,A6AA94B4007A0E2919B2DA8ECF2CFA3CA1761A13,2020-09-25 12:31:38.282000,2020-09-25 12:31:40.979000
gbbrbsk6te4sreej,failed,not_found,218,39CF2F22E5018C01FD57DEB1AB8FDFA4592633FB,0B555940D37DC849728841C0B290074E1A1BDCA8,F740DDDB1A6B536B5CC47111BFE4E2F7CF9B4C28,F3889E2C68A673848CA9094F6F4A3653D7692109,2020-09-25 12:31:40.980000,2020-09-25 12:31:46.176000
gbbrbsk6te4sreej,failed,not_found,343,39CF2F22E5018C01FD57DEB1AB8FDFA4592633FB,2D6C93A2336368D9A5778416FD4DDDD97FF37D40,1C0736CF3744A3B87C2D2269B8BD3388C7E60552,A69CEB30328B1E85C6B167FECAF2F509CBD9517F,2020-09-25 12:31:46.177000,2020-09-25 12:31:55.284000
gbbrbsk6te4sreej,failed,not_found,578,39CF2F22E5018C01FD57DEB1AB8FDFA4592633FB,B517198B86B3859C307857C59F6660A281FC8B47,79509683AB4C8DDAF90A120C69A4179C6CD5A387,F35D115BDD5987D301BE0FD27DAB05F5F4B2ABAE,2020-09-25 12:31:55.285000,2020-09-25 12:32:11.225000
gbbrbsk6te4sreej,,,,,,,F37374DB9FA6EF14CED64FD294E8D8683F032EC8,2020-09-25 12:32:11.226000,
gjvjwbwfrsz7ginf,failed,not_found,210,39CF2F22E5018C01FD57DEB1AB8FDFA4592633FB,964B4E8A75263A69769541F2764563DABDD995D2,005079A42356183CEA5A3ADD239303F44F12E7EA,2FD03FFE27AF20DD6B1CBE5ABEFEF7B06693D557,2020-09-25 12:31:39.258000,2020-09-25 12:31:46.206000
gjvjwbwfrsz7ginf,failed,not_found,344,39CF2F22E5018C01FD57DEB1AB8FDFA4592633FB,340B09ACCF45A98711ABB067820E25A2F21452C6,303509AB910EF207B7438C27435C4A2FD579F1B1,0C6842CCF836DE08EFEA0BD6C1471AE3463B9B71,2020-09-25 12:31:46.207000,2020-09-25 12:31:55.492000
gjvjwbwfrsz7ginf,failed,not_found,588,39CF2F22E5018C01FD57DEB1AB8FDFA4592633FB,890480E14E634C8B4467C475E355A6FBF3D99CD5,F6691E3EB7CAB3C876AAA885E6801B63DC998C39,2FC9C98197456811E1B81C88848C722AF250582C,2020-09-25 12:31:55.493000,2020-09-25 12:32:13.396000
gjvjwbwfrsz7ginf,,,,,,,0C6D3655763B1A3A60FC42135CD60765AFE953BA,2020-09-25 12:32:13.397000,
ghmygbic2phg5mgs,failed,not_found,181,39CF2F22E5018C01FD57DEB1AB8FDFA4592633FB,0289A02185EE16A12E8701563F72EAD3EE225B93,22BCD0DFD148209C9860C7F89907AB4DEE974A08,9A5754CD0C987355EB3D8AD4BEF4A2A841740520,2020-09-25 12:31:39.268000,2020-09-25 12:31:43.552000
ghmygbic2phg5mgs,failed,not_found,273,39CF2F22E5018C01FD57DEB1AB8FDFA4592633FB,B85E6AB2B5F115536B2DA847A3FB99B8A985D437,5856DB884578915E7C7A0B7B11E4145B1D2A4E2B,9A75CC005CA0D92FFD3F96003B2524C20B053E28,2020-09-25 12:31:43.553000,2020-09-25 12:31:50.375000
ghmygbic2phg5mgs,failed,not_found,458,39CF2F22E5018C01FD57DEB1AB8FDFA4592633FB,BEA635C89C057DB8E879572C6A2C188239CFAD68,40CDE936B04B4573A47223396006443CA5EAC845,9A51C5D79C30B9F3B527EC77EF901DDAB76C3AB5,2020-09-25 12:31:50.375000,2020-09-25 12:32:02.601000
ghmygbic2phg5mgs,,,,,,,6B61EFE3AEDEB3351FD3C910443D95556316E01C,2020-09-25 12:32:02.602000,
42ytg5vtltjxnrlx,failed,not_found,183,39CF2F22E5018C01FD57DEB1AB8FDFA4592633FB,0512FE6BE9CCA0ED133152E64010B2FBA141EB10,BDDF8187EA4419951CFD0A54088B634564F63AF3,9EEAA02E338CDF5919F983F3245AA95A790B9B6C,2020-09-25 12:31:39.269000,2020-09-25 12:31:43.503000
42ytg5vtltjxnrlx,failed,not_found,251,39CF2F22E5018C01FD57DEB1AB8FDFA4592633FB,3BAACE149DB31574B327BF835B594B707D12CD58,6D0504091A6F9C1481C62CEABEEA378338AEE625,9ECEC047BA0596C51EDD098616C8A86697A12824,2020-09-25 12:31:43.504000,2020-09-25 12:31:48.956000
42ytg5vtltjxnrlx,failed,not_found,404,39CF2F22E5018C01FD57DEB1AB8FDFA4592633FB,CE863C22AD5ABBEAF606AE35A22781C409D895E5,20571FE948D23E8B62CEDE1B33298F1BF324EE17,91E4015E1F82DAF0121D62267E54A1F661AB6DC7,2020-09-25 12:31:48.957000,2020-09-25 12:31:59.951000
42ytg5vtltjxnrlx,failed,not_found,688,39CF2F22E5018C01FD57DEB1AB8FDFA4592633FB,B04EA2B400D9679E72284E12FB81E68756670A3A,47A83EC4D144FB8094A57DC5AEB39E9F6F174036,92429BB4B6FE1B166AE0347D03B3DC3ACF578BCC,2020-09-25 12:31:59.952000,2020-09-25 12:32:23.011000
42ytg5vtltjxnrlx,,,,,,,9ECFD67230D09E5E8F3431BDC4FD8E52428AFC09,2020-09-25 12:32:23.011000,
6cle55jue73hzivh,failed,not_found,184,39CF2F22E5018C01FD57DEB1AB8FDFA4592633FB,20974D28EB668E689D4256046E0E32034375A0A2,31419A64188BC8070EE89F3CEE6AA98EAAC7E8E8,9DA672F46D0AD9BA59B2FA56A8F343D38C78BF4C,2020-09-25 12:31:39.272000,2020-09-25 12:31:43.642000
6cle55jue73hzivh,failed,not_found,308,39CF2F22E5018C01FD57DEB1AB8FDFA4592633FB,BEBA52AC89045D6EAD68E977DF3F98BCF8330AAF,E5CC91BAFE7CCD68003E873D32E38027638D49D7,76543749510CD00CB16E1DD4940CAA8FAC727F58,2020-09-25 12:31:43.643000,2020-09-25 12:31:52.352000
6cle55jue73hzivh,failed,not_found,514,39CF2F22E5018C01FD57DEB1AB8FDFA4592633FB,B32B93C90DCAF0012328A8D55D621D26B186E11A,55804F9D37F7B27BD0426B3CB06C64B4D0F95546,9DA5284A51021A711ECAA677C81E5408222B9F2A,2020-09-25 12:31:52.353000,2020-09-25 12:32:06.793000
6cle55jue73hzivh,,,,,,,9DA7A978928C48B4DD50E397FE2F3C4110EA3576,2020-09-25 12:32:06.793000,
syzi2wufg6sprwik,failed,not_found,211,39CF2F22E5018C01FD57DEB1AB8FDFA4592633FB,16FD7E5D67B7054EE4E7FDDF04AFB48216CA640A,A99B0D9E5FD5BC3C8F2D006EC91F8C7F40E09CB8,320D73AF6CC78987E710789847BFB8D61C31BD4B,2020-09-25 12:31:40.284000,2020-09-25 12:31:45.917000
syzi2wufg6sprwik,failed,not_found,341,39CF2F22E5018C01FD57DEB1AB8FDFA4592633FB,39157328C19734ACD46BC6CD247F5E673D9EE9C8,1E03D81C9744DE0E3C9DE6E6FBDF1DF9DAEA5AFC,31F373571AA6ECB4D73266E114D58B0AF7227369,2020-09-25 12:31:45.917000,2020-09-25 12:31:55.132000
syzi2wufg6sprwik,failed,not_found,576,39CF2F22E5018C01FD57DEB1AB8FDFA4592633FB,2CE96A8A1DA032664C90F574AFFBECE18A6E8DFC,3098CC656BB3F519FEBF93AF6E0CBBDE4D84002A,A44062AE3484310CE728BBD7769E9CD44C09FBB0,2020-09-25 12:31:55.132000,2020-09-25 12:32:11.149000
syzi2wufg6sprwik,,,,,,,A466DC1C546053060940AB279F1EA967167ECACB,2020-09-25 12:32:11.150000,
wdlszic6awhezud5,failed,not_found,212,39CF2F22E5018C01FD57DEB1AB8FDFA4592633FB,37DDF1906EE3DB96130A717EA54667C64DAC78DF,05FEA2DB1FD29DE229B589DFEF5E80A5C6C7EE9E,47E49319DD67784F1E65B5793371BE467365979E,2020-09-25 12:31:40.295000,2020-09-25 12:31:45.707000
wdlszic6awhezud5,failed,not_found,331,39CF2F22E5018C01FD57DEB1AB8FDFA4592633FB,C5F214F7F9CCBF09324C9AA032760150243A196C,E81993EA52B73285CFFD02FEC003569D21483001,47F9D1E0155089917FFA734EF759089326C3761A,2020-09-25 12:31:45.708000,2020-09-25 12:31:54.815000
wdlszic6awhezud5,failed,not_found,570,39CF2F22E5018C01FD57DEB1AB8FDFA4592633FB,393046812C24A855F669A80F8D8C38789D41EAC8,92BBADCB0697F5EB1792C607EE2DC1C291A98ADC,4B170476D09459328438F3E68ED19516C9F75A80,2020-09-25 12:31:54.816000,2020-09-25 12:32:10.768000
wdlszic6awhezud5,,,,,,,47E1157F7DA6DF80EC00D745D73ACD7B0A380BCF,2020-09-25 12:32:10.768000,
pql547juyllpqakm,failed,not_found,213,39CF2F22E5018C01FD57DEB1AB8FDFA4592633FB,F0AE51D182DA3B1FB452666EE3E5EA906C431CBF,B15C0071EAF508AAEE29DB9D07607C84AA2DDEB3,5EBA4A9F483E07FD717BA81DD6F7344AF82F7D5D,2020-09-25 12:31:40.332000,2020-09-25 12:31:45.743000
pql547juyllpqakm,failed,not_found,333,39CF2F22E5018C01FD57DEB1AB8FDFA4592633FB,36EBA005CE1BBD9B164600A4666D9EA37082D838,A066E7983758C7CC0097E16ACF4F7B71BAFA44E9,48D934E776B739D38F9EAFDCFD85203C6A68A67B,2020-09-25 12:31:45.744000,2020-09-25 12:31:54.411000
pql547juyllpqakm,failed,not_found,556,39CF2F22E5018C01FD57DEB1AB8FDFA4592633FB,BBD1B1A22695396C75DFF338A8FF7A12804A607A,DEF8C760A79FEF2358E03AE5A1950086ABEB953E,5EDD6628D5E13ED020A1EA03C1944DD6769B4974,2020-09-25 12:31:54.411000,2020-09-25 12:32:09.723000
pql547juyllpqakm,,,,,,,48BE372CA2104D2422D49CD321060E7F697B52D9,2020-09-25 12:32:09.724000,
p44ywc34lz6gpbnp,failed,not_found,190,39CF2F22E5018C01FD57DEB1AB8FDFA4592633FB,F24F8BEA2779A79111F33F6832B062BED306B9CB,54DE63F4587058B79152A75A0238D7F7A0279215,B90309F6F9F9F4635526040946CDAEC7DBF3A231,2020-09-25 12:31:40.333000,2020-09-25 12:31:44.763000
p44ywc34lz6gpbnp,failed,not_found,302,39CF2F22E5018C01FD57DEB1AB8FDFA4592633FB,97151BC6EB9D63C26A672D955EB6D66E3CCB9B9C,C79820F2B3485B259D408516462B700E99004872,B8F7B162963287D2199D075BBAB2C4FB941BB390,2020-09-25 12:31:44.764000,2020-09-25 12:31:52.006000
p44ywc34lz6gpbnp,failed,not_found,504,39CF2F22E5018C01FD57DEB1AB8FDFA4592633FB,EC0ABA811E4EB33DAD8BC8B7037D862BF4F3AA28,D1640589B1C0CC8BC657E07F9F739C267C08A768,615ABEA2DE76EB3760BC51E7306BAA59F15CD8F2,2020-09-25 12:31:52.006000,2020-09-25 12:32:07.244000
p44ywc34lz6gpbnp,,,,,,,B8F6E68B36BEE2BF548750BDCCC3C2A7DB56A623,2020-09-25 12:32:07.244000,
wocztj3fyatztysp,failed,not_found,221,39CF2F22E5018C01FD57DEB1AB8FDFA4592633FB,7D2C0FB145DFDE5D56FCC588879119A8CF50FAA1,7355A4A20BA4C083C921464302108C121BAC7EF2,85300B26A8ED4D145BD2DF5AC19978F803ED0380,2020-09-25 12:31:41.258000,2020-09-25 12:31:47.299000
wocztj3fyatztysp,failed,not_found,367,39CF2F22E5018C01FD57DEB1AB8FDFA4592633FB,890480E14E634C8B4467C475E355A6FBF3D99CD5,8111FEB45EF2950EB8F84BFD8FF070AB07AEE9DD,24AF1603CDF4D118E1F7AEBF680C18BDA5E8F793,2020-09-25 12:31:47.300000,2020-09-25 12:31:56.978000
wocztj3fyatztysp,failed,not_found,673,39CF2F22E5018C01FD57DEB1AB8FDFA4592633FB,E3D61BAEA0B7CB12CACEDC8821C520557BDFCEA3,B74DABBE248B935CDC1038CD5C9280878C8C94E7,85041E7C5DF043B03F2C19421998F1751C002E49,2020-09-25 12:31:56.978000,2020-09-25 12:32:21.291000
wocztj3fyatztysp,,,,,,,24B1DF80768332990BA8F1230BA41D95D82D52BD,2020-09-25 12:32:21.291000,
anni4j7aejq6bifc,failed,not_found,238,39CF2F22E5018C01FD57DEB1AB8FDFA4592633FB,61991104B5D0F460BFA5E1C0E5E8769B11C0F8A4,F38FB55A8CCA6A00CDD024A5EA2CFECB38A48E15,39F91959416763AFD34DBEEC05474411B964B2DC,2020-09-25 12:31:41.283000,2020-09-25 12:31:47.787000
anni4j7aejq6bifc,failed,not_found,363,39CF2F22E5018C01FD57DEB1AB8FDFA4592633FB,5CCC3569C67B7F1BB733664D43DF4645F2A4B04D,5DB9AE27A44EB7B476CC04A66C67A71C97A001E6,39F096961ED2576975C866D450373A9913AFDC92,2020-09-25 12:31:47.788000,2020-09-25 12:31:56.775000
anni4j7aejq6bifc,failed,not_found,607,39CF2F22E5018C01FD57DEB1AB8FDFA4592633FB,AF42BD51EEBA9329E110AA8D206FED316E1DA671,DEA84F08432800346BADB35F1EAC1B2A4D5B165D,7D3307C578AD1B1D818D74E38635BDACB390A845,2020-09-25 12:31:56.776000,2020-09-25 12:32:14.458000
anni4j7aejq6bifc,,,,,,,3A144BCB2681ABA103B83D553BEFC3EB99A11801,2020-09-25 12:32:14.459000,
4udtjxmdfhhrezd7,failed,not_found,225,39CF2F22E5018C01FD57DEB1AB8FDFA4592633FB,5DB9AE27A44EB7B476CC04A66C67A71C97A001E6,C333C56EAAD404ACDDE2FB3A675C5F5DA46A81E2,C10649F04B9ACCCA6A6B46258A99D48D67DF6A64,2020-09-25 12:31:41.293000,2020-09-25 12:31:47.342000
4udtjxmdfhhrezd7,failed,not_found,369,39CF2F22E5018C01FD57DEB1AB8FDFA4592633FB,1CD48F4ED0F1821FFBF1940802A13EEFD4C27502,929BF37C657D4F69C76324E5FEA760A62483813B,98F0DC374AB8156BD12A03E25DEBCCD5DB85A1C4,2020-09-25 12:31:47.343000,2020-09-25 12:31:57.077000
4udtjxmdfhhrezd7,failed,not_found,623,39CF2F22E5018C01FD57DEB1AB8FDFA4592633FB,FEDE31337E4E19E06B97D282F08B0A0E8B9C5526,BF0FB582E37F738CD33C3651125F2772705BB8E8,C12B69DD87847DE8765B1C4335EFB4066FBFD880,2020-09-25 12:31:57.078000,2020-09-25 12:32:16.166000
4udtjxmdfhhrezd7,,,,,,,C130DD914A8D0E484E68DCC681B434A0BA044D9D,2020-09-25 12:32:16.167000,
5cecnpdhzsszv7wo,failed,not_found,334,39CF2F22E5018C01FD57DEB1AB8FDFA4592633FB,890480E14E634C8B4467C475E355A6FBF3D99CD5,CD39C258265B25EAA4ABA4FDCB2DF98104CAA362,578E007E5E4535FBFEF7758D8587B07B4C8C5D06,2020-09-25 12:31:41.302000,2020-09-25 12:31:54.764000
5cecnpdhzsszv7wo,failed,not_found,568,39CF2F22E5018C01FD57DEB1AB8FDFA4592633FB,B6D4916A98D99027DA25D42D70D686F0B3663F35,723E21FD6F91905E84E583D4619A2D1E282B8180,F31C03A766FAA33B62B12105D822FFE69A3BB0E5,2020-09-25 12:31:54.764000,2020-09-25 12:32:11.986000
5cecnpdhzsszv7wo,,,,,,,5790B62AD6C79A1092B30993A8F0F7F23A969FD6,2020-09-25 12:32:11.987000,
h5uawpd6fq77vxiy,failed,not_found,275,39CF2F22E5018C01FD57DEB1AB8FDFA4592633FB,8646226690C1D4F2DDC3021F89909A26A8C32A27,43AB342D2356753CB06BEB28ACF1A0F61FBDF7ED,A60697FF383EEEE2E88505DD4E305C07BF326B11,2020-09-25 12:31:42.255000,2020-09-25 12:31:50.402000
h5uawpd6fq77vxiy,failed,not_found,462,39CF2F22E5018C01FD57DEB1AB8FDFA4592633FB,B0335F7872A698A86E5E9AC3CF323B50AEF9C081,AB687988F260DE9EDC3B36C66287DE2660ED1CE0,A5EB3D3967327169EE882910D712FD9EB666499E,2020-09-25 12:31:50.403000,2020-09-25 12:32:02.944000
h5uawpd6fq77vxiy,,,,,,,C7E332093AD8D8CBBED8AA6136BDDBC337A87BF4,2020-09-25 12:32:02.945000,
z3vw4toxnxolpiwx,failed,not_found,246,39CF2F22E5018C01FD57DEB1AB8FDFA4592633FB,32C1100B5EF19A5BFBB431E8D42781C2D09D31C3,F4A4D78F16E9A0353AD5BBEF4632C7022E20FB20,A4F11D693FAB6E949B2B7C18153C3F7989896007,2020-09-25 12:31:42.263000,2020-09-25 12:31:48.148000
z3vw4toxnxolpiwx,failed,not_found,478,39CF2F22E5018C01FD57DEB1AB8FDFA4592633FB,E4A23FEACFA0D7064C6694BE91BF94805E3CE487,AD0FCFD83EA4899DB34735E599701592DEA13690,53CBD4285918F168B92D05CAA9BC0CF499DF72C7,2020-09-25 12:31:48.148000,2020-09-25 12:32:03.165000
z3vw4toxnxolpiwx,,,,,,,A50CFA07258E3CEA7B06FC9B6248A257565287F5,2020-09-25 12:32:03.166000,
kjzgsd4i3mklkftx,failed,not_found,248,39CF2F22E5018C01FD57DEB1AB8FDFA4592633FB,6E4B0D429CD87AB6C25D72E298294C583FF8BA4A,5E184FEA02B7C54172BBC757636F501047CF9691,B3D56C1E0AD84BA93AF6DC533A8569C3D0E8A58B,2020-09-25 12:31:42.284000,2020-09-25 12:31:48.682000
kjzgsd4i3mklkftx,failed,not_found,399,39CF2F22E5018C01FD57DEB1AB8FDFA4592633FB,A6AA94B4007A0E2919B2DA8ECF2CFA3CA1761A13,A99B0D9E5FD5BC3C8F2D006EC91F8C7F40E09CB8,B3DA9D673321B92253DCCD38A9740F2C562C91EA,2020-09-25 12:31:48.683000,2020-09-25 12:31:59.447000
kjzgsd4i3mklkftx,failed,not_found,661,39CF2F22E5018C01FD57DEB1AB8FDFA4592633FB,DA8D76F5F5819693B5C96F499BA19F7404014769,2AE2CA4BD2B7754F29432C25E03314D52AC4CAF1,CACD9D63B759B35555D8C965A3E01071E9DFB44C,2020-09-25 12:31:59.447000,2020-09-25 12:32:19.330000
kjzgsd4i3mklkftx,,,,,,,CAF57EB30FD17389954C9F2B43026734F80E39C0,2020-09-25 12:32:19.330000,
gp6vp2kbmczqbltr,failed,not_found,249,39CF2F22E5018C01FD57DEB1AB8FDFA4592633FB,4AEC612F43A0402A55F8F196F3593CA04B0003E8,8BE79CE3261C027CE94F84D6CBE45F03BE9B8B59,6CB7D0F355B60EF166439E96876BCDEBF8FD8E0F,2020-09-25 12:31:42.284000,2020-09-25 12:31:48.290000
gp6vp2kbmczqbltr,failed,not_found,479,39CF2F22E5018C01FD57DEB1AB8FDFA4592633FB,14E72D4DA10B66353E583F26EE04AC0D563EA7EF,0ED0EA324C931CF41CB5272BFB1D015B3D5772A9,6CBACBF2C525B09A55464D836432812A30FEF414,2020-09-25 12:31:48.291000,2020-09-25 12:32:04.114000
gp6vp2kbmczqbltr,,,,,,,503431F94FF8FB69F10AD59DE31F3B2C3449D990,2020-09-25 12:32:04.115000,
g76vkzq6wfg4yfym,failed,not_found,267,39CF2F22E5018C01FD57DEB1AB8FDFA4592633FB,9B047A91AC809AA020A1F42E3E785DBCEBF3652F,44BD70C13DAA7513D6F47773804178B009F21ED5,8C4ECFC848AF887DA98641FD649087D865161195,2020-09-25 12:31:43.267000,2020-09-25 12:31:49.735000
g76vkzq6wfg4yfym,failed,not_found,491,39CF2F22E5018C01FD57DEB1AB8FDFA4592633FB,F6740DEABFD5F62612FA025A5079EA72846B1F67,A99B0D9E5FD5BC3C8F2D006EC91F8C7F40E09CB8,8C4D95BCE64C6D9DA75F728EA20DC2D8B41F53FA,2020-09-25 12:31:49.736000,2020-09-25 12:32:05.982000
g76vkzq6wfg4yfym,,,,,,,43016344D7E4CB2E73F289D57EFF9D64ACAA827B,2020-09-25 12:32:05.982000,
3xdjry45dmbu2qwt,failed,not_found,269,39CF2F22E5018C01FD57DEB1AB8FDFA4592633FB,18CA9EA099BB9861E354D2A6FF49337A7E81C2F3,1C7215BC0123DDA23BDED0F9D2849D3AD80183CB,7CBC1D4754EF3A62C15CB48C08029C99009E2ECF,2020-09-25 12:31:43.268000,2020-09-25 12:31:49.771000
3xdjry45dmbu2qwt,failed,not_found,492,39CF2F22E5018C01FD57DEB1AB8FDFA4592633FB,3782F48481045AA7247913637EACE9E7225CF14D,270934A4F7B669AA387F2D475FBE793D03694547,7CD234DFEFE8F215EC9AE2BC1D2CAFC9E0D1CC00,2020-09-25 12:31:49.771000,2020-09-25 12:32:04.922000
3xdjry45dmbu2qwt,,,,,,,7C7FFB1C48B7E0C5C9B3D11FEC2F8500F464786A,2020-09-25 12:32:04.922000,
ily4oudptbjrmpca,failed,not_found,360,39CF2F22E5018C01FD57DEB1AB8FDFA4592633FB,B0B26AEDB0D1E21EA8E06530CAAD953B464286FB,3970FA79EC2752446D668ECD575354101C5E29AA,FC33CA0B739EB8290180C7D22A536726B8EE90E4,2020-09-25 12:31:43.278000,2020-09-25 12:31:56.953000
ily4oudptbjrmpca,failed,not_found,617,39CF2F22E5018C01FD57DEB1AB8FDFA4592633FB,930106E732385FD01810AB243E7022C42639BC06,1B02964F5C1DBFE957AE244525A213C115A9F23D,FC5B4F90D1A9BB6B5885CA6B4F4EC47D1783952D,2020-09-25 12:31:56.953000,2020-09-25 12:32:15.337000
ily4oudptbjrmpca,,,,,,,FC4D03403ECD90463198B9F2F81E0B37ED7AFE1D,2020-09-25 12:32:15.338000,
cnrbqmeurpycddle,failed,not_found,215,39CF2F22E5018C01FD57DEB1AB8FDFA4592633FB,EAD55050858426172B16017918BB21349ACEA913,5EEE4C799C55FC8BBDB8EB5E65A48C60C8F15640,A2CBEC70217814A9DFB21069F8510BE418ABB094,2020-09-25 12:31:43.279000,2020-09-25 12:31:52.032000
cnrbqmeurpycddle,failed,not_found,418,39CF2F22E5018C01FD57DEB1AB8FDFA4592633FB,1804C06A266F0DA26DF58CD559E01C2F7C3FC42A,8A136F5D0DACBBB6D8537DA4A806C44EF7E9037B,D5C01B85FB3A48D55698CA660A2DE8935388816E,2020-09-25 12:31:52.033000,2020-09-25 12:32:06.524000
cnrbqmeurpycddle,,,,,,,D598E2865164AF6D9958FC9A37D825C283A80C3B,2020-09-25 12:32:06.525000,
ucejkl2uc7paaxrj,failed,not_found,379,39CF2F22E5018C01FD57DEB1AB8FDFA4592633FB,C0F3C0EF81D84182379AA4CA5AD5A5289D011145,A2C6C931D8627C6605288970889DDB88C7BA2142,6DFB4AC8B5E7B1AD0B3F5F465F774A421C66CBBA,2020-09-25 12:31:44.327000,2020-09-25 12:31:57.770000
ucejkl2uc7paaxrj,,,,,,,A838296B9F01A9E2487BC3A25D5E5F2FB8A979FA,2020-09-25 12:31:57.771000,
qq6al3xna3febnvf,failed,not_found,292,39CF2F22E5018C01FD57DEB1AB8FDFA4592633FB,0A7208B8903DD3FF5CDFA218A3823AF498CE69CE,8841E775C3DE70E4414F0678DBD532C1F80FF62C,B340E3BA587E36462D8DE44DAE0F7CAB6748F064,2020-09-25 12:31:44.366000,2020-09-25 12:31:51.552000
qq6al3xna3febnvf,failed,not_found,497,39CF2F22E5018C01FD57DEB1AB8FDFA4592633FB,891FB8477529A6B2894B7A3129402E0FD5DD281F,1CD48F4ED0F1821FFBF1940802A13EEFD4C27502,B33BFA9AA0005730C1C0E8F7E6F53CF3C5716BD6,2020-09-25 12:31:51.552000,2020-09-25 12:32:05.864000
qq6al3xna3febnvf,,,,,,,96CFE178A1D12489D9D59A0CAE17FE86F5A3A79F,2020-09-25 12:32:05.864000,
jhhb3bpsoionlo3g,failed,not_found,361,39CF2F22E5018C01FD57DEB1AB8FDFA4592633FB,CF6A6080091BB210AA3892FEFE2F6A396DA08DF3,3E04505D362AA324E6E4E1C8516CCD9EF4D41B9C,FEA045FF57EE6A7E318DAF72AF916B5F8B0F4997,2020-09-25 12:31:44.367000,2020-09-25 12:31:56.873000
jhhb3bpsoionlo3g,failed,not_found,611,39CF2F22E5018C01FD57DEB1AB8FDFA4592633FB,356B94BAD3096790E409790898144A4030AC225C,3B4C5729F829CA2E895B81AF834A63DB336D0FFE,0E92BF02B3C11B0DD18301A0DE1B164A0546E36F,2020-09-25 12:31:56.874000,2020-09-25 12:32:15.600000
jhhb3bpsoionlo3g,,,,,,,0EAD0000E01B073AE88B1B4A0E63A6B9407BA255,2020-09-25 12:32:15.600000,
pbpaih3igxcd5htl,failed,not_found,411,39CF2F22E5018C01FD57DEB1AB8FDFA4592633FB,62A60158A2C302E3DA792D7A4F5339F41321E5D9,461D6EA15966C7F99B43D37ADC116B5B8E47D130,41DC047802522B360256954C8EA4B16F53F2DCD4,2020-09-25 12:31:44.386000,2020-09-25 12:32:00.024000
pbpaih3igxcd5htl,failed,not_found,694,39CF2F22E5018C01FD57DEB1AB8FDFA4592633FB,DC9E3C6576CC9A04AAE1C465210A972A722571A0,A1B28D636A56AAFFE92ADCCA937AA4BD5333BB4C,7E77CC94D94C08609D70B517FF938CC61C9F8232,2020-09-25 12:32:00.024000,2020-09-25 12:32:23.010000
pbpaih3igxcd5htl,,,,,,,41E041EC676622FFEE59F56BC75B99CD0D47F653,2020-09-25 12:32:23.010000,
lu64qakot67mowzb,failed,not_found,323,39CF2F22E5018C01FD57DEB1AB8FDFA4592633FB,8DC832ABDC9C97B8B71F74AB041D3CB3FA9578AA,D65DB84BF1EB4DD225B9A1CD9CEFD87B595A30F5,54FF87E18CF4B351BB078A640A4DC5265969485E,2020-09-25 12:31:45.433000,2020-09-25 12:31:53.815000
lu64qakot67mowzb,failed,not_found,677,39CF2F22E5018C01FD57DEB1AB8FDFA4592633FB,3F065BB0B02FB2303E144383D16C47A7DED75AE7,622842AE5ECFF0809B4C986D52CA75C349ED11E8,54DE63F4587058B79152A75A0238D7F7A0279215,2020-09-25 12:31:53.815000,2020-09-25 12:32:22.576000
lu64qakot67mowzb,,,,,,,54F5D800DD9783FCF2200E80EF3D1A867A3F6D6B,2020-09-25 12:32:22.576000,
w4d766yjbd66hun6,failed,not_found,450,39CF2F22E5018C01FD57DEB1AB8FDFA4592633FB,C5B0D29AEA0A0568274AD67BA8E3C5D0864215DC,E46C3F0533709EE2112874B13A4FE3868B33E75E,75258E755064AA2412BC6BAB885756A3201F8C73,2020-09-25 12:31:45.471000,2020-09-25 12:32:02.943000
w4d766yjbd66hun6,,,,,,,74C0C2705DB1192C03F19F7CD1BB234843B1A81F,2020-09-25 12:32:02.944000,
2ug46sbslur6goug,failed,not_found,329,39CF2F22E5018C01FD57DEB1AB8FDFA4592633FB,2CE96A8A1DA032664C90F574AFFBECE18A6E8DFC,41E041EC676622FFEE59F56BC75B99CD0D47F653,E03E581AA42A211F69DC63608B1980F10AE52C26,2020-09-25 12:31:45.472000,2020-09-25 12:31:54.070000
2ug46sbslur6goug,failed,not_found,502,39CF2F22E5018C01FD57DEB1AB8FDFA4592633FB,CEC92F3BE8A2F3A46D3C042721D6BDBF2F40F4C5,B86137AE9681701901C6720E55C16805B46BD8E3,E05546C3458B68C2B1ADC7273AE0539E6325B910,2020-09-25 12:31:54.071000,2020-09-25 12:32:06.873000
2ug46sbslur6goug,,,,,,,82E988DADF83051ECE69D64AFC47662788D8AA1F,2020-09-25 12:32:06.873000,
rwlygskpl56wsn5c,failed,not_found,312,39CF2F22E5018C01FD57DEB1AB8FDFA4592633FB,A4E120350425BAD920307FFA74440F95D0172302,51C367582993D68F8215610B85A99902C945324B,B6E33C39C1C94E582CBB8C24CCE351F2129807C6,2020-09-25 12:31:45.473000,2020-09-25 12:31:52.586000
rwlygskpl56wsn5c,failed,not_found,518,39CF2F22E5018C01FD57DEB1AB8FDFA4592633FB,EFF7FB34C593A9D347DDC7A53F20DAC9FB8E9AD3,3FE39429CB7077BBB13D2774591A1B80EE493742,01AE2DE314276C82FCCC3603A1C2F3238E6544C9,2020-09-25 12:31:52.587000,2020-09-25 12:32:07.517000
rwlygskpl56wsn5c,,,,,,,01B70C7C497FC8667DB5EB82C40D8F9214D6A484,2020-09-25 12:32:07.518000,
7vo2wjzxni6shyme,failed,not_found,374,39CF2F22E5018C01FD57DEB1AB8FDFA4592633FB,5AE12CAAA489A0739F56E79CC287526FAB55A6FB,0ED0EA324C931CF41CB5272BFB1D015B3D5772A9,DD112ED6E8791EC1B742AF68920BA80679A0D2DB,2020-09-25 12:31:46.373000,2020-09-25 12:31:57.283000
7vo2wjzxni6shyme,failed,not_found,666,39CF2F22E5018C01FD57DEB1AB8FDFA4592633FB,B8BF2948E7830586F64EE92CCEABFB202E2FBF85,38E48C9509E18F405749859EEF299EBC1B829602,04A28A62F27D9C4A60F9ED0C4264E98B988C65A3,2020-09-25 12:31:57.283000,2020-09-25 12:32:20.189000
7vo2wjzxni6shyme,,,,,,,DD0C8EEC5CA402A9FA4478F10C31A440F71F6885,2020-09-25 12:32:20.190000,
5xxzwx63mbtw67ol,failed,not_found,347,39CF2F22E5018C01FD57DEB1AB8FDFA4592633FB,2659ACAA140B6845E38F189B4080817B9819EB9A,A2C6C931D8627C6605288970889DDB88C7BA2142,77E01A5D31748474C4F5F086C2461E04A26B34F1,2020-09-25 12:31:46.415000,2020-09-25 12:31:55.577000
5xxzwx63mbtw67ol,failed,not_found,543,39CF2F22E5018C01FD57DEB1AB8FDFA4592633FB,3782F48481045AA7247913637EACE9E7225CF14D,61004152C709672EE739F2667B56EF5550A51332,195712E96FD1C1B18D14D09E9E4E7A6416E23B2C,2020-09-25 12:31:55.578000,2020-09-25 12:32:08.850000
5xxzwx63mbtw67ol,,,,,,,197CEA93D6643434C074EE7C2431F0B369A01491,2020-09-25 12:32:08.850000,
h3mvag4jpdq66ffo,failed,not_found,353,39CF2F22E5018C01FD57DEB1AB8FDFA4592633FB,0C3D5E19E3C75B505C8ACD26F89DCA2DF970553E,9F5068310818ED7C70B0BC4087AB55CB12CB4377,3A8557B067FBE53F168BBEAA7D14D1298AE52A52,2020-09-25 12:31:46.416000,2020-09-25 12:31:56.152000
h3mvag4jpdq66ffo,failed,not_found,591,39CF2F22E5018C01FD57DEB1AB8FDFA4592633FB,F6AAFCFB722532DA3E2A54135000E672B9473835,74DA18F45DE195D9E920B0EC10BF6958E44B0CEB,A0C59410B9030AC1385C4CA44C8DBFE13AF4BC9B,2020-09-25 12:31:56.153000,2020-09-25 12:32:14.071000
h3mvag4jpdq66ffo,,,,,,,3A7528436E0DD9675FB12750F3EDE23CF74F4ACB,2020-09-25 12:32:14.072000,
ob2wrcarnx7nosy7,failed,not_found,354,39CF2F22E5018C01FD57DEB1AB8FDFA4592633FB,C130DD914A8D0E484E68DCC681B434A0BA044D9D,5FB384605F53DCBF1CB02143D318DA3E8EE38A24,79D9E66BB2FDBF25E846B635D8248FE1194CFD26,2020-09-25 12:31:46.530000,2020-09-25 12:31:56.342000
ob2wrcarnx7nosy7,failed,not_found,679,39CF2F22E5018C01FD57DEB1AB8FDFA4592633FB,BF37445EA2A9F3D04F4B87DFAC624AEF21B559D5,0B25110BA3473A6DC04AB58A3A0D5E4D6922A0E0,79DEB4E02FD08AE1AEB4D8594AAB082375E9062D,2020-09-25 12:31:56.342000,2020-09-25 12:32:21.476000
ob2wrcarnx7nosy7,,,,,,,470BC5C6A8BD1D9FDBB55689FB3030310181EAE2,2020-09-25 12:32:21.476000,
4h6bwysxv772bfsp,failed,not_found,370,39CF2F22E5018C01FD57DEB1AB8FDFA4592633FB,036A7CD36D6F7A97C7B4AF896D9F11AB719F0DF7,D65DB84BF1EB4DD225B9A1CD9CEFD87B595A30F5,567221DD586D0E388A6859FB33C09696BD20151B,2020-09-25 12:31:47.414000,2020-09-25 12:31:57.591000
4h6bwysxv772bfsp,failed,not_found,642,39CF2F22E5018C01FD57DEB1AB8FDFA4592633FB,886647272B44A7B37751182ADC48053860FB2AE9,7A3E534C033E3836BD5AF223B642853C502AB33A,F5FD7EF4307F8C5C398147877F32A9F9F71E2092,2020-09-25 12:31:57.592000,2020-09-25 12:32:16.773000
4h6bwysxv772bfsp,,,,,,,F5E368D9FC8693BB85D2F65A262E676353BAD69D,2020-09-25 12:32:16.773000,
x5tk3gxtd3l7nzog,failed,not_found,371,39CF2F22E5018C01FD57DEB1AB8FDFA4592633FB,F29A5D7E317934CDFFFA3DD9B26AC9AB48CB1C6C,40CDE936B04B4573A47223396006443CA5EAC845,8FF24DC61EA335CAFDD5699A937AD96D594E5904,2020-09-25 12:31:47.415000,2020-09-25 12:31:57.341000
x5tk3gxtd3l7nzog,failed,not_found,682,39CF2F22E5018C01FD57DEB1AB8FDFA4592633FB,1CD48F4ED0F1821FFBF1940802A13EEFD4C27502,2BB85DC5BD3C6F0D81A4F2B5882176C6BF7ECF5A,B32B93C90DCAF0012328A8D55D621D26B186E11A,2020-09-25 12:31:57.341000,2020-09-25 12:32:21.972000
x5tk3gxtd3l7nzog,,,,,,,B340E3BA587E36462D8DE44DAE0F7CAB6748F064,2020-09-25 12:32:21.973000,
mgaj6sd4pcc4plnm,failed,not_found,484,39CF2F22E5018C01FD57DEB1AB8FDFA4592633FB,63BF46A63F9C21FD315CD061B3EAA3EB05283A0A,8701E70AC4C0C9E1FE47EA853FC997D29BE5D65C,86CDD0D92AB972538416A382D99666736CDDF141,2020-09-25 12:31:47.528000,2020-09-25 12:32:04.568000
mgaj6sd4pcc4plnm,,,,,,,86C3D279DE1903DF24AA33D1D1581F2AA9464626,2020-09-25 12:32:04.568000,
qoqthjoy76yewxeo,failed,not_found,377,39CF2F22E5018C01FD57DEB1AB8FDFA4592633FB,0FF7D03AC5F31F93E3AE11ABF74313D071E11ED3,38471394F06B2B86404768193C929313962FDC2F,AFED770AE951DEA0CE33C1FB1463DC3188CBA2DD,2020-09-25 12:31:47.529000,2020-09-25 12:31:57.686000
qoqthjoy76yewxeo,,,,,,,AFE05115595A1D028E91AD41F6A07239DB04CEBC,2020-09-25 12:31:57.686000,
53jcrwobc3lnz2di,failed,not_found,419,39CF2F22E5018C01FD57DEB1AB8FDFA4592633FB,91517F219F7648E4B8BBF3C162C77DDC55315612,11C3D14A1166AEDED6D247A32DE6451F6C95223A,3466C887F0F53CA5F65662F601A57F329DB460E9,2020-09-25 12:31:48.343000,2020-09-25 12:32:00.113000
53jcrwobc3lnz2di,,,,,,,A597AC866E40CAB5A67759ADE4942192E99DE684,2020-09-25 12:32:00.114000,
mw7ndddkbvolzrby,,,,,,,50586E25BE067FD1F739998550EDDCB1A14CA5B2,2020-09-25 12:31:48.440000,
cvtg4ukny6sbefay,failed,not_found,392,39CF2F22E5018C01FD57DEB1AB8FDFA4592633FB,4CD4DFFEF3971C902A22100D911CAC639BE2EF5C,F0A3054C76604DC75D3F57F55C27F1BFB643F107,1A2B77AD0A742CD804B9DD747E2DD8E38D06C915,2020-09-25 12:31:48.581000,2020-09-25 12:31:59.391000
cvtg4ukny6sbefay,,,,,,,EDEA19172EC8B1463BDD19E3A18778C5756710A1,2020-09-25 12:31:59.392000,
sfzucbajaz3mmps3,failed,not_found,486,39CF2F22E5018C01FD57DEB1AB8FDFA4592633FB,9C4DAED4759AA66D0E93EB27093BD21CFE2C2271,CD39C258265B25EAA4ABA4FDCB2DF98104CAA362,1D04FF920CE804CE357FE62C665901C578BC26D6,2020-09-25 12:31:48.581000,2020-09-25 12:32:04.961000
sfzucbajaz3mmps3,,,,,,,1D25C7B2DD3C0BD55526DCF95B175EA3E95D9286,2020-09-25 12:32:04.961000,
ahuv562g3pppuj7s,failed,not_found,413,39CF2F22E5018C01FD57DEB1AB8FDFA4592633FB,D000291816C0D9EE531FA4DD185EC1AD80386A5A,F37997F89070869A34C456A2F54577A3276AACB2,034AA4B30F77DF0FE183602EA7F8251FF2CF1BA2,2020-09-25 12:31:49.302000,2020-09-25 12:32:00.021000
ahuv562g3pppuj7s,failed,not_found,692,39CF2F22E5018C01FD57DEB1AB8FDFA4592633FB,39C6F833D4B09524770D3655DF825A11213CA0A9,AA7630738F82C4DF26BB8EFF131564DACDEAC64C,0367E1FFAB716AC3F418CFB7CBB3BDB9403CD9CB,2020-09-25 12:32:00.021000,2020-09-25 12:32:23.008000
ahuv562g3pppuj7s,,,,,,,F475E5987E44A2B7B143A2BEE3F8128EEFD7E5A3,2020-09-25 12:32:23.009000,
nxy3z2uoopgzvd5m,failed,not_found,417,39CF2F22E5018C01FD57DEB1AB8FDFA4592633FB,4E81EA3528D6FB79B10B0F11C6FC96CE1C060021,B2D03CDF45EB4D74A65FAC4F00EBA785C9663A5F,38D08218624083D2A5AFAA161CFD62F7DB0231A4,2020-09-25 12:31:49.366000,2020-09-25 12:31:59.953000
nxy3z2uoopgzvd5m,failed,not_found,690,39CF2F22E5018C01FD57DEB1AB8FDFA4592633FB,2AE2CA4BD2B7754F29432C25E03314D52AC4CAF1,14D57DEDF0A4554A2D21AD53CCCC43E31158C733,03E0F4EE272731601773F48E64240D3A8896A5E3,2020-09-25 12:31:59.953000,2020-09-25 12:32:22.819000
nxy3z2uoopgzvd5m,,,,,,,38CC95A8CE92A591D4A5779359BEFFBA13FA1B88,2020-09-25 12:32:22.820000,
ctu2bz3dcakoaue5,failed,not_found,426,39CF2F22E5018C01FD57DEB1AB8FDFA4592633FB,2BAF092E8667C00CA3D9686C76D8EC3CC6BC7C5B,6A2F0C055A1CDE77741BA7D93D8FAE856C86F54C,DC7E7D9AB7AD52F03B856E6DC278E9D92BF19B33,2020-09-25 12:31:49.410000,2020-09-25 12:32:00.501000
ctu2bz3dcakoaue5,,,,,,,1FC55B6E54789CB4AEF1F5A9D35C4420789AB5DE,2020-09-25 12:32:00.502000,
2t5attxiq5eduoyd,failed,not_found,428,39CF2F22E5018C01FD57DEB1AB8FDFA4592633FB,B0335F7872A698A86E5E9AC3CF323B50AEF9C081,197CEA93D6643434C074EE7C2431F0B369A01491,0964EFD3186C2AF2763B0C1EE5B4A2FA77E0449B,2020-09-25 12:31:49.411000,2020-09-25 12:32:00.552000
2t5attxiq5eduoyd,,,,,,,0990E0F4F2C127BDDA9B6726400FAC077F6C83B0,2020-09-25 12:32:00.552000,
o5tixqgc3wnox52t,failed,not_found,456,39CF2F22E5018C01FD57DEB1AB8FDFA4592633FB,2BB85DC5BD3C6F0D81A4F2B5882176C6BF7ECF5A,912B7597346A74A44AD4B6068C645772B758DCB7,3268B4C7DC8D31C30FF14480409DD6D6B0702C9E,2020-09-25 12:31:50.297000,2020-09-25 12:32:02.963000
o5tixqgc3wnox52t,,,,,,,53E29B5FB53C367EDDCCDDFE9EDFD2D3767B393C,2020-09-25 12:32:02.964000,
gkiidyizovmygkwd,failed,not_found,460,39CF2F22E5018C01FD57DEB1AB8FDFA4592633FB,F37374DB9FA6EF14CED64FD294E8D8683F032EC8,3A4F8A201036D3F57A0453CA440E20793775EDB9,19DEA2B8BBD3613C50CA24C96C4DE0C3ADAF4A3E,2020-09-25 12:31:50.401000,2020-09-25 12:32:03.164000
gkiidyizovmygkwd,,,,,,,D079D6818926684C5979C18171FB18862A4A5792,2020-09-25 12:32:03.165000,
tarlcs4x3a2horpo,failed,not_found,464,39CF2F22E5018C01FD57DEB1AB8FDFA4592633FB,AC00AEBA1AE2A80CF4184C4362157BF91487B902,9288B75B5FF8861EFF32A6BE8825CC38A4F9F8C2,D1AD15805646EAE6938F1842619F8EF0029089FC,2020-09-25 12:31:50.454000,2020-09-25 12:32:03.516000
tarlcs4x3a2horpo,,,,,,,D1AE7E838DF635EB1367F202B84946D73142CDAD,2020-09-25 12:32:03.516000,
yuej67hat7csgehc,failed,not_found,466,39CF2F22E5018C01FD57DEB1AB8FDFA4592633FB,8B64F593CAC2ED05C0FA703AEF50FF71925B569C,00B57BF614F7ED3051073B5D4526FF0B23AF217B,6F4E9FD00D4251D98BE96FB1AA546FE34676A95B,2020-09-25 12:31:50.455000,2020-09-25 12:32:03.075000
yuej67hat7csgehc,,,,,,,FEEF24CDF15BB59B418D1BF94A64BD3E62BB2CF3,2020-09-25 12:32:03.076000,
rtehgujzeaqvmeau,failed,not_found,476,39CF2F22E5018C01FD57DEB1AB8FDFA4592633FB,9B2BC7EFD661072AFADC533BE8DCF1C19D8C2DCC,54FF87E18CF4B351BB078A640A4DC5265969485E,EAEFC00FDF96D24F75FC007A5623BD6A3A737423,2020-09-25 12:31:51.422000,2020-09-25 12:32:03.513000
rtehgujzeaqvmeau,,,,,,,EAF639CC9B126F1775F9D66FCC46DBCAF2485BFB,2020-09-25 12:32:03.514000,
u72iyd4y64retffz,failed,not_found,481,39CF2F22E5018C01FD57DEB1AB8FDFA4592633FB,BFEC9FDCD15CDC54FBEFB4BC18B6A57CD186B3CE,014E24C0CD21D2B9829E841D5EC1D3C415F866BF,BA481A3C80447EFB67811938DDD39B1F79E1C06E,2020-09-25 12:31:51.470000,2020-09-25 12:32:03.168000
u72iyd4y64retffz,,,,,,,BA38FDB6FE97442388C35FE83F371BB1C6C4324B,2020-09-25 12:32:03.169000,
vodansl32zo2pjip,failed,not_found,493,39CF2F22E5018C01FD57DEB1AB8FDFA4592633FB,E4BE02471657C3A17C667D7C079498E4B314049F,D228AE265C966CA4E9A8C4B746A30A9737060A32,87C08DDFD32C62F3C56D371F9774D27BFDBB807B,2020-09-25 12:31:51.550000,2020-09-25 12:32:05.009000
vodansl32zo2pjip,,,,,,,87D28EE0C993B250EF93DBE4D2CB0E30244D757C,2020-09-25 12:32:05.009000,
nm6kz6f5dc3awvru,failed,not_found,477,39CF2F22E5018C01FD57DEB1AB8FDFA4592633FB,FB016E16B8CD7A0E53DEEF31ED8754E4F6B8E837,88F5FD94C520B22A1A5B98EC20003F046ED601DD,67CDF7A4D06E98E55AAE595BBEBF38E64C4CCBF3,2020-09-25 12:31:51.552000,2020-09-25 12:32:03.267000
nm6kz6f5dc3awvru,,,,,,,562434D987CF49D45649B76ADCA993BEA8F78471,2020-09-25 12:32:03.267000,
yfntn237jznncccg,failed,not_found,508,39CF2F22E5018C01FD57DEB1AB8FDFA4592633FB,454BE75256A4A5EC2B7FE2EB2E1C62F2736AB175,2AE2CA4BD2B7754F29432C25E03314D52AC4CAF1,0B074C07E88A1A68FA1A35F8CBF9F914A8DD7180,2020-09-25 12:31:52.307000,2020-09-25 12:32:06.443000
yfntn237jznncccg,,,,,,,902E21BC05A7B1EC8CE85D78C47C3D8EAD5EFE6F,2020-09-25 12:32:06.443000,
htsfwan4zrg2vprj,failed,not_found,510,39CF2F22E5018C01FD57DEB1AB8FDFA4592633FB,66DFC51E724E38DDCB3AB67DDF4C0BB0F1F49C0B,288C100FFA656938C23F32207CAF0DA932ECD247,F68A76522D356F89BEC286889A3822250567BE2E,2020-09-25 12:31:52.308000,2020-09-25 12:32:07.064000
htsfwan4zrg2vprj,,,,,,,239A2E0F09B8FEA551727486519040598A022778,2020-09-25 12:32:07.064000,
iak6ansat63kh4s4,failed,not_found,512,39CF2F22E5018C01FD57DEB1AB8FDFA4592633FB,B96B5141004995295FE87DCCE1A54519BD0BB48A,AEF6C1FBA0FC16F4931638BF065085B974D3E90F,0F3B1BCB42C0E688D4A45887EFDD762B8D2F08F9,2020-09-25 12:31:52.335000,2020-09-25 12:32:06.875000
iak6ansat63kh4s4,,,,,,,03E0F4EE272731601773F48E64240D3A8896A5E3,2020-09-25 12:32:06.875000,
pvpkn67dvbnw5ddv,failed,not_found,516,39CF2F22E5018C01FD57DEB1AB8FDFA4592633FB,425835370C1FBE178C21CB53C76672F12BDE091A,F6740DEABFD5F62612FA025A5079EA72846B1F67,165532BF5B1A34DF60D74375409D632D6FBEF83F,2020-09-25 12:31:52.376000,2020-09-25 12:32:07.055000
pvpkn67dvbnw5ddv,,,,,,,163303F0583A1917326214379BD1AB2D286046EA,2020-09-25 12:32:07.056000,
j6xqziyv22xsofwk,failed,not_found,534,39CF2F22E5018C01FD57DEB1AB8FDFA4592633FB,438F3EA4C9FB0DB63F5377A3271AB5435FAD7E04,1DC17C4A52A458B5C8B1E79157F8665696210E10,AE1337069C16BD843B6767328919C3349770459D,2020-09-25 12:31:53.318000,2020-09-25 12:32:08.170000
j6xqziyv22xsofwk,,,,,,,D84F6589F8FF75C8A8AE50716DBE7BBA36BDC1F0,2020-09-25 12:32:08.170000,
4yui3laxdwbgqkuc,failed,not_found,536,39CF2F22E5018C01FD57DEB1AB8FDFA4592633FB,5AD3FB658E490BAD9515F363374AA41D65D31A02,D777D31F95081D0F7223AAD5F8A74977D524145D,221F035A330AC4231A2E3D901F1CB11483C19F66,2020-09-25 12:31:53.350000,2020-09-25 12:32:08.419000
4yui3laxdwbgqkuc,,,,,,,221E976B546E60048A01950250399B8534D4E4B7,2020-09-25 12:32:08.420000,
eyedkbnnieb47wjt,failed,not_found,538,39CF2F22E5018C01FD57DEB1AB8FDFA4592633FB,56927E61B51E6F363FB55498150A6DDFCF7077F2,5D995EC983ED3DF9DAABD32B9BF1540AFF42A457,28090710ABE433A47021F22208B3EC245A912900,2020-09-25 12:31:53.350000,2020-09-25 12:32:08.586000
eyedkbnnieb47wjt,,,,,,,27F3833453C4006DF1E21C6BF62E4FCD8E99DEF2,2020-09-25 12:32:08.587000,
usbdhuoxo5phqhno,failed,not_found,542,39CF2F22E5018C01FD57DEB1AB8FDFA4592633FB,F9246DEF2B653807236DA134F2AEAB103D58ABFE,AFA9E5B8D77B736CCA77704B465F9FA4B9566924,0869EA503377C702669BC75DD7A59094658DFA08,2020-09-25 12:31:53.419000,2020-09-25 12:32:09.067000
usbdhuoxo5phqhno,,,,,,,3A144BCB2681ABA103B83D553BEFC3EB99A11801,2020-09-25 12:32:09.067000,
ljup4rmjmrnv432t,failed,not_found,559,39CF2F22E5018C01FD57DEB1AB8FDFA4592633FB,912A7C57E05606AF602EC63D1D06BBD5C7AAE516,4E81EA3528D6FB79B10B0F11C6FC96CE1C060021,73C4C4AE90A8F83D3A091B395C7D5B913D50604D,2020-09-25 12:31:54.475000,2020-09-25 12:32:10.650000
ljup4rmjmrnv432t,,,,,,,FCCCECDC44273C67FB374200138464F38DDF39AC,2020-09-25 12:32:10.650000,
hegyinh3yob2oalq,failed,not_found,527,39CF2F22E5018C01FD57DEB1AB8FDFA4592633FB,91BA193FB362FB7B6679A7A83A3050F3C44A5468,C9336B73BB7C88F4B3170CE2540DA29E41919107,EBB76D096FF5787A303B2C81E21BFF9816C6FA0D,2020-09-25 12:31:54.544000,2020-09-25 12:32:07.919000
hegyinh3yob2oalq,,,,,,,16AD4988F437D3478B72DAD0C1A20E61847FEF3C,2020-09-25 12:32:07.919000,
6554psynz52lwkif,failed,not_found,562,39CF2F22E5018C01FD57DEB1AB8FDFA4592633FB,E6C04728E9339DF22F331B7017D4A7AA3F252F0B,5AD3FB658E490BAD9515F363374AA41D65D31A02,34DF8443F6ACD1A543AAA10A7621A389E31A4422,2020-09-25 12:31:54.544000,2020-09-25 12:32:10.767000
6554psynz52lwkif,,,,,,,34BA457C5120D5E7DA9513C7B98733C57503E3E6,2020-09-25 12:32:10.768000,
yz5p5eehmn6bvdxg,failed,not_found,564,39CF2F22E5018C01FD57DEB1AB8FDFA4592633FB,BF50E09EED25B82861CF95E1AAA42DCFEF53E5D1,9B2BC7EFD661072AFADC533BE8DCF1C19D8C2DCC,63CD37872814AD1623C239CB7A0CB9C4E3CEB923,2020-09-25 12:31:54.547000,2020-09-25 12:32:11.018000
yz5p5eehmn6bvdxg,,,,,,,7C0AA4E3B73E407E9F5FEB1912F8BE26D8AA124D,2020-09-25 12:32:11.018000,
kc2qss3ka4oy4akc,failed,not_found,580,39CF2F22E5018C01FD57DEB1AB8FDFA4592633FB,7DAC367AF33DBEFEDC684789490E213FD348BE36,C7FF606D59C7F6BECA8A341D3CF11B423F382D5D,037B6C60DAD4DF32FDA29BF458D5C8C816AA8F3E,2020-09-25 12:31:55.376000,2020-09-25 12:32:11.228000
kc2qss3ka4oy4akc,,,,,,,03910F285A33F365838EC66EF2C2EF754D046760,2020-09-25 12:32:11.229000,
k4uchxjjes6kgucz,failed,not_found,582,39CF2F22E5018C01FD57DEB1AB8FDFA4592633FB,425835370C1FBE178C21CB53C76672F12BDE091A,AE6A8C18E7499B586CD36246AC4BCAFFBBF93AB2,96CFE178A1D12489D9D59A0CAE17FE86F5A3A79F,2020-09-25 12:31:55.376000,2020-09-25 12:32:11.522000
k4uchxjjes6kgucz,,,,,,,657D2F4DD76D1BA7877EB2F1742ED9898EB04629,2020-09-25 12:32:11.522000,
y4lk2qeuxdwdckha,failed,not_found,584,39CF2F22E5018C01FD57DEB1AB8FDFA4592633FB,5F58E9417DF94A66529864FA1134635614958A44,0FE31E8B143BCA123905993356D1DE49C715E455,9B5ED3370E002AEBB2A9B25E3213C1817CCD2D88,2020-09-25 12:31:55.468000,2020-09-25 12:32:11.435000
y4lk2qeuxdwdckha,,,,,,,9B816A5B3EB20B8E4E9B9D1FBA299BD3F40F0320,2020-09-25 12:32:11.435000,
rffvby2s7xzzafay,failed,not_found,586,39CF2F22E5018C01FD57DEB1AB8FDFA4592633FB,FEDF4998951A750D5D7974DF243035499E84882E,754CB99117E6ED570DFCFB7D9F12674B97A4E28E,C0A0FEB6473F3F31822BB8F008049718CA017627,2020-09-25 12:31:55.469000,2020-09-25 12:32:11.816000
rffvby2s7xzzafay,,,,,,,84ABF6381FD0F96B882764F176B85980EBC31FE1,2020-09-25 12:32:11.816000,
qs46vomiwig3a2b7,failed,not_found,597,39CF2F22E5018C01FD57DEB1AB8FDFA4592633FB,288C100FFA656938C23F32207CAF0DA932ECD247,20462CBA5DA4C2D963567D17D0B7249718114A68,02740F472D1DA5C1B77475F18940FE79F15AF4B8,2020-09-25 12:31:56.592000,2020-09-25 12:32:12.903000
qs46vomiwig3a2b7,,,,,,,02758CD398E3F842EF82478078AAAE0273770DB2,2020-09-25 12:32:12.903000,
qbedhk327lyn7uyx,failed,not_found,599,39CF2F22E5018C01FD57DEB1AB8FDFA4592633FB,20CD933EDC7260B19040475B24FD6B01B73E94BB,1804C06A266F0DA26DF58CD559E01C2F7C3FC42A,E13F7EE1535ED8AEAB92A5EEAEE9A0C782ED33E2,2020-09-25 12:31:56.593000,2020-09-25 12:32:13.591000
qbedhk327lyn7uyx,,,,,,,E130296683B896A117CE5DA531A5645644178734,2020-09-25 12:32:13.591000,
h4kgfyaw476ievcd,failed,not_found,557,39CF2F22E5018C01FD57DEB1AB8FDFA4592633FB,1C8B3C3D8BC705883B7799C915B2FE1E0FEB006F,DD0C8EEC5CA402A9FA4478F10C31A440F71F6885,40D37C29CAB20A2C078B269AE4E944B1E0BD5A97,2020-09-25 12:31:56.655000,2020-09-25 12:32:09.965000
h4kgfyaw476ievcd,,,,,,,C58DE93ED11CBB74823669F7C6E41D513F2049BE,2020-09-25 12:32:09.965000,
nguj6ixd3yliah7j,failed,not_found,603,39CF2F22E5018C01FD57DEB1AB8FDFA4592633FB,F0F13714732C347312426EC2B8D5C4940EAA45BA,740E4C4842E4C190DFEC278EC1FD754FD261A864,BB5630967607D8A8B6CA854AF954FE8372D1662A,2020-09-25 12:31:56.655000,2020-09-25 12:32:13.997000
nguj6ixd3yliah7j,,,,,,,BB60F5BA113A0B8B44B7B37DE3567FE561E92F78,2020-09-25 12:32:13.997000,
kajxu4x7bofenbrp,failed,not_found,632,39CF2F22E5018C01FD57DEB1AB8FDFA4592633FB,06BBEAA6F73759A1795EB461D39D2AA168F305D1,D6C977DF0968848878AC02E21F78A57B84BE49B3,1D89A810BDF84522B6036034F499A766EF294DB1,2020-09-25 12:31:57.337000,2020-09-25 12:32:16.009000
kajxu4x7bofenbrp,,,,,,,1A90B9C24AAF9564D23761977E496A1066E0AD67,2020-09-25 12:32:16.009000,
3jivd5fhx4wh53ru,failed,not_found,634,39CF2F22E5018C01FD57DEB1AB8FDFA4592633FB,41CEB66108B70108F148BF7778260A87723AACA1,BF735F669481EE1CCC348F0731551C933D1E2278,6FC8D3B152054906417CB1EE0642265747C7F689,2020-09-25 12:31:57.337000,2020-09-25 12:32:15.811000
3jivd5fhx4wh53ru,,,,,,,6FF440DFB1D0697B942357D747900CC308DD57CC,2020-09-25 12:32:15.812000,
gn3wzzcqjtr2wd7l,failed,not_found,671,39CF2F22E5018C01FD57DEB1AB8FDFA4592633FB,1A137B9726A64ADDAB2F51E30F9AF12DF476A924,BFA905EA10DFD54A38A0C119FAE00182DE4C173B,562434D987CF49D45649B76ADCA993BEA8F78471,2020-09-25 12:31:57.338000,2020-09-25 12:32:21.660000
gn3wzzcqjtr2wd7l,,,,,,,5628495D9939A8C139DD441402DE42F7012B7092,2020-09-25 12:32:21.660000,
iiz5xrcgwa7umr77,failed,not_found,638,39CF2F22E5018C01FD57DEB1AB8FDFA4592633FB,361D33C96D0F161275EE67E2C91EE10B276E778B,4B483F57D9660EBF33FA3CCA670FFD1BBB0F315A,8A5E7C2D09835974B4D58252BAD51FD8AD54F9CE,2020-09-25 12:31:57.339000,2020-09-25 12:32:15.804000
iiz5xrcgwa7umr77,,,,,,,9FF43973692ABA9F600E9B17880201D09DEED19C,2020-09-25 12:32:15.805000,
ykxyta3n724hh6t3,,,,,,,061370AE41C1084B2910EB0522C8B2DB1C2CB96E,2020-09-25 12:31:58.596000,
uwnwk4ubr7cowcga,failed,not_found,614,39CF2F22E5018C01FD57DEB1AB8FDFA4592633FB,8BE79CE3261C027CE94F84D6CBE45F03BE9B8B59,AC2275831607A95CD8B939C3B8DC466CCF48E2B9,04A28A62F27D9C4A60F9ED0C4264E98B988C65A3,2020-09-25 12:31:58.597000,2020-09-25 12:32:14.843000
uwnwk4ubr7cowcga,,,,,,,A452410658C4F2986381839633CDB98FBFCBCAAF,2020-09-25 12:32:14.843000,
3tt32kzt4jnpuw5w,,,,,,,E64625ED5B01A1F0E97BCF0B5D431A432A24F408,2020-09-25 12:31:58.738000,
5aaas54vk6hw6mnf,,,,,,,F6F59B64B2494F29899E8072BCB0E6B3E070A917,2020-09-25 12:31:58.740000,
z6ww4d3mjoa66lrr,failed,not_found,628,39CF2F22E5018C01FD57DEB1AB8FDFA4592633FB,CB4EBE9C475A60A5F2CDA92C83CE093BD945D940,0F89912E6A4C4A8ACE43C58FF8B83CA299BFF74F,E41B16F7DDF52EBB1DB4268AB2FE340B37AD8904,2020-09-25 12:31:59.482000,2020-09-25 12:32:16.361000
z6ww4d3mjoa66lrr,,,,,,,6081104A3482B46B16BC3B8E50903C7BE6A28CEC,2020-09-25 12:32:16.362000,
ewzrcvmufrqtqoh2,failed,not_found,664,39CF2F22E5018C01FD57DEB1AB8FDFA4592633FB,43C83536DACCD110FF11E049A890064F6F87BEB2,A4CC39184AD287D72C2247738835811C7A7ECB8E,C841357CFA0F2CE96692EF21D515D6BF0B017036,2020-09-25 12:31:59.483000,2020-09-25 12:32:20.562000
ewzrcvmufrqtqoh2,,,,,,,63DE54637F349FD686CF1C036827B5BE826B9F7C,2020-09-25 12:32:20.562000,
ksk6j2mj7muvctd5,failed,not_found,667,39CF2F22E5018C01FD57DEB1AB8FDFA4592633FB,2BB85DC5BD3C6F0D81A4F2B5882176C6BF7ECF5A,C63110BDD8736D2C2A733FF962F58D58FDE63A2D,23DC295D771D51DA981008D1B9702A03C64488D8,2020-09-25 12:31:59.558000,2020-09-25 12:32:22.074000
ksk6j2mj7muvctd5,,,,,,,2E12778C3FBE28C9E9C8AC6A76FF4509DC41599B,2020-09-25 12:32:22.075000,
wmfd2bs7lesna55n,failed,not_found,669,39CF2F22E5018C01FD57DEB1AB8FDFA4592633FB,FF8F56B5E1A36341F84FF72927CEB3F0AC6BC6A9,52A022F16D8CDBF019E132F1538A1798F167973A,427E5C8ADC43B09582DDDA80EA8EDFBD05DF5003,2020-09-25 12:31:59.559000,2020-09-25 12:32:20.696000
wmfd2bs7lesna55n,,,,,,,9BF4A13730774865EF6DD7102D98AF1A33E54E0C,2020-09-25 12:32:20.696000,
dcqih6qwsz7ilqtz,,,,,,,8F5ACB40B42628045E6D8CA4CB103CDAEB112A3E,2020-09-25 12:32:00.290000,
nulddolpzc57rhxj,,,,,,,BEC85424BD423975E11ED05BF4FEAB3A7526510F,2020-09-25 12:32:00.328000,
lu2ct6iqih6tabpv,,,,,,,798A57B4E129699A521A03E7F72BC0FDEC31F4D6,2020-09-25 12:32:00.366000,
7honm3aw7m46ofbm,,,,,,,20462CBA5DA4C2D963567D17D0B7249718114A68,2020-09-25 12:32:00.367000,
vgheflvezxav6wky,,,,,,,2C6E2587287437FA10BFB145CD2691FD605C8709,2020-09-25 12:32:01.293000,
snaxjaxryqivnwqk,,,,,,,6BA54D7805A44F63A75D70AFEC8D2DF6BA7BCAE0,2020-09-25 12:32:01.329000,
vi5vq64obekyjabz,,,,,,,803FB98BA0FE1709C087E9138CC6096F22083CA5,2020-09-25 12:32:01.373000,
iztrwhv4bqogkimi,,,,,,,898AA9A17ECBB05FEA4FE7418BD1C64F45D9A614,2020-09-25 12:32:01.436000,
mthzlkswfrlgq7np,,,,,,,6304781EA6C8D0A8638AD1A745CCCFEE77EBE55E,2020-09-25 12:32:02.603000,
7p3ramvvixmlm6jx,,,,,,,1188DC549FDF5E8054E1FE8C789A632CD1872F7E,2020-09-25 12:32:02.750000,
vdb2vjakd7v7szyp,,,,,,,D8EA105E79803FB0040A8C2A676D93DAEA2CFFF0,2020-09-25 12:32:02.750000,
t7w64hycy6fmg6jr,,,,,,,F3EB1E1FF45A3CDE4E02FBD4E805D4FC37A4AD56,2020-09-25 12:32:02.834000,
i6dhvbukt2gy6l2j,,,,,,,E08FA051D29468D098C2A3E1B123E4A05967398E,2020-09-25 12:32:03.417000,
puiuwsom5gqjyicf,,,,,,,183C8C6727E2137AF278B3850AD5D9C2304B98C9,2020-09-25 12:32:03.456000,
eoothimh5we5zz6q,,,,,,,28090710ABE433A47021F22208B3EC245A912900,2020-09-25 12:32:03.457000,
6y6v4dmqkgya5eqs,,,,,,,E1B54925C59ECE813269B9A3309B7A5EB57E9B98,2020-09-25 12:32:03.458000,
srltmrwexahdwoe4,,,,,,,5E287771CCE145D4FCFC5F97EA4CEA938C4EE744,2020-09-25 12:32:04.491000,
gw7vsxt7t7kb5hb2,,,,,,,83AEDBDB4BE3AD0ED91850BF1A521B843077759E,2020-09-25 12:32:04.532000,
xbrnmlg5dq3vmdw5,,,,,,,1AE180250D80A692077EDA35CC8E7387A9FDF220,2020-09-25 12:32:04.533000,
wbws2mxqbymetuaq,,,,,,,FCF61C25093BB33BAA203D8EE7E65466D42ECF98,2020-09-25 12:32:04.534000,
yzyb7hfbsoez6yis,,,,,,,FBBC3BD58B471F6227DC0F05265C6A37C770905F,2020-09-25 12:32:05.576000,
s33j575u3sra27p2,,,,,,,69BE1831EC63C751D241E5E962DA4793355A6253,2020-09-25 12:32:05.576000,
zwrhce2x5r6ikfob,,,,,,,3DAEC5687EAB19CC9FBE98303780137E143236AB,2020-09-25 12:32:05.742000,
4rhse4gtwiaktl7p,,,,,,,D12032F45328C06F053921479CF770A208378B9F,2020-09-25 12:32:05.743000,
ex2nrlbove2p4tdy,,,,,,,73010D9C5A330C7D3E65057E88B871C4D5D233D5,2020-09-25 12:32:06.671000,
74cs2okqumzoojru,,,,,,,70090E9F85FBE004EEBF58461FD6EDD5BF8A523E,2020-09-25 12:32:06.672000,
zhf6pfums66kg5tp,,,,,,,EBDD9A8BC45D0543D0FDC93940EE06E56E749A99,2020-09-25 12:32:06.796000,
p72wxmibyjddbejt,,,,,,,B85472EA7F89B0572C0D3A4D039BF74A67B2963F,2020-09-25 12:32:06.797000,
2b43zxillsosj5lo,,,,,,,4C8B019E2B132FDD831419E13F59E7B7FA80476A,2020-09-25 12:32:07.654000,
fpwqx6xbwjy4pfks,,,,,,,09DCA3360179C6C8A5A20DDDE1C54662965EF1BA,2020-09-25 12:32:07.655000,
54gbtcwmbz5m4nuz,,,,,,,1B605B2751279B152CA098ED76B1EBCC9ADCA239,2020-09-25 12:32:07.655000,
alpirre6pnvoddfj,,,,,,,79C674E6C1AC90687CCCF644D24C17AC1E535A3C,2020-09-25 12:32:07.656000,
ecpd7qglvkvf7v7a,,,,,,,6521A3AEF9AC4B83361411F769EEDCBAB124F162,2020-09-25 12:32:08.587000,
gss6qigad7xfpdti,,,,,,,9E0058300401F6687EAE59F9FE82DB89230344C1,2020-09-25 12:32:08.699000,
4mxtwwza6cwlpfgx,,,,,,,AC00AEBA1AE2A80CF4184C4362157BF91487B902,2020-09-25 12:32:08.701000,
sqsuczalotemdt5p,,,,,,,A932F56F69D24A96A0CBC4F32922A62DEFD28C77,2020-09-25 12:32:08.702000,
mdyc3mqeohehmcwl,,,,,,,EC65D72BB9668553999DE4E6CF380207ACA941EA,2020-09-25 12:32:09.614000,
5l2zwfx7egnl63ul,,,,,,,51142A1DF64451C7750ECB85788364A68A07CEC2,2020-09-25 12:32:09.615000,
oe2uvntuz3qqpbp2,,,,,,,5C42C5D7824DB75EBC5CBE2DE1DB985EA4970D7F,2020-09-25 12:32:09.668000,
vcddhovqo234qoz4,,,,,,,994FB6A842C0CEE1F1C4CBA9A7604C5FF6014CFC,2020-09-25 12:32:09.725000,
wwu2qmnp2v4amdb7,,,,,,,296B040F1537DC2E9D644D7FF41C912403E1AF8D,2020-09-25 12:32:10.715000,
2l47yhq2gvzyfglv,,,,,,,AD9F6804869ADD53A55F20DA4A1FC107F38D079E,2020-09-25 12:32:10.769000,
xokon3ek4rlhuqwh,,,,,,,254FF480BF5642929460532FF59BCE15DF1070EB,2020-09-25 12:32:10.770000,
gpwdwo6bsb6q2so7,,,,,,,F3889E2C68A673848CA9094F6F4A3653D7692109,2020-09-25 12:32:10.956000,
4w5v4ltvr4xilix3,,,,,,,5CE3AD8AD04ADE66C0037A3CF5F7F7A40D48A20B,2020-09-25 12:32:11.817000,
gb3hglno4wz7sxma,,,,,,,4CA782CE00ADBCDDB93DE3FCACF84445353D7772,2020-09-25 12:32:11.817000,
izbnxm2zseqde4ow,,,,,,,2C752C180089DDC89BC3FFCCB17FACFEEAFD79AA,2020-09-25 12:32:11.818000,
rcgess3i5emii3te,,,,,,,B70BD334FFEE23E653B75219AE12CF0236BCFCBB,2020-09-25 12:32:11.983000,
yyngoiy6eoekkfei,,,,,,,C5AF11B595BE211E42D1A121ABEC89515D3B0CBC,2020-09-25 12:32:12.605000,
6j2h7ftz3jxwrjns,,,,,,,C0585931F974D8158E6AF83A077CFBEFC234F9A1,2020-09-25 12:32:12.827000,
z2alkxs6j2w3djhh,,,,,,,B0DA07C71D8E5066C2C391EA963260B4F584D84C,2020-09-25 12:32:12.828000,
aqgpxpjlsgubrugc,,,,,,,C88ABC7F51FC22668FECE61B4792527386E8FE25,2020-09-25 12:32:12.829000,
5ka63d5wxd7qfovv,,,,,,,1283EBDEEC2B9D745F1E7FBE83407655B984FD66,2020-09-25 12:32:13.820000,
lfarmfrufupfubbg,,,,,,,296A9A2C96249BC5D8CA8CF196EF5E3FCC80488E,2020-09-25 12:32:13.821000,
nhqponlybkphahlp,,,,,,,A452410658C4F2986381839633CDB98FBFCBCAAF,2020-09-25 12:32:13.996000,
5ywetrrifvk3vq6n,,,,,,,A65E1523F313405BB60E4AA136A69EFA504C4F60,2020-09-25 12:32:14,
zppkwt4xzbkk74di,,,,,,,33925888F5DB4CD014E5718CB3B1FC82BFE1AD37,2020-09-25 12:32:14.842000,
rvmgrelbofw2hn52,,,,,,,A65E1523F313405BB60E4AA136A69EFA504C4F60,2020-09-25 12:32:14.842000,
6fxubn5vmg7deqrv,,,,,,,C793A33F28826D1F184504312C668EA8157AEF28,2020-09-25 12:32:14.843000,
cwvz6w3mnywuyubf,,,,,,,3CCF9573F59137E52787D9C322AC19D2BD090B70,2020-09-25 12:32:14.986000,
rdjbsd7k5rhlulxw,,,,,,,E689C03C0990FDCE4FD25C5F1DF17D5DA793B620,2020-09-25 12:32:15.422000,
mxwzirg3sqkjwjtl,,,,,,,09930800210FF35CE84F2DEEDB4F9B67812B9717,2020-09-25 12:32:15.422000,
ylm33c4pglt7mwqt,,,,,,,C51701910DEA998F4F51287A71B7E94449A3E9BC,2020-09-25 12:32:15.525000,
naonth2dswfvtvp4,,,,,,,06ABFC513FA71C7EE423DCC6ABF80F6B4A2FC1AC,2020-09-25 12:32:15.599000,
yplykcyihcwfbn3c,,,,,,,25F49247646F1F9C9C4B31217AE004308B271359,2020-09-25 12:32:16.447000,
m5w4lcul5dzli6vk,,,,,,,CD46CDD4643FA30AC10D17A3872B560B4E17F048,2020-09-25 12:32:16.447000,
amy5r2turaiomspn,,,,,,,36045C1900EC3FDF1DDA9BEC72DDF7DE50DAF021,2020-09-25 12:32:16.448000,
j3ft7iq6mj4at4yo,,,,,,,C291114640EA333A6AC5801B5E0EC95C012DFE6B,2020-09-25 12:32:16.527000,
6dmtbsp7pup352hz,,,,,,,F5DB8E33F8D351B600932251EFE67357485405F2,2020-09-25 12:32:17.430000,
6qzya4nyyhvyfw5d,,,,,,,2935E0F03B71BE44F6F265FEF976E810BAAD6F4E,2020-09-25 12:32:17.746000,
y3j7bsrg63zo3tbh,,,,,,,FC1E441E097BA36930AA2F615EFB325AF76D2595,2020-09-25 12:32:17.747000,
zpwhm2suh53z6jzq,,,,,,,6796E53160714D908B39BCB0058CF488FF940336,2020-09-25 12:32:17.929000,
673sjpyzmfwt35wi,,,,,,,10CA859C429A17EFF704CC53D0080940148D59DA,2020-09-25 12:32:19.332000,
6rskwhyl65ixnwiy,,,,,,,EE859849E8D8EF083EEF2025555396A6C3552A8E,2020-09-25 12:32:19.784000,
bloclidph3ruv4zk,,,,,,,2A2022D386894D3CB3438752977C27A7AF50BAFA,2020-09-25 12:32:19.784000,
4vyol2n4xdspjkho,,,,,,,05B451C0562FDE23307AFA84FD6A37652E615233,2020-09-25 12:32:19.785000,
kfz4htgkgiuhcrrq,,,,,,,71C7D2AC5C0346AE3757FE3CDB3836976B85E96C,2020-09-25 12:32:20.191000,
cf52n7sz7zrtowko,,,,,,,02F250898E6213FC6B5BAEA368322BEE015AD677,2020-09-25 12:32:20.372000,
kgmmh4g7wcazkfdk,,,,,,,7E6E9A6FDDB8DC7C92F0CFCC3CBE76C29F061799,2020-09-25 12:32:20.372000,
ec22wamzbrshpd6l,,,,,,,E4B6C117761DF05ABC08AD0A0EAE82D97014C427,2020-09-25 12:32:20.565000,
7jahudbazlpl47lv,,,,,,,9E4CC64C4F94C359D43C5BA09094323FDBEFD975,2020-09-25 12:32:20.986000,
ejsti7xfhvleu7z5,,,,,,,A86EC24F5B8B964F67AC7C27CE92842025983274,2020-09-25 12:32:21.287000,
lxppmp3gwprca3rl,,,,,,,46EC7BB31BFEC251B89E0C0715DEC4AA8208A1BA,2020-09-25 12:32:21.288000,
dz4cef4knyf3cpec,,,,,,,96B358744E1DB0D6DBB96D32C27F91E9F695275E,2020-09-25 12:32:21.291000,
decl6nwnufipya5j,,,,,,,FF9FC6D130FA26AE3AE8B23688691DC419F0F22E,2020-09-25 12:32:21.662000,
qevlk3el5fq6uz3v,,,,,,,AEF6C1FBA0FC16F4931638BF065085B974D3E90F,2020-09-25 12:32:21.762000,
uzhtxtq2buw5xd37,,,,,,,BA0BA7A976F153DBB050266CD3D21F499FCB975D,2020-09-25 12:32:21.855000,
4mk332qtou62bcda,,,,,,,8358BDDA9C9A680B4E3A2809E5C24F5B3624D5C2,2020-09-25 12:32:21.856000,
rtxwnaun66tmdm32,,,,,,,AF77AA5BD924319510F99B30CD0932D32B01B5C5,2020-09-25 12:32:22.919000,
beotcs2laahhhbau,,,,,,,38A42B8D7C0E6346F4A4821617740AEE86EA885B,2020-09-25 12:32:23.010000,
t4uuriqeaxtx56at,,,,,,,87D28EE0C993B250EF93DBE4D2CB0E30244D757C,2020-09-25 12:32:23.200000,
uc43i54jewbfvxcw,,,,,,,B6352D774A912764B0B0FE6297666CF09DFE3007,2020-09-25 12:32:23.201000,
