addr,status,reason,circ,guard_fp,middle_fp,exit_fp,hsdir_fp,start,end
ek45sjucd57mkds7,failed,not_found,,,,,ED935DA72EB9882A23BEAD0C5D03635D3B6CDD4F,2020-09-25 16:07:40.966000,2020-09-25 16:07:41.529000
ek45sjucd57mkds7,failed,not_found,11,DA60C85D526374C1DC8A8796E93F12F7CA3019F2,0677DF0B05ECDA2EF45F26C3332731043BB89AB8,425835370C1FBE178C21CB53C76672F12BDE091A,ED8D4E97453D7510A934B4FECFDAB35104FD7CAE,2020-09-25 16:07:41.530000,2020-09-25 16:07:42.847000
ek45sjucd57mkds7,failed,not_found,18,DA60C85D526374C1DC8A8796E93F12F7CA3019F2,93C4C20DD1A6797200A60FBE714523FD9D41B5B3,A23A7219B1EA9D583E66DFF26D62573DE64A9C29,B34E09B1C68F46483A1A90551ACC78D87C80C08A,2020-09-25 16:07:42.848000,2020-09-25 16:07:45.085000
ek45sjucd57mkds7,failed,not_found,47,DA60C85D526374C1DC8A8796E93F12F7CA3019F2,3A56936CC69F13737872697DBC8415444F499FFC,25E078CD1E537A7418318168F7E1990EF2A160C8,B34CC9056250847D1980F08285B01CF0B718C0B6,2020-09-25 16:07:45.085000,2020-09-25 16:07:46.230000
ek45sjucd57mkds7,failed,not_found,69,DA60C85D526374C1DC8A8796E93F12F7CA3019F2,2CE9BE1FC88B9D0FA03F387C9E4F000B5D4B2AE9,C303038FDCC72805A160FF64E994333A49ECDA71,ED7F2BE5D2AC7FCF821A909E2486FFFB95D65272,2020-09-25 16:07:46.230000,2020-09-25 16:07:47.321000
ek45sjucd57mkds7,failed,not_found,85,DA60C85D526374C1DC8A8796E93F12F7CA3019F2,99339F3E68BCCC1391BF14C821D80766FE0C5956,7B190463E733CC292AA4010D194D1798CD8EB9A0,B340E3BA587E36462D8DE44DAE0F7CAB6748F064,2020-09-25 16:07:47.321000,2020-09-25 16:07:48.661000
ve6wjxiz3mo5efct,failed,not_found,,,,,180A5BCC01866E09E4D229B6C084CD1E3C75636F,2020-09-25 16:07:40.967000,2020-09-25 16:07:41.373000
ve6wjxiz3mo5efct,failed,not_found,9,DA60C85D526374C1DC8A8796E93F12F7CA3019F2,7A2A6F39F485C4FC95FB885FFF37C436FD2BB7E5,66BBCD0D58FDB891AD86CE22A2613A9BEE3CA274,181B745BC37CA8DA49B01FAB3933747F99983656,2020-09-25 16:07:41.373000,2020-09-25 16:07:42.656000
ve6wjxiz3mo5efct,failed,not_found,17,DA60C85D526374C1DC8A8796E93F12F7CA3019F2,E1468D867FA3230EC1DACFCA87A800BAF22E79E0,00C22D3BC1822EB8EA380AF04245337399E796E2,17CC4D25E33993D011CDA6E68806435FFFD2E6C7,2020-09-25 16:07:42.656000,2020-09-25 16:07:43.806000
ve6wjxiz3mo5efct,failed,not_found,29,DA60C85D526374C1DC8A8796E93F12F7CA3019F2,69BE1831EC63C751D241E5E962DA4793355A6253,D1B1A550FEE3A05E71CA9080D14CCA3B746C0C17,9127D95DAA81291F26BE45B1A73E2F1145887B94,2020-09-25 16:07:43.807000,2020-09-25 16:07:45.085000
ve6wjxiz3mo5efct,failed,not_found,48,DA60C85D526374C1DC8A8796E93F12F7CA3019F2,81A59766272894D27FE8375C4F83A6BA453671EF,EA4DC5A24096EE5FAED2AFCDE50EFA09DFDD172E,912709C7F560CC3E9FE9604B58D598B1BFAED8C7,2020-09-25 16:07:45.086000,2020-09-25 16:07:47.323000
ve6wjxiz3mo5efct,failed,not_found,86,DA60C85D526374C1DC8A8796E93F12F7CA3019F2,68FEC70D44E4E5B9A2E90B4B08AA2323164D72CB,E8D114B3C78D8E6E7FEB1004650DD632C2143C9E,912B7597346A74A44AD4B6068C645772B758DCB7,2020-09-25 16:07:47.324000,2020-09-25 16:07:48.310000
vpiaxvtog3g3owkl,failed,not_found,,,,,FAA935B0BC3B4348CCBD3EBA95681AB51730977D,2020-09-25 16:07:40.975000,2020-09-25 16:07:41.471000
vpiaxvtog3g3owkl,failed,not_found,10,DA60C85D526374C1DC8A8796E93F12F7CA3019F2,F9BDA3990E2C84DFBF57C8D0B77E1E21109C210D,3E04505D362AA324E6E4E1C8516CCD9EF4D41B9C,FAB96E0069596CACADCF1FCBA2407FCE505ED06D,2020-09-25 16:07:41.472000,2020-09-25 16:07:43.614000
vpiaxvtog3g3owkl,failed,not_found,28,DA60C85D526374C1DC8A8796E93F12F7CA3019F2,F1612C915458BCF52CC49559E84A0D0240FA7F23,F3DF2415A5ECFB57835CF7E629C3AD0E1DA6732B,30B6CF0FCBA0505FD7105907999C751D799AE4D2,2020-09-25 16:07:43.614000,2020-09-25 16:07:44.833000
vpiaxvtog3g3owkl,failed,not_found,42,DA60C85D526374C1DC8A8796E93F12F7CA3019F2,EFEACD781604EB80FBC025EDEDEA2D523AEAAA2F,D80EA21626BFAE8044E4037FE765252E157E3586,3098CC656BB3F519FEBF93AF6E0CBBDE4D84002A,2020-09-25 16:07:44.834000,2020-09-25 16:07:46.091000
vpiaxvtog3g3owkl,failed,not_found,65,DA60C85D526374C1DC8A8796E93F12F7CA3019F2,5A14FBBBAF842124A0AF3C650F4302C5B549AB17,E81D56AE3FE9919F3A42AB11100901E6BAEC4FCB,3092A9B4B9356F9D84D7521A59DBFC5CB3B5332C,2020-09-25 16:07:46.091000,2020-09-25 16:07:48.015000
vpiaxvtog3g3owkl,failed,not_found,299,DA60C85D526374C1DC8A8796E93F12F7CA3019F2,7FA3FA525901A91A1310B817943668BC2C16289E,E1DE607E31C2C0FB6F8FC959BF7B58CE35D95990,FAB9D513D90CEC46FB269B5E57597766C1DCD96E,2020-09-25 16:07:48.015000,2020-09-25 16:08:00.675000
r2yunpzdg63u56ji,failed,not_found,7,DA60C85D526374C1DC8A8796E93F12F7CA3019F2,419C3FC74B87C36EEE3AD9140ED3ECE429825CF5,0ED0EA324C931CF41CB5272BFB1D015B3D5772A9,71C924A772F69451FE97FE5A9025DEDDEF3DB664,2020-09-25 16:07:40.982000,2020-09-25 16:07:42.189000
r2yunpzdg63u56ji,failed,not_found,8,DA60C85D526374C1DC8A8796E93F12F7CA3019F2,5CF342DBBD6170BEE00CD52ACB4076D551085E7F,7BE4752877553A96CD4035D0C526BCD09E81CC64,71C7D2AC5C0346AE3757FE3CDB3836976B85E96C,2020-09-25 16:07:42.189000,2020-09-25 16:07:42.981000
r2yunpzdg63u56ji,failed,not_found,20,DA60C85D526374C1DC8A8796E93F12F7CA3019F2,431702B3A68A6015F9955DD4FD0129175B43EA0F,263907E9D48FBEAE6E64B10C628AE8BDF466869B,BFC2EEBFE31AA782949AA7D410046BF28EAF89C8,2020-09-25 16:07:42.982000,2020-09-25 16:07:44.241000
r2yunpzdg63u56ji,failed,not_found,35,DA60C85D526374C1DC8A8796E93F12F7CA3019F2,81C55D403A82BF6E7C3FBDBD41D102B7088900D9,EA79FFE95F5779A34E9FB14CE934A76B22FE6ACE,71BBBC406506ACB5AFCF9BE4476283363EEC1B66,2020-09-25 16:07:44.242000,2020-09-25 16:07:46.023000
r2yunpzdg63u56ji,failed,not_found,151,DA60C85D526374C1DC8A8796E93F12F7CA3019F2,5ACC0FB6043235708F7E018E315101FA2194CBB4,6B88E20FEE8EB47F1A8E30207F327005C61A013D,BFC6E7F298D581344DFCE95BB7EE9EDE1FC0745B,2020-09-25 16:07:46.023000,2020-09-25 16:07:51.648000
r2yunpzdg63u56ji,failed,not_found,176,DA60C85D526374C1DC8A8796E93F12F7CA3019F2,16AE2704B794C6C0013C7E47AF11DCABA808A0B9,CFD34B1E1C4FE1363C39169D65389CF3856810B1,BFC4734342209C8D172AACC283750116F74359C6,2020-09-25 16:07:51.648000,2020-09-25 16:07:53.345000
pdg4wjrcuruhl77a,failed,not_found,12,DA60C85D526374C1DC8A8796E93F12F7CA3019F2,9E4CC64C4F94C359D43C5BA09094323FDBEFD975,D907BCD0B9510C462EEB0688FD5421CD2E172B77,79621D3F36A0B377670B4647C3370635CD2521AD,2020-09-25 16:07:41.967000,2020-09-25 16:07:43.497000
pdg4wjrcuruhl77a,failed,not_found,26,DA60C85D526374C1DC8A8796E93F12F7CA3019F2,B085FE1700622B72188150C54D066F382359700E,61004152C709672EE739F2667B56EF5550A51332,79509683AB4C8DDAF90A120C69A4179C6CD5A387,2020-09-25 16:07:43.497000,2020-09-25 16:07:44.588000
pdg4wjrcuruhl77a,failed,not_found,39,DA60C85D526374C1DC8A8796E93F12F7CA3019F2,6BE5AA34A5C391724677A3FDC2AA77B3768F6E26,40CDE936B04B4573A47223396006443CA5EAC845,7961C9991F022C8A363FD440CA395D47DB5D44D5,2020-09-25 16:07:44.588000,2020-09-25 16:07:45.804000
pdg4wjrcuruhl77a,failed,not_found,55,DA60C85D526374C1DC8A8796E93F12F7CA3019F2,BDF3F765BEBC50AA559DE55655896F275A2C67AD,22775B953E662151549C114CB8EE5FBDBCBDAD02,11DF0017A43AF1F08825CD5D973297F81AB00FF3,2020-09-25 16:07:45.804000,2020-09-25 16:07:47.606000
pdg4wjrcuruhl77a,failed,not_found,92,DA60C85D526374C1DC8A8796E93F12F7CA3019F2,901CBA6FF3B90618D3FFEFF040353C267F690DF8,88CF8D42D49B7C8E9D03ABE5DAE7AF25E9902008,120C197151B36EF1E0D813767EBE2C80C5578BF5,2020-09-25 16:07:47.606000,2020-09-25 16:07:48.489000
pdg4wjrcuruhl77a,failed,not_found,110,DA60C85D526374C1DC8A8796E93F12F7CA3019F2,356B94BAD3096790E409790898144A4030AC225C,C55AC4238C66CE8D00838572D563A284DBEF0228,120F89D102F96647D2258166B3BB50CBFCEF20E3,2020-09-25 16:07:48.490000,2020-09-25 16:07:49.678000
eztkot3sx7qgktri,failed,not_found,13,DA60C85D526374C1DC8A8796E93F12F7CA3019F2,38E48C9509E18F405749859EEF299EBC1B829602,E8BAE7393740A700D50B010DED9D9EC9A66B390D,C63F4EC7437193BD6070D5CBD0EABBB610DD02AA,2020-09-25 16:07:41.976000,2020-09-25 16:07:43.349000
eztkot3sx7qgktri,failed,not_found,135,DA60C85D526374C1DC8A8796E93F12F7CA3019F2,D079D6818926684C5979C18171FB18862A4A5792,79D110419709C4B3D1F92FC3CE121B5317DBE8B3,07C3EBBE41DF9FE8551DF69642FEBA70E954DC0F,2020-09-25 16:07:43.350000,2020-09-25 16:07:50.629000
eztkot3sx7qgktri,failed,not_found,158,DA60C85D526374C1DC8A8796E93F12F7CA3019F2,769A297017BB5E92A9A5A3D76725CA12D694AA30,361D33C96D0F161275EE67E2C91EE10B276E778B,C63D7C4FAE5424D6286411D33497A2191882EB0A,2020-09-25 16:07:50.629000,2020-09-25 16:07:51.743000
eztkot3sx7qgktri,failed,not_found,177,DA60C85D526374C1DC8A8796E93F12F7CA3019F2,A0C59410B9030AC1385C4CA44C8DBFE13AF4BC9B,E8D114B3C78D8E6E7FEB1004650DD632C2143C9E,07B8FC5B66719C355FABF84B4F5E0131E127DF01,2020-09-25 16:07:51.744000,2020-09-25 16:07:52.822000
eztkot3sx7qgktri,failed,not_found,206,DA60C85D526374C1DC8A8796E93F12F7CA3019F2,AE17FAAF8F302A506AF2167666EC62882804403F,2FFE5FAF70D20E76B0474AE9E40C2A0B53F8D9F0,07905A0D8AD1C134D3036872140B1DB1EB761772,2020-09-25 16:07:52.822000,2020-09-25 16:07:54.369000
eztkot3sx7qgktri,failed,not_found,244,DA60C85D526374C1DC8A8796E93F12F7CA3019F2,F83A64E0FA85BC224807919772FE14E1BA07CEF5,BB60F5BA113A0B8B44B7B37DE3567FE561E92F78,C63110BDD8736D2C2A733FF962F58D58FDE63A2D,2020-09-25 16:07:54.370000,2020-09-25 16:07:55.324000
o4vnymon23jr424h,failed,not_found,14,DA60C85D526374C1DC8A8796E93F12F7CA3019F2,09DEA9A672FDEF38CE01E3F453E7D7CD0707E7C6,58F3E2956EABB81F673E2FB90E16E001DB4AC3AE,6DFB4AC8B5E7B1AD0B3F5F465F774A421C66CBBA,2020-09-25 16:07:41.989000,2020-09-25 16:07:44.474000
o4vnymon23jr424h,failed,not_found,38,DA60C85D526374C1DC8A8796E93F12F7CA3019F2,AC7CF877B281BFEF34733E142C2A6F647AC57D82,8E7ACAD878BBD61097C0E0D557160F5D59BCE5CA,FDFD675D05216549EB7DA545E32ECFCEEAE805F2,2020-09-25 16:07:44.475000,2020-09-25 16:07:45.697000
o4vnymon23jr424h,failed,not_found,54,DA60C85D526374C1DC8A8796E93F12F7CA3019F2,CC1BDE73D48DEF3202C688A158D0718C885360D4,5E1207FC5BE02728D9D0B540384EB081B53987E6,6DFEB41C04CCE846871338E85DD5ACF5CFB6C1DD,2020-09-25 16:07:45.697000,2020-09-25 16:07:46.823000
o4vnymon23jr424h,failed,not_found,76,DA60C85D526374C1DC8A8796E93F12F7CA3019F2,221546DAE86B003139B13BD6F6AE1B4B42B59DF8,EFCCA5852D18207A7A93C13EF3460458CAAEA9D9,FE00A3A835680E67FBBC895A724E2657BB253E97,2020-09-25 16:07:46.823000,2020-09-25 16:07:48.134000
o4vnymon23jr424h,failed,not_found,106,DA60C85D526374C1DC8A8796E93F12F7CA3019F2,74AC10CA94E400BA4D69E397562597CA04FC5352,CC100DC017A25E244C35C964BB518E4308415ACC,6DFEB2BFBFA9DBEDCE2DE932F9D16EE7E0530ED1,2020-09-25 16:07:48.135000,2020-09-25 16:07:49.192000
o4vnymon23jr424h,failed,not_found,130,DA60C85D526374C1DC8A8796E93F12F7CA3019F2,E9A6E1549300C3551071B71AC547E2568D9F7CEE,B0A63BC3FDA67A7ADD1BE08BAA8309C4B204D29B,FDD9CD7406582E0B56C4A27D44126AE843EAF6DD,2020-09-25 16:07:49.192000,2020-09-25 16:07:50.511000
xnv5qogfk6ou43w4,failed,not_found,15,DA60C85D526374C1DC8A8796E93F12F7CA3019F2,B22C4BF9747DBBC843F1BBBA272FDB7B6045EB01,84F0FEBFDFA8FBC6A2EA27F87EBB31F050AFD04D,9A7E266811321BF39532F423121DD290287A42E1,2020-09-25 16:07:41.989000,2020-09-25 16:07:43.497000
xnv5qogfk6ou43w4,failed,not_found,25,DA60C85D526374C1DC8A8796E93F12F7CA3019F2,2FFE5FAF70D20E76B0474AE9E40C2A0B53F8D9F0,22E1D1DB4723A174E713B1BF4073DAC1C25351B3,9A75CC005CA0D92FFD3F96003B2524C20B053E28,2020-09-25 16:07:43.497000,2020-09-25 16:07:45.452000
xnv5qogfk6ou43w4,failed,not_found,51,DA60C85D526374C1DC8A8796E93F12F7CA3019F2,8B64F593CAC2ED05C0FA703AEF50FF71925B569C,91517F219F7648E4B8BBF3C162C77DDC55315612,9A783CAA9DABA178D9864471E9287045CBFDC726,2020-09-25 16:07:45.452000,2020-09-25 16:07:46.359000
xnv5qogfk6ou43w4,failed,not_found,70,DA60C85D526374C1DC8A8796E93F12F7CA3019F2,E36536404200A74930DB165858BD5BB554D2BEA2,6C94F282709D385C94087D5F6FB6D8F6648EE3D1,BA12CEF016B1D1EA93AB944C4EECAD77AB3A6DDD,2020-09-25 16:07:46.360000,2020-09-25 16:07:47.443000
xnv5qogfk6ou43w4,failed,not_found,89,DA60C85D526374C1DC8A8796E93F12F7CA3019F2,21EB2176DFD7364A8E3705ABF518E880362425FC,7A3E534C033E3836BD5AF223B642853C502AB33A,BA0BA7A976F153DBB050266CD3D21F499FCB975D,2020-09-25 16:07:47.443000,2020-09-25 16:07:48.860000
xnv5qogfk6ou43w4,failed,not_found,116,DA60C85D526374C1DC8A8796E93F12F7CA3019F2,A59AD84F92B2E5A76EBFE3BE62D3B28AF9BFD127,4B483F57D9660EBF33FA3CCA670FFD1BBB0F315A,BA38FDB6FE97442388C35FE83F371BB1C6C4324B,2020-09-25 16:07:48.861000,2020-09-25 16:07:50.195000
d6syohebo3mr7bpe,failed,not_found,16,DA60C85D526374C1DC8A8796E93F12F7CA3019F2,1259F4C66D5D7A4145D6165680D7770161888F2B,EE4AF632058F0734C1426B1AD689F47445CA2056,F24F8BEA2779A79111F33F6832B062BED306B9CB,2020-09-25 16:07:42.965000,2020-09-25 16:07:43.557000
d6syohebo3mr7bpe,failed,not_found,27,DA60C85D526374C1DC8A8796E93F12F7CA3019F2,3239007CE1FB2ECDFDF2067DF23B949295DC5EF6,7B2904FE8AA12E45EA3D65658ED8CECA4A51F7F8,A024E420DD146541D5D7F6CFEB554C3A64F985EE,2020-09-25 16:07:43.557000,2020-09-25 16:07:44.671000
d6syohebo3mr7bpe,failed,not_found,40,DA60C85D526374C1DC8A8796E93F12F7CA3019F2,4469F441FDAB256575262B013B44D44B37E4DC8B,8EE28EAF0874AF9B03EBBD79B5EB5059E2547355,F2569ED226B7922385790149A33DD52786E9F900,2020-09-25 16:07:44.671000,2020-09-25 16:07:45.976000
d6syohebo3mr7bpe,failed,not_found,58,DA60C85D526374C1DC8A8796E93F12F7CA3019F2,23A2D8DDF761F35CC63BDF65E604B76A7E2F6971,89FF4A0818D8BE9F8B71338D96A6B854F77F9FEC,F26168CE0373C48D7E35BBEE7FEF0D2BA5B577A1,2020-09-25 16:07:45.977000,2020-09-25 16:07:49.546000
d6syohebo3mr7bpe,failed,not_found,140,DA60C85D526374C1DC8A8796E93F12F7CA3019F2,50C7B836942F14BDF1541B017CF21FD03F354E13,12CF6DB4DAE106206D6C6B09988E865C0509843B,A06B527FE05AF6EA0CDF52A43CD4D8C2F0F4862D,2020-09-25 16:07:49.546000,2020-09-25 16:07:50.638000
d6syohebo3mr7bpe,failed,not_found,159,DA60C85D526374C1DC8A8796E93F12F7CA3019F2,AB011ACDDE6D79F81A88CD9EB63E707D48AE8454,1079E628FC6B0025656AC024F2D9975C441498CD,A066E7983758C7CC0097E16ACF4F7B71BAFA44E9,2020-09-25 16:07:50.639000,2020-09-25 16:07:51.668000
xbj6h4sv53dhhxxi,failed,not_found,19,DA60C85D526374C1DC8A8796E93F12F7CA3019F2,29A39144AD141242436D07901F7A8B91F7516A66,BFB14B9ADF1F19E59258CAE7FCDBAAC9937B7B10,E0A3471C24C9021CC58FBF774203046FD2BC893F,2020-09-25 16:07:42.973000,2020-09-25 16:07:44.053000
xbj6h4sv53dhhxxi,failed,not_found,24,DA60C85D526374C1DC8A8796E93F12F7CA3019F2,7E47D28F07443B57F8262E1412936B3E258694A3,4623A9EC53BFD83155929E56D6F7B55B5E718C24,E05EAB588285C01E8807F00A07CDBBC4662A58D9,2020-09-25 16:07:44.054000,2020-09-25 16:07:44.759000
xbj6h4sv53dhhxxi,failed,not_found,41,DA60C85D526374C1DC8A8796E93F12F7CA3019F2,2D418A89F79DB4A8E658BA549FBB974D1D22DD1A,F6D600CF13B3BBE2A91A0653F1EC9D00E7CB3A6B,DBDF797B095015AB3B7AD07B44307687A3409E89,2020-09-25 16:07:44.760000,2020-09-25 16:07:46.203000
xbj6h4sv53dhhxxi,failed,not_found,67,DA60C85D526374C1DC8A8796E93F12F7CA3019F2,07F9F13BCB3E1F6117FB211905127AF41E72E087,D002C061F56CB6FE6FF7A27747EC2A7369ABBA9A,DBD915F96E467C1BFBC17E6B03688897FA25E449,2020-09-25 16:07:46.203000,2020-09-25 16:07:47.968000
xbj6h4sv53dhhxxi,failed,not_found,97,DA60C85D526374C1DC8A8796E93F12F7CA3019F2,746B3C4BADCCA09003DD091AF028560A61E0A48E,4FDDFAD51B24DDABB62FB59071F4DC421E76C685,E08FA051D29468D098C2A3E1B123E4A05967398E,2020-09-25 16:07:47.969000,2020-09-25 16:07:49.141000
xbj6h4sv53dhhxxi,failed,not_found,129,DA60C85D526374C1DC8A8796E93F12F7CA3019F2,81E18725397D620DA548ABBE24D9CD263DEF2FDC,0FE31E8B143BCA123905993356D1DE49C715E455,DBE82FA23B9FE3CB2462A6FCF5289DED3CBF4AEE,2020-09-25 16:07:49.142000,2020-09-25 16:07:50.157000
bn75mr4mxa5nppcs,failed,not_found,21,DA60C85D526374C1DC8A8796E93F12F7CA3019F2,B872BA6804C8C6E140AE1897B44CF32B42FD2397,1DC17C4A52A458B5C8B1E79157F8665696210E10,C1B79C4CD9B713BBB6B0522155B46A7BFE3BFAAE,2020-09-25 16:07:42.989000,2020-09-25 16:07:44.307000
bn75mr4mxa5nppcs,failed,not_found,36,DA60C85D526374C1DC8A8796E93F12F7CA3019F2,740E4C4842E4C190DFEC278EC1FD754FD261A864,270934A4F7B669AA387F2D475FBE793D03694547,C1939D36649DE98A202429631D8EFC70128D5F5F,2020-09-25 16:07:44.307000,2020-09-25 16:07:45.588000
bn75mr4mxa5nppcs,failed,not_found,52,DA60C85D526374C1DC8A8796E93F12F7CA3019F2,A5EB3D3967327169EE882910D712FD9EB666499E,29A39144AD141242436D07901F7A8B91F7516A66,D78E2C8F971E5F3D9855376BE0D39407F4885E82,2020-09-25 16:07:45.589000,2020-09-25 16:07:46.625000
bn75mr4mxa5nppcs,failed,not_found,73,DA60C85D526374C1DC8A8796E93F12F7CA3019F2,F6CD4DBF5850AC4386DD9A424918AD3C6BA2716F,66BD39FE805AED414ADE400CAAD862C9CC3AC34E,C19B33758B3A5144894233EC4C95D7985B9FD101,2020-09-25 16:07:46.625000,2020-09-25 16:07:47.700000
bn75mr4mxa5nppcs,failed,not_found,95,DA60C85D526374C1DC8A8796E93F12F7CA3019F2,8B0D8D35EC9BE90675E1D054DD7F52F555C80085,A1B28D636A56AAFFE92ADCCA937AA4BD5333BB4C,D78D1B4489CF4FFB0FD74014BDF2D600D8EE5B05,2020-09-25 16:07:47.701000,2020-09-25 16:07:48.871000
bn75mr4mxa5nppcs,failed,not_found,117,DA60C85D526374C1DC8A8796E93F12F7CA3019F2,CDAF0B74C45FD5B1955198A8D92C8A518A53D07B,014E24C0CD21D2B9829E841D5EC1D3C415F866BF,D7A80E95892AAF51FF24CF7C2CE49311931B55F7,2020-09-25 16:07:48.871000,2020-09-25 16:07:50.252000
zlodctpvtraacgq6,failed,not_found,22,DA60C85D526374C1DC8A8796E93F12F7CA3019F2,BF0FB582E37F738CD33C3651125F2772705BB8E8,B143D439B72D239A419F8DCE07B8A8EB1B486FA7,5D723408040C3EB7C8A75FAA8232690DA8BEA1DF,2020-09-25 16:07:42.996000,2020-09-25 16:07:44.226000
zlodctpvtraacgq6,failed,not_found,34,DA60C85D526374C1DC8A8796E93F12F7CA3019F2,3076FB1CCEB8341322019AD26F69BFC0AA845334,980B28A19B0A66948035A3FE143E5CF613C84122,5D765770B4DB110D88787457978AB4008CF65CAC,2020-09-25 16:07:44.226000,2020-09-25 16:07:45.886000
zlodctpvtraacgq6,failed,not_found,57,DA60C85D526374C1DC8A8796E93F12F7CA3019F2,75FE5236E67FFA4A44C1152C35EAB36360E4D7DF,98AEF7B834D688773CE2BCC5A32761A4943CF623,5D78D7D2A16F6B4D3166FD9D1FD4A715B14A56DF,2020-09-25 16:07:45.886000,2020-09-25 16:07:46.997000
zlodctpvtraacgq6,failed,not_found,81,DA60C85D526374C1DC8A8796E93F12F7CA3019F2,3A9443710224E5182895C342D1D36C1D460A1206,BA39D0333CF0F2026F58D8A493168F92A016CAA1,E00DFD54DC165D5452FBD3530D30186DAD016A0C,2020-09-25 16:07:46.997000,2020-09-25 16:07:48.147000
zlodctpvtraacgq6,failed,not_found,107,DA60C85D526374C1DC8A8796E93F12F7CA3019F2,0B555940D37DC849728841C0B290074E1A1BDCA8,1F78D47D20BA3ACF9DCE50F4533A5CEA232CF398,E013CC98CCC1E6AFDCFC9681A53DC2DEFE5D4CCC,2020-09-25 16:07:48.147000,2020-09-25 16:07:49.224000
zlodctpvtraacgq6,failed,not_found,219,DA60C85D526374C1DC8A8796E93F12F7CA3019F2,F3F3F4900B87CF4A6B4A7F9402502FC457B7B1FC,E5CC91BAFE7CCD68003E873D32E38027638D49D7,E013D74009BC7D03CD4BAFAD011CFBB93C63563C,2020-09-25 16:07:49.224000,2020-09-25 16:07:54.525000
2cyp2saru5cf7cyr,failed,not_found,30,DA60C85D526374C1DC8A8796E93F12F7CA3019F2,BF50E09EED25B82861CF95E1AAA42DCFEF53E5D1,2CE9BE1FC88B9D0FA03F387C9E4F000B5D4B2AE9,DA4B488C2826DFBBD04D635DA1E71A2BA5B20747,2020-09-25 16:07:43.966000,2020-09-25 16:07:44.999000
2cyp2saru5cf7cyr,failed,not_found,46,DA60C85D526374C1DC8A8796E93F12F7CA3019F2,D8380E08DEDF6C90A09EC378D1F6C1881EF79476,036A7CD36D6F7A97C7B4AF896D9F11AB719F0DF7,5F746B9C4DCF6F50486A1CB27BFD4D7E01689EEE,2020-09-25 16:07:45,2020-09-25 16:07:45.872000
2cyp2saru5cf7cyr,failed,not_found,56,DA60C85D526374C1DC8A8796E93F12F7CA3019F2,B85E6AB2B5F115536B2DA847A3FB99B8A985D437,9B047A91AC809AA020A1F42E3E785DBCEBF3652F,DA1B8B8D617909902572790CE8BB99DA502C6485,2020-09-25 16:07:45.873000,2020-09-25 16:07:47.305000
2cyp2saru5cf7cyr,failed,not_found,83,DA60C85D526374C1DC8A8796E93F12F7CA3019F2,EBB76D096FF5787A303B2C81E21BFF9816C6FA0D,D0273C8566CC9AECE4C762376C9B066FE0F1DADD,5FA7596FB2BA2C889337F8B82DD7127BBB240D4D,2020-09-25 16:07:47.305000,2020-09-25 16:07:48.703000
2cyp2saru5cf7cyr,failed,not_found,112,DA60C85D526374C1DC8A8796E93F12F7CA3019F2,A4771CB90024F1870D622960519945A3E49B40FE,D16A75E422664448F8A7E7D536D359D512B91256,DA13C3CD7EB23CDFD739C31855658BC5B63841EE,2020-09-25 16:07:48.703000,2020-09-25 16:07:50.250000
2cyp2saru5cf7cyr,failed,not_found,149,DA60C85D526374C1DC8A8796E93F12F7CA3019F2,FB016E16B8CD7A0E53DEEF31ED8754E4F6B8E837,87C08DDFD32C62F3C56D371F9774D27BFDBB807B,5F96241CAFF60EEB5D4F9B6C04D629EFEF155821,2020-09-25 16:07:50.250000,2020-09-25 16:07:53.242000
2f2txxl3e7vm4oqi,failed,not_found,31,DA60C85D526374C1DC8A8796E93F12F7CA3019F2,0ED0EA324C931CF41CB5272BFB1D015B3D5772A9,2ABA928945F7EC1E9DD105A628D5C05609DB5B6D,DBD915F96E467C1BFBC17E6B03688897FA25E449,2020-09-25 16:07:43.973000,2020-09-25 16:07:45.233000
2f2txxl3e7vm4oqi,failed,not_found,49,DA60C85D526374C1DC8A8796E93F12F7CA3019F2,E916F2ACBA67EC57AFAF450AA84E528308835418,088A6237EED87EDEB0E1E3AD0A4A419F963F0787,2CCCE975EAA30BC303DE0B5FCE50A25917F6A531,2020-09-25 16:07:45.233000,2020-09-25 16:07:46.822000
2f2txxl3e7vm4oqi,failed,not_found,75,DA60C85D526374C1DC8A8796E93F12F7CA3019F2,91BA193FB362FB7B6679A7A83A3050F3C44A5468,E3D61BAEA0B7CB12CACEDC8821C520557BDFCEA3,DBDF797B095015AB3B7AD07B44307687A3409E89,2020-09-25 16:07:46.823000,2020-09-25 16:07:48.744000
2f2txxl3e7vm4oqi,failed,not_found,114,DA60C85D526374C1DC8A8796E93F12F7CA3019F2,39CF2F22E5018C01FD57DEB1AB8FDFA4592633FB,AEF6C1FBA0FC16F4931638BF065085B974D3E90F,2CD317C624803B77EAD32C96382884B0CAD4DB3F,2020-09-25 16:07:48.744000,2020-09-25 16:07:49.926000
2f2txxl3e7vm4oqi,failed,not_found,143,DA60C85D526374C1DC8A8796E93F12F7CA3019F2,92E807AC5E23CCD9FE623EA4DC020B1627A0D09B,B4A96C0852DD0841579D33E09A98D641EACCD73E,DBCBB717595E8177601971C851198456EB4960DB,2020-09-25 16:07:49.926000,2020-09-25 16:07:51.588000
2f2txxl3e7vm4oqi,failed,not_found,328,DA60C85D526374C1DC8A8796E93F12F7CA3019F2,055E271A48AA082E6A9FE88EA58DB73A600CDF24,926955277C7BDB6CD1E1561A91847CBCD5B079E5,2CD5474E33D12629156B92FBD61FAAB22D07B0F7,2020-09-25 16:07:51.588000,2020-09-25 16:07:58.606000
gpeavrc46p32p4q3,failed,not_found,32,DA60C85D526374C1DC8A8796E93F12F7CA3019F2,CB21756D213C09812ED2B03DC111CDE937387F9D,3CFAD0798FF5D3B994F40B8971D4A79D84165A0D,4C8B019E2B132FDD831419E13F59E7B7FA80476A,2020-09-25 16:07:43.987000,2020-09-25 16:07:46.048000
gpeavrc46p32p4q3,failed,not_found,64,DA60C85D526374C1DC8A8796E93F12F7CA3019F2,5FB384605F53DCBF1CB02143D318DA3E8EE38A24,897A8EDF20BF12737FD8276EC0919E99F0463045,8A2D71CBCA33F13A3EA9614DE28AE3F669D84987,2020-09-25 16:07:46.048000,2020-09-25 16:07:47.342000
gpeavrc46p32p4q3,failed,not_found,87,DA60C85D526374C1DC8A8796E93F12F7CA3019F2,20E89C51C785617B808DA96DB0EA01EEDD67ACAA,506763994792208999529D03C016774C814386A8,4BF3D299BC500C350868F078749291C766C7AA6F,2020-09-25 16:07:47.342000,2020-09-25 16:07:49.223000
gpeavrc46p32p4q3,failed,not_found,131,DA60C85D526374C1DC8A8796E93F12F7CA3019F2,872B18761953254914F77C71846E8A2623C52591,42B4F52C5B11E4D39855F654955425B0D5A0598B,8A167971BAE692DB1CCABB92635169AE79C99753,2020-09-25 16:07:49.224000,2020-09-25 16:07:50.612000
gpeavrc46p32p4q3,failed,not_found,156,DA60C85D526374C1DC8A8796E93F12F7CA3019F2,987D0706D42070F1E2142A9FCCB56B3887808D34,30B6CF0FCBA0505FD7105907999C751D799AE4D2,4C07CB3365CF3E06A56FD2DC8ECA4E97A6521983,2020-09-25 16:07:50.612000,2020-09-25 16:07:52.381000
gpeavrc46p32p4q3,failed,not_found,194,DA60C85D526374C1DC8A8796E93F12F7CA3019F2,A0BD104E35D36F5630B01EB5370597EB09204C99,B4A96C0852DD0841579D33E09A98D641EACCD73E,8A2CCF9A354EF89C08CB0AE2DD7F7E8418ADF713,2020-09-25 16:07:52.382000,2020-09-25 16:07:53.213000
kgptmaobxmnvzmlk,failed,not_found,33,DA60C85D526374C1DC8A8796E93F12F7CA3019F2,DC4645C2288E58799F4B8F6AC04B58F47DB8A43D,B96B5141004995295FE87DCCE1A54519BD0BB48A,5A49AB08F68AA087CD7E18299CC56577D8A07747,2020-09-25 16:07:43.988000,2020-09-25 16:07:45.846000
kgptmaobxmnvzmlk,failed,not_found,50,DA60C85D526374C1DC8A8796E93F12F7CA3019F2,492FF91A6B43110681F7D5DD3B380E537699D3F1,5CFC486780CBD4446B764E51608D6574003B350D,1BBCAEB763CA46DEB565A7251FAA6AC79A388ADD,2020-09-25 16:07:45.846000,2020-09-25 16:07:46.547000
kgptmaobxmnvzmlk,failed,not_found,72,DA60C85D526374C1DC8A8796E93F12F7CA3019F2,E4A23FEACFA0D7064C6694BE91BF94805E3CE487,3BD1376CD339EDAC6AEFCF355A703A16AF913496,1BBD716B4973D96E570D334A5776978BFF7E0E5D,2020-09-25 16:07:46.548000,2020-09-25 16:07:47.652000
kgptmaobxmnvzmlk,failed,not_found,94,DA60C85D526374C1DC8A8796E93F12F7CA3019F2,AC990FD1FF5058EFA43A809E948B23EF998D021B,A932F56F69D24A96A0CBC4F32922A62DEFD28C77,1BD3B1951420BF0CF9F979B9276C0549EB03892C,2020-09-25 16:07:47.652000,2020-09-25 16:07:48.802000
kgptmaobxmnvzmlk,failed,not_found,115,DA60C85D526374C1DC8A8796E93F12F7CA3019F2,F3F3F4900B87CF4A6B4A7F9402502FC457B7B1FC,40CDE936B04B4573A47223396006443CA5EAC845,5AB297EF1FB13A12003203F14045E15FF34B23A4,2020-09-25 16:07:48.802000,2020-09-25 16:07:50.261000
kgptmaobxmnvzmlk,failed,not_found,246,DA60C85D526374C1DC8A8796E93F12F7CA3019F2,31D270A38505D4BFBBCABF717E9FB4BCA6DDF2FF,BB60F5BA113A0B8B44B7B37DE3567FE561E92F78,5A2C2BF25864F185AA91D2915943525609AC7F13,2020-09-25 16:07:50.262000,2020-09-25 16:07:55.894000
ovdcqa3jzv4ona7s,failed,not_found,136,DA60C85D526374C1DC8A8796E93F12F7CA3019F2,94890F37CE0CD5D020773CA7A0E397AA592E5AF3,A024E420DD146541D5D7F6CFEB554C3A64F985EE,B7A115C65ED1AA30C15E11A19A68EB5AAE7ED0C4,2020-09-25 16:07:44.970000,2020-09-25 16:07:50.930000
ovdcqa3jzv4ona7s,failed,not_found,164,DA60C85D526374C1DC8A8796E93F12F7CA3019F2,DBE82FA23B9FE3CB2462A6FCF5289DED3CBF4AEE,2BE633EE1B2229B9F7C9B2019067C7896FCE6A53,B7826E5C7C22D696E42AE96B696F66C5E9D86984,2020-09-25 16:07:50.930000,2020-09-25 16:07:51.879000
ovdcqa3jzv4ona7s,failed,not_found,184,DA60C85D526374C1DC8A8796E93F12F7CA3019F2,E5CC82DF823F15F9EEF99F22BFB1F3CC5F5076EF,9B3E7A0AD9A054984CC87E7CA9D5C117202D45D4,F9674F45A25CAA977E7B872807E0A070C121F5FA,2020-09-25 16:07:51.879000,2020-09-25 16:07:53.039000
ovdcqa3jzv4ona7s,failed,not_found,208,DA60C85D526374C1DC8A8796E93F12F7CA3019F2,CC701FCE86D6AF95FC3D5B71645D3430794910C1,DC9564AE8BC7BF5F722E3677C897ED1B578C8D81,B778066DAD76D6EEA7D0D31A82F168A84C0D7955,2020-09-25 16:07:53.039000,2020-09-25 16:07:54.091000
ovdcqa3jzv4ona7s,failed,not_found,241,DA60C85D526374C1DC8A8796E93F12F7CA3019F2,18B160CD5E22BFC345AEE7BA84B7EA45BF457FCA,6DA5D1B9B239501838E19CC0ACBAFAE737AEEC5B,F966CC62522A4F9C482CB555D43249A9874413D8,2020-09-25 16:07:54.092000,2020-09-25 16:07:55.324000
ovdcqa3jzv4ona7s,failed,not_found,271,DA60C85D526374C1DC8A8796E93F12F7CA3019F2,B0DB2F173F0DB364BABF7A465D796B3C048F1F33,276AE7A0E974FC96B0933F1DA8FD51FD3BA59944,F959CBDE3403ED478355F6281B96D476684F416C,2020-09-25 16:07:55.324000,2020-09-25 16:07:56.412000
h5acoouleamjr65q,failed,not_found,44,DA60C85D526374C1DC8A8796E93F12F7CA3019F2,7E47D28F07443B57F8262E1412936B3E258694A3,2CE9BE1FC88B9D0FA03F387C9E4F000B5D4B2AE9,118496882F58E787DC24F5C219B93F22BA5820D8,2020-09-25 16:07:44.981000,2020-09-25 16:07:46.216000
h5acoouleamjr65q,failed,not_found,68,DA60C85D526374C1DC8A8796E93F12F7CA3019F2,21E9162916687FDC3CD966D11F34766F51902B45,A1FEE8537C847D330F1F7F592BE24360C5D6051F,23AD6B165137D957C09AA0F7A3EE7B05CEC4A8F2,2020-09-25 16:07:46.217000,2020-09-25 16:07:47.321000
h5acoouleamjr65q,failed,not_found,84,DA60C85D526374C1DC8A8796E93F12F7CA3019F2,672A56A583C658372E63ACEB43E7F791C2819548,93F4DAF4F0DE5E6867CE20A0F9C7C059834DACAE,1188DC549FDF5E8054E1FE8C789A632CD1872F7E,2020-09-25 16:07:47.321000,2020-09-25 16:07:48.254000
h5acoouleamjr65q,failed,not_found,108,DA60C85D526374C1DC8A8796E93F12F7CA3019F2,4E98AA295B7171996D18DD1F6A19F64AB4036B4A,D9163829EC2E7A342E98932562C7EBEF3A953F0C,11C3D14A1166AEDED6D247A32DE6451F6C95223A,2020-09-25 16:07:48.255000,2020-09-25 16:07:49.879000
h5acoouleamjr65q,failed,not_found,142,DA60C85D526374C1DC8A8796E93F12F7CA3019F2,6DCCA448F8EDC79553CE60E8E21030E942CCC3B9,0CC18E42E5ECADFE76862CE2EB7189EFA17A11FD,23A022058948867659E69A5282AC4E367B2ACFBD,2020-09-25 16:07:49.879000,2020-09-25 16:07:51.246000
h5acoouleamjr65q,failed,not_found,169,DA60C85D526374C1DC8A8796E93F12F7CA3019F2,6B9EA8927AB6E94E216067E65372182343A5AFA2,987D0706D42070F1E2142A9FCCB56B3887808D34,23B32039F3A201FB2C215C07E0EB3F38D67ABD13,2020-09-25 16:07:51.246000,2020-09-25 16:07:52.913000
jhoqkyhlahwvth7c,failed,not_found,37,DA60C85D526374C1DC8A8796E93F12F7CA3019F2,24352D30196BEFE5BB29A50923F79A2804527611,F29A5D7E317934CDFFFA3DD9B26AC9AB48CB1C6C,00B57BF614F7ED3051073B5D4526FF0B23AF217B,2020-09-25 16:07:44.997000,2020-09-25 16:07:45.597000
jhoqkyhlahwvth7c,failed,not_found,53,DA60C85D526374C1DC8A8796E93F12F7CA3019F2,4623A9EC53BFD83155929E56D6F7B55B5E718C24,5AD3FB658E490BAD9515F363374AA41D65D31A02,00CCE6A84E6D63A1A42E105839BC8ED5D4B16669,2020-09-25 16:07:45.597000,2020-09-25 16:07:46.741000
jhoqkyhlahwvth7c,failed,not_found,104,DA60C85D526374C1DC8A8796E93F12F7CA3019F2,014BD09636373B78CC28BA70E36C7190E3DE236A,5CCC3569C67B7F1BB733664D43DF4645F2A4B04D,F4A376F2DCF40A4E14417C07A3EC5F9AA83E40A0,2020-09-25 16:07:46.741000,2020-09-25 16:07:49.085000
jhoqkyhlahwvth7c,failed,not_found,128,DA60C85D526374C1DC8A8796E93F12F7CA3019F2,E130296683B896A117CE5DA531A5645644178734,C55AC4238C66CE8D00838572D563A284DBEF0228,F4A4D78F16E9A0353AD5BBEF4632C7022E20FB20,2020-09-25 16:07:49.085000,2020-09-25 16:07:50.628000
jhoqkyhlahwvth7c,failed,not_found,157,DA60C85D526374C1DC8A8796E93F12F7CA3019F2,FB016E16B8CD7A0E53DEEF31ED8754E4F6B8E837,66BBCD0D58FDB891AD86CE22A2613A9BEE3CA274,F48FD1AED068496D51D1384BC7497C04E4985DA6,2020-09-25 16:07:50.629000,2020-09-25 16:07:51.945000
jhoqkyhlahwvth7c,failed,not_found,185,DA60C85D526374C1DC8A8796E93F12F7CA3019F2,CA4DF2B63A43080C57CF9A561D4A155F97EC5A4F,E013D74009BC7D03CD4BAFAD011CFBB93C63563C,00C22D3BC1822EB8EA380AF04245337399E796E2,2020-09-25 16:07:51.945000,2020-09-25 16:07:53.574000
56x2gadxoi2mee4e,failed,not_found,45,DA60C85D526374C1DC8A8796E93F12F7CA3019F2,CD9BFE309010778D64ED5E55D5EEAA92B2020DE8,A9BEA2E0699D1F60521C8A1167340945A419D102,0DD04EF0B081BBFDE3082D4ECC8A63FD0022FCAF,2020-09-25 16:07:44.997000,2020-09-25 16:07:46.141000
56x2gadxoi2mee4e,failed,not_found,66,DA60C85D526374C1DC8A8796E93F12F7CA3019F2,32C1100B5EF19A5BFBB431E8D42781C2D09D31C3,5B01C6CDB3C889ABB310865FA34693F3C39D7DF4,4AD9C116A1942D58A714433CA24F087F18036A7E,2020-09-25 16:07:46.141000,2020-09-25 16:07:47.595000
56x2gadxoi2mee4e,failed,not_found,139,DA60C85D526374C1DC8A8796E93F12F7CA3019F2,BEA7C058ECD27BE8E73A76CBE13A917A83192685,879370F54AA1162ED85783996CAA963E642B3056,4AC4F120C119C72356BC9C33BF14E26D2BF052D4,2020-09-25 16:07:47.596000,2020-09-25 16:07:50.958000
56x2gadxoi2mee4e,failed,not_found,229,DA60C85D526374C1DC8A8796E93F12F7CA3019F2,0C6CA58153400FA077EABB14773E36FD61BF0D75,EE7CD2A763435C7006095BD167C790ABE5BC4DEA,4AD0B40B0FC679CC300F398BCEBE9D000833F62C,2020-09-25 16:07:50.959000,2020-09-25 16:07:54.722000
56x2gadxoi2mee4e,failed,not_found,254,DA60C85D526374C1DC8A8796E93F12F7CA3019F2,B96B5141004995295FE87DCCE1A54519BD0BB48A,BE0F7333AC3F6D2AB76F3B930DD511337B573741,0DD55CF27BBA1F51131A46BC0A0EED68A177D1BB,2020-09-25 16:07:54.722000,2020-09-25 16:07:56.797000
56x2gadxoi2mee4e,failed,not_found,407,DA60C85D526374C1DC8A8796E93F12F7CA3019F2,0F89912E6A4C4A8ACE43C58FF8B83CA299BFF74F,E46C3F0533709EE2112874B13A4FE3868B33E75E,0DDC190D45A6C452F6814408284DDF7DA8175006,2020-09-25 16:07:56.798000,2020-09-25 16:08:01.642000
efrlnybvkl3cxw4p,failed,not_found,59,DA60C85D526374C1DC8A8796E93F12F7CA3019F2,00240ECB2B535AA4C1E1874D744DFA6AF2E5E941,DB5DE88B4914F60CDEEF581ECCA8DEA59EF26A90,E0B3B10226F067A1B215178D19A19EF311E7FDC3,2020-09-25 16:07:45.988000,2020-09-25 16:07:47.651000
efrlnybvkl3cxw4p,failed,not_found,93,DA60C85D526374C1DC8A8796E93F12F7CA3019F2,CCB10F6C0F9ED51F8D61AFEA824F1D795A557181,ACA0B8702A6A0B890217A3D26B7220EB6E1CFFD1,E08FA051D29468D098C2A3E1B123E4A05967398E,2020-09-25 16:07:47.652000,2020-09-25 16:07:48.604000
efrlnybvkl3cxw4p,failed,not_found,173,DA60C85D526374C1DC8A8796E93F12F7CA3019F2,356B94BAD3096790E409790898144A4030AC225C,3FE39429CB7077BBB13D2774591A1B80EE493742,714425418EEEDFACC86D87544B265892E98FA32B,2020-09-25 16:07:48.605000,2020-09-25 16:07:52.567000
efrlnybvkl3cxw4p,failed,not_found,200,DA60C85D526374C1DC8A8796E93F12F7CA3019F2,E75ABF29D4B417D3D3565AEDAF89E4F9D16E736F,7EC4C310D1FB2A7C0943B810946EA354D64A2165,E0A3471C24C9021CC58FBF774203046FD2BC893F,2020-09-25 16:07:52.567000,2020-09-25 16:07:53.710000
efrlnybvkl3cxw4p,failed,not_found,329,DA60C85D526374C1DC8A8796E93F12F7CA3019F2,C1BB67D3FBED68D4BAD400D1A49C5B79ECE3965E,44BD70C13DAA7513D6F47773804178B009F21ED5,7133DFC5BDF3E311A03C6F93F12EF51A6BCD6B1B,2020-09-25 16:07:53.711000,2020-09-25 16:07:59.134000
efrlnybvkl3cxw4p,failed,not_found,376,DA60C85D526374C1DC8A8796E93F12F7CA3019F2,18B160CD5E22BFC345AEE7BA84B7EA45BF457FCA,EE32ED9AB02A81208F55EB9340D1125CF022697D,714724B5D72158B36AC147270D5B0AE915FC1FE9,2020-09-25 16:07:59.134000,2020-09-25 16:08:01.950000
i56oarspzfa4q6qh,failed,not_found,60,DA60C85D526374C1DC8A8796E93F12F7CA3019F2,33D88F331408141F2A2CC563239E54E48F7A211B,A1DEB529DE86E7CABC3212778374933D68FB7F2F,DE4EB74B8105751568A75649F6672A31F2A3DE20,2020-09-25 16:07:46.015000,2020-09-25 16:07:47.027000
i56oarspzfa4q6qh,failed,not_found,82,DA60C85D526374C1DC8A8796E93F12F7CA3019F2,88F73BDDBE8780E2EC7D28D2F431F57EC8FD9B5B,CEC92F3BE8A2F3A46D3C042721D6BDBF2F40F4C5,DE0421FBD771E6189205D353366874B1790185C7,2020-09-25 16:07:47.028000,2020-09-25 16:07:48.948000
i56oarspzfa4q6qh,failed,not_found,216,DA60C85D526374C1DC8A8796E93F12F7CA3019F2,7A2A6F39F485C4FC95FB885FFF37C436FD2BB7E5,A1B7C1F83E5DA4376FD2E1DBA7AC28A71AB332AD,DE29A5C0DB38AA229286B237798D8817EE6B75E2,2020-09-25 16:07:48.949000,2020-09-25 16:07:54.760000
i56oarspzfa4q6qh,failed,not_found,255,DA60C85D526374C1DC8A8796E93F12F7CA3019F2,B576A394DFC12B7E900D643C900484765D58C30F,786ECA0A66DDC507672BF5987985D9F6E811E79E,7BE3CB407039AA39EB88EF3B00053D3F92EC32AB,2020-09-25 16:07:54.760000,2020-09-25 16:07:57.369000
i56oarspzfa4q6qh,failed,not_found,332,DA60C85D526374C1DC8A8796E93F12F7CA3019F2,98138DFD3E2C8C89D8F5AB11EF9B6BFF272D83B4,B55B11A739C43396B10CC621D9C9F9D7F3A8CDE4,7B87EF57DAC332D7016C04AE82063E93B5162C44,2020-09-25 16:07:57.369000,2020-09-25 16:07:58.531000
i56oarspzfa4q6qh,failed,not_found,360,DA60C85D526374C1DC8A8796E93F12F7CA3019F2,64FC9B3852BA7EC74E79BD4099D850C338009E77,ED36124515F71E2E2401D70D9EFC3CAEB08D611B,7BB70F8585DFC27E75D692970C0EEB0F22983A63,2020-09-25 16:07:58.532000,2020-09-25 16:07:59.950000
nex6yzvmhu5bndy7,failed,not_found,61,DA60C85D526374C1DC8A8796E93F12F7CA3019F2,0085057C17BD2E1809E284825F06F94E72FB418C,B86BE002D4D6F3E2999E8EEAC9B72CAA796944BE,FCCCECDC44273C67FB374200138464F38DDF39AC,2020-09-25 16:07:46.016000,2020-09-25 16:07:46.892000
nex6yzvmhu5bndy7,failed,not_found,77,DA60C85D526374C1DC8A8796E93F12F7CA3019F2,5EF0AAAEEE7B1282DA0DBAB94669B73E39DD51B6,46E0487EEEFD694CE625CC6E12D032395C01DB82,575F15A0A41B951BEE03E25B2A0A3FC3E8D7C7D1,2020-09-25 16:07:46.893000,2020-09-25 16:07:47.873000
nex6yzvmhu5bndy7,failed,not_found,96,DA60C85D526374C1DC8A8796E93F12F7CA3019F2,547E6E68ADE1B6F492C44443588A939610401DFB,A2C6C931D8627C6605288970889DDB88C7BA2142,578E007E5E4535FBFEF7758D8587B07B4C8C5D06,2020-09-25 16:07:47.874000,2020-09-25 16:07:48.972000
nex6yzvmhu5bndy7,failed,not_found,119,DA60C85D526374C1DC8A8796E93F12F7CA3019F2,450AB46ADFD541B3905A5C6140BC53EB8C68C9A5,7C86C73DB17CE20CD26537C9E3EC0FD7A55E5C6D,FCF61C25093BB33BAA203D8EE7E65466D42ECF98,2020-09-25 16:07:48.973000,2020-09-25 16:07:50.864000
nex6yzvmhu5bndy7,failed,not_found,162,DA60C85D526374C1DC8A8796E93F12F7CA3019F2,97B7BA747B62A9962DEDCE404FF33106D4032F91,FA1845C313B88EF49E8BE1F23B02CD0AC702B636,5786D04C5A2885D19E606F13C4203F60AEE38110,2020-09-25 16:07:50.864000,2020-09-25 16:07:55.249000
nex6yzvmhu5bndy7,failed,not_found,268,DA60C85D526374C1DC8A8796E93F12F7CA3019F2,05B451C0562FDE23307AFA84FD6A37652E615233,39CF2F22E5018C01FD57DEB1AB8FDFA4592633FB,FD00BDB335960AFDCA6CD565B81DEF2BA7F27E7D,2020-09-25 16:07:55.250000,2020-09-25 16:07:56.683000
3uzqunyblseawedb,failed,not_found,63,DA60C85D526374C1DC8A8796E93F12F7CA3019F2,0706B3AF0059CB226E4AACDEDB6794678F402905,7406D96722FBFE1D9B1AB432BBBD705D81CA7738,383882E740FC9214A21A60E8D4B10A220272113B,2020-09-25 16:07:46.024000,2020-09-25 16:07:48.036000
3uzqunyblseawedb,failed,not_found,103,DA60C85D526374C1DC8A8796E93F12F7CA3019F2,37BB3233098BF9B9095C27834E65A2E17FF807F8,F3936F97C14EFCFD18154DF4443B91FEDD071F47,6B0962E99C62CFDFCAD6D91384B11D499FCE6D46,2020-09-25 16:07:48.036000,2020-09-25 16:07:49.487000
3uzqunyblseawedb,failed,not_found,109,DA60C85D526374C1DC8A8796E93F12F7CA3019F2,FB9D9128C8F3360FDF0507754C125980654E9E17,2CE9BE1FC88B9D0FA03F387C9E4F000B5D4B2AE9,6B13DD374F78D31410EA1E37D802FF71ADDD2AB4,2020-09-25 16:07:49.487000,2020-09-25 16:07:50.433000
3uzqunyblseawedb,failed,not_found,138,DA60C85D526374C1DC8A8796E93F12F7CA3019F2,8C858D558310D4D5EAB3DEAF33CEE356ACA01810,79E3B585803DE805CCBC00C1EF36B1E74372861D,383D6E34D9BEA92E97092B134A708EEF476DF2E4,2020-09-25 16:07:50.433000,2020-09-25 16:07:51.760000
3uzqunyblseawedb,failed,not_found,178,DA60C85D526374C1DC8A8796E93F12F7CA3019F2,69534B8B5FCCD0BF1124945B1D0F5A35FB0A3542,CDAF0B74C45FD5B1955198A8D92C8A518A53D07B,38312A4281F505DD31C882D3B406025C727E7162,2020-09-25 16:07:51.761000,2020-09-25 16:07:52.694000
3uzqunyblseawedb,failed,not_found,204,DA60C85D526374C1DC8A8796E93F12F7CA3019F2,CDAAB6F5FAF38747A1DB583882846485BE1520D2,A59AD84F92B2E5A76EBFE3BE62D3B28AF9BFD127,6B13A2C3331FB5F8B37F0AEE9341D5CF1C21F3AD,2020-09-25 16:07:52.695000,2020-09-25 16:07:53.855000
7luy2devd5k5xyii,failed,not_found,71,DA60C85D526374C1DC8A8796E93F12F7CA3019F2,F5C3DA7642BB037E0D279359AE88CD7FC03A98A0,E46C3F0533709EE2112874B13A4FE3868B33E75E,501B3DBF250B094A05CA5DBC424AD4C3D46721A2,2020-09-25 16:07:46.965000,2020-09-25 16:07:47.563000
7luy2devd5k5xyii,failed,not_found,90,DA60C85D526374C1DC8A8796E93F12F7CA3019F2,0FE31E8B143BCA123905993356D1DE49C715E455,A99B0D9E5FD5BC3C8F2D006EC91F8C7F40E09CB8,50153B8027ADC74FBDC4561CC8A177442D81D121,2020-09-25 16:07:47.564000,2020-09-25 16:07:48.703000
7luy2devd5k5xyii,failed,not_found,113,DA60C85D526374C1DC8A8796E93F12F7CA3019F2,17CDC54BBDBDED0574C04FEE37C4030455C2F28E,58F3E2956EABB81F673E2FB90E16E001DB4AC3AE,4B4D7C727B603EF6777DC0BC3D169179CA977140,2020-09-25 16:07:48.704000,2020-09-25 16:07:50.005000
7luy2devd5k5xyii,failed,not_found,146,DA60C85D526374C1DC8A8796E93F12F7CA3019F2,69534B8B5FCCD0BF1124945B1D0F5A35FB0A3542,3A27CC4147062E4EFDF46F848FEA7FF032A04E5F,5008E49954AC0CA0565FE8AF61D61617212ACBC7,2020-09-25 16:07:50.005000,2020-09-25 16:07:51.128000
7luy2devd5k5xyii,failed,not_found,273,DA60C85D526374C1DC8A8796E93F12F7CA3019F2,79509683AB4C8DDAF90A120C69A4179C6CD5A387,AC2275831607A95CD8B939C3B8DC466CCF48E2B9,4B582F3F4BB4DE56D7728DEB22AA255350870F98,2020-09-25 16:07:51.129000,2020-09-25 16:07:56.341000
7luy2devd5k5xyii,failed,not_found,296,DA60C85D526374C1DC8A8796E93F12F7CA3019F2,2802B96E4BE4FDBFB0F5D5DFBF7E5AB541A18DF0,E130296683B896A117CE5DA531A5645644178734,4B550F757A5904939280CB85DE61F125A08AE5DE,2020-09-25 16:07:56.341000,2020-09-25 16:07:57.638000
npnqup4o23wkzwib,failed,not_found,78,DA60C85D526374C1DC8A8796E93F12F7CA3019F2,573051CAA3EEEE2B75EBD096BB1F70D3FDAC5F3A,5EEE4C799C55FC8BBDB8EB5E65A48C60C8F15640,06D0FB9C6860E8D7FB99EA310A016707AFAA71CE,2020-09-25 16:07:46.985000,2020-09-25 16:07:48.123000
npnqup4o23wkzwib,failed,not_found,105,DA60C85D526374C1DC8A8796E93F12F7CA3019F2,58E89A05564E6844FACC5D78A73EF593222561A2,1CD48F4ED0F1821FFBF1940802A13EEFD4C27502,C1B79C4CD9B713BBB6B0522155B46A7BFE3BFAAE,2020-09-25 16:07:48.124000,2020-09-25 16:07:49.326000
npnqup4o23wkzwib,failed,not_found,134,DA60C85D526374C1DC8A8796E93F12F7CA3019F2,3F065BB0B02FB2303E144383D16C47A7DED75AE7,A59AD84F92B2E5A76EBFE3BE62D3B28AF9BFD127,06D77E461C9814243DA2C6145544D5BB3B46B52E,2020-09-25 16:07:49.327000,2020-09-25 16:07:50.502000
npnqup4o23wkzwib,failed,not_found,153,DA60C85D526374C1DC8A8796E93F12F7CA3019F2,5FD8DA8E88DADB97D132A56ADE73DB60F21A9393,2BB85DC5BD3C6F0D81A4F2B5882176C6BF7ECF5A,06E72526BBE040C51C5ADFBAA07ADD9AEB5E1FA1,2020-09-25 16:07:50.502000,2020-09-25 16:07:52.370000
npnqup4o23wkzwib,failed,not_found,193,DA60C85D526374C1DC8A8796E93F12F7CA3019F2,A4A2FE36988069304CFF837064277FAB6348AF03,C22BA9ED6DEE071D2B37B9718DCCFB6A53EAD5E6,C19B33758B3A5144894233EC4C95D7985B9FD101,2020-09-25 16:07:52.371000,2020-09-25 16:07:53.291000
npnqup4o23wkzwib,failed,not_found,211,DA60C85D526374C1DC8A8796E93F12F7CA3019F2,DD0C8EEC5CA402A9FA4478F10C31A440F71F6885,5FB384605F53DCBF1CB02143D318DA3E8EE38A24,C1939D36649DE98A202429631D8EFC70128D5F5F,2020-09-25 16:07:53.292000,2020-09-25 16:07:54.431000
5kqyvw5pcfupzcgu,failed,not_found,79,DA60C85D526374C1DC8A8796E93F12F7CA3019F2,85DAAD9E218754DEC27F90DA3952F44D6D434AEB,DA4B488C2826DFBBD04D635DA1E71A2BA5B20747,45D8C1EEFF044043AA6806C4B9130F8F189EF316,2020-09-25 16:07:46.986000,2020-09-25 16:07:49.027000
5kqyvw5pcfupzcgu,failed,not_found,124,DA60C85D526374C1DC8A8796E93F12F7CA3019F2,A79F94117D73D4AFA4BCE340A3CB6E345C817594,1226956E8B2EC04BE7B297734C929636394F36D3,B9609107E25BCA7803F7A2D205CE8FAE3F5086CE,2020-09-25 16:07:49.028000,2020-09-25 16:07:50.727000
5kqyvw5pcfupzcgu,failed,not_found,160,DA60C85D526374C1DC8A8796E93F12F7CA3019F2,1DC17C4A52A458B5C8B1E79157F8665696210E10,BCDE75725B927738B6FD34EA2D78F4FA77B99848,B96B5141004995295FE87DCCE1A54519BD0BB48A,2020-09-25 16:07:50.727000,2020-09-25 16:07:51.856000
5kqyvw5pcfupzcgu,failed,not_found,183,DA60C85D526374C1DC8A8796E93F12F7CA3019F2,0ED0EA324C931CF41CB5272BFB1D015B3D5772A9,B3FDF69E31D8A3FA7D1A0C05C3C90743EAA99CA3,45D81A594C458BAA2AFADADC507B6C784EB68D63,2020-09-25 16:07:51.856000,2020-09-25 16:07:53.258000
5kqyvw5pcfupzcgu,failed,not_found,210,DA60C85D526374C1DC8A8796E93F12F7CA3019F2,CD39C258265B25EAA4ABA4FDCB2DF98104CAA362,3F065BB0B02FB2303E144383D16C47A7DED75AE7,B9609624E26C705289E57F95E30FD88D159BD8AD,2020-09-25 16:07:53.258000,2020-09-25 16:07:54.275000
5kqyvw5pcfupzcgu,failed,not_found,243,DA60C85D526374C1DC8A8796E93F12F7CA3019F2,5F9141428BF5EAE485F0E2F7912DEDED4F4D17A7,435B0937725ECC8252F906800E46C90974408B63,45E2D7BE8D42A13A627BE13A66503F848861C5DE,2020-09-25 16:07:54.275000,2020-09-25 16:07:55.285000
rcozkjbvclpxyrii,failed,not_found,80,DA60C85D526374C1DC8A8796E93F12F7CA3019F2,41145C3169D810DB360FF2FCA232093B02C0B262,7D69BF760639FBD1D90F9CCA80860D6883745B64,D17446B2498844368284A0C30DFAC515DDEBAB8C,2020-09-25 16:07:46.995000,2020-09-25 16:07:49.041000
rcozkjbvclpxyrii,failed,not_found,125,DA60C85D526374C1DC8A8796E93F12F7CA3019F2,FC1E441E097BA36930AA2F615EFB325AF76D2595,9AB93B5422149E5DFF4BE6A3814E2F6D9648DB6A,D1AD15805646EAE6938F1842619F8EF0029089FC,2020-09-25 16:07:49.041000,2020-09-25 16:07:50.728000
rcozkjbvclpxyrii,failed,not_found,161,DA60C85D526374C1DC8A8796E93F12F7CA3019F2,014E24C0CD21D2B9829E841D5EC1D3C415F866BF,E7882187F6FA695450719FD3738D640FBDFF5D48,2723A5FFD3B6ED842EB44C380D3AB4D26DEF60AA,2020-09-25 16:07:50.728000,2020-09-25 16:07:51.975000
rcozkjbvclpxyrii,failed,not_found,186,DA60C85D526374C1DC8A8796E93F12F7CA3019F2,F9674F45A25CAA977E7B872807E0A070C121F5FA,9C900A7F6F5DD034CFFD192DAEC9CCAA813DB022,D195E5CE8AE77BAC91673E6CFB7BD0AF57281646,2020-09-25 16:07:51.975000,2020-09-25 16:07:53.432000
rcozkjbvclpxyrii,failed,not_found,221,DA60C85D526374C1DC8A8796E93F12F7CA3019F2,35513B1D2EA70649346C3C6D34F63D6982E3948A,05B451C0562FDE23307AFA84FD6A37652E615233,271C445DEAA2E0DB1E740CDBC61D77BA9133155B,2020-09-25 16:07:53.432000,2020-09-25 16:07:54.548000
rcozkjbvclpxyrii,failed,not_found,250,DA60C85D526374C1DC8A8796E93F12F7CA3019F2,361D33C96D0F161275EE67E2C91EE10B276E778B,0B25110BA3473A6DC04AB58A3A0D5E4D6922A0E0,270934A4F7B669AA387F2D475FBE793D03694547,2020-09-25 16:07:54.549000,2020-09-25 16:07:55.513000
sndfv2psfds65dtm,failed,not_found,98,DA60C85D526374C1DC8A8796E93F12F7CA3019F2,3E04505D362AA324E6E4E1C8516CCD9EF4D41B9C,B5D11485CE7613F8734D040BF9166F6AAFB30F46,0E2EEC125A6AC8D5EBF5DB36B776A3DA5510E7A0,2020-09-25 16:07:47.981000,2020-09-25 16:07:49.061000
sndfv2psfds65dtm,failed,not_found,218,DA60C85D526374C1DC8A8796E93F12F7CA3019F2,0ABB63CC809DE89A0A71A9BA8751C4AB5C2DC3C3,CEC92F3BE8A2F3A46D3C042721D6BDBF2F40F4C5,0E0D2A2E71A61B9D209DB4CE5E6DBEB98473E4EB,2020-09-25 16:07:49.062000,2020-09-25 16:07:55.250000
sndfv2psfds65dtm,failed,not_found,269,DA60C85D526374C1DC8A8796E93F12F7CA3019F2,2CE9BE1FC88B9D0FA03F387C9E4F000B5D4B2AE9,8DC832ABDC9C97B8B71F74AB041D3CB3FA9578AA,E1B54925C59ECE813269B9A3309B7A5EB57E9B98,2020-09-25 16:07:55.250000,2020-09-25 16:07:56.499000
sndfv2psfds65dtm,failed,not_found,303,DA60C85D526374C1DC8A8796E93F12F7CA3019F2,98325A5EBC4ABD0C94C11B43C254102BE19C5AAB,82ED9AEC94184EC6DD299A5CDB3378B04BB17489,0DDC190D45A6C452F6814408284DDF7DA8175006,2020-09-25 16:07:56.499000,2020-09-25 16:07:57.878000
sndfv2psfds65dtm,failed,not_found,344,DA60C85D526374C1DC8A8796E93F12F7CA3019F2,BF37445EA2A9F3D04F4B87DFAC624AEF21B559D5,537DFC2019C77FF60A0A29BEF358F7F6D6C68688,E1BAB4F5B0E9D7891DCD9790C8F186D81728348F,2020-09-25 16:07:57.878000,2020-09-25 16:07:59.167000
sndfv2psfds65dtm,failed,not_found,377,DA60C85D526374C1DC8A8796E93F12F7CA3019F2,968CB7DA0C56E66F22B78CBA0562FE132939D8BF,CACD9D63B759B35555D8C965A3E01071E9DFB44C,E1DE607E31C2C0FB6F8FC959BF7B58CE35D95990,2020-09-25 16:07:59.168000,2020-09-25 16:08:00.275000
pb2mnsfmqckpjl3x,failed,not_found,195,DA60C85D526374C1DC8A8796E93F12F7CA3019F2,B70BD334FFEE23E653B75219AE12CF0236BCFCBB,0251FCFDBC281666A6D492785A2D289F5664C039,B740BCECC4A9569232CDD45C0E1330BA0D030D33,2020-09-25 16:07:47.990000,2020-09-25 16:07:54.042000
pb2mnsfmqckpjl3x,failed,not_found,240,DA60C85D526374C1DC8A8796E93F12F7CA3019F2,04C3468BE24740347CBCC00534C940DBCBCABC82,63DE422C88DF677F50C2E20EF709E2465BF743A7,B74DABBE248B935CDC1038CD5C9280878C8C94E7,2020-09-25 16:07:54.042000,2020-09-25 16:07:55.382000
pb2mnsfmqckpjl3x,failed,not_found,275,DA60C85D526374C1DC8A8796E93F12F7CA3019F2,03E0F4EE272731601773F48E64240D3A8896A5E3,4AD9C116A1942D58A714433CA24F087F18036A7E,B76A047C20D3E4F9B5A64428298DA55A90D62472,2020-09-25 16:07:55.382000,2020-09-25 16:07:56.388000
pb2mnsfmqckpjl3x,failed,not_found,298,DA60C85D526374C1DC8A8796E93F12F7CA3019F2,5127A719E495710CEBB0A446CD69207BA6E0D6D6,9B2BC7EFD661072AFADC533BE8DCF1C19D8C2DCC,B56B9FE93F83B4FA69234B17A060E8A8E7446D19,2020-09-25 16:07:56.388000,2020-09-25 16:07:57.658000
pb2mnsfmqckpjl3x,failed,not_found,339,DA60C85D526374C1DC8A8796E93F12F7CA3019F2,AB803469D8B0C3F00620D98DE99CA8F646428E66,8404E8B8AAB98208FAEFB1727B637133AD9C6FAF,B5558CFA70A5308582B25767C9698E6DBE6A90B2,2020-09-25 16:07:57.658000,2020-09-25 16:07:59.251000
pb2mnsfmqckpjl3x,failed,not_found,385,DA60C85D526374C1DC8A8796E93F12F7CA3019F2,3AB334331819AC0BA1A8AFE002D4321672109CAC,383EBB4A99479DF9CD8BE5724E09B964F098E1BD,B55B11A739C43396B10CC621D9C9F9D7F3A8CDE4,2020-09-25 16:07:59.251000,2020-09-25 16:08:00.675000
hsysbtcoqpaucana,failed,not_found,100,DA60C85D526374C1DC8A8796E93F12F7CA3019F2,20462CBA5DA4C2D963567D17D0B7249718114A68,0E8DB49D5BF5FCAFFA433A78FEE34179419D1C4E,71155FA59038587327C37A11DA6B7204E09A78C2,2020-09-25 16:07:48.012000,2020-09-25 16:07:49.062000
hsysbtcoqpaucana,failed,not_found,141,DA60C85D526374C1DC8A8796E93F12F7CA3019F2,4055CDDFF7B3F9E6A50447609A3014753A82EB26,A4A25EDAB880FF4200F4C21316F3B9E072C9F466,71026B999E15ECC0BCCA56B972E210CCA76AD96A,2020-09-25 16:07:49.062000,2020-09-25 16:07:51.040000
hsysbtcoqpaucana,failed,not_found,152,DA60C85D526374C1DC8A8796E93F12F7CA3019F2,3B953203AF332D8FE1452E1CE7CB50A3B5297DB2,62ABC3D1B0D5DE48DE4B8AF5E76D5AA8F535CCDF,BACB47406A231AB60EC33D1ED5081C603B209655,2020-09-25 16:07:51.040000,2020-09-25 16:07:51.633000
hsysbtcoqpaucana,failed,not_found,175,DA60C85D526374C1DC8A8796E93F12F7CA3019F2,72657B20DF49BDB0ECA80840E67F40CF63ACFCFA,4E81EA3528D6FB79B10B0F11C6FC96CE1C060021,BAF223E9DF62D3261F1675C6CFC4E5D50F15FA57,2020-09-25 16:07:51.633000,2020-09-25 16:07:52.567000
hsysbtcoqpaucana,failed,not_found,201,DA60C85D526374C1DC8A8796E93F12F7CA3019F2,A8503903F97FF27F5D1C3CA38817329F581925E6,1CD48F4ED0F1821FFBF1940802A13EEFD4C27502,BAFF362A8319E1F89FE4C9F3B8A1734E2E2E32AB,2020-09-25 16:07:52.568000,2020-09-25 16:07:53.840000
hsysbtcoqpaucana,failed,not_found,231,DA60C85D526374C1DC8A8796E93F12F7CA3019F2,A2C6C931D8627C6605288970889DDB88C7BA2142,4FF53BC47097B50DA5B68D72C5B25CC079F4A787,70FF4E669EC69F8E324537D05ADDAAED76303D8D,2020-09-25 16:07:53.840000,2020-09-25 16:07:54.760000
4tbnpxtmdhaduxvn,failed,not_found,101,DA60C85D526374C1DC8A8796E93F12F7CA3019F2,8358BDDA9C9A680B4E3A2809E5C24F5B3624D5C2,D5C6F62A5D1B3C711CA5E6F9D3772A432E96F6C2,621EA822CEAC095845A0CFFFA503D2993AB10FF3,2020-09-25 16:07:48.013000,2020-09-25 16:07:49.241000
4tbnpxtmdhaduxvn,failed,not_found,133,DA60C85D526374C1DC8A8796E93F12F7CA3019F2,F6D600CF13B3BBE2A91A0653F1EC9D00E7CB3A6B,BFEC9FDCD15CDC54FBEFB4BC18B6A57CD186B3CE,60685893A57D66562A0754BEE3B6A6E68082C8BE,2020-09-25 16:07:49.241000,2020-09-25 16:07:50.544000
4tbnpxtmdhaduxvn,failed,not_found,154,DA60C85D526374C1DC8A8796E93F12F7CA3019F2,D079D6818926684C5979C18171FB18862A4A5792,13B2354C74CCE29815B4E1F692F2F0E86C7F13DD,620C95FD5C1C4DA2D212C7F05494E49C6130BDAF,2020-09-25 16:07:50.544000,2020-09-25 16:07:52.196000
4tbnpxtmdhaduxvn,failed,not_found,187,DA60C85D526374C1DC8A8796E93F12F7CA3019F2,836460C721577873AD1FF8AB000112A9360EB3A0,454BE75256A4A5EC2B7FE2EB2E1C62F2736AB175,620DB859CB0F86B02F81919DA10799E71D92762A,2020-09-25 16:07:52.196000,2020-09-25 16:07:53.345000
4tbnpxtmdhaduxvn,failed,not_found,213,DA60C85D526374C1DC8A8796E93F12F7CA3019F2,7ED3D8AFAC750F8CC0BDF8C87FE3BCBA2BBE2209,A79F94117D73D4AFA4BCE340A3CB6E345C817594,605EE4375EE4C38215C8949F5808863749FD4F4A,2020-09-25 16:07:53.346000,2020-09-25 16:07:54.489000
4tbnpxtmdhaduxvn,failed,not_found,248,DA60C85D526374C1DC8A8796E93F12F7CA3019F2,AE17FAAF8F302A506AF2167666EC62882804403F,33AA6CFE161A698169B548C9D973DAE6DED6BF0E,60769652C04712912E6E21CED1F08DC797789A75,2020-09-25 16:07:54.490000,2020-09-25 16:07:55.563000
o6ggnpzg7otzbinf,failed,not_found,120,DA60C85D526374C1DC8A8796E93F12F7CA3019F2,87C08DDFD32C62F3C56D371F9774D27BFDBB807B,8D89D606CC7057124916A6616C4C1936ABEE9E88,4F3DD9A650FE79F5427A6A6B792E3619F5D14FC9,2020-09-25 16:07:48.984000,2020-09-25 16:07:50.611000
o6ggnpzg7otzbinf,failed,not_found,155,DA60C85D526374C1DC8A8796E93F12F7CA3019F2,B058FBDEA69774C28EAC1111E167BC0AD4A904E0,EDEA19172EC8B1463BDD19E3A18778C5756710A1,3A4D13F52A4C9A13AD60D94615D4C0B2F5F69E3C,2020-09-25 16:07:50.612000,2020-09-25 16:07:52.058000
o6ggnpzg7otzbinf,failed,not_found,172,DA60C85D526374C1DC8A8796E93F12F7CA3019F2,0C475BA4D3AA3C289B716F95954CAD616E50C4E5,D1640589B1C0CC8BC657E07F9F739C267C08A768,4F3056E9D4BAC38EC2100063745221553630ECCB,2020-09-25 16:07:52.058000,2020-09-25 16:07:52.603000
o6ggnpzg7otzbinf,failed,not_found,202,DA60C85D526374C1DC8A8796E93F12F7CA3019F2,F15A2A08BF91017DCFB6042171635661E13A8256,F3DF2415A5ECFB57835CF7E629C3AD0E1DA6732B,3A6164437EF523E4907E7D97CAB135EFC39621F6,2020-09-25 16:07:52.604000,2020-09-25 16:07:53.841000
o6ggnpzg7otzbinf,failed,not_found,232,DA60C85D526374C1DC8A8796E93F12F7CA3019F2,D1F2C5C820B3F96BE6144CBFB84FDDF9D0EC0810,CD9BFE309010778D64ED5E55D5EEAA92B2020DE8,3A51E32A303A0E0A3AB8AA1CCBE98FF8791E2341,2020-09-25 16:07:53.841000,2020-09-25 16:07:55.049000
o6ggnpzg7otzbinf,failed,not_found,266,DA60C85D526374C1DC8A8796E93F12F7CA3019F2,819C8AFEDAC733315A8F3DB80F043F13090C49F6,E5CC91BAFE7CCD68003E873D32E38027638D49D7,4F500157ABF70A1A94636D268A742A8B227B8BFD,2020-09-25 16:07:55.049000,2020-09-25 16:07:56.260000
hmcmejn3xgufvmwt,failed,not_found,121,DA60C85D526374C1DC8A8796E93F12F7CA3019F2,64E257D94E739278D5954CC820C9D7EAC4E7A7B7,3B60AEB127F4A8CDE7F3798B799EBDC3463FB9C7,348439F4A3D959E6D1481070DA81A135343419CB,2020-09-25 16:07:49.006000,2020-09-25 16:07:53.379000
hmcmejn3xgufvmwt,failed,not_found,215,DA60C85D526374C1DC8A8796E93F12F7CA3019F2,FB691D6E3FEE35C6979EE72AF03A53DD861B4CBB,081C9DF6A615A300B382C004DFE2CC37B561C9A0,345E03CEFB7BF04613FCA14532F38D1BB9EDBD47,2020-09-25 16:07:53.380000,2020-09-25 16:07:54.525000
hmcmejn3xgufvmwt,failed,not_found,249,DA60C85D526374C1DC8A8796E93F12F7CA3019F2,8B0D8D35EC9BE90675E1D054DD7F52F555C80085,96D656384559910834CFDB128D843F819D5D2FD5,7D3307C578AD1B1D818D74E38635BDACB390A845,2020-09-25 16:07:54.525000,2020-09-25 16:07:56.342000
hmcmejn3xgufvmwt,failed,not_found,297,DA60C85D526374C1DC8A8796E93F12F7CA3019F2,33D88F331408141F2A2CC563239E54E48F7A211B,5CFC486780CBD4446B764E51608D6574003B350D,7D41FED58481A0E594C642E74176C811778D91A6,2020-09-25 16:07:56.342000,2020-09-25 16:07:57.444000
hmcmejn3xgufvmwt,failed,not_found,333,DA60C85D526374C1DC8A8796E93F12F7CA3019F2,6CC25EF1B7BA8E6AB5B4F62B3D7D1B6C2E5DB6F3,6DA5D1B9B239501838E19CC0ACBAFAE737AEEC5B,7D277B076A1A044F0FDEE9EAB02CFFF655C29894,2020-09-25 16:07:57.445000,2020-09-25 16:07:58.914000
hmcmejn3xgufvmwt,failed,not_found,369,DA60C85D526374C1DC8A8796E93F12F7CA3019F2,901CBA6FF3B90618D3FFEFF040353C267F690DF8,AA7630738F82C4DF26BB8EFF131564DACDEAC64C,3466C887F0F53CA5F65662F601A57F329DB460E9,2020-09-25 16:07:58.915000,2020-09-25 16:08:00.349000
khkq3g3byr5rt42d,failed,not_found,122,DA60C85D526374C1DC8A8796E93F12F7CA3019F2,1B90395827F7499A37C73F09BC5AA0225808F6FC,A99B0D9E5FD5BC3C8F2D006EC91F8C7F40E09CB8,F484E90218B4BF0B978C0B146D8669DB55B9ED01,2020-09-25 16:07:49.006000,2020-09-25 16:07:51.370000
khkq3g3byr5rt42d,failed,not_found,171,DA60C85D526374C1DC8A8796E93F12F7CA3019F2,CEC0E348E90D60EBC562F338499E1C74298F9DDA,9A48EC8AAFB2E8C9E20408596383DB74F1196747,F9246DEF2B653807236DA134F2AEAB103D58ABFE,2020-09-25 16:07:51.370000,2020-09-25 16:07:52.605000
khkq3g3byr5rt42d,failed,not_found,203,DA60C85D526374C1DC8A8796E93F12F7CA3019F2,A99B0D9E5FD5BC3C8F2D006EC91F8C7F40E09CB8,9F5068310818ED7C70B0BC4087AB55CB12CB4377,F91931C25343C1B073641B5C46D2BDDBFE04B9F1,2020-09-25 16:07:52.605000,2020-09-25 16:07:55.832000
khkq3g3byr5rt42d,failed,not_found,281,DA60C85D526374C1DC8A8796E93F12F7CA3019F2,50C7B836942F14BDF1541B017CF21FD03F354E13,72C2EB697C3CD4CE7408359B386DEE6B2888F714,F919A0CB490DA12BB8C34C273FD765FA32C69E55,2020-09-25 16:07:55.832000,2020-09-25 16:07:57.039000
khkq3g3byr5rt42d,failed,not_found,315,DA60C85D526374C1DC8A8796E93F12F7CA3019F2,6DA5D1B9B239501838E19CC0ACBAFAE737AEEC5B,987D0706D42070F1E2142A9FCCB56B3887808D34,F48FD1AED068496D51D1384BC7497C04E4985DA6,2020-09-25 16:07:57.040000,2020-09-25 16:07:58.148000
khkq3g3byr5rt42d,failed,not_found,352,DA60C85D526374C1DC8A8796E93F12F7CA3019F2,4E896071CA6A712FA9CBD0E369B75962654C0D1B,CBB5AE37E2927A915D70FA71572D2EA203F03E83,F4873B3EC3325B81DC36C7E38AD3A5ED12B2F339,2020-09-25 16:07:58.148000,2020-09-25 16:08:01.258000
wlu5x7ufuaep7vjh,failed,not_found,217,DA60C85D526374C1DC8A8796E93F12F7CA3019F2,335037A5AAAE9FEF4A7A00AE5F68064971F1710D,62274AC17DCCF4030A6AD8CEBED0C36E7B8592D8,52CD98902F6376E84DF2415B906F1426D585564D,2020-09-25 16:07:49.016000,2020-09-25 16:07:54.915000
wlu5x7ufuaep7vjh,failed,not_found,258,DA60C85D526374C1DC8A8796E93F12F7CA3019F2,25990FC54D7268C914170A118EE4EE75025451DA,6B7ABD237CF25E5F787F365AF5FC4C86F0213A9F,A613E402885F5D248889CD6EA85DE61D022D760E,2020-09-25 16:07:54.915000,2020-09-25 16:07:56.146000
wlu5x7ufuaep7vjh,failed,not_found,287,DA60C85D526374C1DC8A8796E93F12F7CA3019F2,79509683AB4C8DDAF90A120C69A4179C6CD5A387,82B94663F141978FB2252A166A7FCFF0BA3A1701,A60697FF383EEEE2E88505DD4E305C07BF326B11,2020-09-25 16:07:56.146000,2020-09-25 16:07:57.082000
wlu5x7ufuaep7vjh,failed,not_found,317,DA60C85D526374C1DC8A8796E93F12F7CA3019F2,7C22E89AB620E77DF1B4A33787A5EC3F2AB4A8D1,3BADB3EFFB87534736BFAC9A2024AB78401BDBC3,52DEEF88F5ACC98920FA249D4CE9BC720396E8D9,2020-09-25 16:07:57.082000,2020-09-25 16:07:58.324000
wlu5x7ufuaep7vjh,failed,not_found,354,DA60C85D526374C1DC8A8796E93F12F7CA3019F2,B2D03CDF45EB4D74A65FAC4F00EBA785C9663A5F,774908E4A3018A9696BD02FE4F3F8A8724396D22,52D5FB2004C67127C73B71478238FA66122BD443,2020-09-25 16:07:58.324000,2020-09-25 16:07:59.362000
wlu5x7ufuaep7vjh,failed,not_found,388,DA60C85D526374C1DC8A8796E93F12F7CA3019F2,2F2710152A2344B1DE3EF619E85CB1B298643D27,890530C5B510A506F5CF206EFEC1595F96E727A5,A604086EAE838774F809811925A223DCFDBB1D17,2020-09-25 16:07:59.362000,2020-09-25 16:08:01.215000
4a43lyberdfig22x,failed,not_found,163,DA60C85D526374C1DC8A8796E93F12F7CA3019F2,06B308F54B4A779D74B30536964182A09C08AB8F,D5C6F62A5D1B3C711CA5E6F9D3772A432E96F6C2,66B06D59BDFC90EBC6EDE79C558275F2CD4799B0,2020-09-25 16:07:49.982000,2020-09-25 16:07:52.512000
4a43lyberdfig22x,failed,not_found,199,DA60C85D526374C1DC8A8796E93F12F7CA3019F2,5DE37A3371AAE7638748EB43C9F1CE66E09D4470,B1289B91C190A6803C1ADA6E381C0843CE039D70,F7B024DB02C601185C202E26DFFD2AD525C16A36,2020-09-25 16:07:52.513000,2020-09-25 16:07:53.575000
4a43lyberdfig22x,failed,not_found,228,DA60C85D526374C1DC8A8796E93F12F7CA3019F2,D1E706B9021A0BF8E9663DB207D9D9EC03A70DAC,F3DF2415A5ECFB57835CF7E629C3AD0E1DA6732B,66BBF3FB2BC9B778600E42256EE91FB0B9D16BE4,2020-09-25 16:07:53.575000,2020-09-25 16:07:54.649000
4a43lyberdfig22x,failed,not_found,252,DA60C85D526374C1DC8A8796E93F12F7CA3019F2,42D47C736518BFA495CA31AEE40AE468F0BDA2A6,DA8D76F5F5819693B5C96F499BA19F7404014769,66BD39FE805AED414ADE400CAAD862C9CC3AC34E,2020-09-25 16:07:54.649000,2020-09-25 16:07:55.730000
4a43lyberdfig22x,failed,not_found,280,DA60C85D526374C1DC8A8796E93F12F7CA3019F2,F3A3461889BF97250F50A7BAAAE4A2B92062F6D7,3B5C6ED2C1DECEB32BF1AD9B7B272F4CE9CE0656,F75E570446D8E14E1FAECB64CB2467A1CA804A0E,2020-09-25 16:07:55.730000,2020-09-25 16:07:57.120000
4a43lyberdfig22x,failed,not_found,319,DA60C85D526374C1DC8A8796E93F12F7CA3019F2,8127FEAAF63A37CDB3CF0D1DA75D1B8D6DA90AD9,A1915DFA36B3EF33DCC9021ACF1A955C51BF0979,F7ACB36752F2D27A03800E505D1599F26C981B53,2020-09-25 16:07:57.121000,2020-09-25 16:07:58.832000
woyjunjcbmp6fy2s,failed,not_found,145,DA60C85D526374C1DC8A8796E93F12F7CA3019F2,E5CC91BAFE7CCD68003E873D32E38027638D49D7,7A3E534C033E3836BD5AF223B642853C502AB33A,C9857DF26C27473F7338D613832C9C299ABF77BE,2020-09-25 16:07:49.995000,2020-09-25 16:07:51.091000
woyjunjcbmp6fy2s,failed,not_found,166,DA60C85D526374C1DC8A8796E93F12F7CA3019F2,FFA72BD683BC2FCF988356E6BEC1E490F313FB07,58F3E2956EABB81F673E2FB90E16E001DB4AC3AE,6ACAB4394A94BBFFF391497143E3B49C84798672,2020-09-25 16:07:51.092000,2020-09-25 16:07:52.219000
woyjunjcbmp6fy2s,failed,not_found,188,DA60C85D526374C1DC8A8796E93F12F7CA3019F2,17ABA734572DBB1050CF3800F0DD145BAE7ED9A7,3BADB3EFFB87534736BFAC9A2024AB78401BDBC3,C980254CCF8BC5187B4F1671DA6D00DF252B5451,2020-09-25 16:07:52.219000,2020-09-25 16:07:53.147000
woyjunjcbmp6fy2s,,,,,,,6AD2D73B1A0A931AD792117D58A6C65EF411EBC2,2020-09-25 16:07:53.148000,
ugtigiln4hcectru,failed,not_found,147,DA60C85D526374C1DC8A8796E93F12F7CA3019F2,BF7BFCB3096FC81FBD0B7ADA66164431EC7FD117,970F0966DAA7EBDEE44E3772045527A6854E997B,99B2CBF6EFD80ACD303E8089656668EF236015CD,2020-09-25 16:07:50.024000,2020-09-25 16:07:51.128000
ugtigiln4hcectru,failed,not_found,167,DA60C85D526374C1DC8A8796E93F12F7CA3019F2,A5FCB634B0915D910613745D0DB3593B5FD38449,A016192D0A87FC9354A7523A211BBD9CF859708B,99C5ACEF5AC8E3D3C4DE79004F3AC649B375891C,2020-09-25 16:07:51.128000,2020-09-25 16:08:03.510000
ugtigiln4hcectru,failed,not_found,488,DA60C85D526374C1DC8A8796E93F12F7CA3019F2,7272FA27A7F99E88D59BE2018E3F14FB88BF9786,7992F172EDBE69B99F0190651BAC14DD0FD9E5C8,998A0704E0AA4F373A7CEA51628E895320EC2EDB,2020-09-25 16:08:03.511000,2020-09-25 16:08:05.227000
ugtigiln4hcectru,failed,not_found,529,DA60C85D526374C1DC8A8796E93F12F7CA3019F2,0A5000E5FF2977E0D236B9F5B47590D8888494DF,FFA72BD683BC2FCF988356E6BEC1E490F313FB07,FE857C3043412FD5454ED5FEF55C4C572E5B70CF,2020-09-25 16:08:05.228000,2020-09-25 16:08:06.523000
ugtigiln4hcectru,failed,not_found,563,DA60C85D526374C1DC8A8796E93F12F7CA3019F2,FDAB3722A4EA6A86E35D9AC84222F3E11F2F6D6D,509EAB4C5D10C9A9A24B4EA0CE402C047A2D64E6,FEA045FF57EE6A7E318DAF72AF916B5F8B0F4997,2020-09-25 16:08:06.523000,2020-09-25 16:08:08.111000
ugtigiln4hcectru,failed,not_found,602,DA60C85D526374C1DC8A8796E93F12F7CA3019F2,7992F172EDBE69B99F0190651BAC14DD0FD9E5C8,4A60B05738087419BFF41A41D2059873EE16E1E9,FE9CB0E0629636EBD8D0C71F46E387B944C01BCF,2020-09-25 16:08:08.111000,2020-09-25 16:08:09.588000
skcjhm3zjgaifado,failed,not_found,148,DA60C85D526374C1DC8A8796E93F12F7CA3019F2,D1B1A550FEE3A05E71CA9080D14CCA3B746C0C17,C3263F4B4E92127B7CD15E8F9746B4382233424A,475C893CCA9661B407865B6DBB30C021AE45F1DA,2020-09-25 16:07:50.025000,2020-09-25 16:07:51.304000
skcjhm3zjgaifado,failed,not_found,170,DA60C85D526374C1DC8A8796E93F12F7CA3019F2,070229A4CC2CFFB24EB667298A7DB5E8D11EB701,FD449127D30D8F5D124653D9EF736EDF4A12B4DC,474648D2DFC1C060A5CA74C8A5976807B7FB5FE0,2020-09-25 16:07:51.305000,2020-09-25 16:07:52.415000
skcjhm3zjgaifado,failed,not_found,198,DA60C85D526374C1DC8A8796E93F12F7CA3019F2,00E1649E69FF91D7F01E74A5E62EF14F7D9915E4,6FF440DFB1D0697B942357D747900CC308DD57CC,475B34D76756910C11EB7752EB8285F6BE00C1EE,2020-09-25 16:07:52.416000,2020-09-25 16:07:53.930000
skcjhm3zjgaifado,failed,not_found,233,DA60C85D526374C1DC8A8796E93F12F7CA3019F2,9EA4649400C7D35E20C734FA737CF615E925F1E4,787768FEF9FBFE2D9B8E0214019A7F9960D39206,22BCD0DFD148209C9860C7F89907AB4DEE974A08,2020-09-25 16:07:53.931000,2020-09-25 16:07:54.862000
skcjhm3zjgaifado,failed,not_found,257,DA60C85D526374C1DC8A8796E93F12F7CA3019F2,38F21DEE29E40DCDF9460A80662B7723562CA008,59BA3AF200722142DDA0BA2452DAE683EBC54939,22A6BE98D201B101C32661739967BF4DED12EF96,2020-09-25 16:07:54.862000,2020-09-25 16:07:56.258000
skcjhm3zjgaifado,failed,not_found,293,DA60C85D526374C1DC8A8796E93F12F7CA3019F2,61F3A840F61EEFFF682C6243534ECEB09ADFE3B3,1CD48F4ED0F1821FFBF1940802A13EEFD4C27502,22D2314BC5146890A8E5C19C884D96C0CBFEAA24,2020-09-25 16:07:56.259000,2020-09-25 16:07:57.884000
pevrfh365sosxaqu,failed,not_found,179,DA60C85D526374C1DC8A8796E93F12F7CA3019F2,8FA37B93397015B2BC5A525C908485260BE9F422,8D41994D1D18E94403C3F67D0699E4C9D2248D4A,9063C7EC4A3273446DC05E9310A5C5B2F4235696,2020-09-25 16:07:51.778000,2020-09-25 16:07:52.707000
pevrfh365sosxaqu,failed,not_found,205,DA60C85D526374C1DC8A8796E93F12F7CA3019F2,2CD317C624803B77EAD32C96382884B0CAD4DB3F,D54247E35545388D9C42E4716EDC59F67907789F,903A2A7991C838E70FF5A586CD387749B3589669,2020-09-25 16:07:52.708000,2020-09-25 16:07:53.953000
pevrfh365sosxaqu,failed,not_found,234,DA60C85D526374C1DC8A8796E93F12F7CA3019F2,855BC2DABE24C861CD887DB9B2E950424B49FC34,3BADB3EFFB87534736BFAC9A2024AB78401BDBC3,63C81BCA835570069A7FCD48312DEA707F6CBAA2,2020-09-25 16:07:53.954000,2020-09-25 16:07:54.861000
pevrfh365sosxaqu,failed,not_found,247,DA60C85D526374C1DC8A8796E93F12F7CA3019F2,18671DE5092C67883BFB2450C3267B92618BEC66,DC9564AE8BC7BF5F722E3677C897ED1B578C8D81,63C6AB74A5C288C2159DDC783BB00F88AB44427C,2020-09-25 16:07:54.861000,2020-09-25 16:07:55.452000
pevrfh365sosxaqu,failed,not_found,383,DA60C85D526374C1DC8A8796E93F12F7CA3019F2,38471394F06B2B86404768193C929313962FDC2F,461453F94FA0E3CBB011685E22CDAFD2AF0DFDC3,63CD37872814AD1623C239CB7A0CB9C4E3CEB923,2020-09-25 16:07:55.453000,2020-09-25 16:08:08.757000
pevrfh365sosxaqu,failed,not_found,614,DA60C85D526374C1DC8A8796E93F12F7CA3019F2,9C34EAD957DF77978BCF356F3F96B9A79E3961CB,DCAA176F75B04287131C6D78B7CFDDAC6F2691D9,90633012A1A752D8D02FEC8374A4BF98941A1900,2020-09-25 16:08:08.758000,2020-09-25 16:08:09.999000
5syieedykmxqkwj5,failed,not_found,180,DA60C85D526374C1DC8A8796E93F12F7CA3019F2,567221DD586D0E388A6859FB33C09696BD20151B,92BBADCB0697F5EB1792C607EE2DC1C291A98ADC,9D21F034C3BFF4E7737D08CF775DC1745706801F,2020-09-25 16:07:51.808000,2020-09-25 16:07:54.038000
5syieedykmxqkwj5,failed,not_found,239,DA60C85D526374C1DC8A8796E93F12F7CA3019F2,97B7BA747B62A9962DEDCE404FF33106D4032F91,8FA37B93397015B2BC5A525C908485260BE9F422,74C0C2705DB1192C03F19F7CD1BB234843B1A81F,2020-09-25 16:07:54.038000,2020-09-25 16:07:56.198000
5syieedykmxqkwj5,failed,not_found,290,DA60C85D526374C1DC8A8796E93F12F7CA3019F2,BBD1B1A22695396C75DFF338A8FF7A12804A607A,CB72A74E8197DF3B33EE6A0895E5BB871D10CF92,9CFA49D7F6C1774FFECC12AD3F3E59BD781285EF,2020-09-25 16:07:56.198000,2020-09-25 16:07:57.884000
5syieedykmxqkwj5,failed,not_found,345,DA60C85D526374C1DC8A8796E93F12F7CA3019F2,E546C96AEB2258BD0733949027E8F96156F6B290,1C7D71A2581DE79C5CFC4ED1FF75D5BE30F01BB7,74B41DED505CFABC7A8D439362FC9B6589DE4591,2020-09-25 16:07:57.884000,2020-09-25 16:07:59.176000
5syieedykmxqkwj5,failed,not_found,379,DA60C85D526374C1DC8A8796E93F12F7CA3019F2,90D43CF5541ECF57C1833FED33FFDFF239C4817C,00C22D3BC1822EB8EA380AF04245337399E796E2,74B8B22AF950B0BE11D8A228FB09D2F5279FB757,2020-09-25 16:07:59.176000,2020-09-25 16:08:01.089000
5syieedykmxqkwj5,failed,not_found,431,DA60C85D526374C1DC8A8796E93F12F7CA3019F2,23A2D8DDF761F35CC63BDF65E604B76A7E2F6971,29A39144AD141242436D07901F7A8B91F7516A66,9D1E4B6383D9398D1592C1D8087D6817278F9DBF,2020-09-25 16:08:01.090000,2020-09-25 16:08:02.517000
3yabhtglt6si3aay,failed,not_found,181,DA60C85D526374C1DC8A8796E93F12F7CA3019F2,648E97719EDEC4F0E08F1CEB8D24F2C8F587344C,EAA823552F959DFD038E9AC8FA89345A738B6C00,5AB297EF1FB13A12003203F14045E15FF34B23A4,2020-09-25 16:07:51.808000,2020-09-25 16:07:53.379000
3yabhtglt6si3aay,failed,not_found,214,DA60C85D526374C1DC8A8796E93F12F7CA3019F2,B0A63BC3FDA67A7ADD1BE08BAA8309C4B204D29B,1E03D81C9744DE0E3C9DE6E6FBDF1DF9DAEA5AFC,5AD3FB658E490BAD9515F363374AA41D65D31A02,2020-09-25 16:07:53.379000,2020-09-25 16:07:56.514000
3yabhtglt6si3aay,failed,not_found,304,DA60C85D526374C1DC8A8796E93F12F7CA3019F2,BF50E09EED25B82861CF95E1AAA42DCFEF53E5D1,E6C04728E9339DF22F331B7017D4A7AA3F252F0B,2CD9A9BEFC2FD3BA4A2A53EFA7B16C7C66956D90,2020-09-25 16:07:56.515000,2020-09-25 16:07:57.507000
3yabhtglt6si3aay,failed,not_found,336,DA60C85D526374C1DC8A8796E93F12F7CA3019F2,EAA088440B100FF8407266B5D4853FFB16A8CB67,D56A98D38FC3C75E0347EEF3DD9C12749AF7C7C5,5ACC0FB6043235708F7E018E315101FA2194CBB4,2020-09-25 16:07:57.508000,2020-09-25 16:07:58.584000
3yabhtglt6si3aay,failed,not_found,362,DA60C85D526374C1DC8A8796E93F12F7CA3019F2,39CF2F22E5018C01FD57DEB1AB8FDFA4592633FB,EFD8DF124A74D2961FBF752BF31EC3A5D411C349,2CD317C624803B77EAD32C96382884B0CAD4DB3F,2020-09-25 16:07:58.585000,2020-09-25 16:07:59.799000
3yabhtglt6si3aay,failed,not_found,396,DA60C85D526374C1DC8A8796E93F12F7CA3019F2,064D183D34DECB84F72C4335B0C24D1E8946A9BA,AC61D1722091F2FC4760776AF2C230D9DC679C03,2CD5474E33D12629156B92FBD61FAAB22D07B0F7,2020-09-25 16:07:59.800000,2020-09-25 16:08:01.422000
mume2gsq7pcckyxx,failed,not_found,182,DA60C85D526374C1DC8A8796E93F12F7CA3019F2,EB65CCB8612FA67FED17B57DA5B6919E40296DD0,5E4D1E6D31413DCCC148A8050224578CBBF12883,7F7BE7926AF718D6A3DED24D694D94C1D5FACF28,2020-09-25 16:07:51.808000,2020-09-25 16:07:52.823000
mume2gsq7pcckyxx,failed,not_found,207,DA60C85D526374C1DC8A8796E93F12F7CA3019F2,425835370C1FBE178C21CB53C76672F12BDE091A,BD6FFF1AD5A88A8D43870D43EC4450081B4B2BBA,5333C98E703385743AE931ECC929C5E4B32A0CD0,2020-09-25 16:07:52.824000,2020-09-25 16:07:54.156000
mume2gsq7pcckyxx,failed,not_found,242,DA60C85D526374C1DC8A8796E93F12F7CA3019F2,66BD39FE805AED414ADE400CAAD862C9CC3AC34E,BE9B12FAAB7429842D643E2308390ECD8961E0A1,7FF94320963B5CDAF9A072CE9BEE9B4F1F2B383C,2020-09-25 16:07:54.156000,2020-09-25 16:07:55.340000
mume2gsq7pcckyxx,failed,not_found,272,DA60C85D526374C1DC8A8796E93F12F7CA3019F2,11ABDB4D0B944F186A898560CB82C70439957DCA,B143D439B72D239A419F8DCE07B8A8EB1B486FA7,7FA3FA525901A91A1310B817943668BC2C16289E,2020-09-25 16:07:55.341000,2020-09-25 16:07:56.425000
mume2gsq7pcckyxx,failed,not_found,301,DA60C85D526374C1DC8A8796E93F12F7CA3019F2,6B9EA8927AB6E94E216067E65372182343A5AFA2,3049EFE686931232C81EA4DD975AF60C962CED01,53134D9637D9FBE565FA1E3AF82B23CC964C56D6,2020-09-25 16:07:56.426000,2020-09-25 16:07:57.515000
mume2gsq7pcckyxx,failed,not_found,337,DA60C85D526374C1DC8A8796E93F12F7CA3019F2,03910F285A33F365838EC66EF2C2EF754D046760,CD0F9AA1A5064430B1DE8E645CBA7A502B27ED5F,531BE6C3195A757C116B9566B944DD0B2B6A23B0,2020-09-25 16:07:57.516000,2020-09-25 16:07:59.434000
ch76iqpmtralsonn,failed,not_found,189,DA60C85D526374C1DC8A8796E93F12F7CA3019F2,CDA9361C072A86719AA3D5A283F5BFBCBF82133B,EA3616A0B9BBBDC74121D8D6F01EABDDCF6BE35D,18671DE5092C67883BFB2450C3267B92618BEC66,2020-09-25 16:07:52.332000,2020-09-25 16:07:53.314000
ch76iqpmtralsonn,failed,not_found,212,DA60C85D526374C1DC8A8796E93F12F7CA3019F2,B98DF300E5EA67357A7F5DDFBA213E6E8312A27C,FB806F6022715C38A516157076025DDE81C37C1C,18B160CD5E22BFC345AEE7BA84B7EA45BF457FCA,2020-09-25 16:07:53.315000,2020-09-25 16:07:55.032000
ch76iqpmtralsonn,failed,not_found,265,DA60C85D526374C1DC8A8796E93F12F7CA3019F2,38E48C9509E18F405749859EEF299EBC1B829602,93F97B76A7D0F0947C4C75AC62017E45BBFE6C08,18AE6D2FF062CACFD9F7E5942DE71787021B10B8,2020-09-25 16:07:55.033000,2020-09-25 16:07:56.880000
ch76iqpmtralsonn,failed,not_found,311,DA60C85D526374C1DC8A8796E93F12F7CA3019F2,4FF53BC47097B50DA5B68D72C5B25CC079F4A787,BD552C165E2ED2887D3F1CCE9CFF155DDA2D86E6,5333C98E703385743AE931ECC929C5E4B32A0CD0,2020-09-25 16:07:56.881000,2020-09-25 16:07:59.325000
ch76iqpmtralsonn,failed,not_found,482,DA60C85D526374C1DC8A8796E93F12F7CA3019F2,2FFE5FAF70D20E76B0474AE9E40C2A0B53F8D9F0,23A2D8DDF761F35CC63BDF65E604B76A7E2F6971,53412DCC555335B400DB72750ED0BE08D034D779,2020-09-25 16:07:59.325000,2020-09-25 16:08:04.696000
ch76iqpmtralsonn,failed,not_found,515,DA60C85D526374C1DC8A8796E93F12F7CA3019F2,FF8F56B5E1A36341F84FF72927CEB3F0AC6BC6A9,128FC6D8FBF753121C5662FEE309CCD47B64BA6B,5368AB8D9033A357729D3578617A6493AB5DA3A8,2020-09-25 16:08:04.697000,2020-09-25 16:08:06.507000
bgxsyqmhsvk4rplw,failed,not_found,245,DA60C85D526374C1DC8A8796E93F12F7CA3019F2,1EC884DC535E29D485684CD93D612F9F61C9EF71,CDAF0B74C45FD5B1955198A8D92C8A518A53D07B,B426BB592E20008B7ED9E9D7AC5651ED8B0EB39E,2020-09-25 16:07:52.333000,2020-09-25 16:07:55.421000
bgxsyqmhsvk4rplw,failed,not_found,276,DA60C85D526374C1DC8A8796E93F12F7CA3019F2,461453F94FA0E3CBB011685E22CDAFD2AF0DFDC3,43FF3346A3F8E4ED27F631DC956C4CD8D6173D7A,B428E8A48C62E35536E5F30BA348A05ACE5FDF14,2020-09-25 16:07:55.421000,2020-09-25 16:07:56.640000
bgxsyqmhsvk4rplw,failed,not_found,321,DA60C85D526374C1DC8A8796E93F12F7CA3019F2,F5F4019509109A07E90C45A022CEED9ECA1643C8,655A0861B84205093E6E3A9C87EB128C9C4F93AE,B411027C926A9BFFCF7DA91E3CAF1856A321EFFD,2020-09-25 16:07:56.641000,2020-09-25 16:07:58.903000
bgxsyqmhsvk4rplw,failed,not_found,357,DA60C85D526374C1DC8A8796E93F12F7CA3019F2,7B0D94D348D9F98C50B6674C5CB17AF35EA2605F,163303F0583A1917326214379BD1AB2D286046EA,484A10BA2B8D48A5F0216674C8DD50EF27BC32F3,2020-09-25 16:07:58.903000,2020-09-25 16:07:59.450000
bgxsyqmhsvk4rplw,failed,not_found,391,DA60C85D526374C1DC8A8796E93F12F7CA3019F2,75A931404453030821C547A4FAA9094A06C48C7A,5820D7E2CC290462233845BA807D616494CF0D7D,482A687F14182974926CE0B3ACFFC8D6247ED7DF,2020-09-25 16:07:59.451000,2020-09-25 16:08:03.798000
bgxsyqmhsvk4rplw,failed,not_found,493,DA60C85D526374C1DC8A8796E93F12F7CA3019F2,62A60158A2C302E3DA792D7A4F5339F41321E5D9,C9B68C802CA20C3E4FA46D77153D6EDC80F13CF5,4837A6DFFC8E3681D70AD9E8D057C029093DA2F7,2020-09-25 16:08:03.799000,2020-09-25 16:08:04.906000
kbzjtsuuh5tkryps,failed,not_found,191,DA60C85D526374C1DC8A8796E93F12F7CA3019F2,88CF8D42D49B7C8E9D03ABE5DAE7AF25E9902008,AE6A8C18E7499B586CD36246AC4BCAFFBBF93AB2,93E2C269B2E127CFF42CEA322B8BEF1AEC28C891,2020-09-25 16:07:52.333000,2020-09-25 16:07:53.187000
kbzjtsuuh5tkryps,failed,not_found,209,DA60C85D526374C1DC8A8796E93F12F7CA3019F2,4B68D0E5392ED6F3469A37880631353A96558631,F0AE51D182DA3B1FB452666EE3E5EA906C431CBF,937F201D2797314953F268D252F5C98D3FA9F71E,2020-09-25 16:07:53.187000,2020-09-25 16:07:55
kbzjtsuuh5tkryps,failed,not_found,262,DA60C85D526374C1DC8A8796E93F12F7CA3019F2,D60C2D85EAD93D23F1C00874D334BBF8A96CD529,9A51C5D79C30B9F3B527EC77EF901DDAB76C3AB5,939126EA4D25CB212A79746C133194F8A24C435B,2020-09-25 16:07:55,2020-09-25 16:07:56.032000
kbzjtsuuh5tkryps,failed,not_found,286,DA60C85D526374C1DC8A8796E93F12F7CA3019F2,17CDC54BBDBDED0574C04FEE37C4030455C2F28E,78378DDD015C4E1C9242A5EC41158AF1E24CF43E,F5DB8E33F8D351B600932251EFE67357485405F2,2020-09-25 16:07:56.032000,2020-09-25 16:07:57.204000
kbzjtsuuh5tkryps,failed,not_found,324,DA60C85D526374C1DC8A8796E93F12F7CA3019F2,D87698D8E2276C7E93D531B7C2A1B27D58C71876,D69660417D1BEEC6E9ED2CDCEABC4872BC111ADE,F5E368D9FC8693BB85D2F65A262E676353BAD69D,2020-09-25 16:07:57.205000,2020-09-25 16:07:58.352000
kbzjtsuuh5tkryps,failed,not_found,355,DA60C85D526374C1DC8A8796E93F12F7CA3019F2,E130296683B896A117CE5DA531A5645644178734,98AEF7B834D688773CE2BCC5A32761A4943CF623,F5C3DA7642BB037E0D279359AE88CD7FC03A98A0,2020-09-25 16:07:58.352000,2020-09-25 16:07:59.362000
yqraptjajtxilzjo,failed,not_found,192,DA60C85D526374C1DC8A8796E93F12F7CA3019F2,00B57BF614F7ED3051073B5D4526FF0B23AF217B,CE694BA8D019EE60D8E7838CC177E689CEA825EA,D245C3E824456945C6759599CB8A0547135A066D,2020-09-25 16:07:52.369000,2020-09-25 16:07:53.978000
yqraptjajtxilzjo,failed,not_found,220,DA60C85D526374C1DC8A8796E93F12F7CA3019F2,EAA823552F959DFD038E9AC8FA89345A738B6C00,C0CBBD17F848C8F9A49104A96DB498013B30F14F,21AC6EF15C86641CE623B8A08D64144BCAC14AEC,2020-09-25 16:07:53.978000,2020-09-25 16:07:54.858000
yqraptjajtxilzjo,failed,not_found,256,DA60C85D526374C1DC8A8796E93F12F7CA3019F2,4ECBF37E4953F48AA02CA30AE929789218B07C80,E00DFD54DC165D5452FBD3530D30186DAD016A0C,21B55072C00F4522857655FBB0F3E25D75A5357B,2020-09-25 16:07:54.858000,2020-09-25 16:07:56.299000
yqraptjajtxilzjo,failed,not_found,295,DA60C85D526374C1DC8A8796E93F12F7CA3019F2,118496882F58E787DC24F5C219B93F22BA5820D8,31FC0066DA78D1464A2542E8D9EBF6FD6F99AE1E,D24FB714345D4B9061CEA89ACBAD343081F14928,2020-09-25 16:07:56.300000,2020-09-25 16:07:57.266000
yqraptjajtxilzjo,failed,not_found,325,DA60C85D526374C1DC8A8796E93F12F7CA3019F2,F30317E9FD0C3A56058928D64540672B59902D1E,A9406A006D6E7B5DA30F2C6D4E42A338B5E340B2,21B930A24B24E82500A830CA796DD598A5E2DDD0,2020-09-25 16:07:57.267000,2020-09-25 16:08:00.906000
yqraptjajtxilzjo,failed,not_found,421,DA60C85D526374C1DC8A8796E93F12F7CA3019F2,E916F2ACBA67EC57AFAF450AA84E528308835418,41CEB66108B70108F148BF7778260A87723AACA1,D228AE265C966CA4E9A8C4B746A30A9737060A32,2020-09-25 16:08:00.906000,2020-09-25 16:08:01.996000
n4ro7ldlmaupswjp,failed,not_found,222,DA60C85D526374C1DC8A8796E93F12F7CA3019F2,A4E120350425BAD920307FFA74440F95D0172302,912A7C57E05606AF602EC63D1D06BBD5C7AAE516,023EBBC57BEB7F45473B3DC2AA811FB3AABA4466,2020-09-25 16:07:53.509000,2020-09-25 16:07:54.608000
n4ro7ldlmaupswjp,failed,not_found,251,DA60C85D526374C1DC8A8796E93F12F7CA3019F2,62CF4982747BFDE3C0395A3894554BD8DC3C5D92,A2C6C931D8627C6605288970889DDB88C7BA2142,022A5535F42B1A9F9AA755C4EAB5F36FEF9781D8,2020-09-25 16:07:54.609000,2020-09-25 16:07:55.595000
n4ro7ldlmaupswjp,failed,not_found,278,DA60C85D526374C1DC8A8796E93F12F7CA3019F2,1E7416D0CF37A6661B0130F54C6EBEF071E36C4D,7BE4752877553A96CD4035D0C526BCD09E81CC64,025B66CEBC070FCB0519D206CF0CF4965C20C96E,2020-09-25 16:07:55.596000,2020-09-25 16:07:57.731000
n4ro7ldlmaupswjp,failed,not_found,330,DA60C85D526374C1DC8A8796E93F12F7CA3019F2,1CDCB48F64E21D5ACAFE2471912E2E76F600EDFA,C86C538EF0A24E010342F30DBCACC2A7EB7CA833,745369332749021C6FAF100D327BC3BF1DF4707B,2020-09-25 16:07:57.731000,2020-09-25 16:07:58.652000
n4ro7ldlmaupswjp,failed,not_found,365,DA60C85D526374C1DC8A8796E93F12F7CA3019F2,6FB20BB05A841CDDB308E85A4D117FCFC911F5EA,D7829A21726220AF77401BE5B2B132963A0BE82B,745048F51A834FA9152F62021593F2CD62C31ABA,2020-09-25 16:07:58.652000,2020-09-25 16:08:00.500000
n4ro7ldlmaupswjp,failed,not_found,413,DA60C85D526374C1DC8A8796E93F12F7CA3019F2,1CD48F4ED0F1821FFBF1940802A13EEFD4C27502,724E86E7F5DA715529DC0ECAA013AE4BDC680E4C,7452E7D19ACD2C39DE10C0207032E6BC05DB78F2,2020-09-25 16:08:00.501000,2020-09-25 16:08:01.651000
z4cj24eny7pvargi,failed,not_found,224,DA60C85D526374C1DC8A8796E93F12F7CA3019F2,A9B3AEC60865DA480D7B9831BFADBC07A2CAE19D,42D47C736518BFA495CA31AEE40AE468F0BDA2A6,180A5BCC01866E09E4D229B6C084CD1E3C75636F,2020-09-25 16:07:53.521000,2020-09-25 16:07:54.719000
z4cj24eny7pvargi,failed,not_found,253,DA60C85D526374C1DC8A8796E93F12F7CA3019F2,22A6BE98D201B101C32661739967BF4DED12EF96,E5507444DAC04539B8DC624299616141B0DB64D5,181B745BC37CA8DA49B01FAB3933747F99983656,2020-09-25 16:07:54.720000,2020-09-25 16:07:56.515000
z4cj24eny7pvargi,failed,not_found,305,DA60C85D526374C1DC8A8796E93F12F7CA3019F2,DC2B1E4348AF306326FA63EEDB76EA6139133485,9288B75B5FF8861EFF32A6BE8825CC38A4F9F8C2,181F48BFF5D425BCEC1E78DAC5B5F0E45FFDAF4D,2020-09-25 16:07:56.515000,2020-09-25 16:07:57.705000
z4cj24eny7pvargi,failed,not_found,340,DA60C85D526374C1DC8A8796E93F12F7CA3019F2,DD0C8EEC5CA402A9FA4478F10C31A440F71F6885,DC4F3F76FFDC5D55F3E917FAB263E76C03F4D666,8581259389988352B119B9503DDDDAC015AA00DA,2020-09-25 16:07:57.706000,2020-09-25 16:07:59.517000
z4cj24eny7pvargi,failed,not_found,392,DA60C85D526374C1DC8A8796E93F12F7CA3019F2,672A56A583C658372E63ACEB43E7F791C2819548,59A755782C1F977D6DCD76C0EC450FFCC7C29E56,857614896A8DA87D3D398F741BD32E2A21B1BDDF,2020-09-25 16:07:59.517000,2020-09-25 16:08:00.908000
z4cj24eny7pvargi,failed,not_found,423,DA60C85D526374C1DC8A8796E93F12F7CA3019F2,E130296683B896A117CE5DA531A5645644178734,2CE9BE1FC88B9D0FA03F387C9E4F000B5D4B2AE9,85A3AC041E3FCD796AF5D653953D5E27A56E3719,2020-09-25 16:08:00.909000,2020-09-25 16:08:01.831000
zf2chhc7an6z7efb,failed,not_found,327,DA60C85D526374C1DC8A8796E93F12F7CA3019F2,96CFE178A1D12489D9D59A0CAE17FE86F5A3A79F,52A022F16D8CDBF019E132F1538A1798F167973A,2CD5474E33D12629156B92FBD61FAAB22D07B0F7,2020-09-25 16:07:53.556000,2020-09-25 16:07:58.516000
zf2chhc7an6z7efb,failed,not_found,359,DA60C85D526374C1DC8A8796E93F12F7CA3019F2,B96B5141004995295FE87DCCE1A54519BD0BB48A,DA91C260D6A78F748BDF17131A1F1D18443BE1EB,443114A8673927436BC3F8FCFE6E08B16B1D5F86,2020-09-25 16:07:58.517000,2020-09-25 16:08:00.552000
zf2chhc7an6z7efb,failed,not_found,415,DA60C85D526374C1DC8A8796E93F12F7CA3019F2,F83A64E0FA85BC224807919772FE14E1BA07CEF5,EAA088440B100FF8407266B5D4853FFB16A8CB67,2CD317C624803B77EAD32C96382884B0CAD4DB3F,2020-09-25 16:08:00.553000,2020-09-25 16:08:01.830000
zf2chhc7an6z7efb,failed,not_found,446,DA60C85D526374C1DC8A8796E93F12F7CA3019F2,8EB722FA1AE9DDE1914BC21FEA22819D4DE99DB4,AE3C3B7165B912E1AA5EC4F177CA8E4DA7C8EC18,44496B18C68356AF3A58ACAD835429C37B9432ED,2020-09-25 16:08:01.830000,2020-09-25 16:08:03.585000
zf2chhc7an6z7efb,failed,not_found,489,DA60C85D526374C1DC8A8796E93F12F7CA3019F2,ADD35A22BF77D56AFC18CF58E5D8E2604B8985CF,7CA5DD27BAA6DCDDD537CE8CB5E11E63642F48F1,2CD9A9BEFC2FD3BA4A2A53EFA7B16C7C66956D90,2020-09-25 16:08:03.586000,2020-09-25 16:08:05.093000
zf2chhc7an6z7efb,failed,not_found,524,DA60C85D526374C1DC8A8796E93F12F7CA3019F2,E14B30A83FF80C576B2EC0F2C8A5F29D41B8DC8E,03910F285A33F365838EC66EF2C2EF754D046760,44354E35E9F7F97AF27686D03B0D591686E35394,2020-09-25 16:08:05.094000,2020-09-25 16:08:06.231000
i7457f3cz2muhn5q,failed,not_found,227,DA60C85D526374C1DC8A8796E93F12F7CA3019F2,21AC6EF15C86641CE623B8A08D64144BCAC14AEC,F39D6C623821F1BACECF281093F140586BBE3707,C291114640EA333A6AC5801B5E0EC95C012DFE6B,2020-09-25 16:07:53.556000,2020-09-25 16:07:55.318000
i7457f3cz2muhn5q,failed,not_found,270,DA60C85D526374C1DC8A8796E93F12F7CA3019F2,4F500157ABF70A1A94636D268A742A8B227B8BFD,D87A947A2405C41208C57D32ED1D0CA2EBE93AF6,56784608242CB15B70ED6CBB8F40EEA3B62AF69E,2020-09-25 16:07:55.319000,2020-09-25 16:07:56.862000
i7457f3cz2muhn5q,failed,not_found,1043,DA60C85D526374C1DC8A8796E93F12F7CA3019F2,7992F172EDBE69B99F0190651BAC14DD0FD9E5C8,901B90EC8B96C6451854C325229E8B37EB5819BB,C2A3F4315DEC7F4E31D18818E1002B0C6A2E5535,2020-09-25 16:07:56.863000,2020-09-25 16:08:32.385000
i7457f3cz2muhn5q,,,,,,,C2B45199FC6F98E21BFAFE0833348F288FA337E3,2020-09-25 16:08:32.385000,
s3ljp23sup3tlqrt,failed,not_found,235,DA60C85D526374C1DC8A8796E93F12F7CA3019F2,90D43CF5541ECF57C1833FED33FFDFF239C4817C,A96DA63E4415E776FBFCCF3DA7154C804534B6E7,A597AC866E40CAB5A67759ADE4942192E99DE684,2020-09-25 16:07:53.994000,2020-09-25 16:07:55
s3ljp23sup3tlqrt,failed,not_found,263,DA60C85D526374C1DC8A8796E93F12F7CA3019F2,66BD39FE805AED414ADE400CAAD862C9CC3AC34E,99339F3E68BCCC1391BF14C821D80766FE0C5956,0ED06F12AF64D5027422169B61D1AC5366C6FFE9,2020-09-25 16:07:55.001000,2020-09-25 16:07:56.848000
s3ljp23sup3tlqrt,failed,not_found,309,DA60C85D526374C1DC8A8796E93F12F7CA3019F2,7D8EBB86CF2EB560F938BEF018E1D8FD6B36B327,2DE6CA505E2FEDA6547B641A96C0B5C38E9F9F4C,0EB07340EF2D1608FC16F6268E1DA0C532EB3D11,2020-09-25 16:07:56.848000,2020-09-25 16:07:57.773000
s3ljp23sup3tlqrt,failed,not_found,342,DA60C85D526374C1DC8A8796E93F12F7CA3019F2,E459E02374D0385D2E2515CBBE707EA208966BCF,8C9704A8068E46CD91287DE3C332EFE2E21C685A,0EAD0000E01B073AE88B1B4A0E63A6B9407BA255,2020-09-25 16:07:57.775000,2020-09-25 16:07:59.565000
s3ljp23sup3tlqrt,failed,not_found,394,DA60C85D526374C1DC8A8796E93F12F7CA3019F2,EE7CD2A763435C7006095BD167C790ABE5BC4DEA,F3936F97C14EFCFD18154DF4443B91FEDD071F47,A5AF5D1904550DD27B1C50872D9496C73D916AEE,2020-09-25 16:07:59.566000,2020-09-25 16:08:01.627000
s3ljp23sup3tlqrt,failed,not_found,441,DA60C85D526374C1DC8A8796E93F12F7CA3019F2,9E1E4F5B5F94812D02C4D18CB4086CE71CA5C614,8FA37B93397015B2BC5A525C908485260BE9F422,A59BF4AED23D5A114CC5648826D58C5147B62D1E,2020-09-25 16:08:01.627000,2020-09-25 16:08:02.815000
omui4zzzr6z6usfj,failed,not_found,236,DA60C85D526374C1DC8A8796E93F12F7CA3019F2,FD449127D30D8F5D124653D9EF736EDF4A12B4DC,54FF87E18CF4B351BB078A640A4DC5265969485E,72FF4C64E28396446B58892C356B61A8018C5C95,2020-09-25 16:07:53.994000,2020-09-25 16:07:55.854000
omui4zzzr6z6usfj,failed,not_found,282,DA60C85D526374C1DC8A8796E93F12F7CA3019F2,BA820A3CA53A4956C76C04B3BA170D7E67D2179A,D1AE7E838DF635EB1367F202B84946D73142CDAD,1850585BE9BCA1F80D0A051909C94E49D1C49ED3,2020-09-25 16:07:55.854000,2020-09-25 16:07:57.081000
omui4zzzr6z6usfj,failed,not_found,316,DA60C85D526374C1DC8A8796E93F12F7CA3019F2,A1DAA9D3975D1EBB231277ECDEF68720D3F00C8F,3239007CE1FB2ECDFDF2067DF23B949295DC5EF6,73010D9C5A330C7D3E65057E88B871C4D5D233D5,2020-09-25 16:07:57.082000,2020-09-25 16:07:59.103000
omui4zzzr6z6usfj,failed,not_found,375,DA60C85D526374C1DC8A8796E93F12F7CA3019F2,069E732EC96774ED5609D4803D7B1130E338B0EB,0B25110BA3473A6DC04AB58A3A0D5E4D6922A0E0,1852D84B0341845F2BDC2CCBC673E9D42307A111,2020-09-25 16:07:59.103000,2020-09-25 16:08:00.453000
omui4zzzr6z6usfj,failed,not_found,410,DA60C85D526374C1DC8A8796E93F12F7CA3019F2,04A28A62F27D9C4A60F9ED0C4264E98B988C65A3,1F4F4C5B57A15433D44D8DB0DA1F66988377B977,7327876AE79C997DFE311A7B15B4FA875736BBD1,2020-09-25 16:08:00.453000,2020-09-25 16:08:02.066000
omui4zzzr6z6usfj,failed,not_found,453,DA60C85D526374C1DC8A8796E93F12F7CA3019F2,C1939D36649DE98A202429631D8EFC70128D5F5F,158581827034DEF1BAB1FC248D180165452E53D3,185663B7C12777F052B2C2D23D7A239D8DA88A0F,2020-09-25 16:08:02.066000,2020-09-25 16:08:03.322000
mzqjkpxdy6246flc,failed,not_found,237,DA60C85D526374C1DC8A8796E93F12F7CA3019F2,70090E9F85FBE004EEBF58461FD6EDD5BF8A523E,C14CE6C2145688B640EB6457F39C1C6E1DC684D4,86FBA753C8D25653E086B98FFF8AA084F862DB67,2020-09-25 16:07:53.998000,2020-09-25 16:07:56.178000
mzqjkpxdy6246flc,failed,not_found,289,DA60C85D526374C1DC8A8796E93F12F7CA3019F2,1B6D2FA8D4B87B5CD8E2AE8DD5A4A9DC6A69B45B,8101421BEFCCF4C271D5483C5AABCAAD245BBB9D,49F9A350864D030C1C9E325FD4208C155F5046E6,2020-09-25 16:07:56.179000,2020-09-25 16:07:57.561000
mzqjkpxdy6246flc,failed,not_found,338,DA60C85D526374C1DC8A8796E93F12F7CA3019F2,F7ABE09CC2E346FEA7B2D8DA21651C6A79717A1B,E3E75603998661EA67C6767493FC606830DDC345,4A0E54E69343B7CF6138C118843CE860E8511F78,2020-09-25 16:07:57.561000,2020-09-25 16:07:59.449000
mzqjkpxdy6246flc,failed,not_found,390,DA60C85D526374C1DC8A8796E93F12F7CA3019F2,475B34D76756910C11EB7752EB8285F6BE00C1EE,9EFF16EA25FF27BC438A3FBF23C5315E576467AF,49F906FA05DAADDDCA677B6C4BA196CAA1042E90,2020-09-25 16:07:59.450000,2020-09-25 16:08:01.785000
mzqjkpxdy6246flc,failed,not_found,443,DA60C85D526374C1DC8A8796E93F12F7CA3019F2,AF1FC704A5243CC0F08A335343D18A7D9FD871DE,036A7CD36D6F7A97C7B4AF896D9F11AB719F0DF7,86F2828CB4B0875515607F4E2097951542B713EF,2020-09-25 16:08:01.786000,2020-09-25 16:08:03.085000
mzqjkpxdy6246flc,failed,not_found,478,DA60C85D526374C1DC8A8796E93F12F7CA3019F2,CF4DB0E0480FEB1E8F59C3D774EB9275283D579D,F31C03A766FAA33B62B12105D822FFE69A3BB0E5,86D924EDE1498B4E1DD08D2260F3E9FE454012E1,2020-09-25 16:08:03.086000,2020-09-25 16:08:05.256000
pvicx3upoiqtd7eo,failed,not_found,238,DA60C85D526374C1DC8A8796E93F12F7CA3019F2,6D163F649ECBE9DC20F016236EF36D7E1559E98E,3F065BB0B02FB2303E144383D16C47A7DED75AE7,46E0487EEEFD694CE625CC6E12D032395C01DB82,2020-09-25 16:07:54.002000,2020-09-25 16:07:55.082000
pvicx3upoiqtd7eo,failed,not_found,267,DA60C85D526374C1DC8A8796E93F12F7CA3019F2,1034775A01EA629979D0A601EC85FDF2F584CC45,78BC2254D3B31CD865F7682633AA438212132532,3A992EE90A372FF4ED0DB1E26D9662E967C84A92,2020-09-25 16:07:55.082000,2020-09-25 16:07:56.147000
pvicx3upoiqtd7eo,failed,not_found,288,DA60C85D526374C1DC8A8796E93F12F7CA3019F2,C1B79C4CD9B713BBB6B0522155B46A7BFE3BFAAE,5D765770B4DB110D88787457978AB4008CF65CAC,46F90EF3A3628C134DBB4654D0E4FF7EB914B690,2020-09-25 16:07:56.147000,2020-09-25 16:07:57.176000
pvicx3upoiqtd7eo,failed,not_found,323,DA60C85D526374C1DC8A8796E93F12F7CA3019F2,3A8557B067FBE53F168BBEAA7D14D1298AE52A52,B4A96C0852DD0841579D33E09A98D641EACCD73E,46EC7BB31BFEC251B89E0C0715DEC4AA8208A1BA,2020-09-25 16:07:57.176000,2020-09-25 16:07:58.209000
pvicx3upoiqtd7eo,failed,not_found,353,DA60C85D526374C1DC8A8796E93F12F7CA3019F2,425835370C1FBE178C21CB53C76672F12BDE091A,BF37445EA2A9F3D04F4B87DFAC624AEF21B559D5,3A94EFBF4A220B35A92D0A5B4A80D6324C3C306A,2020-09-25 16:07:58.210000,2020-09-25 16:07:59.552000
pvicx3upoiqtd7eo,failed,not_found,393,DA60C85D526374C1DC8A8796E93F12F7CA3019F2,BE8737597F2E6B4F805893202C935125829A902E,733CB01BFBABADA6AC5C363C4449D7D563C794C1,3AB334331819AC0BA1A8AFE002D4321672109CAC,2020-09-25 16:07:59.552000,2020-09-25 16:08:01.098000
sjfikldjbdtfmben,failed,not_found,259,DA60C85D526374C1DC8A8796E93F12F7CA3019F2,FB691D6E3FEE35C6979EE72AF03A53DD861B4CBB,23A2D8DDF761F35CC63BDF65E604B76A7E2F6971,F21DE9C7DE31601D9716781E17E24380887883D1,2020-09-25 16:07:54.976000,2020-09-25 16:07:56.210000
sjfikldjbdtfmben,failed,not_found,292,DA60C85D526374C1DC8A8796E93F12F7CA3019F2,A400CF836DA351ADDAD9BA350C1ABA350264A4E0,CE863C22AD5ABBEAF606AE35A22781C409D895E5,66B06D59BDFC90EBC6EDE79C558275F2CD4799B0,2020-09-25 16:07:56.211000,2020-09-25 16:07:57.311000
sjfikldjbdtfmben,failed,not_found,326,DA60C85D526374C1DC8A8796E93F12F7CA3019F2,25E078CD1E537A7418318168F7E1990EF2A160C8,7C5679FAB46743F07CAB07D87AD7326F9AF40FB6,66BD39FE805AED414ADE400CAAD862C9CC3AC34E,2020-09-25 16:07:57.311000,2020-09-25 16:07:58.393000
sjfikldjbdtfmben,failed,not_found,356,DA60C85D526374C1DC8A8796E93F12F7CA3019F2,EA3616A0B9BBBDC74121D8D6F01EABDDCF6BE35D,6E4B0D429CD87AB6C25D72E298294C583FF8BA4A,66BBF3FB2BC9B778600E42256EE91FB0B9D16BE4,2020-09-25 16:07:58.394000,2020-09-25 16:07:59.363000
sjfikldjbdtfmben,failed,not_found,761,DA60C85D526374C1DC8A8796E93F12F7CA3019F2,F0AE51D182DA3B1FB452666EE3E5EA906C431CBF,C577C56EAD654C829D1FF2F86133F89A1A59AA89,F21DFB7CCD5EEF3E021086EC96EF7CFCAA72F4F3,2020-09-25 16:07:59.363000,2020-09-25 16:08:19.263000
sjfikldjbdtfmben,failed,not_found,853,DA60C85D526374C1DC8A8796E93F12F7CA3019F2,E7882187F6FA695450719FD3738D640FBDFF5D48,A8EC0E51DCC8F4D7A8F6620C253459D68E74560B,F21760E63FE2BB45629BB14FCDB0FD677485DAF8,2020-09-25 16:08:19.263000,2020-09-25 16:08:23.116000
zmdn2jjqwpbj6yqi,failed,not_found,260,DA60C85D526374C1DC8A8796E93F12F7CA3019F2,F6CD4DBF5850AC4386DD9A424918AD3C6BA2716F,1912F4D307F8E8E7BEBED577CBA9149D42BBEDE4,A5866E3505E93D2D0BF391D1FA28931527989827,2020-09-25 16:07:54.996000,2020-09-25 16:07:57.095000
zmdn2jjqwpbj6yqi,failed,not_found,318,DA60C85D526374C1DC8A8796E93F12F7CA3019F2,B22C4BF9747DBBC843F1BBBA272FDB7B6045EB01,383CFCF03B225B3EDCA519197BAA310A58CEAABC,A597AC866E40CAB5A67759ADE4942192E99DE684,2020-09-25 16:07:57.096000,2020-09-25 16:07:58.088000
zmdn2jjqwpbj6yqi,failed,not_found,412,DA60C85D526374C1DC8A8796E93F12F7CA3019F2,8A136F5D0DACBBB6D8537DA4A806C44EF7E9037B,DC7E7D9AB7AD52F03B856E6DC278E9D92BF19B33,A59BF4AED23D5A114CC5648826D58C5147B62D1E,2020-09-25 16:07:58.088000,2020-09-25 16:08:02.106000
zmdn2jjqwpbj6yqi,failed,not_found,454,DA60C85D526374C1DC8A8796E93F12F7CA3019F2,BDEC565B8B5E3DCCB57E4E7C4C245EDA717D2087,66DFC51E724E38DDCB3AB67DDF4C0BB0F1F49C0B,8B496F3EF3BF5CC32A4C20ECDBEC2A06E7EA4357,2020-09-25 16:08:02.106000,2020-09-25 16:08:03.449000
zmdn2jjqwpbj6yqi,failed,not_found,485,DA60C85D526374C1DC8A8796E93F12F7CA3019F2,A99B0D9E5FD5BC3C8F2D006EC91F8C7F40E09CB8,624B7391B9790E7CD2AF6A7238239BA3D6928A57,8B5A19B1596DAD4C89E025BE2CBA3424AE943693,2020-09-25 16:08:03.449000,2020-09-25 16:08:05.663000
zmdn2jjqwpbj6yqi,failed,not_found,541,DA60C85D526374C1DC8A8796E93F12F7CA3019F2,493BEEFD9854F0E7CEB96A01A47EEA83F4E93A00,1322D90EA6EDA85B3A8566F2C04F2D8C5C7C1EF1,8B1CC76D6D1370A67263628D4CBC01B62903D0BF,2020-09-25 16:08:05.664000,2020-09-25 16:08:07.282000
v6u7jnt4gthb2xdu,failed,not_found,261,DA60C85D526374C1DC8A8796E93F12F7CA3019F2,8B291C94551C5579F31FD9496457C643AF773F1D,708A968F3644F8A547156368FEA3DB664110E631,412AB9D6A761ECADB60D7EA4F2CB389C0AF42F3F,2020-09-25 16:07:54.997000,2020-09-25 16:07:56.198000
v6u7jnt4gthb2xdu,failed,not_found,291,DA60C85D526374C1DC8A8796E93F12F7CA3019F2,60F2139EA3E06410A05CBD6E8254E60A9063AD9D,502774BA0466D3AE9B7A7A0EA2259CC62B8398A9,41280DE9ABE5BF10F7F5DCB13A28C07082064147,2020-09-25 16:07:56.199000,2020-09-25 16:07:58.783000
v6u7jnt4gthb2xdu,failed,not_found,368,DA60C85D526374C1DC8A8796E93F12F7CA3019F2,A9F5135AE18C7E25C7C79117CD8C7619BFEB85ED,E9A90B9FF0574410695BA5F5C8354368221A7114,AAC6AE4A8ED164C3657D64E3EF980EEBB4BBC8A1,2020-09-25 16:07:58.784000,2020-09-25 16:08:00.289000
v6u7jnt4gthb2xdu,failed,not_found,404,DA60C85D526374C1DC8A8796E93F12F7CA3019F2,6EDEB32D0B9EEA2E85C310B67AD64668398402FB,41145C3169D810DB360FF2FCA232093B02C0B262,AAAEFD0CB5443776F98971C3E0A854C989E2DA37,2020-09-25 16:08:00.290000,2020-09-25 16:08:01.528000
v6u7jnt4gthb2xdu,failed,not_found,438,DA60C85D526374C1DC8A8796E93F12F7CA3019F2,1C7215BC0123DDA23BDED0F9D2849D3AD80183CB,A7112F8CC2F9299C72212EB0FFB85725004333B5,412BAA4DE44DA7D14583DE63CEB3DF89835E6AC8,2020-09-25 16:08:01.528000,2020-09-25 16:08:02.596000
v6u7jnt4gthb2xdu,failed,not_found,465,DA60C85D526374C1DC8A8796E93F12F7CA3019F2,3A94EFBF4A220B35A92D0A5B4A80D6324C3C306A,AA8B7237B4D2C76ED4AF24B3B47B375812AACC83,AAA03044B42AD37D5C5592D6604A6D1B72F4B3BE,2020-09-25 16:08:02.597000,2020-09-25 16:08:04.254000
vlcmwnvlvalta2af,failed,not_found,264,DA60C85D526374C1DC8A8796E93F12F7CA3019F2,6245DC873D6F613C795D48663D65BD8A2266CAF6,FE1AF5E909002134BFF834F4AD5E1DE723779002,20386D9A32BECBE602375E015FC70117955653F1,2020-09-25 16:07:55.032000,2020-09-25 16:07:56.299000
vlcmwnvlvalta2af,failed,not_found,294,DA60C85D526374C1DC8A8796E93F12F7CA3019F2,35DBE43445BB44D817084200BA05E8A0573EDFD4,774908E4A3018A9696BD02FE4F3F8A8724396D22,200473B7974E8D78B75B28DBD6C218DA3A0B8059,2020-09-25 16:07:56.299000,2020-09-25 16:07:57.311000
vlcmwnvlvalta2af,failed,not_found,331,DA60C85D526374C1DC8A8796E93F12F7CA3019F2,5EF0AAAEEE7B1282DA0DBAB94669B73E39DD51B6,18CA9EA099BB9861E354D2A6FF49337A7E81C2F3,2037A6568C5771A5D8FF5C64FC1819247E6FEE7B,2020-09-25 16:07:57.311000,2020-09-25 16:07:58.677000
vlcmwnvlvalta2af,failed,not_found,366,DA60C85D526374C1DC8A8796E93F12F7CA3019F2,383CFCF03B225B3EDCA519197BAA310A58CEAABC,FA1CB28DF064CF5950A4303CFE0157A8A4659803,36D68478366CB8627866757EBCE7FB3C17FC1CB8,2020-09-25 16:07:58.678000,2020-09-25 16:08:01.086000
vlcmwnvlvalta2af,failed,not_found,430,DA60C85D526374C1DC8A8796E93F12F7CA3019F2,74312EF576DE1E7710D5420791E6BDB41808439E,82405679E1F2AE258FBA8DD45BB2A52735EEED91,370B15E4932CF76C7ACB9B240A960C20267C2430,2020-09-25 16:08:01.086000,2020-09-25 16:08:02.540000
vlcmwnvlvalta2af,failed,not_found,462,DA60C85D526374C1DC8A8796E93F12F7CA3019F2,41CEB66108B70108F148BF7778260A87723AACA1,87D73471FDC64BD9CEDF84435D20CA4EB5C36FE8,36EE8D47E570B8D5515460A9972F3CFD9EDFDFCE,2020-09-25 16:08:02.541000,2020-09-25 16:08:03.514000
4vqqb2qkmioeucvf,failed,not_found,274,DA60C85D526374C1DC8A8796E93F12F7CA3019F2,D907BCD0B9510C462EEB0688FD5421CD2E172B77,893BAE43EAC1507C5FBD046C325343D58FC04588,255CF8CC68137449DEBD443797AB3D851E3065B2,2020-09-25 16:07:55.975000,2020-09-25 16:07:56.645000
4vqqb2qkmioeucvf,failed,not_found,307,DA60C85D526374C1DC8A8796E93F12F7CA3019F2,234D670EAA794F092F7BD758D5D2AA7F4E3FFBE3,3E3CBA3F2870CE76A41D3E97A8D838AA703586E3,25526E61B8BC22B662E3D4A50504021CC3D9873D,2020-09-25 16:07:56.646000,2020-09-25 16:07:57.841000
4vqqb2qkmioeucvf,failed,not_found,343,DA60C85D526374C1DC8A8796E93F12F7CA3019F2,64E257D94E739278D5954CC820C9D7EAC4E7A7B7,25E078CD1E537A7418318168F7E1990EF2A160C8,254FF480BF5642929460532FF59BCE15DF1070EB,2020-09-25 16:07:57.842000,2020-09-25 16:07:59.168000
4vqqb2qkmioeucvf,failed,not_found,378,DA60C85D526374C1DC8A8796E93F12F7CA3019F2,272AC842521666E3D1B0E5EAFAC79EF73EC88972,0B555940D37DC849728841C0B290074E1A1BDCA8,998A0704E0AA4F373A7CEA51628E895320EC2EDB,2020-09-25 16:07:59.168000,2020-09-25 16:08:00.819000
4vqqb2qkmioeucvf,failed,not_found,419,DA60C85D526374C1DC8A8796E93F12F7CA3019F2,E81993EA52B73285CFFD02FEC003569D21483001,97767B43E78119A613B46CEAF81A788F45CC05D9,99B2CBF6EFD80ACD303E8089656668EF236015CD,2020-09-25 16:08:00.820000,2020-09-25 16:08:02.242000
4vqqb2qkmioeucvf,failed,not_found,455,DA60C85D526374C1DC8A8796E93F12F7CA3019F2,23A2D8DDF761F35CC63BDF65E604B76A7E2F6971,821931D448E25B4D040AB7745F93AF669BA323DB,99C5ACEF5AC8E3D3C4DE79004F3AC649B375891C,2020-09-25 16:08:02.242000,2020-09-25 16:08:04.604000
r3yumas37xrwqwpn,failed,not_found,283,DA60C85D526374C1DC8A8796E93F12F7CA3019F2,D56A98D38FC3C75E0347EEF3DD9C12749AF7C7C5,40CDE936B04B4573A47223396006443CA5EAC845,7B2904FE8AA12E45EA3D65658ED8CECA4A51F7F8,2020-09-25 16:07:55.999000,2020-09-25 16:07:57.125000
r3yumas37xrwqwpn,failed,not_found,367,DA60C85D526374C1DC8A8796E93F12F7CA3019F2,8101421BEFCCF4C271D5483C5AABCAAD245BBB9D,4F500157ABF70A1A94636D268A742A8B227B8BFD,7B2FD4FFD565993CB4C4334AC0A0C42985EBEADB,2020-09-25 16:07:57.126000,2020-09-25 16:08:00.221000
r3yumas37xrwqwpn,failed,not_found,402,DA60C85D526374C1DC8A8796E93F12F7CA3019F2,3EE6BA5394B18AEF14E0D3B959D733B7A1EC3AD5,9BC648B182B92B1F3DFD022A00AB3AA1F1780750,7B31DD8527F424088E8CBBAAE6AB83BFC568C2E6,2020-09-25 16:08:00.221000,2020-09-25 16:08:01.528000
r3yumas37xrwqwpn,failed,not_found,439,DA60C85D526374C1DC8A8796E93F12F7CA3019F2,A4F11D693FAB6E949B2B7C18153C3F7989896007,4EBE3B18F7D38D0A2FDD67B47A55CB9069368723,CEA2E066A7F8EC0F235F5190E25DD3C9F86F084B,2020-09-25 16:08:01.529000,2020-09-25 16:08:02.474000
r3yumas37xrwqwpn,failed,not_found,460,DA60C85D526374C1DC8A8796E93F12F7CA3019F2,18B160CD5E22BFC345AEE7BA84B7EA45BF457FCA,6DFEB41C04CCE846871338E85DD5ACF5CFB6C1DD,CEACA34874EAD103D27CA6A7650B16112F12B209,2020-09-25 16:08:02.475000,2020-09-25 16:08:04.725000
r3yumas37xrwqwpn,failed,not_found,516,DA60C85D526374C1DC8A8796E93F12F7CA3019F2,0AB05FC63CF9AC7070C1D89BB1A1189C319E1A92,AB10D5040BCBBA912FA448B8CF2A653DC8ACDC2C,CEC92F3BE8A2F3A46D3C042721D6BDBF2F40F4C5,2020-09-25 16:08:04.725000,2020-09-25 16:08:06.235000
yw6rv5fqf4scu2yz,failed,not_found,284,DA60C85D526374C1DC8A8796E93F12F7CA3019F2,D52A160303C638D9FB03463F8A6B7934D5787F4C,CA95B3584C44DED8107AF5B3D8C25C562CC64DD4,197CEA93D6643434C074EE7C2431F0B369A01491,2020-09-25 16:07:56,2020-09-25 16:07:57.121000
yw6rv5fqf4scu2yz,failed,not_found,320,DA60C85D526374C1DC8A8796E93F12F7CA3019F2,5AD3FB658E490BAD9515F363374AA41D65D31A02,5F58E9417DF94A66529864FA1134635614958A44,C78D4AB34C920D156160C811C39B1BB92A6BED7D,2020-09-25 16:07:57.122000,2020-09-25 16:07:58.651000
yw6rv5fqf4scu2yz,failed,not_found,364,DA60C85D526374C1DC8A8796E93F12F7CA3019F2,0B58A95E539FFA6C05C010F5C1DA35FB8038E3A8,4E81EA3528D6FB79B10B0F11C6FC96CE1C060021,C793A33F28826D1F184504312C668EA8157AEF28,2020-09-25 16:07:58.651000,2020-09-25 16:08:00.527000
yw6rv5fqf4scu2yz,failed,not_found,414,DA60C85D526374C1DC8A8796E93F12F7CA3019F2,36EBA005CE1BBD9B164600A4666D9EA37082D838,EE7CD2A763435C7006095BD167C790ABE5BC4DEA,198F12E2DEFBE6BEEBC38B2FEDD615AECB38DA7A,2020-09-25 16:08:00.528000,2020-09-25 16:08:02.455000
yw6rv5fqf4scu2yz,failed,not_found,459,DA60C85D526374C1DC8A8796E93F12F7CA3019F2,DBE82FA23B9FE3CB2462A6FCF5289DED3CBF4AEE,96E0D19D735D47039844EA83372183BB606F87B4,C7946D9A192BBE44C1C8A926A8B135AC495D6636,2020-09-25 16:08:02.455000,2020-09-25 16:08:03.648000
yw6rv5fqf4scu2yz,failed,not_found,490,DA60C85D526374C1DC8A8796E93F12F7CA3019F2,4B4D7C727B603EF6777DC0BC3D169179CA977140,1034775A01EA629979D0A601EC85FDF2F584CC45,195712E96FD1C1B18D14D09E9E4E7A6416E23B2C,2020-09-25 16:08:03.649000,2020-09-25 16:08:05.093000
gysoypapq6hmazzn,failed,not_found,285,DA60C85D526374C1DC8A8796E93F12F7CA3019F2,425835370C1FBE178C21CB53C76672F12BDE091A,0B19BBFDC498CCEA23027B1D7BD8E20121B95E60,5393E4CDB52AC0348C6D3F60349DFEC7786D863E,2020-09-25 16:07:56.020000,2020-09-25 16:07:57.450000
gysoypapq6hmazzn,failed,not_found,335,DA60C85D526374C1DC8A8796E93F12F7CA3019F2,33D88F331408141F2A2CC563239E54E48F7A211B,52A022F16D8CDBF019E132F1538A1798F167973A,846B3EAAF0C07FF72FC79AEBB11FA3ADC58F240F,2020-09-25 16:07:57.450000,2020-09-25 16:07:58.585000
gysoypapq6hmazzn,failed,not_found,363,DA60C85D526374C1DC8A8796E93F12F7CA3019F2,427E5C8ADC43B09582DDDA80EA8EDFBD05DF5003,06BBEAA6F73759A1795EB461D39D2AA168F305D1,84ABF6381FD0F96B882764F176B85980EBC31FE1,2020-09-25 16:07:58.585000,2020-09-25 16:08:00.121000
gysoypapq6hmazzn,failed,not_found,401,DA60C85D526374C1DC8A8796E93F12F7CA3019F2,06432D1B5A7C132071626D186D7F1A429C5BBED9,72657B96BF99B28FBD9F2B036A590AA8A4535422,84A8E41D03865822272F647D378AFF4AC73187F2,2020-09-25 16:08:00.122000,2020-09-25 16:08:03.862000
gysoypapq6hmazzn,failed,not_found,494,DA60C85D526374C1DC8A8796E93F12F7CA3019F2,E9A6E1549300C3551071B71AC547E2568D9F7CEE,DCE8DBF94576272AD10D996C9AA0794A4567F304,53B8B5C2A33C489B54300D558BFEE2C3B12F3875,2020-09-25 16:08:03.863000,2020-09-25 16:08:05.145000
gysoypapq6hmazzn,failed,not_found,526,DA60C85D526374C1DC8A8796E93F12F7CA3019F2,D56A98D38FC3C75E0347EEF3DD9C12749AF7C7C5,B96B5141004995295FE87DCCE1A54519BD0BB48A,53B379F4063B3B91B24A7DFFCC2F6533F51B3245,2020-09-25 16:08:05.146000,2020-09-25 16:08:06.506000
5jjhwndlg5drkso2,failed,not_found,300,DA60C85D526374C1DC8A8796E93F12F7CA3019F2,73CC65219889443C06E06A0B6D427B1FE1C37379,DD0C8EEC5CA402A9FA4478F10C31A440F71F6885,3D7B08458C7BC081358BC9FAA4FFB2593FFE0576,2020-09-25 16:07:56.987000,2020-09-25 16:07:57.766000
5jjhwndlg5drkso2,failed,not_found,341,DA60C85D526374C1DC8A8796E93F12F7CA3019F2,EBF985399B3DEBDAC88097F8142475D30D3408B6,36EFABA1FFE1D0246B36C141F9226F4F09B8951C,3DAEC5687EAB19CC9FBE98303780137E143236AB,2020-09-25 16:07:57.767000,2020-09-25 16:07:59.208000
5jjhwndlg5drkso2,failed,not_found,380,DA60C85D526374C1DC8A8796E93F12F7CA3019F2,CB4EBE9C475A60A5F2CDA92C83CE093BD945D940,890480E14E634C8B4467C475E355A6FBF3D99CD5,2F09BD6D9A2D5A7D6D26C17651CE8ECF0B7BA257,2020-09-25 16:07:59.209000,2020-09-25 16:08:00.354000
5jjhwndlg5drkso2,failed,not_found,406,DA60C85D526374C1DC8A8796E93F12F7CA3019F2,23A2D8DDF761F35CC63BDF65E604B76A7E2F6971,FD7ED9F4871E2EC46035FC602960EACC32E08FF8,2F0F32AB1E5B943CA7D062C03F18960C86E70D94,2020-09-25 16:08:00.354000,2020-09-25 16:08:01.729000
5jjhwndlg5drkso2,failed,not_found,442,DA60C85D526374C1DC8A8796E93F12F7CA3019F2,86CDD0D92AB972538416A382D99666736CDDF141,061E0496931D23A81A2B685C9339D36857DD0FA1,2ED8654AD1B8C25F3EB83156B07EA35BE6132F0C,2020-09-25 16:08:01.729000,2020-09-25 16:08:02.886000
5jjhwndlg5drkso2,failed,not_found,458,DA60C85D526374C1DC8A8796E93F12F7CA3019F2,0745857B06337B7F343635608975972A9EC14901,5B1F0DAF378A1FAFCFD5FA9CDC66D1023DC0276E,3D9CE80399B68C01377FEC42395E399B9ED16E18,2020-09-25 16:08:02.887000,2020-09-25 16:08:03.382000
r4v3yaagw3ynb374,failed,not_found,312,DA60C85D526374C1DC8A8796E93F12F7CA3019F2,6565F31D9EC0C7DFFEA1920BE3BA4C73EF35B5C4,01FE2137C42E4802507A1FD97B0158116FD78A8C,5D995EC983ED3DF9DAABD32B9BF1540AFF42A457,2020-09-25 16:07:56.987000,2020-09-25 16:07:58.532000
r4v3yaagw3ynb374,failed,not_found,361,DA60C85D526374C1DC8A8796E93F12F7CA3019F2,1AAC19D892F84910AB94C45092241ABA3CFC4C89,D7DB8E82604F806766FC3F80213CF719A0481D0B,081C9DF6A615A300B382C004DFE2CC37B561C9A0,2020-09-25 16:07:58.532000,2020-09-25 16:07:59.900000
r4v3yaagw3ynb374,failed,not_found,397,DA60C85D526374C1DC8A8796E93F12F7CA3019F2,EA3616A0B9BBBDC74121D8D6F01EABDDCF6BE35D,AEF0EADA8C92A4DF1500FAE303ECD8E1EBD56670,07F9F13BCB3E1F6117FB211905127AF41E72E087,2020-09-25 16:07:59.900000,2020-09-25 16:08:01.153000
r4v3yaagw3ynb374,failed,not_found,432,DA60C85D526374C1DC8A8796E93F12F7CA3019F2,CACD9D63B759B35555D8C965A3E01071E9DFB44C,22775B953E662151549C114CB8EE5FBDBCBDAD02,5D9622326D1AE40F2F4D570BE1C7FC7505F3528C,2020-09-25 16:08:01.154000,2020-09-25 16:08:02.490000
r4v3yaagw3ynb374,failed,not_found,461,DA60C85D526374C1DC8A8796E93F12F7CA3019F2,84D7EA4046826E312B32F822A592651121890EAE,157CED138D3DE9CBFB5AE0232A319C2980F6C409,0824D7C7FB117D5C6AC01581FD798E670C37C804,2020-09-25 16:08:02.491000,2020-09-25 16:08:04.280000
r4v3yaagw3ynb374,failed,not_found,511,DA60C85D526374C1DC8A8796E93F12F7CA3019F2,95C8B9418E74F3FF80E5C3D3AF7F03156FFBBFBE,BA99774FEF716556E37EF340820FC358F2A84B04,5DA4305BD06BD6F6A30BB06C34C251E256AC1328,2020-09-25 16:08:04.280000,2020-09-25 16:08:06.505000
45cxdkpjqk5nzt5w,failed,not_found,313,DA60C85D526374C1DC8A8796E93F12F7CA3019F2,B143D439B72D239A419F8DCE07B8A8EB1B486FA7,BA39D0333CF0F2026F58D8A493168F92A016CAA1,ACCE33C8952304D12A113A161DEE7C8E8D330440,2020-09-25 16:07:57.017000,2020-09-25 16:07:58.420000
45cxdkpjqk5nzt5w,failed,not_found,358,DA60C85D526374C1DC8A8796E93F12F7CA3019F2,A0B05E1D852D874EFAF3603C83246E00AD65AF20,0CD9E401F1ACE013988F25E4E4B1BEE3FC1DB7E8,6B0962E99C62CFDFCAD6D91384B11D499FCE6D46,2020-09-25 16:07:58.421000,2020-09-25 16:08:01.503000
45cxdkpjqk5nzt5w,failed,not_found,437,DA60C85D526374C1DC8A8796E93F12F7CA3019F2,24AF1603CDF4D118E1F7AEBF680C18BDA5E8F793,F75A613573F2AE8DA644FA4A7CFDA4BA930EDDAF,6B13A2C3331FB5F8B37F0AEE9341D5CF1C21F3AD,2020-09-25 16:08:01.504000,2020-09-25 16:08:03.048000
45cxdkpjqk5nzt5w,failed,not_found,475,DA60C85D526374C1DC8A8796E93F12F7CA3019F2,A231513B758330E6E6DB18F5B6EC6DAAA406C31D,52A022F16D8CDBF019E132F1538A1798F167973A,6B13DD374F78D31410EA1E37D802FF71ADDD2AB4,2020-09-25 16:08:03.049000,2020-09-25 16:08:04.267000
45cxdkpjqk5nzt5w,failed,not_found,538,DA60C85D526374C1DC8A8796E93F12F7CA3019F2,E3F98C86C9E01138DD8EA06B1E660A0CDB4B2782,51F733EAC4DFD128CF957A14D5F2DC023803D1A2,ACD8C7107031AF4ACF9A2DBC69AB8903943EEA5D,2020-09-25 16:08:04.268000,2020-09-25 16:08:07.544000
45cxdkpjqk5nzt5w,failed,not_found,586,DA60C85D526374C1DC8A8796E93F12F7CA3019F2,C8DE26D2D119BE7F509E672EE1A3D5FB25DCBA97,02928855BFAD787F8B363F21860D1E7D156E0655,ACDD9E85A05B127BA010466C13C8C47212E8A38F,2020-09-25 16:08:07.544000,2020-09-25 16:08:09.200000
jclkpfrledkvacef,failed,not_found,314,DA60C85D526374C1DC8A8796E93F12F7CA3019F2,15AE6FFE0E245A820D4F74EA64B4C304EE555C1D,6C251FA7F45E9DEDF5F69BA3D167F6BA736F49CD,624B7391B9790E7CD2AF6A7238239BA3D6928A57,2020-09-25 16:07:57.018000,2020-09-25 16:07:58.009000
jclkpfrledkvacef,failed,not_found,346,DA60C85D526374C1DC8A8796E93F12F7CA3019F2,6A7551EEE18F78A9813096E82BF84F740D32B911,61004152C709672EE739F2667B56EF5550A51332,70A4372ED8F5DDE3BA05A17491BB6032EAC02692,2020-09-25 16:07:58.010000,2020-09-25 16:07:59.102000
jclkpfrledkvacef,failed,not_found,374,DA60C85D526374C1DC8A8796E93F12F7CA3019F2,130E69E8F783DEF256E757FA78154B7DC2A39E0E,E52100E894FE8E5FA38EB6775C35685B9FD17E1F,623CCCC1A1370700DD03046A85D953D35CAB5C21,2020-09-25 16:07:59.103000,2020-09-25 16:08:00.906000
jclkpfrledkvacef,failed,not_found,422,DA60C85D526374C1DC8A8796E93F12F7CA3019F2,A99B0D9E5FD5BC3C8F2D006EC91F8C7F40E09CB8,46E0487EEEFD694CE625CC6E12D032395C01DB82,6245DC873D6F613C795D48663D65BD8A2266CAF6,2020-09-25 16:08:00.907000,2020-09-25 16:08:03.920000
jclkpfrledkvacef,failed,not_found,484,DA60C85D526374C1DC8A8796E93F12F7CA3019F2,126E438B6921882FC17F1FC32AAC617300561938,43028D0071DE055180DAA82DE200B42FD2131C23,70F09E981D6D4A34A35F248F0C873CBA356A0612,2020-09-25 16:08:03.921000,2020-09-25 16:08:04.653000
jclkpfrledkvacef,failed,not_found,514,DA60C85D526374C1DC8A8796E93F12F7CA3019F2,890530C5B510A506F5CF206EFEC1595F96E727A5,5CCC3569C67B7F1BB733664D43DF4645F2A4B04D,70ACA07D9276277B82E909C1439E19CCA2FB16CC,2020-09-25 16:08:04.653000,2020-09-25 16:08:05.901000
csy3vjvspbbaznec,failed,not_found,347,DA60C85D526374C1DC8A8796E93F12F7CA3019F2,54F5D800DD9783FCF2200E80EF3D1A867A3F6D6B,5D2A8CAA119D0528722C2438350FAB0C8DE01AB7,0CB40D12177CBABAB87652BBFC00A7E6F4434D3E,2020-09-25 16:07:58.026000,2020-09-25 16:07:59.246000
csy3vjvspbbaznec,failed,not_found,382,DA60C85D526374C1DC8A8796E93F12F7CA3019F2,ADE92B0150C933FFE00683E7492F1D930AFABB6D,44354E35E9F7F97AF27686D03B0D591686E35394,D405FCCF06ADEDF898DF2F29C9348DCB623031BA,2020-09-25 16:07:59.246000,2020-09-25 16:08:00.346000
csy3vjvspbbaznec,failed,not_found,405,DA60C85D526374C1DC8A8796E93F12F7CA3019F2,63BF46A63F9C21FD315CD061B3EAA3EB05283A0A,FB691D6E3FEE35C6979EE72AF03A53DD861B4CBB,0C9D7DB63BE030E5CA32E25606632AEB85840F4C,2020-09-25 16:08:00.346000,2020-09-25 16:08:01.589000
csy3vjvspbbaznec,failed,not_found,440,DA60C85D526374C1DC8A8796E93F12F7CA3019F2,A25E49E879B23EDA09882ED99AFB93FBE6B5F605,FC3422292F0BDAF47068C750C1793710F5019B07,0CAFFFE470E88AF156D6750B616995B3790F24EF,2020-09-25 16:08:01.589000,2020-09-25 16:08:02.662000
csy3vjvspbbaznec,failed,not_found,467,DA60C85D526374C1DC8A8796E93F12F7CA3019F2,708A968F3644F8A547156368FEA3DB664110E631,E17745C64255D2920D9B9FCF9EF930C426EE4A91,D405812970B302ADE80EDF749A3FF2330F2F189D,2020-09-25 16:08:02.662000,2020-09-25 16:08:03.910000
csy3vjvspbbaznec,failed,not_found,496,DA60C85D526374C1DC8A8796E93F12F7CA3019F2,BF2CD90CECCB5C77B093B64C4B0D19EBFB462858,55804F9D37F7B27BD0426B3CB06C64B4D0F95546,D408EA531AA2FA90F25BD14283D38FDBB2094BA3,2020-09-25 16:08:03.911000,2020-09-25 16:08:09.344000
vuj2bdg7zvtplb67,failed,not_found,348,DA60C85D526374C1DC8A8796E93F12F7CA3019F2,6ED3BE22B2261258017B3F0584706265985D7AE9,F0F5074A6DADD3DC22E1FAA18FD6D89CBC52771A,7AF8C3C1E0E93D2B9E07C2663DE45B6DF28ED38B,2020-09-25 16:07:58.026000,2020-09-25 16:07:59.584000
vuj2bdg7zvtplb67,failed,not_found,395,DA60C85D526374C1DC8A8796E93F12F7CA3019F2,8E7ACAD878BBD61097C0E0D557160F5D59BCE5CA,35DBE43445BB44D817084200BA05E8A0573EDFD4,7AFFD2BD2A7071DDA6827951D710F9A7A819CD56,2020-09-25 16:07:59.584000,2020-09-25 16:08:00.991000
vuj2bdg7zvtplb67,failed,not_found,429,DA60C85D526374C1DC8A8796E93F12F7CA3019F2,7FA3196223EF6DFE7B53EA85E3629239A0EE1CE9,6DA5D1B9B239501838E19CC0ACBAFAE737AEEC5B,6232FDF34FF907DC25A27327D1C05AD370FB2767,2020-09-25 16:08:00.992000,2020-09-25 16:08:02.813000
vuj2bdg7zvtplb67,failed,not_found,469,DA60C85D526374C1DC8A8796E93F12F7CA3019F2,2DE6CA505E2FEDA6547B641A96C0B5C38E9F9F4C,43E187B8C7361F47EA968ED5389435865D7F4FE7,6245DC873D6F613C795D48663D65BD8A2266CAF6,2020-09-25 16:08:02.814000,2020-09-25 16:08:04.154000
vuj2bdg7zvtplb67,failed,not_found,505,DA60C85D526374C1DC8A8796E93F12F7CA3019F2,CC701FCE86D6AF95FC3D5B71645D3430794910C1,0C039F35C2E40DCB71CD8A07E97C7FD7787D42D6,623CCCC1A1370700DD03046A85D953D35CAB5C21,2020-09-25 16:08:04.154000,2020-09-25 16:08:05.688000
vuj2bdg7zvtplb67,failed,not_found,542,DA60C85D526374C1DC8A8796E93F12F7CA3019F2,6A99A07DEA45E142E3308AF1C9FFF792B8F4522F,43FF3346A3F8E4ED27F631DC956C4CD8D6173D7A,7AFE734263C947ADD88D094C6E3CB71A34062724,2020-09-25 16:08:05.689000,2020-09-25 16:08:07.283000
sutbxvayiey2hcym,failed,not_found,349,DA60C85D526374C1DC8A8796E93F12F7CA3019F2,74312EF576DE1E7710D5420791E6BDB41808439E,4856C97DC4F2271BC896DF9CABD217EE2D869D68,C9857DF26C27473F7338D613832C9C299ABF77BE,2020-09-25 16:07:58.038000,2020-09-25 16:07:59.209000
sutbxvayiey2hcym,failed,not_found,381,DA60C85D526374C1DC8A8796E93F12F7CA3019F2,9EFF16EA25FF27BC438A3FBF23C5315E576467AF,E3F98C86C9E01138DD8EA06B1E660A0CDB4B2782,53412DCC555335B400DB72750ED0BE08D034D779,2020-09-25 16:07:59.209000,2020-09-25 16:08:00.763000
sutbxvayiey2hcym,failed,not_found,418,DA60C85D526374C1DC8A8796E93F12F7CA3019F2,5CE3AD8AD04ADE66C0037A3CF5F7F7A40D48A20B,176FD686D08348E9FC5E014BD0B66899CEF34F13,5333C98E703385743AE931ECC929C5E4B32A0CD0,2020-09-25 16:08:00.763000,2020-09-25 16:08:02.788000
sutbxvayiey2hcym,failed,not_found,468,DA60C85D526374C1DC8A8796E93F12F7CA3019F2,2AE2CA4BD2B7754F29432C25E03314D52AC4CAF1,09092FF120A9FD9DC1AEAC899B5C3CFECBA6C279,5368AB8D9033A357729D3578617A6493AB5DA3A8,2020-09-25 16:08:02.788000,2020-09-25 16:08:04.203000
sutbxvayiey2hcym,failed,not_found,506,DA60C85D526374C1DC8A8796E93F12F7CA3019F2,F3CEC87ED91E0B0B1D86BE4D7DE90F00B607ECAF,8BE58BA7A28DC6B4F211CE8EE86783B85133488D,C9B16B5D37F531C8C6C0281E4EC4F056E84541D0,2020-09-25 16:08:04.204000,2020-09-25 16:08:06.012000
sutbxvayiey2hcym,failed,not_found,546,DA60C85D526374C1DC8A8796E93F12F7CA3019F2,890480E14E634C8B4467C475E355A6FBF3D99CD5,0FE31E8B143BCA123905993356D1DE49C715E455,C980254CCF8BC5187B4F1671DA6D00DF252B5451,2020-09-25 16:08:06.012000,2020-09-25 16:08:07.187000
vpgvtxlojndpiuyw,failed,not_found,350,DA60C85D526374C1DC8A8796E93F12F7CA3019F2,5AE12CAAA489A0739F56E79CC287526FAB55A6FB,DEF3365F1C012F80E56877B5EF05CE72BDEB0CCC,311A4533F7A2415F42346A6C8FA77E6FD279594C,2020-09-25 16:07:58.039000,2020-09-25 16:07:59.354000
vpgvtxlojndpiuyw,failed,not_found,387,DA60C85D526374C1DC8A8796E93F12F7CA3019F2,F5F4019509109A07E90C45A022CEED9ECA1643C8,131FBC8A3D4B44DE9B258ADC58674082B1E06D2C,310056E3539B2EE9F227B0D230B0835554051475,2020-09-25 16:07:59.354000,2020-09-25 16:08:00.871000
vpgvtxlojndpiuyw,failed,not_found,420,DA60C85D526374C1DC8A8796E93F12F7CA3019F2,C005F0CB30CD54CB45FF08ED151511A286B1B7CE,25E078CD1E537A7418318168F7E1990EF2A160C8,3FE39429CB7077BBB13D2774591A1B80EE493742,2020-09-25 16:08:00.872000,2020-09-25 16:08:01.978000
vpgvtxlojndpiuyw,failed,not_found,557,DA60C85D526374C1DC8A8796E93F12F7CA3019F2,2AE2CA4BD2B7754F29432C25E03314D52AC4CAF1,4856C97DC4F2271BC896DF9CABD217EE2D869D68,3FA93D41E9A7C4C47B77C0D7F617999B6D5D0B62,2020-09-25 16:08:01.979000,2020-09-25 16:08:08.100000
vpgvtxlojndpiuyw,failed,not_found,600,DA60C85D526374C1DC8A8796E93F12F7CA3019F2,98867F5242505A2DD581C85B1CE256090B87F138,7992F172EDBE69B99F0190651BAC14DD0FD9E5C8,3FA04DAFB39C8C2D3BB3568C4B7F84194691D9CB,2020-09-25 16:08:08.100000,2020-09-25 16:08:09.829000
vpgvtxlojndpiuyw,failed,not_found,640,DA60C85D526374C1DC8A8796E93F12F7CA3019F2,AC2275831607A95CD8B939C3B8DC466CCF48E2B9,C55AC4238C66CE8D00838572D563A284DBEF0228,31419A64188BC8070EE89F3CEE6AA98EAAC7E8E8,2020-09-25 16:08:09.829000,2020-09-25 16:08:11.292000
j2feit4mblzeq6d3,failed,not_found,370,DA60C85D526374C1DC8A8796E93F12F7CA3019F2,103336165A0D2EFCAD3605339843A0A7710B8B92,0085057C17BD2E1809E284825F06F94E72FB418C,4BC2C524ADCEE939E6EB0863813DCC98D4C87D44,2020-09-25 16:07:58.996000,2020-09-25 16:08:00.465000
j2feit4mblzeq6d3,failed,not_found,580,DA60C85D526374C1DC8A8796E93F12F7CA3019F2,99339F3E68BCCC1391BF14C821D80766FE0C5956,3B953203AF332D8FE1452E1CE7CB50A3B5297DB2,AA616315BA97729EA47DAD8718FA59269C7229E7,2020-09-25 16:08:00.465000,2020-09-25 16:08:08.804000
j2feit4mblzeq6d3,failed,not_found,615,DA60C85D526374C1DC8A8796E93F12F7CA3019F2,003BFA1B6CC5CBEFD5D0082F8FC9AF2A8868A8FB,B70629C29A032979E5AD00CC51D2330845AAFD6A,4BC874C290A1438E9FF3C684F1CAC2AC351A12EB,2020-09-25 16:08:08.805000,2020-09-25 16:08:09.995000
j2feit4mblzeq6d3,failed,not_found,644,DA60C85D526374C1DC8A8796E93F12F7CA3019F2,575F15A0A41B951BEE03E25B2A0A3FC3E8D7C7D1,93FFDC0C36C316208AC6291DE754D733B4D88A13,4BF3D299BC500C350868F078749291C766C7AA6F,2020-09-25 16:08:09.996000,2020-09-25 16:08:12.271000
j2feit4mblzeq6d3,failed,not_found,704,DA60C85D526374C1DC8A8796E93F12F7CA3019F2,0122A605B7C170D6086143448273D9A9844B69E2,81132BCB0E58141820EE03BCC5CB39CDC06AE7EA,AA8B7237B4D2C76ED4AF24B3B47B375812AACC83,2020-09-25 16:08:12.272000,2020-09-25 16:08:14.964000
j2feit4mblzeq6d3,failed,not_found,756,DA60C85D526374C1DC8A8796E93F12F7CA3019F2,A2C6C931D8627C6605288970889DDB88C7BA2142,027DCCAAA0AAC0B3F79238E60DBCBE7B5B2E4BAC,AA98AE4BDB6E03BAA48011CAE828ECEC50B029C8,2020-09-25 16:08:14.964000,2020-09-25 16:08:17.383000
2hh4i6qykgts2vjb,failed,not_found,371,DA60C85D526374C1DC8A8796E93F12F7CA3019F2,0C3D5E19E3C75B505C8ACD26F89DCA2DF970553E,8ADA1AB31B9B49CFFF5A450816053BF4CB72E4AC,EE36437DFD15BFBDE7D7F471727C3050EB4EDCC5,2020-09-25 16:07:59.052000,2020-09-25 16:08:00.594000
2hh4i6qykgts2vjb,failed,not_found,417,DA60C85D526374C1DC8A8796E93F12F7CA3019F2,9C2BF9B1E30EBB1A3836FA04BEEE8CC192CC1E5B,4856C97DC4F2271BC896DF9CABD217EE2D869D68,EE482116B2A49A2B64536526EADD8DE932F691CD,2020-09-25 16:08:00.594000,2020-09-25 16:08:01.819000
2hh4i6qykgts2vjb,failed,not_found,445,DA60C85D526374C1DC8A8796E93F12F7CA3019F2,7F5D5A72EE056586F3743751EF90B0FDF42EF9C7,CE58CF666F209857502FCEAF1CB52F638AFFBD63,2F67A940520D1C9E66497D3847F0FDEE545AE7C0,2020-09-25 16:08:01.820000,2020-09-25 16:08:03.290000
2hh4i6qykgts2vjb,failed,not_found,481,DA60C85D526374C1DC8A8796E93F12F7CA3019F2,7BE4752877553A96CD4035D0C526BCD09E81CC64,0A7208B8903DD3FF5CDFA218A3823AF498CE69CE,EE3AC155F03CDA6BDD8877179A91F3CEEB0FDE05,2020-09-25 16:08:03.290000,2020-09-25 16:08:04.767000
2hh4i6qykgts2vjb,failed,not_found,518,DA60C85D526374C1DC8A8796E93F12F7CA3019F2,E432C6B90254DD0675F86D3E4D5F3A2CA100DE8B,DA9E02BB8080E473157052F70439B7886AA8569D,2F644DDEF8BAA31BA0240E6C6D36665D90DA57C9,2020-09-25 16:08:04.767000,2020-09-25 16:08:06.363000
2hh4i6qykgts2vjb,failed,not_found,554,DA60C85D526374C1DC8A8796E93F12F7CA3019F2,836460C721577873AD1FF8AB000112A9360EB3A0,A1B28D636A56AAFFE92ADCCA937AA4BD5333BB4C,2F64EA527C4AA6F99E261318DD1FF127828E2525,2020-09-25 16:08:06.363000,2020-09-25 16:08:07.554000
nrzaxlseam3o4voz,failed,not_found,372,DA60C85D526374C1DC8A8796E93F12F7CA3019F2,18CA9EA099BB9861E354D2A6FF49337A7E81C2F3,A59AD84F92B2E5A76EBFE3BE62D3B28AF9BFD127,65A90AB81C44DD7D9B73B5529B1151798534AF74,2020-09-25 16:07:59.052000,2020-09-25 16:08:00.584000
nrzaxlseam3o4voz,failed,not_found,416,DA60C85D526374C1DC8A8796E93F12F7CA3019F2,8424F2EDAB9F9BD16D89E1EA564B69923D951921,F836446663F1EB816F13708955F105D0B2F5C8E0,65BBE89EF47A0440A72402C40645C9315ADD55F8,2020-09-25 16:08:00.585000,2020-09-25 16:08:02.579000
nrzaxlseam3o4voz,failed,not_found,464,DA60C85D526374C1DC8A8796E93F12F7CA3019F2,6ED6758622A73F54F0EF59A9D31D71AABD7A70DA,64FC9B3852BA7EC74E79BD4099D850C338009E77,65B1E5658FDB9950F9822B90D76C30616898CCC8,2020-09-25 16:08:02.580000,2020-09-25 16:08:03.863000
nrzaxlseam3o4voz,failed,not_found,495,DA60C85D526374C1DC8A8796E93F12F7CA3019F2,C5BF27560E4B007365FBA96D32F9E74614218C8E,74AC10CA94E400BA4D69E397562597CA04FC5352,12F4C3DB1C8FE1C49FE984B02364CFB1946A8BB9,2020-09-25 16:08:03.863000,2020-09-25 16:08:05.556000
nrzaxlseam3o4voz,failed,not_found,537,DA60C85D526374C1DC8A8796E93F12F7CA3019F2,59BC32EA48ED1D06A373856434C0C5C4D2D86603,BF50E09EED25B82861CF95E1AAA42DCFEF53E5D1,12FD624EE73CEF37137C90D38B2406A66F68FAA2,2020-09-25 16:08:05.557000,2020-09-25 16:08:07.011000
nrzaxlseam3o4voz,failed,not_found,570,DA60C85D526374C1DC8A8796E93F12F7CA3019F2,DF445006932A7BA942F3EBB4457D7ABF2E4006E0,277F5717A62B3A728C98B3168E484BC08B4997E3,12F8E58310CF07EB3F2E9AAD6F78BCD5065D3930,2020-09-25 16:08:07.012000,2020-09-25 16:08:08.154000
dswy3dml4gngczkf,failed,not_found,373,DA60C85D526374C1DC8A8796E93F12F7CA3019F2,4623A9EC53BFD83155929E56D6F7B55B5E718C24,84F0FEBFDFA8FBC6A2EA27F87EBB31F050AFD04D,C6E184C0983C68B7E8BFC6215E7289E09E97AA0E,2020-09-25 16:07:59.058000,2020-09-25 16:08:00.275000
dswy3dml4gngczkf,failed,not_found,403,DA60C85D526374C1DC8A8796E93F12F7CA3019F2,3043C1A6DF23AFEDC8FD3C0671FADCEDFF6D3429,CEC92F3BE8A2F3A46D3C042721D6BDBF2F40F4C5,4E559E30279092315BF907DABDF00720473F8320,2020-09-25 16:08:00.275000,2020-09-25 16:08:01.833000
dswy3dml4gngczkf,failed,not_found,447,DA60C85D526374C1DC8A8796E93F12F7CA3019F2,4661DE96D3F8E923994B05218F23760C8D7935A4,81E18725397D620DA548ABBE24D9CD263DEF2FDC,4E5C4ED5CC70E5A32B48392FF72CC4BE24937EDA,2020-09-25 16:08:01.833000,2020-09-25 16:08:04.033000
dswy3dml4gngczkf,failed,not_found,497,DA60C85D526374C1DC8A8796E93F12F7CA3019F2,695D811B130673C2DE8DCFC5A9E742790BD25066,4C5B8134341E66CB09246985E4039F9BFC0ADCE3,C6E1453B8CAF796E4CF65DB6A81283BDDD722F88,2020-09-25 16:08:04.034000,2020-09-25 16:08:05.477000
dswy3dml4gngczkf,failed,not_found,535,DA60C85D526374C1DC8A8796E93F12F7CA3019F2,08F06A0DDAFABF9A26FCB2E392A1435F9E048216,0C8433B6B92E2F1C744F3CFBE49ADA7CBEFEEBFA,C6E3910CBADCA6D2D7E932AB31A038EDD6A6FB79,2020-09-25 16:08:05.478000,2020-09-25 16:08:06.864000
dswy3dml4gngczkf,failed,not_found,654,DA60C85D526374C1DC8A8796E93F12F7CA3019F2,A6C983C2F7EEADD55CE9169E540EBD95423FC260,343EC037D633150AFFCC8471E805AABAE1B1D871,4E5868CC28C466E2C97DEF362E7990A1A336C4D3,2020-09-25 16:08:06.865000,2020-09-25 16:08:12.716000
jgm54h7qnnkjxakk,failed,not_found,384,DA60C85D526374C1DC8A8796E93F12F7CA3019F2,76D2EBA82BBCCA3DF9F254A9A8372A10A26F3D14,38E48C9509E18F405749859EEF299EBC1B829602,845C551529FDF63E6FB8C6802F1DF35998DB0FEC,2020-09-25 16:08:00.045000,2020-09-25 16:08:00.955000
jgm54h7qnnkjxakk,failed,not_found,409,DA60C85D526374C1DC8A8796E93F12F7CA3019F2,04DFE047ACDF7A6620ACA782FAFC5EF1AE7F4754,9C900A7F6F5DD034CFFD192DAEC9CCAA813DB022,84A8E41D03865822272F647D378AFF4AC73187F2,2020-09-25 16:08:00.956000,2020-09-25 16:08:01.819000
jgm54h7qnnkjxakk,failed,not_found,444,DA60C85D526374C1DC8A8796E93F12F7CA3019F2,AF77AA5BD924319510F99B30CD0932D32B01B5C5,1CD48F4ED0F1821FFBF1940802A13EEFD4C27502,E17745C64255D2920D9B9FCF9EF930C426EE4A91,2020-09-25 16:08:01.819000,2020-09-25 16:08:03.144000
jgm54h7qnnkjxakk,failed,not_found,479,DA60C85D526374C1DC8A8796E93F12F7CA3019F2,21AC6EF15C86641CE623B8A08D64144BCAC14AEC,8FA37B93397015B2BC5A525C908485260BE9F422,846B3EAAF0C07FF72FC79AEBB11FA3ADC58F240F,2020-09-25 16:08:03.145000,2020-09-25 16:08:04.905000
jgm54h7qnnkjxakk,failed,not_found,520,DA60C85D526374C1DC8A8796E93F12F7CA3019F2,DA8D76F5F5819693B5C96F499BA19F7404014769,B9E7A637B00BBB77853A639CC33245A2FEB8F033,E1468D867FA3230EC1DACFCA87A800BAF22E79E0,2020-09-25 16:08:04.905000,2020-09-25 16:08:06.095000
jgm54h7qnnkjxakk,failed,not_found,547,DA60C85D526374C1DC8A8796E93F12F7CA3019F2,FCF61C25093BB33BAA203D8EE7E65466D42ECF98,8111FEB45EF2950EB8F84BFD8FF070AB07AEE9DD,E13F7EE1535ED8AEAB92A5EEAEE9A0C782ED33E2,2020-09-25 16:08:06.095000,2020-09-25 16:08:08.615000
pjujvc2rsyengsos,failed,not_found,398,DA60C85D526374C1DC8A8796E93F12F7CA3019F2,C395592F1D779E6775806AFFAD66199E3972DAA2,99339F3E68BCCC1391BF14C821D80766FE0C5956,D9D6C35E932FEF7100A00C99C199356E82DAB7E6,2020-09-25 16:08:00.079000,2020-09-25 16:08:01.258000
pjujvc2rsyengsos,failed,not_found,434,DA60C85D526374C1DC8A8796E93F12F7CA3019F2,461D6EA15966C7F99B43D37ADC116B5B8E47D130,994FB6A842C0CEE1F1C4CBA9A7604C5FF6014CFC,DA13C3CD7EB23CDFD739C31855658BC5B63841EE,2020-09-25 16:08:01.259000,2020-09-25 16:08:02.620000
pjujvc2rsyengsos,failed,not_found,466,DA60C85D526374C1DC8A8796E93F12F7CA3019F2,42D47C736518BFA495CA31AEE40AE468F0BDA2A6,9DB6BCDC10AEFB2C032857E114AF585A252E9CFB,DA1B8B8D617909902572790CE8BB99DA502C6485,2020-09-25 16:08:02.621000,2020-09-25 16:08:04.041000
pjujvc2rsyengsos,failed,not_found,500,DA60C85D526374C1DC8A8796E93F12F7CA3019F2,BFEC9FDCD15CDC54FBEFB4BC18B6A57CD186B3CE,68541734A0D14E13BDAD84E99F552E694525F9E5,E3E7491900ECA759D7FA64E6B1CCBD6AC69474D7,2020-09-25 16:08:04.042000,2020-09-25 16:08:05.573000
pjujvc2rsyengsos,failed,not_found,539,DA60C85D526374C1DC8A8796E93F12F7CA3019F2,09A70E396DE93F54D4541BBB0EC8E2B23761F34F,06E72526BBE040C51C5ADFBAA07ADD9AEB5E1FA1,E3DAF067B028450B31CF5CE118F2F9AC53146ABD,2020-09-25 16:08:05.573000,2020-09-25 16:08:07.280000
pjujvc2rsyengsos,failed,not_found,649,DA60C85D526374C1DC8A8796E93F12F7CA3019F2,014E24C0CD21D2B9829E841D5EC1D3C415F866BF,65888719E2F619E6198F1045A93AF0176C05354D,E3D61BAEA0B7CB12CACEDC8821C520557BDFCEA3,2020-09-25 16:08:07.280000,2020-09-25 16:08:12.272000
p67y45u2rnrtexqe,failed,not_found,399,DA60C85D526374C1DC8A8796E93F12F7CA3019F2,EDFD5FFE9D97ADC0BAFE30A3BD8454F36FFDEF69,03910F285A33F365838EC66EF2C2EF754D046760,A932F56F69D24A96A0CBC4F32922A62DEFD28C77,2020-09-25 16:08:00.080000,2020-09-25 16:08:00.944000
p67y45u2rnrtexqe,failed,not_found,424,DA60C85D526374C1DC8A8796E93F12F7CA3019F2,F5F4019509109A07E90C45A022CEED9ECA1643C8,F6740DEABFD5F62612FA025A5079EA72846B1F67,1F5D00297D1B9FCC09CCDE62CA1043E3621FA973,2020-09-25 16:08:00.945000,2020-09-25 16:08:01.995000
p67y45u2rnrtexqe,failed,not_found,436,DA60C85D526374C1DC8A8796E93F12F7CA3019F2,5AE12CAAA489A0739F56E79CC287526FAB55A6FB,FE9CB0E0629636EBD8D0C71F46E387B944C01BCF,A91F3E4D2CCD81F5C865E143525F92A790CDF17E,2020-09-25 16:08:01.995000,2020-09-25 16:08:02.823000
p67y45u2rnrtexqe,failed,not_found,470,DA60C85D526374C1DC8A8796E93F12F7CA3019F2,D6B74699E4BD65F8FF7BE0F293E04F237ED8DD67,CEA2E066A7F8EC0F235F5190E25DD3C9F86F084B,1F509589F7F70B69A38719A201451CF4B70F89C6,2020-09-25 16:08:02.824000,2020-09-25 16:08:05.122000
p67y45u2rnrtexqe,failed,not_found,525,DA60C85D526374C1DC8A8796E93F12F7CA3019F2,BF735F669481EE1CCC348F0731551C933D1E2278,163303F0583A1917326214379BD1AB2D286046EA,A926970FE1AEF9C6D8D4BF57ED6B88F3F8C66415,2020-09-25 16:08:05.122000,2020-09-25 16:08:06.409000
p67y45u2rnrtexqe,failed,not_found,555,DA60C85D526374C1DC8A8796E93F12F7CA3019F2,77A56CB237740E24AEA2D61C8C8936232AFC1BD8,A6E0F950CAC74AF867CA21976069529D6D4D3E30,1F41A5EFA69442AD49635074833945523A7D2145,2020-09-25 16:08:06.409000,2020-09-25 16:08:07.778000
gzygf3jzpxfocvse,failed,not_found,400,DA60C85D526374C1DC8A8796E93F12F7CA3019F2,5CF2BC575B3537AEE1E531021E2DB682B591C5A4,BF37445EA2A9F3D04F4B87DFAC624AEF21B559D5,FD709DBF3AF5DDE2812BCE5A5CA2FBB733DEF520,2020-09-25 16:08:00.104000,2020-09-25 16:08:01.198000
gzygf3jzpxfocvse,failed,not_found,433,DA60C85D526374C1DC8A8796E93F12F7CA3019F2,483CE40BAD189F840EB2222A558F96C11C2B79B0,38E48C9509E18F405749859EEF299EBC1B829602,FD7ED9F4871E2EC46035FC602960EACC32E08FF8,2020-09-25 16:08:01.199000,2020-09-25 16:08:02.542000
gzygf3jzpxfocvse,failed,not_found,463,DA60C85D526374C1DC8A8796E93F12F7CA3019F2,31D270A38505D4BFBBCABF717E9FB4BCA6DDF2FF,2AA5F598F9A1812F01CD99E3B59BB87362ED7438,8B5A19B1596DAD4C89E025BE2CBA3424AE943693,2020-09-25 16:08:02.542000,2020-09-25 16:08:03.714000
gzygf3jzpxfocvse,failed,not_found,491,DA60C85D526374C1DC8A8796E93F12F7CA3019F2,9F7D6E6420183C2B76D3CE99624EBC98A21A967E,B0DB2F173F0DB364BABF7A465D796B3C048F1F33,FD79B7F9230858B48E75F389661840C702511078,2020-09-25 16:08:03.715000,2020-09-25 16:08:04.812000
gzygf3jzpxfocvse,failed,not_found,519,DA60C85D526374C1DC8A8796E93F12F7CA3019F2,99339F3E68BCCC1391BF14C821D80766FE0C5956,4C5B8134341E66CB09246985E4039F9BFC0ADCE3,8B1CC76D6D1370A67263628D4CBC01B62903D0BF,2020-09-25 16:08:04.813000,2020-09-25 16:08:06.298000
gzygf3jzpxfocvse,failed,not_found,553,DA60C85D526374C1DC8A8796E93F12F7CA3019F2,F5B58FEE44573C3BFD7D176D918BA5B4057519D7,F0F13714732C347312426EC2B8D5C4940EAA45BA,8B496F3EF3BF5CC32A4C20ECDBEC2A06E7EA4357,2020-09-25 16:08:06.299000,2020-09-25 16:08:07.613000
ns5nulaa7sasfyqx,failed,not_found,486,DA60C85D526374C1DC8A8796E93F12F7CA3019F2,A0B05E1D852D874EFAF3603C83246E00AD65AF20,AB687988F260DE9EDC3B36C66287DE2660ED1CE0,233FE941DC6E45450D348E367C1B5D915C6A35D0,2020-09-25 16:08:00.976000,2020-09-25 16:08:07.767000
ns5nulaa7sasfyqx,failed,not_found,590,DA60C85D526374C1DC8A8796E93F12F7CA3019F2,CDA2C336AD87E22DF02983887A3F74B21070D02D,014E24C0CD21D2B9829E841D5EC1D3C415F866BF,234D4373B5359D80AADFB5F469A635EC44DC6C0B,2020-09-25 16:08:07.767000,2020-09-25 16:08:08.900000
ns5nulaa7sasfyqx,failed,not_found,618,DA60C85D526374C1DC8A8796E93F12F7CA3019F2,E5CC91BAFE7CCD68003E873D32E38027638D49D7,B8D8E07448E0405F4275E52884ED9CEF63FEE4A3,4FA1F401F8C3E8326031E7994045BE67F36033A6,2020-09-25 16:08:08.900000,2020-09-25 16:08:10.791000
ns5nulaa7sasfyqx,failed,not_found,661,DA60C85D526374C1DC8A8796E93F12F7CA3019F2,1F4105C688E835A56AF3D66C787677B57240FFA2,6ED3BE22B2261258017B3F0584706265985D7AE9,231C00CD373C5DA8E5BA89883300506BC95881D9,2020-09-25 16:08:10.791000,2020-09-25 16:08:12.434000
ns5nulaa7sasfyqx,failed,not_found,706,DA60C85D526374C1DC8A8796E93F12F7CA3019F2,F38FB55A8CCA6A00CDD024A5EA2CFECB38A48E15,7E8BC43AE75EAE16D7EC4676F4A5C355F454B809,4F9BE3A549730D4B5705E1B89D637CA824A57DA1,2020-09-25 16:08:12.434000,2020-09-25 16:08:14.655000
ns5nulaa7sasfyqx,failed,not_found,750,DA60C85D526374C1DC8A8796E93F12F7CA3019F2,CDE4149F0DC65A7BE1AE440340BE1C7A18135E29,C3E0E9EA1FF3FCFC27E856BFE61533020DD7F090,4F7A7A61D20234B2C453FB8CD3014C100F1E0DE3,2020-09-25 16:08:14.655000,2020-09-25 16:08:17.854000
avrnlzgoy5onhupq,failed,not_found,426,DA60C85D526374C1DC8A8796E93F12F7CA3019F2,AED04C65D2D0D70DB2932D7D5A0BA58169168CC1,834C91DEEB2FE4FEFCE55A99C378968FB659115C,45D81A594C458BAA2AFADADC507B6C784EB68D63,2020-09-25 16:08:00.984000,2020-09-25 16:08:02.293000
avrnlzgoy5onhupq,failed,not_found,456,DA60C85D526374C1DC8A8796E93F12F7CA3019F2,34133CC3192CF7538089B14511400DF21BA5A077,861BCFDD148973985E7FE97C7455C9E4AC4E13BE,828112B80D28A92311A8C6C7CCF369B316C40744,2020-09-25 16:08:02.293000,2020-09-25 16:08:04.034000
avrnlzgoy5onhupq,failed,not_found,498,DA60C85D526374C1DC8A8796E93F12F7CA3019F2,8111FEB45EF2950EB8F84BFD8FF070AB07AEE9DD,39CF2F22E5018C01FD57DEB1AB8FDFA4592633FB,45D8C1EEFF044043AA6806C4B9130F8F189EF316,2020-09-25 16:08:04.034000,2020-09-25 16:08:05.147000
avrnlzgoy5onhupq,failed,not_found,598,DA60C85D526374C1DC8A8796E93F12F7CA3019F2,2BAF092E8667C00CA3D9686C76D8EC3CC6BC7C5B,CEC92F3BE8A2F3A46D3C042721D6BDBF2F40F4C5,45E2D7BE8D42A13A627BE13A66503F848861C5DE,2020-09-25 16:08:05.147000,2020-09-25 16:08:09.305000
avrnlzgoy5onhupq,failed,not_found,632,DA60C85D526374C1DC8A8796E93F12F7CA3019F2,901CBA6FF3B90618D3FFEFF040353C267F690DF8,D5039E1EBFD96D9A3F9846BF99EC9F75EDDE902A,825AD5D33B2A5C41BC647047D6B63AC41C4C5021,2020-09-25 16:08:09.305000,2020-09-25 16:08:10.960000
avrnlzgoy5onhupq,failed,not_found,666,DA60C85D526374C1DC8A8796E93F12F7CA3019F2,005079A42356183CEA5A3ADD239303F44F12E7EA,64E257D94E739278D5954CC820C9D7EAC4E7A7B7,8275CE20C53D79EC51CA87292E7FC58F238F100C,2020-09-25 16:08:10.960000,2020-09-25 16:08:12.891000
cq36mhntxwhk3pib,failed,not_found,427,DA60C85D526374C1DC8A8796E93F12F7CA3019F2,890480E14E634C8B4467C475E355A6FBF3D99CD5,DC9564AE8BC7BF5F722E3677C897ED1B578C8D81,CA29603FE2143C9BF06AFE76AB5D7940194271C1,2020-09-25 16:08:00.985000,2020-09-25 16:08:06.522000
cq36mhntxwhk3pib,failed,not_found,562,DA60C85D526374C1DC8A8796E93F12F7CA3019F2,F9674F45A25CAA977E7B872807E0A070C121F5FA,6C282D35C674A036B79B5F30E90D19B363D3DAB2,CA4DF2B63A43080C57CF9A561D4A155F97EC5A4F,2020-09-25 16:08:06.523000,2020-09-25 16:08:08.100000
cq36mhntxwhk3pib,failed,not_found,601,DA60C85D526374C1DC8A8796E93F12F7CA3019F2,AEF6C1FBA0FC16F4931638BF065085B974D3E90F,ACA0B8702A6A0B890217A3D26B7220EB6E1CFFD1,CA37CD46799449D83B6B98B8C22C649906307888,2020-09-25 16:08:08.101000,2020-09-25 16:08:09.663000
cq36mhntxwhk3pib,failed,not_found,637,DA60C85D526374C1DC8A8796E93F12F7CA3019F2,D8EA105E79803FB0040A8C2A676D93DAEA2CFFF0,A59AD84F92B2E5A76EBFE3BE62D3B28AF9BFD127,2D6C93A2336368D9A5778416FD4DDDD97FF37D40,2020-09-25 16:08:09.663000,2020-09-25 16:08:12.002000
cq36mhntxwhk3pib,failed,not_found,692,DA60C85D526374C1DC8A8796E93F12F7CA3019F2,083C52051140DB8AF770BD40C7C8883EFFF4CAF3,213F2B4AB09EE6FF8CA21B804B2E1BD8835088D3,2D63EC24CB7CA7ACFBC1439752A54A916195067D,2020-09-25 16:08:12.002000,2020-09-25 16:08:15.057000
cq36mhntxwhk3pib,failed,not_found,757,DA60C85D526374C1DC8A8796E93F12F7CA3019F2,0B555940D37DC849728841C0B290074E1A1BDCA8,72B2B12A3F60408BDBC98C6DF53988D3A0B3F0EE,2D70583AFDE90C7C3D9CFF9F0C076F0C022CC29C,2020-09-25 16:08:15.057000,2020-09-25 16:08:17.309000
ctq3iqrc73gp4eji,failed,not_found,428,DA60C85D526374C1DC8A8796E93F12F7CA3019F2,F117B31DF6A73D6F015BCEE4E6AB13474B18A16F,56781CCC9F6D29FEA148799AB588429C893A473C,4FAB66DD36CF53A4D1F8D933037FA509ADE063BA,2020-09-25 16:08:00.985000,2020-09-25 16:08:03.248000
ctq3iqrc73gp4eji,failed,not_found,480,DA60C85D526374C1DC8A8796E93F12F7CA3019F2,ED3ACBBB89C5F1597A44A65D2FA203BDB8E208F2,1E85158D31CC733306D2BA3B551C0E88ABA662C6,26BD25EF434E869DB33516CE7767747D23CF3590,2020-09-25 16:08:03.249000,2020-09-25 16:08:05.226000
ctq3iqrc73gp4eji,failed,not_found,528,DA60C85D526374C1DC8A8796E93F12F7CA3019F2,A1DAA9D3975D1EBB231277ECDEF68720D3F00C8F,80C113BCE9356B4DECF94E7CF4A8C0BD315EE8E8,4FA1F401F8C3E8326031E7994045BE67F36033A6,2020-09-25 16:08:05.226000,2020-09-25 16:08:07.475000
ctq3iqrc73gp4eji,failed,not_found,582,DA60C85D526374C1DC8A8796E93F12F7CA3019F2,6389ECB4891334B846300FDD8A68250EBB5B7C52,74B8B22AF950B0BE11D8A228FB09D2F5279FB757,4F9BE3A549730D4B5705E1B89D637CA824A57DA1,2020-09-25 16:08:07.475000,2020-09-25 16:08:09.037000
ctq3iqrc73gp4eji,failed,not_found,622,DA60C85D526374C1DC8A8796E93F12F7CA3019F2,0C3D5E19E3C75B505C8ACD26F89DCA2DF970553E,F24F8BEA2779A79111F33F6832B062BED306B9CB,26B09A4C9F6A9D4815DB46EBA3626A0ED8D71E8F,2020-09-25 16:08:09.038000,2020-09-25 16:08:10.408000
ctq3iqrc73gp4eji,failed,not_found,658,DA60C85D526374C1DC8A8796E93F12F7CA3019F2,A835BE6AAFF5A71D8699737588530FDE141B209E,3CCF9573F59137E52787D9C322AC19D2BD090B70,26ACD3A1EFECBB695CE8DF2EB769DB9242964C6C,2020-09-25 16:08:10.409000,2020-09-25 16:08:12.228000
ydl74ezzixn3nqv5,failed,not_found,449,DA60C85D526374C1DC8A8796E93F12F7CA3019F2,E384748293FC4429E2B427360DB4F9D4C3D619D1,BAF223E9DF62D3261F1675C6CFC4E5D50F15FA57,7FF94320963B5CDAF9A072CE9BEE9B4F1F2B383C,2020-09-25 16:08:02.003000,2020-09-25 16:08:03.076000
ydl74ezzixn3nqv5,failed,not_found,476,DA60C85D526374C1DC8A8796E93F12F7CA3019F2,B6D4916A98D99027DA25D42D70D686F0B3663F35,0C3D5E19E3C75B505C8ACD26F89DCA2DF970553E,800267725AF0B34265FB6A2795AB3F743A63DD96,2020-09-25 16:08:03.076000,2020-09-25 16:08:04.220000
ydl74ezzixn3nqv5,failed,not_found,551,DA60C85D526374C1DC8A8796E93F12F7CA3019F2,61C2E2299BE15D8F3E3386D62D6D90F5DC2CA2F0,D1E706B9021A0BF8E9663DB207D9D9EC03A70DAC,13FB26F9361F803AD190FE88B35E241DC084B026,2020-09-25 16:08:04.221000,2020-09-25 16:08:07.555000
ydl74ezzixn3nqv5,failed,not_found,676,DA60C85D526374C1DC8A8796E93F12F7CA3019F2,4FF53BC47097B50DA5B68D72C5B25CC079F4A787,E11FC7C83F417808A4CDD84A5ABFC112844C477A,801FC54687E380C226D35CD7DBBF73FCD442EA6B,2020-09-25 16:08:07.556000,2020-09-25 16:08:12.905000
ydl74ezzixn3nqv5,failed,not_found,712,DA60C85D526374C1DC8A8796E93F12F7CA3019F2,9C4DAED4759AA66D0E93EB27093BD21CFE2C2271,856DAB2FDC9EED88A27BE2265FA6BD5489EF178E,13EE0E14C6A2751633138277C1443A4C37DD55D4,2020-09-25 16:08:12.905000,2020-09-25 16:08:14.771000
ydl74ezzixn3nqv5,failed,not_found,754,DA60C85D526374C1DC8A8796E93F12F7CA3019F2,856DAB2FDC9EED88A27BE2265FA6BD5489EF178E,DAD19570682F47FB775B263330BD62B7BF0DEEA8,13F7EAE731CA4600951986921E08ECAB9B1D2AF6,2020-09-25 16:08:14.772000,2020-09-25 16:08:16.937000
vusip6k7ghjn2c4s,failed,not_found,558,DA60C85D526374C1DC8A8796E93F12F7CA3019F2,9EB3FD84065E5622A57EFEF14E41A01B5B99A022,7B190463E733CC292AA4010D194D1798CD8EB9A0,7EF6E998564211FB86881FEA2627AA9119BD9842,2020-09-25 16:08:02.011000,2020-09-25 16:08:08.143000
vusip6k7ghjn2c4s,failed,not_found,581,DA60C85D526374C1DC8A8796E93F12F7CA3019F2,51F733EAC4DFD128CF957A14D5F2DC023803D1A2,157CED138D3DE9CBFB5AE0232A319C2980F6C409,07C3EBBE41DF9FE8551DF69642FEBA70E954DC0F,2020-09-25 16:08:08.143000,2020-09-25 16:08:09.552000
vusip6k7ghjn2c4s,failed,not_found,681,DA60C85D526374C1DC8A8796E93F12F7CA3019F2,169535CC4C75FF79C6D548D41720064EE4FE61D2,FACC9EB242F4FDA0BD6508CCB86DABCE9E84677F,07B8FC5B66719C355FABF84B4F5E0131E127DF01,2020-09-25 16:08:09.553000,2020-09-25 16:08:13.190000
vusip6k7ghjn2c4s,failed,not_found,725,DA60C85D526374C1DC8A8796E93F12F7CA3019F2,20386D9A32BECBE602375E015FC70117955653F1,41CEB66108B70108F148BF7778260A87723AACA1,7F0CF3D96C1C910020149EEA5A10294117DC67AA,2020-09-25 16:08:13.190000,2020-09-25 16:08:15.838000
vusip6k7ghjn2c4s,failed,not_found,778,DA60C85D526374C1DC8A8796E93F12F7CA3019F2,91517F219F7648E4B8BBF3C162C77DDC55315612,FEDE31337E4E19E06B97D282F08B0A0E8B9C5526,07F9F13BCB3E1F6117FB211905127AF41E72E087,2020-09-25 16:08:15.838000,2020-09-25 16:08:18.804000
vusip6k7ghjn2c4s,failed,not_found,840,DA60C85D526374C1DC8A8796E93F12F7CA3019F2,66BBCD0D58FDB891AD86CE22A2613A9BEE3CA274,CEC92F3BE8A2F3A46D3C042721D6BDBF2F40F4C5,7F04E089C6BED83E04FB2AE196BDE34B808094F5,2020-09-25 16:08:18.804000,2020-09-25 16:08:21.840000
6gcjgfot7ofggvry,failed,not_found,451,DA60C85D526374C1DC8A8796E93F12F7CA3019F2,B15C0071EAF508AAEE29DB9D07607C84AA2DDEB3,A333975460B45BB109CC6E54106B5B2A625721FA,2B34099ED2BC598C4745C96C873FD73A445646BD,2020-09-25 16:08:02.012000,2020-09-25 16:08:03.475000
6gcjgfot7ofggvry,failed,not_found,487,DA60C85D526374C1DC8A8796E93F12F7CA3019F2,B204DE75B37064EF6A4C6BAF955C5724578D0B32,EAA823552F959DFD038E9AC8FA89345A738B6C00,2B24C281AD12EA96F72C2808E1AF041CEBE345D0,2020-09-25 16:08:03.476000,2020-09-25 16:08:04.767000
6gcjgfot7ofggvry,failed,not_found,517,DA60C85D526374C1DC8A8796E93F12F7CA3019F2,599A708756048993A1029B2775EEF8C9E40BB640,169535CC4C75FF79C6D548D41720064EE4FE61D2,2B377FBBCDFD4A97971150C6053B99E01D4DACCB,2020-09-25 16:08:04.767000,2020-09-25 16:08:05.796000
6gcjgfot7ofggvry,failed,not_found,544,DA60C85D526374C1DC8A8796E93F12F7CA3019F2,F6740DEABFD5F62612FA025A5079EA72846B1F67,5D2A8CAA119D0528722C2438350FAB0C8DE01AB7,59EA74708A9C1A24D2EB1A2F150C27119A5FC2A6,2020-09-25 16:08:05.797000,2020-09-25 16:08:07.184000
6gcjgfot7ofggvry,failed,not_found,576,DA60C85D526374C1DC8A8796E93F12F7CA3019F2,32EE911D968BE3E016ECA572BB1ED0A9EE43FC2F,005079A42356183CEA5A3ADD239303F44F12E7EA,5A127C65B275540A90DBF60F33D55BAF5D512B9E,2020-09-25 16:08:07.185000,2020-09-25 16:08:09.094000
6gcjgfot7ofggvry,failed,not_found,624,DA60C85D526374C1DC8A8796E93F12F7CA3019F2,856B7EFB7E09D02A29DD2FF024B7E1EFE21FE9EB,AE6A8C18E7499B586CD36246AC4BCAFFBBF93AB2,59E3363A172F70178C418B69D8D5F0CD81CF74AD,2020-09-25 16:08:09.095000,2020-09-25 16:08:10.487000
4u5n64cyyy2ymnka,failed,not_found,452,DA60C85D526374C1DC8A8796E93F12F7CA3019F2,BDDF8187EA4419951CFD0A54088B634564F63AF3,D64D25D465B9D145320E5A4A32BB45B53BFDA06F,5F96241CAFF60EEB5D4F9B6C04D629EFEF155821,2020-09-25 16:08:02.012000,2020-09-25 16:08:03.727000
4u5n64cyyy2ymnka,failed,not_found,492,DA60C85D526374C1DC8A8796E93F12F7CA3019F2,C0804913BB431D64E0621E5BCE5DA97D624CACD1,03DC081E4409631006EFCD3AF13AFAAF2B553FFC,5F746B9C4DCF6F50486A1CB27BFD4D7E01689EEE,2020-09-25 16:08:03.728000,2020-09-25 16:08:05.246000
4u5n64cyyy2ymnka,failed,not_found,530,DA60C85D526374C1DC8A8796E93F12F7CA3019F2,2D876F5E2ABE79665DCD0F41E19E00CE5B894F4F,393046812C24A855F669A80F8D8C38789D41EAC8,5FA7596FB2BA2C889337F8B82DD7127BBB240D4D,2020-09-25 16:08:05.247000,2020-09-25 16:08:06.775000
4u5n64cyyy2ymnka,failed,not_found,566,DA60C85D526374C1DC8A8796E93F12F7CA3019F2,672A56A583C658372E63ACEB43E7F791C2819548,3E3CBA3F2870CE76A41D3E97A8D838AA703586E3,4E41B00F930F3E72530F339EF4C911CE97D2AE9E,2020-09-25 16:08:06.775000,2020-09-25 16:08:08.121000
4u5n64cyyy2ymnka,failed,not_found,603,DA60C85D526374C1DC8A8796E93F12F7CA3019F2,4656F36592379C17C69F5295602FC0E7BD419F2C,3E53D3979DB07EFD736661C934A1DED14127B684,4E2F7D3326FBCE300557B9AFF463CC434AADD120,2020-09-25 16:08:08.122000,2020-09-25 16:08:09.861000
4u5n64cyyy2ymnka,failed,not_found,631,DA60C85D526374C1DC8A8796E93F12F7CA3019F2,327F5823438B8EC86EC33355C147D8455AB1C14B,197CEA93D6643434C074EE7C2431F0B369A01491,4DE4F06C019EC4814D486524C2A282C1DC7653DE,2020-09-25 16:08:09.862000,2020-09-25 16:08:11.895000
lsmf3o2ejvbk5ger,failed,not_found,471,DA60C85D526374C1DC8A8796E93F12F7CA3019F2,C35C9FA3FC501BDC22A83FC05102733951E386D0,88CF8D42D49B7C8E9D03ABE5DAE7AF25E9902008,F4F605AA21C4633CCB5B8DBBC1CEEE5C590C6DCE,2020-09-25 16:08:02.990000,2020-09-25 16:08:04.034000
lsmf3o2ejvbk5ger,failed,not_found,499,DA60C85D526374C1DC8A8796E93F12F7CA3019F2,04C3468BE24740347CBCC00534C940DBCBCABC82,DD0C8EEC5CA402A9FA4478F10C31A440F71F6885,F4ED55A7A14B648FB54C902165F801E4937B5698,2020-09-25 16:08:04.034000,2020-09-25 16:08:06.264000
lsmf3o2ejvbk5ger,failed,not_found,552,DA60C85D526374C1DC8A8796E93F12F7CA3019F2,6F1A2314C4A1ADEDFB7D419B6BB10D7BC40119F6,FC4D03403ECD90463198B9F2F81E0B37ED7AFE1D,F4F92D8B840C2D053197AC3EF9C58F3DCFBB20FE,2020-09-25 16:08:06.264000,2020-09-25 16:08:08.572000
lsmf3o2ejvbk5ger,failed,not_found,610,DA60C85D526374C1DC8A8796E93F12F7CA3019F2,24F97F98C45E4754655BE66799049763DAEE99CE,213F2B4AB09EE6FF8CA21B804B2E1BD8835088D3,84A8E41D03865822272F647D378AFF4AC73187F2,2020-09-25 16:08:08.573000,2020-09-25 16:08:09.841000
lsmf3o2ejvbk5ger,failed,not_found,642,DA60C85D526374C1DC8A8796E93F12F7CA3019F2,E263B860EFA177F0DDE30C381F893F2805C140DC,B8805CBDBE91A5E68D268FC62DC617B5BD7CC9E7,846B3EAAF0C07FF72FC79AEBB11FA3ADC58F240F,2020-09-25 16:08:09.842000,2020-09-25 16:08:11.697000
lsmf3o2ejvbk5ger,failed,not_found,689,DA60C85D526374C1DC8A8796E93F12F7CA3019F2,F75A613573F2AE8DA644FA4A7CFDA4BA930EDDAF,B0DB2F173F0DB364BABF7A465D796B3C048F1F33,84ABF6381FD0F96B882764F176B85980EBC31FE1,2020-09-25 16:08:11.698000,2020-09-25 16:08:13.790000
3e4nlkt527fziv7v,failed,not_found,472,DA60C85D526374C1DC8A8796E93F12F7CA3019F2,461453F94FA0E3CBB011685E22CDAFD2AF0DFDC3,1FDF4D0660A7497222C3BA24FEEA316244093CD7,6B0962E99C62CFDFCAD6D91384B11D499FCE6D46,2020-09-25 16:08:03.017000,2020-09-25 16:08:04.465000
3e4nlkt527fziv7v,failed,not_found,513,DA60C85D526374C1DC8A8796E93F12F7CA3019F2,1733D57AA16D2E9E5A448DA607FCA5FA989E4F4D,DB5A100152FB7937F02F00B5DDFFFD012789C242,6B13A2C3331FB5F8B37F0AEE9341D5CF1C21F3AD,2020-09-25 16:08:04.466000,2020-09-25 16:08:06.522000
3e4nlkt527fziv7v,failed,not_found,609,DA60C85D526374C1DC8A8796E93F12F7CA3019F2,1271D45E76F8E9922C53AEE46CFBA294001E96C1,8EC7FE7F2A1189EB79A07C02FB3F1FD57132E42D,C0F3C0EF81D84182379AA4CA5AD5A5289D011145,2020-09-25 16:08:06.522000,2020-09-25 16:08:10.501000
3e4nlkt527fziv7v,failed,not_found,659,DA60C85D526374C1DC8A8796E93F12F7CA3019F2,F9674F45A25CAA977E7B872807E0A070C121F5FA,0B25110BA3473A6DC04AB58A3A0D5E4D6922A0E0,6AE6C0AF05A3F2688CD6241FAAF5F2027E8032B0,2020-09-25 16:08:10.501000,2020-09-25 16:08:12.227000
3e4nlkt527fziv7v,failed,not_found,703,DA60C85D526374C1DC8A8796E93F12F7CA3019F2,B86BE002D4D6F3E2999E8EEAC9B72CAA796944BE,6CDF81E5A9BF270CDF4C989D5F7917113591C355,C0F508ADA14AE7EA9F8F6650AF149B8DFC35B598,2020-09-25 16:08:12.228000,2020-09-25 16:08:14.177000
3e4nlkt527fziv7v,failed,not_found,745,DA60C85D526374C1DC8A8796E93F12F7CA3019F2,EFF7FB34C593A9D347DDC7A53F20DAC9FB8E9AD3,DA4B488C2826DFBBD04D635DA1E71A2BA5B20747,C0E94053197F71EC2832BAAE15791A1AFA09972E,2020-09-25 16:08:14.178000,2020-09-25 16:08:17.333000
wfrwxdrfifz7dljx,failed,not_found,473,DA60C85D526374C1DC8A8796E93F12F7CA3019F2,ECAA097324262B60394FE6F3CD446A66A331956E,FD449127D30D8F5D124653D9EF736EDF4A12B4DC,89C7E852CC2FA537ED78775ADC3BEA24672B4154,2020-09-25 16:08:03.039000,2020-09-25 16:08:07.161000
wfrwxdrfifz7dljx,failed,not_found,675,DA60C85D526374C1DC8A8796E93F12F7CA3019F2,5DE37A3371AAE7638748EB43C9F1CE66E09D4470,B576A394DFC12B7E900D643C900484765D58C30F,89AE5F96CB97919EF13B172E0E4E2CB50CC33F1A,2020-09-25 16:08:07.161000,2020-09-25 16:08:13.087000
wfrwxdrfifz7dljx,failed,not_found,722,DA60C85D526374C1DC8A8796E93F12F7CA3019F2,950134F4ABA3291EEE4E7A2F26546DB7070776A4,8FA37B93397015B2BC5A525C908485260BE9F422,F237DAC181708BEEFF180632CD7AB42ECA0ACF91,2020-09-25 16:08:13.088000,2020-09-25 16:08:15.694000
wfrwxdrfifz7dljx,failed,not_found,770,DA60C85D526374C1DC8A8796E93F12F7CA3019F2,425835370C1FBE178C21CB53C76672F12BDE091A,3337D5168C034C79665BE1A9575168A59BED9BCD,89F6F3B04B6971574E89737047DCB8BB74CB71FD,2020-09-25 16:08:15.694000,2020-09-25 16:08:18.441000
wfrwxdrfifz7dljx,failed,not_found,829,DA60C85D526374C1DC8A8796E93F12F7CA3019F2,42D47C736518BFA495CA31AEE40AE468F0BDA2A6,60CA295745930AFA59DB73F877834B4100C7B712,F2569ED226B7922385790149A33DD52786E9F900,2020-09-25 16:08:18.441000,2020-09-25 16:08:20.760000
wfrwxdrfifz7dljx,failed,not_found,886,DA60C85D526374C1DC8A8796E93F12F7CA3019F2,4E737BBFCCBE45A923CE82577E99DCFFABC5BFF4,1AAD015F4D885413A2BCE0E58159116901236C49,F24F8BEA2779A79111F33F6832B062BED306B9CB,2020-09-25 16:08:20.760000,2020-09-25 16:08:24.230000
oczv2rfddzlqab62,failed,not_found,474,DA60C85D526374C1DC8A8796E93F12F7CA3019F2,63B32F7E5389E8DBC5E1BCEFE48312DA7CCEF5D6,E3F98C86C9E01138DD8EA06B1E660A0CDB4B2782,C0D0B7CCC00764FF400BD1011F00CFF58D3B7AF2,2020-09-25 16:08:03.048000,2020-09-25 16:08:04.281000
oczv2rfddzlqab62,failed,not_found,512,DA60C85D526374C1DC8A8796E93F12F7CA3019F2,DA84D41783BBB6058CB9DF8C90697E8D5EA647C3,8F893399C8CA284583E3A526A6B4E5FD75449E87,C0DAAAE5EE461BBE13945FE4B52F32ABDC6BC376,2020-09-25 16:08:04.281000,2020-09-25 16:08:06.008000
oczv2rfddzlqab62,failed,not_found,545,DA60C85D526374C1DC8A8796E93F12F7CA3019F2,00C22D3BC1822EB8EA380AF04245337399E796E2,53E73B74B930BCF51621E6F06E65A3E3BC78E83A,77375E4B8A1B4838D5A65C0E9638C4856D5137B3,2020-09-25 16:08:06.009000,2020-09-25 16:08:07.517000
oczv2rfddzlqab62,failed,not_found,583,DA60C85D526374C1DC8A8796E93F12F7CA3019F2,1C0736CF3744A3B87C2D2269B8BD3388C7E60552,66983A6D2B17AF134C28FC1A950A22AC88546593,77387F000E74717DF92C16C5D4AA30AC9B5B8E3B,2020-09-25 16:08:07.518000,2020-09-25 16:08:11.104000
oczv2rfddzlqab62,failed,not_found,680,DA60C85D526374C1DC8A8796E93F12F7CA3019F2,0516A1A5836825F58848D47B91F47CB593B58D54,645C3F0545E0975A49F69EC272C0C3EA28586825,7731E125924324B7405BA20E2759EE16780237E2,2020-09-25 16:08:11.105000,2020-09-25 16:08:13.441000
oczv2rfddzlqab62,failed,not_found,730,DA60C85D526374C1DC8A8796E93F12F7CA3019F2,B0F17A56FA8686CCB33D3F302FC40F06F463B4AE,FF8F56B5E1A36341F84FF72927CEB3F0AC6BC6A9,C0CEFFD7BBC103049096EA89506BEAB42BC9C5CA,2020-09-25 16:08:13.441000,2020-09-25 16:08:15.674000
tu3aishejxdmlo42,failed,not_found,501,DA60C85D526374C1DC8A8796E93F12F7CA3019F2,38471394F06B2B86404768193C929313962FDC2F,EE7CD2A763435C7006095BD167C790ABE5BC4DEA,5C221379E5782E7697377E7DB48F72B2F649E9E4,2020-09-25 16:08:04.101000,2020-09-25 16:08:05.273000
tu3aishejxdmlo42,failed,not_found,531,DA60C85D526374C1DC8A8796E93F12F7CA3019F2,0BC314281C83167F24C7CFCD68DE069B02A92345,5CFC486780CBD4446B764E51608D6574003B350D,968CF9A51740B682ABE4DB11829488281B66DBD8,2020-09-25 16:08:05.274000,2020-09-25 16:08:06.775000
tu3aishejxdmlo42,failed,not_found,567,DA60C85D526374C1DC8A8796E93F12F7CA3019F2,2AE2CA4BD2B7754F29432C25E03314D52AC4CAF1,E1DE607E31C2C0FB6F8FC959BF7B58CE35D95990,9684C4D6C71131EEEF2E5C23C3EA234A684CD501,2020-09-25 16:08:06.776000,2020-09-25 16:08:07.897000
tu3aishejxdmlo42,failed,not_found,592,DA60C85D526374C1DC8A8796E93F12F7CA3019F2,A1B28D636A56AAFFE92ADCCA937AA4BD5333BB4C,8BE79CE3261C027CE94F84D6CBE45F03BE9B8B59,96B358744E1DB0D6DBB96D32C27F91E9F695275E,2020-09-25 16:08:07.898000,2020-09-25 16:08:08.995000
tu3aishejxdmlo42,failed,not_found,621,DA60C85D526374C1DC8A8796E93F12F7CA3019F2,78E42C5EA3FC4C5606B3ACF5623DE25FE6B5F167,B872BA6804C8C6E140AE1897B44CF32B42FD2397,5C4B505FCFCE0E340A86D0E7960B24A13ED5677C,2020-09-25 16:08:08.995000,2020-09-25 16:08:10.296000
tu3aishejxdmlo42,failed,not_found,656,DA60C85D526374C1DC8A8796E93F12F7CA3019F2,8B7C64EC9D8209C142530B3488050B85D55D69D6,8EB53B7C8D8E2FF830DA324A05BE8CE954BABC55,5C42C5D7824DB75EBC5CBE2DE1DB985EA4970D7F,2020-09-25 16:08:10.296000,2020-09-25 16:08:12.488000
4ugkeagw5es6vjef,failed,not_found,502,DA60C85D526374C1DC8A8796E93F12F7CA3019F2,55580D71B317A072F4A4DCF6EA4EDB015734AEE7,82ED9AEC94184EC6DD299A5CDB3378B04BB17489,837D5EA513DF7FDDA36BE569C646151CDA4B9935,2020-09-25 16:08:04.140000,2020-09-25 16:08:05.274000
4ugkeagw5es6vjef,failed,not_found,532,DA60C85D526374C1DC8A8796E93F12F7CA3019F2,B0335F7872A698A86E5E9AC3CF323B50AEF9C081,5CF342DBBD6170BEE00CD52ACB4076D551085E7F,838749E0065B79086D12B5C1D7869B99EEFE1DB0,2020-09-25 16:08:05.275000,2020-09-25 16:08:06.720000
4ugkeagw5es6vjef,failed,not_found,606,DA60C85D526374C1DC8A8796E93F12F7CA3019F2,CE694BA8D019EE60D8E7838CC177E689CEA825EA,E384748293FC4429E2B427360DB4F9D4C3D619D1,8370FC4C190D0020FA594D8232DFE34B5B30AF05,2020-09-25 16:08:06.720000,2020-09-25 16:08:09.841000
4ugkeagw5es6vjef,failed,not_found,641,DA60C85D526374C1DC8A8796E93F12F7CA3019F2,98138DFD3E2C8C89D8F5AB11EF9B6BFF272D83B4,F8DE8132E599A194E20DDB738AF64A7200CD5949,35C6E8B406B14E49A25A7235D6530674108D61FA,2020-09-25 16:08:09.841000,2020-09-25 16:08:11.034000
4ugkeagw5es6vjef,failed,not_found,679,DA60C85D526374C1DC8A8796E93F12F7CA3019F2,14D57DEDF0A4554A2D21AD53CCCC43E31158C733,7EF6E998564211FB86881FEA2627AA9119BD9842,35B503FB546815CC9EDE91022555B5D0ED04E389,2020-09-25 16:08:11.034000,2020-09-25 16:08:13.055000
4ugkeagw5es6vjef,failed,not_found,720,DA60C85D526374C1DC8A8796E93F12F7CA3019F2,3BB035514F8246AC367B5370F4FE120BB11D8C6D,4CD4DFFEF3971C902A22100D911CAC639BE2EF5C,35C23F6F5F7236061086AF1BDA9E4131314504FE,2020-09-25 16:08:13.055000,2020-09-25 16:08:15.642000
2ylmejrj2dminkbb,failed,not_found,503,DA60C85D526374C1DC8A8796E93F12F7CA3019F2,372A38794527887333B52ED1D707609D808C0659,DFF9E741D00F74998FE83CD6260EE4D9E0B0DBFA,AE236568ED01527850FA0D5BEFBBF6C6BDA47AF0,2020-09-25 16:08:04.140000,2020-09-25 16:08:05.521000
2ylmejrj2dminkbb,failed,not_found,536,DA60C85D526374C1DC8A8796E93F12F7CA3019F2,461453F94FA0E3CBB011685E22CDAFD2AF0DFDC3,8358BDDA9C9A680B4E3A2809E5C24F5B3624D5C2,AE08D159352237844C60E0153AC8578320922FB8,2020-09-25 16:08:05.522000,2020-09-25 16:08:06.984000
2ylmejrj2dminkbb,failed,not_found,559,DA60C85D526374C1DC8A8796E93F12F7CA3019F2,B71DE54802E73B86F0798FB2ED2AFB0BB6B1F7C9,6CDF81E5A9BF270CDF4C989D5F7917113591C355,AE1337069C16BD843B6767328919C3349770459D,2020-09-25 16:08:06.985000,2020-09-25 16:08:09.153000
2ylmejrj2dminkbb,failed,not_found,629,DA60C85D526374C1DC8A8796E93F12F7CA3019F2,6C251FA7F45E9DEDF5F69BA3D167F6BA736F49CD,138B95F9A10E8BEBA6B142ADAC7331765C61ACE4,CD46CDD4643FA30AC10D17A3872B560B4E17F048,2020-09-25 16:08:09.153000,2020-09-25 16:08:10.817000
2ylmejrj2dminkbb,failed,not_found,663,DA60C85D526374C1DC8A8796E93F12F7CA3019F2,53E73B74B930BCF51621E6F06E65A3E3BC78E83A,2E8E7262E39EF1661CC1173AA0F4731C921975A1,CD5316A75554C2DADB87EF3624E95D848C309CE8,2020-09-25 16:08:10.817000,2020-09-25 16:08:12.555000
2ylmejrj2dminkbb,failed,not_found,707,DA60C85D526374C1DC8A8796E93F12F7CA3019F2,B5053ABFF845C96B1DD8F45DCF32E6BE1E63F127,37BB3233098BF9B9095C27834E65A2E17FF807F8,CD39C258265B25EAA4ABA4FDCB2DF98104CAA362,2020-09-25 16:08:12.556000,2020-09-25 16:08:15.358000
c6fwlpegdvoea2vd,failed,not_found,504,DA60C85D526374C1DC8A8796E93F12F7CA3019F2,17CDC54BBDBDED0574C04FEE37C4030455C2F28E,E8BAE7393740A700D50B010DED9D9EC9A66B390D,9EFF16EA25FF27BC438A3FBF23C5315E576467AF,2020-09-25 16:08:04.154000,2020-09-25 16:08:05.574000
c6fwlpegdvoea2vd,failed,not_found,540,DA60C85D526374C1DC8A8796E93F12F7CA3019F2,A99B0D9E5FD5BC3C8F2D006EC91F8C7F40E09CB8,B0DB2F173F0DB364BABF7A465D796B3C048F1F33,9EEDBAD7EE351996DFC91578E882BEF4FE5EDBFA,2020-09-25 16:08:05.574000,2020-09-25 16:08:08.573000
c6fwlpegdvoea2vd,failed,not_found,611,DA60C85D526374C1DC8A8796E93F12F7CA3019F2,890480E14E634C8B4467C475E355A6FBF3D99CD5,3E04505D362AA324E6E4E1C8516CCD9EF4D41B9C,D079D6818926684C5979C18171FB18862A4A5792,2020-09-25 16:08:08.573000,2020-09-25 16:08:09.795000
c6fwlpegdvoea2vd,failed,not_found,718,DA60C85D526374C1DC8A8796E93F12F7CA3019F2,118496882F58E787DC24F5C219B93F22BA5820D8,96D656384559910834CFDB128D843F819D5D2FD5,9F2856F6D2B89AD4EF6D5723FAB167DB5A53519A,2020-09-25 16:08:09.795000,2020-09-25 16:08:15.523000
c6fwlpegdvoea2vd,failed,not_found,768,DA60C85D526374C1DC8A8796E93F12F7CA3019F2,B76A047C20D3E4F9B5A64428298DA55A90D62472,99774357E7FD1F113F242C469D1D399D444AA51A,D076561769F5C93D628777E3E05D4633D783EB8E,2020-09-25 16:08:15.523000,2020-09-25 16:08:18.422000
c6fwlpegdvoea2vd,failed,not_found,894,DA60C85D526374C1DC8A8796E93F12F7CA3019F2,EBDD9A8BC45D0543D0FDC93940EE06E56E749A99,73CC65219889443C06E06A0B6D427B1FE1C37379,D0681DAAABC320310B8616951D6C19F69F778A6F,2020-09-25 16:08:18.422000,2020-09-25 16:08:20.829000
qq6u2kxwakgbmg5m,failed,not_found,508,DA60C85D526374C1DC8A8796E93F12F7CA3019F2,34B84952AFCDB00444F27805A5EDEF5F7DD549C7,5F5A59E3ECB0987407D916ABBDE60613F83EA1E9,58332DDDA15415CB3D13F5ECA3D54BE961B8C458,2020-09-25 16:08:05.018000,2020-09-25 16:08:05.742000
qq6u2kxwakgbmg5m,failed,not_found,543,DA60C85D526374C1DC8A8796E93F12F7CA3019F2,CC651A7620A8129209BF865CA6ECC1F09023DD28,AA7630738F82C4DF26BB8EFF131564DACDEAC64C,5835654384EA7DB06B2581A3999730F15E51922F,2020-09-25 16:08:05.742000,2020-09-25 16:08:07.657000
qq6u2kxwakgbmg5m,failed,not_found,588,DA60C85D526374C1DC8A8796E93F12F7CA3019F2,D87698D8E2276C7E93D531B7C2A1B27D58C71876,3EEEB7021D974D38B6D97BEFB55E5E48551A8FEA,583CEFCFF76B3189D3A37C81A49D1619D04DCB34,2020-09-25 16:08:07.658000,2020-09-25 16:08:08.854000
qq6u2kxwakgbmg5m,failed,not_found,617,DA60C85D526374C1DC8A8796E93F12F7CA3019F2,0122A605B7C170D6086143448273D9A9844B69E2,EBB76D096FF5787A303B2C81E21BFF9816C6FA0D,9E6BA60AFBF9A4946A52770ABCDFC95703DAD6CB,2020-09-25 16:08:08.855000,2020-09-25 16:08:10.091000
qq6u2kxwakgbmg5m,failed,not_found,651,DA60C85D526374C1DC8A8796E93F12F7CA3019F2,F9674F45A25CAA977E7B872807E0A070C121F5FA,CB1EC403A7331FE26F218D178DF8908014CC4F65,9E624E0E5EBA3156BFDA98AC703BCFF95E9A2FF6,2020-09-25 16:08:10.092000,2020-09-25 16:08:11.619000
qq6u2kxwakgbmg5m,failed,not_found,686,DA60C85D526374C1DC8A8796E93F12F7CA3019F2,9F29D0DD4AEB62E742BDAEEF2DFD3BDD76953403,3EC215A86954AE2BBB4C1C7020DA5B97B229B217,9E4CC64C4F94C359D43C5BA09094323FDBEFD975,2020-09-25 16:08:11.619000,2020-09-25 16:08:13.596000
xkgsqomajqadgt6i,failed,not_found,521,DA60C85D526374C1DC8A8796E93F12F7CA3019F2,43C83536DACCD110FF11E049A890064F6F87BEB2,D80EA21626BFAE8044E4037FE765252E157E3586,0C41DC37946901C297626C0D1ABF68423947DDE5,2020-09-25 16:08:05.051000,2020-09-25 16:08:06.500000
xkgsqomajqadgt6i,failed,not_found,560,DA60C85D526374C1DC8A8796E93F12F7CA3019F2,9456BBB3FB923DD1CDEC5C8B45D9615BC937DC42,0D99F89BBB92BF5557F8D3F895DB218A72871089,0C475BA4D3AA3C289B716F95954CAD616E50C4E5,2020-09-25 16:08:06.501000,2020-09-25 16:08:07.744000
xkgsqomajqadgt6i,failed,not_found,589,DA60C85D526374C1DC8A8796E93F12F7CA3019F2,FA32998AF5628483D8E7B7BB0A4641D33A206A28,A4771CB90024F1870D622960519945A3E49B40FE,F8957D61E29A626400029A03A6348400E7502604,2020-09-25 16:08:07.745000,2020-09-25 16:08:09.345000
xkgsqomajqadgt6i,failed,not_found,633,DA60C85D526374C1DC8A8796E93F12F7CA3019F2,EE010EF80A27AC0B02CDC2B8B214A6201BB02D2B,33D88F331408141F2A2CC563239E54E48F7A211B,F878E3AD594F013195A051CD1072BF33D543A235,2020-09-25 16:08:09.346000,2020-09-25 16:08:10.674000
xkgsqomajqadgt6i,failed,not_found,655,DA60C85D526374C1DC8A8796E93F12F7CA3019F2,B70BD334FFEE23E653B75219AE12CF0236BCFCBB,6DA5D1B9B239501838E19CC0ACBAFAE737AEEC5B,0C3599079EF21C4994AD6DDE91F72A48F16E8A98,2020-09-25 16:08:10.675000,2020-09-25 16:08:11.620000
xkgsqomajqadgt6i,failed,not_found,687,DA60C85D526374C1DC8A8796E93F12F7CA3019F2,5FB384605F53DCBF1CB02143D318DA3E8EE38A24,5DB9AE27A44EB7B476CC04A66C67A71C97A001E6,F88721B0D184361AD24B14CFD56832824A0E79F2,2020-09-25 16:08:11.620000,2020-09-25 16:08:14.070000
mrgti4etwgbcq5zb,failed,not_found,522,DA60C85D526374C1DC8A8796E93F12F7CA3019F2,D1AFBF3117B308B6D1A7AA762B1315FD86A6B8AF,901CBA6FF3B90618D3FFEFF040353C267F690DF8,02A29A2F958211F9BB5821153296EFFED900ECC6,2020-09-25 16:08:05.052000,2020-09-25 16:08:07.426000
mrgti4etwgbcq5zb,failed,not_found,578,DA60C85D526374C1DC8A8796E93F12F7CA3019F2,96CFE178A1D12489D9D59A0CAE17FE86F5A3A79F,77C7500CC573643E4B3E7F602D0137F8C89CE0B8,029E107A59D2B4FEBD06A6115167BD6D048D9C0A,2020-09-25 16:08:07.426000,2020-09-25 16:08:08.713000
mrgti4etwgbcq5zb,failed,not_found,612,DA60C85D526374C1DC8A8796E93F12F7CA3019F2,7C86C73DB17CE20CD26537C9E3EC0FD7A55E5C6D,DA4B488C2826DFBBD04D635DA1E71A2BA5B20747,486740353B905AA4731F82C0B4CC25821A62C6E3,2020-09-25 16:08:08.714000,2020-09-25 16:08:10.011000
mrgti4etwgbcq5zb,failed,not_found,645,DA60C85D526374C1DC8A8796E93F12F7CA3019F2,724E86E7F5DA715529DC0ECAA013AE4BDC680E4C,7992F172EDBE69B99F0190651BAC14DD0FD9E5C8,488C94BA00DC38397BE3EA051AB3BF8FE660A062,2020-09-25 16:08:10.012000,2020-09-25 16:08:11.720000
mrgti4etwgbcq5zb,failed,not_found,690,DA60C85D526374C1DC8A8796E93F12F7CA3019F2,ADB98B27D7A3FB5732068FD23602A1BCB3BE9F38,8841E775C3DE70E4414F0678DBD532C1F80FF62C,488E663B4A88C12E6DE6C12F7A6053F09BF7A61A,2020-09-25 16:08:11.721000,2020-09-25 16:08:13.916000
mrgti4etwgbcq5zb,failed,not_found,733,DA60C85D526374C1DC8A8796E93F12F7CA3019F2,7B0D94D348D9F98C50B6674C5CB17AF35EA2605F,897A8EDF20BF12737FD8276EC0919E99F0463045,02AB0923AFF5A47DD011C343F79864C45E9FFB34,2020-09-25 16:08:13.917000,2020-09-25 16:08:16.154000
m2fh76dmljnyak4b,failed,not_found,523,DA60C85D526374C1DC8A8796E93F12F7CA3019F2,620DB859CB0F86B02F81919DA10799E71D92762A,1733D57AA16D2E9E5A448DA607FCA5FA989E4F4D,F8957D61E29A626400029A03A6348400E7502604,2020-09-25 16:08:05.093000,2020-09-25 16:08:06.543000
m2fh76dmljnyak4b,failed,not_found,564,DA60C85D526374C1DC8A8796E93F12F7CA3019F2,42B4F52C5B11E4D39855F654955425B0D5A0598B,819C8AFEDAC733315A8F3DB80F043F13090C49F6,67073A512A5C20C65416259FD40C434A7D01C4C2,2020-09-25 16:08:06.544000,2020-09-25 16:08:07.984000
m2fh76dmljnyak4b,failed,not_found,593,DA60C85D526374C1DC8A8796E93F12F7CA3019F2,2D8A907F61CAED48170963B76BE4FB0ED33E5E88,62A60158A2C302E3DA792D7A4F5339F41321E5D9,F8AEA2825629E4383599FD2A4BD5740CD1322CBC,2020-09-25 16:08:07.985000,2020-09-25 16:08:09.197000
m2fh76dmljnyak4b,failed,not_found,630,DA60C85D526374C1DC8A8796E93F12F7CA3019F2,629DE11D15B760521E1391B2D0722698FDC103DF,D8380E08DEDF6C90A09EC378D1F6C1881EF79476,670507CA6CF7697E6027728CC28BB0AEF1DE1E7C,2020-09-25 16:08:09.198000,2020-09-25 16:08:10.519000
m2fh76dmljnyak4b,failed,not_found,660,DA60C85D526374C1DC8A8796E93F12F7CA3019F2,3F065BB0B02FB2303E144383D16C47A7DED75AE7,8A6F5A21493685B50F1B46A87A2099D6C410F237,F8AA8D8CCBA0C5F2836DE6315CDFA6E4A31A0890,2020-09-25 16:08:10.519000,2020-09-25 16:08:12.409000
m2fh76dmljnyak4b,failed,not_found,705,DA60C85D526374C1DC8A8796E93F12F7CA3019F2,AAED74EC8700B1D52AB681A13570030BF512B037,AB687988F260DE9EDC3B36C66287DE2660ED1CE0,671A68ABADA1402FB00676055F48EA123B9B060C,2020-09-25 16:08:12.410000,2020-09-25 16:08:14.686000
blrep5ujxqeoug5s,failed,not_found,534,DA60C85D526374C1DC8A8796E93F12F7CA3019F2,9B047A91AC809AA020A1F42E3E785DBCEBF3652F,7FA3FA525901A91A1310B817943668BC2C16289E,7E281CD2C315C4F7A84BC7C8721C3BC974DDBFA3,2020-09-25 16:08:06.133000,2020-09-25 16:08:06.822000
blrep5ujxqeoug5s,failed,not_found,568,DA60C85D526374C1DC8A8796E93F12F7CA3019F2,754CB99117E6ED570DFCFB7D9F12674B97A4E28E,1F4105C688E835A56AF3D66C787677B57240FFA2,7E006A46A222CE42F84B4A175698B3B593A7B3B7,2020-09-25 16:08:06.822000,2020-09-25 16:08:08.086000
blrep5ujxqeoug5s,failed,not_found,696,DA60C85D526374C1DC8A8796E93F12F7CA3019F2,4B483F57D9660EBF33FA3CCA670FFD1BBB0F315A,0F6E5CA4BF5565D9AA9FDDCA165AFC6A5305763D,8A91128C84415B64F3DB85B49EB88342EAE31249,2020-09-25 16:08:08.086000,2020-09-25 16:08:14.177000
blrep5ujxqeoug5s,failed,not_found,744,DA60C85D526374C1DC8A8796E93F12F7CA3019F2,431702B3A68A6015F9955DD4FD0129175B43EA0F,AC5CECEF6AF649F2A7F047D102FE9B461DA9234E,7E08734909378D7F38FE8FDC9429DCC1521EEB57,2020-09-25 16:08:14.177000,2020-09-25 16:08:17.226000
blrep5ujxqeoug5s,failed,not_found,806,DA60C85D526374C1DC8A8796E93F12F7CA3019F2,07905A0D8AD1C134D3036872140B1DB1EB761772,9A48EC8AAFB2E8C9E20408596383DB74F1196747,8A7742ADFF91823A1A35FA11D18C4E3A50FA12A7,2020-09-25 16:08:17.227000,2020-09-25 16:08:20.347000
blrep5ujxqeoug5s,failed,not_found,876,DA60C85D526374C1DC8A8796E93F12F7CA3019F2,6111C6005AB56498BE5E35666B2522CEBE17D14E,DD7BD3E5BD0BA48A8C70B0CDF017FA5988B87E27,8A6F5A21493685B50F1B46A87A2099D6C410F237,2020-09-25 16:08:20.347000,2020-09-25 16:08:23.969000
g63iwskq4jyu7i5n,failed,not_found,548,DA60C85D526374C1DC8A8796E93F12F7CA3019F2,4B4D7C727B603EF6777DC0BC3D169179CA977140,708A968F3644F8A547156368FEA3DB664110E631,47C42E2094EE482E7C9B586B10BABFB67557030B,2020-09-25 16:08:06.187000,2020-09-25 16:08:07.542000
g63iwskq4jyu7i5n,failed,not_found,584,DA60C85D526374C1DC8A8796E93F12F7CA3019F2,070229A4CC2CFFB24EB667298A7DB5E8D11EB701,A3AFBDEE30238E44899C9F8B7666D12B09C8EE32,F5B58FEE44573C3BFD7D176D918BA5B4057519D7,2020-09-25 16:08:07.543000,2020-09-25 16:08:08.826000
g63iwskq4jyu7i5n,failed,not_found,616,DA60C85D526374C1DC8A8796E93F12F7CA3019F2,2FD0BA57A34DC2792AF470398F72F37F9E51DC2D,F006B0489AF7D6A13CD55A4F14C90593812458F6,47E1157F7DA6DF80EC00D745D73ACD7B0A380BCF,2020-09-25 16:08:08.826000,2020-09-25 16:08:10.333000
g63iwskq4jyu7i5n,failed,not_found,657,DA60C85D526374C1DC8A8796E93F12F7CA3019F2,1C70C2AA7F3772CE07C4EF6B18A6E330150372EE,D5A2B3AE1E8047017A0BBC7209FD624DB84D47CE,F5B72145DD46D16E8BF8002AA1EC97DAB6942B9B,2020-09-25 16:08:10.333000,2020-09-25 16:08:12.574000
g63iwskq4jyu7i5n,failed,not_found,708,DA60C85D526374C1DC8A8796E93F12F7CA3019F2,AFF320BA96E4338B61A008D2CA250FFE0E23B09C,B204DE75B37064EF6A4C6BAF955C5724578D0B32,F5AD7DE58D0E038B48761AD995F9117DA072BA47,2020-09-25 16:08:12.574000,2020-09-25 16:08:14.686000
g63iwskq4jyu7i5n,failed,not_found,752,DA60C85D526374C1DC8A8796E93F12F7CA3019F2,9E6BA60AFBF9A4946A52770ABCDFC95703DAD6CB,4E81EA3528D6FB79B10B0F11C6FC96CE1C060021,47E49319DD67784F1E65B5793371BE467365979E,2020-09-25 16:08:14.686000,2020-09-25 16:08:17.228000
ybffzoax7s53ju6q,failed,not_found,549,DA60C85D526374C1DC8A8796E93F12F7CA3019F2,F5F4019509109A07E90C45A022CEED9ECA1643C8,210001EE8A8E086983A3BD48F0D936996451C9CB,2F9AFDE43DC8E3F05803304C01BD3DBF329169AC,2020-09-25 16:08:06.187000,2020-09-25 16:08:07.543000
ybffzoax7s53ju6q,failed,not_found,585,DA60C85D526374C1DC8A8796E93F12F7CA3019F2,12D552E8AF7AA2B71B218B5BBF6A5FEFA6F26BA0,575F15A0A41B951BEE03E25B2A0A3FC3E8D7C7D1,2FA4B3D4608765A35AD4EF61C02DC88973BFFF47,2020-09-25 16:08:07.543000,2020-09-25 16:08:08.714000
ybffzoax7s53ju6q,failed,not_found,613,DA60C85D526374C1DC8A8796E93F12F7CA3019F2,CACD9D63B759B35555D8C965A3E01071E9DFB44C,5E2134CE8D3A3B7AA5E597B8EFE3E659B03C02B3,2FC9C98197456811E1B81C88848C722AF250582C,2020-09-25 16:08:08.714000,2020-09-25 16:08:09.900000
ybffzoax7s53ju6q,failed,not_found,643,DA60C85D526374C1DC8A8796E93F12F7CA3019F2,42D47C736518BFA495CA31AEE40AE468F0BDA2A6,1C24A2669C7E0D62B2157B95F56ED00EE307C85C,D2CCA8FA2B5EE7953A778584B0F9548BDF350770,2020-09-25 16:08:09.901000,2020-09-25 16:08:11.671000
ybffzoax7s53ju6q,failed,not_found,677,DA60C85D526374C1DC8A8796E93F12F7CA3019F2,B04EA2B400D9679E72284E12FB81E68756670A3A,898AA9A17ECBB05FEA4FE7418BD1C64F45D9A614,D2F4DAC5918BB082A5CFAC5275B29FAC9B399B2B,2020-09-25 16:08:11.671000,2020-09-25 16:08:12.843000
ybffzoax7s53ju6q,failed,not_found,710,DA60C85D526374C1DC8A8796E93F12F7CA3019F2,022A5535F42B1A9F9AA755C4EAB5F36FEF9781D8,18EA6AFA3609A0B24752FBF411A2DAADE27DE129,D2F16CBF1BD891968D65D44CD21507E3371279F3,2020-09-25 16:08:12.844000,2020-09-25 16:08:15.099000
ouc2kglfpx3gbgrn,failed,not_found,591,DA60C85D526374C1DC8A8796E93F12F7CA3019F2,E5CC91BAFE7CCD68003E873D32E38027638D49D7,0D7C69551F9186DB589BDF00858314AC136A33DA,562434D987CF49D45649B76ADCA993BEA8F78471,2020-09-25 16:08:06.231000,2020-09-25 16:08:08.940000
ouc2kglfpx3gbgrn,failed,not_found,619,DA60C85D526374C1DC8A8796E93F12F7CA3019F2,64A0B5722613DDFC2EB84897C550FBF4A096DE0D,E3D61BAEA0B7CB12CACEDC8821C520557BDFCEA3,C00A6B7541A9491629CEEADF121DCA6BEBD1FC45,2020-09-25 16:08:08.940000,2020-09-25 16:08:10.155000
ouc2kglfpx3gbgrn,failed,not_found,652,DA60C85D526374C1DC8A8796E93F12F7CA3019F2,6B5A63BFEEA8EF58DA812F4F05BE98C869809DFB,9ACD9D526D1F82D7A00225742F1BDB374D7D17D4,C000D47186ADC5C2B9D90A2FFAC7551C5A5F8D0A,2020-09-25 16:08:10.155000,2020-09-25 16:08:12.041000
ouc2kglfpx3gbgrn,failed,not_found,693,DA60C85D526374C1DC8A8796E93F12F7CA3019F2,C7FF606D59C7F6BECA8A341D3CF11B423F382D5D,774908E4A3018A9696BD02FE4F3F8A8724396D22,C00C28C2B1A7D8038517626CECA9BCB23B0A31D2,2020-09-25 16:08:12.041000,2020-09-25 16:08:14.072000
ouc2kglfpx3gbgrn,failed,not_found,719,DA60C85D526374C1DC8A8796E93F12F7CA3019F2,F38FB55A8CCA6A00CDD024A5EA2CFECB38A48E15,41CEB66108B70108F148BF7778260A87723AACA1,562C61C7F885741D599DB7A1235791D928BEADFD,2020-09-25 16:08:14.072000,2020-09-25 16:08:15.194000
ouc2kglfpx3gbgrn,failed,not_found,791,DA60C85D526374C1DC8A8796E93F12F7CA3019F2,506763994792208999529D03C016774C814386A8,62468408C3D5E66141C59A6381E969B25F1ADBC5,5628495D9939A8C139DD441402DE42F7012B7092,2020-09-25 16:08:15.195000,2020-09-25 16:08:18.888000
w7mbyoftcvgtljeu,failed,not_found,571,DA60C85D526374C1DC8A8796E93F12F7CA3019F2,2F6AE174B58695171DB61569E7F7C17D27A24F3F,B55B11A739C43396B10CC621D9C9F9D7F3A8CDE4,2B24C281AD12EA96F72C2808E1AF041CEBE345D0,2020-09-25 16:08:07.045000,2020-09-25 16:08:08.530000
w7mbyoftcvgtljeu,failed,not_found,608,DA60C85D526374C1DC8A8796E93F12F7CA3019F2,5DE37A3371AAE7638748EB43C9F1CE66E09D4470,BFC2EEBFE31AA782949AA7D410046BF28EAF89C8,A18BF818557BD6C8A3546B157B7800B5F24A79A7,2020-09-25 16:08:08.531000,2020-09-25 16:08:10.961000
w7mbyoftcvgtljeu,failed,not_found,668,DA60C85D526374C1DC8A8796E93F12F7CA3019F2,E6C04728E9339DF22F331B7017D4A7AA3F252F0B,1CD48F4ED0F1821FFBF1940802A13EEFD4C27502,2AFF47D161619E32C21B90AE7C65DC2057150294,2020-09-25 16:08:10.962000,2020-09-25 16:08:12.574000
w7mbyoftcvgtljeu,failed,not_found,709,DA60C85D526374C1DC8A8796E93F12F7CA3019F2,ACBF3D504CFF3D74D1991AFDF6AC070606232B10,1CD48F4ED0F1821FFBF1940802A13EEFD4C27502,2AF23516A65C6FF674D33D81480253902388FDBC,2020-09-25 16:08:12.574000,2020-09-25 16:08:15.098000
w7mbyoftcvgtljeu,failed,not_found,758,DA60C85D526374C1DC8A8796E93F12F7CA3019F2,8D8E090832FCAFEA083BA150DA6D154E365A590C,32EE911D968BE3E016ECA572BB1ED0A9EE43FC2F,A171F8332AA037A2855C390488F8EFDFD438AAE6,2020-09-25 16:08:15.098000,2020-09-25 16:08:17.305000
w7mbyoftcvgtljeu,failed,not_found,809,DA60C85D526374C1DC8A8796E93F12F7CA3019F2,B86137AE9681701901C6720E55C16805B46BD8E3,33D88F331408141F2A2CC563239E54E48F7A211B,A191F6309396DAD373FE7E4D1EF64B40F38A3637,2020-09-25 16:08:17.307000,2020-09-25 16:08:19.843000
kaas26ck23vfacl4,failed,not_found,572,DA60C85D526374C1DC8A8796E93F12F7CA3019F2,5FB384605F53DCBF1CB02143D318DA3E8EE38A24,6D40A3DB3CA5946DF366B63C9EB02FAC03B87BC9,153962FA0F2A058A97D37B039607377EE67E5885,2020-09-25 16:08:07.085000,2020-09-25 16:08:08.994000
kaas26ck23vfacl4,failed,not_found,669,DA60C85D526374C1DC8A8796E93F12F7CA3019F2,EBE718E1A49EE229071702964F8DB1F318075FF8,FB016E16B8CD7A0E53DEEF31ED8754E4F6B8E837,2C6C970E027A99EFF3E6977CD1BCDD9586E0BFB3,2020-09-25 16:08:08.995000,2020-09-25 16:08:13.055000
kaas26ck23vfacl4,failed,not_found,721,DA60C85D526374C1DC8A8796E93F12F7CA3019F2,9C900A7F6F5DD034CFFD192DAEC9CCAA813DB022,B6E33C39C1C94E582CBB8C24CCE351F2129807C6,1532A36172C70012B1057FBBFAFE2734EDBF4A3B,2020-09-25 16:08:13.056000,2020-09-25 16:08:15.616000
kaas26ck23vfacl4,failed,not_found,769,DA60C85D526374C1DC8A8796E93F12F7CA3019F2,25E078CD1E537A7418318168F7E1990EF2A160C8,B56B9FE93F83B4FA69234B17A060E8A8E7446D19,151D60935BC8D3069D89739C562E3FE179EDE82B,2020-09-25 16:08:15.616000,2020-09-25 16:08:17.822000
kaas26ck23vfacl4,failed,not_found,851,DA60C85D526374C1DC8A8796E93F12F7CA3019F2,890480E14E634C8B4467C475E355A6FBF3D99CD5,B849824F8FCD7AEB130DF356F592BA40C686CA08,2C6E2587287437FA10BFB145CD2691FD605C8709,2020-09-25 16:08:17.822000,2020-09-25 16:08:22.562000
kaas26ck23vfacl4,failed,not_found,923,DA60C85D526374C1DC8A8796E93F12F7CA3019F2,782936C16BF876F5F59A1793ADB1C5B251DB65E7,EFCCA5852D18207A7A93C13EF3460458CAAEA9D9,2C064760AA6657E2C575DD897C2588B170A3FF12,2020-09-25 16:08:22.564000,2020-09-25 16:08:26.857000
cx43lm26htlcnclh,failed,not_found,573,DA60C85D526374C1DC8A8796E93F12F7CA3019F2,58E89A05564E6844FACC5D78A73EF593222561A2,3FEBFB6A491D30CACC2C2995EDB41717A6F94E95,5333C98E703385743AE931ECC929C5E4B32A0CD0,2020-09-25 16:08:07.096000,2020-09-25 16:08:08.399000
cx43lm26htlcnclh,failed,not_found,607,DA60C85D526374C1DC8A8796E93F12F7CA3019F2,72B2B12A3F60408BDBC98C6DF53988D3A0B3F0EE,FE1B74C7CEE0493613929A92F9A1D890E58DC649,53412DCC555335B400DB72750ED0BE08D034D779,2020-09-25 16:08:08.399000,2020-09-25 16:08:09.553000
cx43lm26htlcnclh,failed,not_found,636,DA60C85D526374C1DC8A8796E93F12F7CA3019F2,CDAEBA458F6129776643751934076A51D851C348,C1335B1DB938644FCD54EE744D91354F94EDD1BC,531BE6C3195A757C116B9566B944DD0B2B6A23B0,2020-09-25 16:08:09.554000,2020-09-25 16:08:11.470000
cx43lm26htlcnclh,failed,not_found,683,DA60C85D526374C1DC8A8796E93F12F7CA3019F2,A59AD84F92B2E5A76EBFE3BE62D3B28AF9BFD127,3239007CE1FB2ECDFDF2067DF23B949295DC5EF6,0CD9E401F1ACE013988F25E4E4B1BEE3FC1DB7E8,2020-09-25 16:08:11.471000,2020-09-25 16:08:13.321000
cx43lm26htlcnclh,failed,not_found,727,DA60C85D526374C1DC8A8796E93F12F7CA3019F2,1034775A01EA629979D0A601EC85FDF2F584CC45,CE863C22AD5ABBEAF606AE35A22781C409D895E5,0CDD60E4015EBF2C3B5D32A2B9CC8FE6C98A5C33,2020-09-25 16:08:13.321000,2020-09-25 16:08:15.879000
cx43lm26htlcnclh,failed,not_found,780,DA60C85D526374C1DC8A8796E93F12F7CA3019F2,2AA5F598F9A1812F01CD99E3B59BB87362ED7438,088A6237EED87EDEB0E1E3AD0A4A419F963F0787,0CDCFB0B6E1500E57BDD7F240543EBAEF81C11CA,2020-09-25 16:08:15.879000,2020-09-25 16:08:18.471000
euasxb4c6476gmxu,failed,not_found,574,DA60C85D526374C1DC8A8796E93F12F7CA3019F2,FAA935B0BC3B4348CCBD3EBA95681AB51730977D,B198C0B4B8C551F174FBB841A172616E3DB3124D,3408A01A949BE1579705112F83CF2BFB5FA8A204,2020-09-25 16:08:07.098000,2020-09-25 16:08:11.580000
euasxb4c6476gmxu,failed,not_found,684,DA60C85D526374C1DC8A8796E93F12F7CA3019F2,6B13A2C3331FB5F8B37F0AEE9341D5CF1C21F3AD,39BD825F627DDF78E322EB4378C17615506AD3A1,58BC63142C881F88D08E071DEB63DBA09DE62141,2020-09-25 16:08:11.581000,2020-09-25 16:08:13.958000
euasxb4c6476gmxu,failed,not_found,734,DA60C85D526374C1DC8A8796E93F12F7CA3019F2,2AA5F598F9A1812F01CD99E3B59BB87362ED7438,554CE9DE4480AC2F11825BEE0CD543CC14FE9C43,3431940DFB4643A3EE3F4465BFF2655CA9BDEB96,2020-09-25 16:08:13.959000,2020-09-25 16:08:15.840000
euasxb4c6476gmxu,failed,not_found,779,DA60C85D526374C1DC8A8796E93F12F7CA3019F2,CA4E9DFE87DE87E502F3B503D07EC8EFCAEE2549,A23A7219B1EA9D583E66DFF26D62573DE64A9C29,34133CC3192CF7538089B14511400DF21BA5A077,2020-09-25 16:08:15.840000,2020-09-25 16:08:18.750000
euasxb4c6476gmxu,failed,not_found,912,DA60C85D526374C1DC8A8796E93F12F7CA3019F2,A86EC24F5B8B964F67AC7C27CE92842025983274,5C83A9F985E2ACFBC3D3E5DB7F5C7C91FF7FE7AA,58BC2CFFA7894FC8F4CC5D8A77E38FDCFDB1DC0E,2020-09-25 16:08:18.751000,2020-09-25 16:08:25.859000
euasxb4c6476gmxu,failed,not_found,996,DA60C85D526374C1DC8A8796E93F12F7CA3019F2,E81993EA52B73285CFFD02FEC003569D21483001,303509AB910EF207B7438C27435C4A2FD579F1B1,58C948AFA3065F84D98095CF8C18DE8B53738411,2020-09-25 16:08:25.860000,2020-09-25 16:08:32.405000
mbeql2knh3ussynt,failed,not_found,594,DA60C85D526374C1DC8A8796E93F12F7CA3019F2,43A8F247F9FA636BE30D4DFE66B55233A2D8A738,BF37445EA2A9F3D04F4B87DFAC624AEF21B559D5,D01956B555BA59D422D994D41AC9634183974597,2020-09-25 16:08:08.022000,2020-09-25 16:08:09.214000
mbeql2knh3ussynt,failed,not_found,605,DA60C85D526374C1DC8A8796E93F12F7CA3019F2,C0EDB08D7540D1DD3CA69809ED17D979F51B66E3,44DF1007B545B4D8057F279025EBB33CF99BE227,94F367A130296C9EB92BE32E25AAEB7F227DE0D6,2020-09-25 16:08:09.215000,2020-09-25 16:08:10.804000
mbeql2knh3ussynt,failed,not_found,701,DA60C85D526374C1DC8A8796E93F12F7CA3019F2,CB92FA4D7D71F134CE1F1FFF2BFF53E88DD4A1DB,BF37445EA2A9F3D04F4B87DFAC624AEF21B559D5,94EC34B871936504BE70671B44760BC99242E1F3,2020-09-25 16:08:10.804000,2020-09-25 16:08:14.685000
mbeql2knh3ussynt,failed,not_found,751,DA60C85D526374C1DC8A8796E93F12F7CA3019F2,B74DABBE248B935CDC1038CD5C9280878C8C94E7,5C5D61F279AA0816F506FD5CE86C30F256291DDE,94F16DA2BDDBA092954FF8EC29F9234A69949403,2020-09-25 16:08:14.685000,2020-09-25 16:08:17.148000
mbeql2knh3ussynt,failed,not_found,805,DA60C85D526374C1DC8A8796E93F12F7CA3019F2,08F4692B60862640F688B86826B66F30DEA7AB73,B0DB2F173F0DB364BABF7A465D796B3C048F1F33,D018720BE031BA9CC0DF4C0E21ADBC649C325C62,2020-09-25 16:08:17.148000,2020-09-25 16:08:19.768000
mbeql2knh3ussynt,failed,not_found,828,DA60C85D526374C1DC8A8796E93F12F7CA3019F2,049C1168996B33B2240DF6D83C35B85452CF70A6,B2D03CDF45EB4D74A65FAC4F00EBA785C9663A5F,D0681DAAABC320310B8616951D6C19F69F778A6F,2020-09-25 16:08:19.769000,2020-09-25 16:08:24.526000
jdroiuzr4rxnu6ls,failed,not_found,595,DA60C85D526374C1DC8A8796E93F12F7CA3019F2,E384748293FC4429E2B427360DB4F9D4C3D619D1,68FEC70D44E4E5B9A2E90B4B08AA2323164D72CB,1B90395827F7499A37C73F09BC5AA0225808F6FC,2020-09-25 16:08:08.054000,2020-09-25 16:08:09.042000
jdroiuzr4rxnu6ls,failed,not_found,623,DA60C85D526374C1DC8A8796E93F12F7CA3019F2,29A39144AD141242436D07901F7A8B91F7516A66,1841CB960128806151B61FC6D87AFBE9A98B99D7,1B8188170F0AD7998A7D04BD5CE9F6128B032C8E,2020-09-25 16:08:09.042000,2020-09-25 16:08:10.851000
jdroiuzr4rxnu6ls,failed,not_found,665,DA60C85D526374C1DC8A8796E93F12F7CA3019F2,2BCF1BFCB71473B78D44BCD18C8538F406DE30CD,A99B0D9E5FD5BC3C8F2D006EC91F8C7F40E09CB8,1B8FAEDFD428C546A9DCC9EC15E13C0550222D44,2020-09-25 16:08:10.852000,2020-09-25 16:08:13.088000
jdroiuzr4rxnu6ls,failed,not_found,797,DA60C85D526374C1DC8A8796E93F12F7CA3019F2,1CD48F4ED0F1821FFBF1940802A13EEFD4C27502,A2C6C931D8627C6605288970889DDB88C7BA2142,0515C09FF6F72644B922C8D99128489FA53BA1FC,2020-09-25 16:08:13.089000,2020-09-25 16:08:19.731000
jdroiuzr4rxnu6ls,failed,not_found,920,DA60C85D526374C1DC8A8796E93F12F7CA3019F2,BF37445EA2A9F3D04F4B87DFAC624AEF21B559D5,2AA5F598F9A1812F01CD99E3B59BB87362ED7438,0516085D6CAC40ED4CDCEFDFC5CCF6B00DE61DED,2020-09-25 16:08:19.731000,2020-09-25 16:08:26.745000
jdroiuzr4rxnu6ls,failed,not_found,1027,DA60C85D526374C1DC8A8796E93F12F7CA3019F2,461D6EA15966C7F99B43D37ADC116B5B8E47D130,CCAA620D5CAB34CE95FE3C863D9E6520C07451D8,0512FE6BE9CCA0ED133152E64010B2FBA141EB10,2020-09-25 16:08:26.745000,2020-09-25 16:08:36.088000
jzjpxtbqrmhmadeg,failed,not_found,597,DA60C85D526374C1DC8A8796E93F12F7CA3019F2,B70629C29A032979E5AD00CC51D2330845AAFD6A,0085057C17BD2E1809E284825F06F94E72FB418C,1E5E18AC41DAEDF1BE7A02612C297E35CA24949A,2020-09-25 16:08:08.087000,2020-09-25 16:08:09.744000
jzjpxtbqrmhmadeg,failed,not_found,638,DA60C85D526374C1DC8A8796E93F12F7CA3019F2,40A60D1F1E8AFBED22FCB30B3FBE2E275A14CF99,59BC32EA48ED1D06A373856434C0C5C4D2D86603,1E5618C079D74CF9AE0C5370DE4C6E1AFD5C0B39,2020-09-25 16:08:09.744000,2020-09-25 16:08:11.003000
jzjpxtbqrmhmadeg,failed,not_found,670,DA60C85D526374C1DC8A8796E93F12F7CA3019F2,F6740DEABFD5F62612FA025A5079EA72846B1F67,7BE4752877553A96CD4035D0C526BCD09E81CC64,1E4F40CCEC8EE72DB1E89D3D3FC45E873CDA2134,2020-09-25 16:08:11.003000,2020-09-25 16:08:15.446000
jzjpxtbqrmhmadeg,failed,not_found,767,DA60C85D526374C1DC8A8796E93F12F7CA3019F2,2F644DDEF8BAA31BA0240E6C6D36665D90DA57C9,D2F4DAC5918BB082A5CFAC5275B29FAC9B399B2B,93E2C269B2E127CFF42CEA322B8BEF1AEC28C891,2020-09-25 16:08:15.447000,2020-09-25 16:08:18.913000
jzjpxtbqrmhmadeg,failed,not_found,843,DA60C85D526374C1DC8A8796E93F12F7CA3019F2,06E72526BBE040C51C5ADFBAA07ADD9AEB5E1FA1,3FE39429CB7077BBB13D2774591A1B80EE493742,937F201D2797314953F268D252F5C98D3FA9F71E,2020-09-25 16:08:18.914000,2020-09-25 16:08:21.907000
jzjpxtbqrmhmadeg,failed,not_found,896,DA60C85D526374C1DC8A8796E93F12F7CA3019F2,AB687988F260DE9EDC3B36C66287DE2660ED1CE0,D87698D8E2276C7E93D531B7C2A1B27D58C71876,939126EA4D25CB212A79746C133194F8A24C435B,2020-09-25 16:08:21.907000,2020-09-25 16:08:24.389000
va4t7bwtuth4gqf3,failed,not_found,599,DA60C85D526374C1DC8A8796E93F12F7CA3019F2,E3D61BAEA0B7CB12CACEDC8821C520557BDFCEA3,D1B1A550FEE3A05E71CA9080D14CCA3B746C0C17,A0FA50A070CFB4B89737A27F3259F92C118A0AF0,2020-09-25 16:08:08.087000,2020-09-25 16:08:09.413000
va4t7bwtuth4gqf3,failed,not_found,634,DA60C85D526374C1DC8A8796E93F12F7CA3019F2,18ECBFC3A6834CB67414640C7F1E765E542CED2C,19C9382849811C237A8A21F66F422E056B7DBD2F,7ABCCA401B647BED71FF6EEF0E088EB74A1C4E05,2020-09-25 16:08:09.414000,2020-09-25 16:08:11.368000
va4t7bwtuth4gqf3,failed,not_found,682,DA60C85D526374C1DC8A8796E93F12F7CA3019F2,B15C0071EAF508AAEE29DB9D07607C84AA2DDEB3,5FB384605F53DCBF1CB02143D318DA3E8EE38A24,7AB8B08DF8B90D108EFC37D74CA90A7B939A023D,2020-09-25 16:08:11.369000,2020-09-25 16:08:13.339000
va4t7bwtuth4gqf3,failed,not_found,729,DA60C85D526374C1DC8A8796E93F12F7CA3019F2,25990FC54D7268C914170A118EE4EE75025451DA,13B1322230E9D10C29F8AE631DA658AE5C3C7BA6,A10C4F666D27364036B562823E5830BC448E046A,2020-09-25 16:08:13.339000,2020-09-25 16:08:15.696000
va4t7bwtuth4gqf3,failed,not_found,772,DA60C85D526374C1DC8A8796E93F12F7CA3019F2,F3CEC87ED91E0B0B1D86BE4D7DE90F00B607ECAF,EEDF0AF1F892C82F056063827B47283CC9AEAA41,7ABA39F796B24333F85FA500A057DE9D700E1534,2020-09-25 16:08:15.697000,2020-09-25 16:08:18.240000
va4t7bwtuth4gqf3,failed,not_found,822,DA60C85D526374C1DC8A8796E93F12F7CA3019F2,767E444E1FA1DA75F3B77479DB5AE2FA3FFF75CC,A2C6C931D8627C6605288970889DDB88C7BA2142,A0F59999AC612315805D50A3E49FC47B601B8D30,2020-09-25 16:08:18.241000,2020-09-25 16:08:20.412000
rfztwv3kofynt3zn,failed,not_found,796,DA60C85D526374C1DC8A8796E93F12F7CA3019F2,E5CC91BAFE7CCD68003E873D32E38027638D49D7,75FE5236E67FFA4A44C1152C35EAB36360E4D7DF,CD9549ED5A655BA47427A77835C55FF00EC1DA23,2020-09-25 16:08:09.117000,2020-09-25 16:08:21.523000
rfztwv3kofynt3zn,failed,not_found,900,DA60C85D526374C1DC8A8796E93F12F7CA3019F2,221F035A330AC4231A2E3D901F1CB11483C19F66,7B0D94D348D9F98C50B6674C5CB17AF35EA2605F,CD97DD0842A79184A7D057ECACEF7408C239C710,2020-09-25 16:08:21.524000,2020-09-25 16:08:24.835000
rfztwv3kofynt3zn,failed,not_found,1005,DA60C85D526374C1DC8A8796E93F12F7CA3019F2,2FFE5FAF70D20E76B0474AE9E40C2A0B53F8D9F0,66B06D59BDFC90EBC6EDE79C558275F2CD4799B0,3523171F7CA63A75EEFB87DFE98C8AC0C90F7AB8,2020-09-25 16:08:24.835000,2020-09-25 16:08:32.780000
rfztwv3kofynt3zn,,,,,,,CD5F85DB39C5496558060305AE0B715BE54B794B,2020-09-25 16:08:32.781000,
x465c5ues7dk2ouz,failed,not_found,626,DA60C85D526374C1DC8A8796E93F12F7CA3019F2,B0F9BA27944FA59E3B1A182208FF7C0CFF5497B2,AA26B97B6CA757BF63328EE96705120609CF4AAD,1C265471CAAB20F1D3EFBBB6D6648E060E7F75C4,2020-09-25 16:08:09.128000,2020-09-25 16:08:13.190000
x465c5ues7dk2ouz,failed,not_found,726,DA60C85D526374C1DC8A8796E93F12F7CA3019F2,5B1F0DAF378A1FAFCFD5FA9CDC66D1023DC0276E,43E187B8C7361F47EA968ED5389435865D7F4FE7,1C0D0AF3FF05CCBBA4B6ED262196A4C5A76102E6,2020-09-25 16:08:13.190000,2020-09-25 16:08:15.766000
x465c5ues7dk2ouz,failed,not_found,817,DA60C85D526374C1DC8A8796E93F12F7CA3019F2,C1DCC470C80F6D702C5ED11515936444BD3A0255,34865EB9B936BE6E7D677BC8A72CB54D62743D23,F6D600CF13B3BBE2A91A0653F1EC9D00E7CB3A6B,2020-09-25 16:08:15.766000,2020-09-25 16:08:20.759000
x465c5ues7dk2ouz,failed,not_found,885,DA60C85D526374C1DC8A8796E93F12F7CA3019F2,0B25110BA3473A6DC04AB58A3A0D5E4D6922A0E0,69534B8B5FCCD0BF1124945B1D0F5A35FB0A3542,F7026246823C6322921F3AB87537EBB020AB01E5,2020-09-25 16:08:20.760000,2020-09-25 16:08:24.626000
x465c5ues7dk2ouz,failed,not_found,1004,DA60C85D526374C1DC8A8796E93F12F7CA3019F2,EFF7FB34C593A9D347DDC7A53F20DAC9FB8E9AD3,2CE9BE1FC88B9D0FA03F387C9E4F000B5D4B2AE9,F6F59B64B2494F29899E8072BCB0E6B3E070A917,2020-09-25 16:08:24.627000,2020-09-25 16:08:34.822000
x465c5ues7dk2ouz,,,,,,,1C24A2669C7E0D62B2157B95F56ED00EE307C85C,2020-09-25 16:08:34.823000,
wnccw42igxwd5ryn,failed,not_found,627,DA60C85D526374C1DC8A8796E93F12F7CA3019F2,F40E5D638516959A6F9389162BEF5051C66D74F8,6F7E602D79D16C871F8984B98658F2C9928F2FD9,3351BC69807F3C9BACF7C317263D917252160462,2020-09-25 16:08:09.128000,2020-09-25 16:08:12.192000
wnccw42igxwd5ryn,failed,not_found,702,DA60C85D526374C1DC8A8796E93F12F7CA3019F2,BF37445EA2A9F3D04F4B87DFAC624AEF21B559D5,D53AE170BF6650A2C6640484FE1B5DD1C0AB895B,327F5823438B8EC86EC33355C147D8455AB1C14B,2020-09-25 16:08:12.192000,2020-09-25 16:08:14.309000
wnccw42igxwd5ryn,failed,not_found,848,DA60C85D526374C1DC8A8796E93F12F7CA3019F2,C38460B0B5AE443940827FF308602E5F4A12B5C4,055E271A48AA082E6A9FE88EA58DB73A600CDF24,334523D7723EDC633C136CA9CFE9C2012CCC2FE8,2020-09-25 16:08:14.309000,2020-09-25 16:08:21.982000
wnccw42igxwd5ryn,failed,not_found,909,DA60C85D526374C1DC8A8796E93F12F7CA3019F2,88DF5D708E931C431902AAABEA981E7951E00085,30D457317789E20449CBC12E02F5658FA23E0BEE,334DF2164322B98FCC567BC444947B74AC92DAEA,2020-09-25 16:08:21.982000,2020-09-25 16:08:26.850000
wnccw42igxwd5ryn,failed,not_found,1028,DA60C85D526374C1DC8A8796E93F12F7CA3019F2,77A56CB237740E24AEA2D61C8C8936232AFC1BD8,C5BF27560E4B007365FBA96D32F9E74614218C8E,32828476F4F84E15C42B4C360A5CD8DE4C3C2BE7,2020-09-25 16:08:26.851000,2020-09-25 16:08:36.525000
wnccw42igxwd5ryn,,,,,,,32AABA8EC57AA18E27A19F31F1112FE6AEEE413E,2020-09-25 16:08:36.526000,
kmkcq4wvai2g2abd,failed,not_found,628,DA60C85D526374C1DC8A8796E93F12F7CA3019F2,D1E706B9021A0BF8E9663DB207D9D9EC03A70DAC,F006B0489AF7D6A13CD55A4F14C90593812458F6,FA69F7C51067D9A84168962C46ACA480A90CD354,2020-09-25 16:08:09.141000,2020-09-25 16:08:10.961000
kmkcq4wvai2g2abd,failed,not_found,667,DA60C85D526374C1DC8A8796E93F12F7CA3019F2,5FD8DA8E88DADB97D132A56ADE73DB60F21A9393,50C7B836942F14BDF1541B017CF21FD03F354E13,FA5F1AB3468F808B2FB05F2155C0481A3532C787,2020-09-25 16:08:10.961000,2020-09-25 16:08:13.338000
kmkcq4wvai2g2abd,failed,not_found,728,DA60C85D526374C1DC8A8796E93F12F7CA3019F2,03C8B603AEBEC0AC4C1F73E3B0CC96A02A04D83D,E36536404200A74930DB165858BD5BB554D2BEA2,FA5A0820B4D068F37A65B80C9315404553B5A053,2020-09-25 16:08:13.339000,2020-09-25 16:08:16.014000
kmkcq4wvai2g2abd,failed,not_found,789,DA60C85D526374C1DC8A8796E93F12F7CA3019F2,E1A24015947A6302F7DE89BB16E4FA3812B7C65B,DD0C8EEC5CA402A9FA4478F10C31A440F71F6885,6ED6758622A73F54F0EF59A9D31D71AABD7A70DA,2020-09-25 16:08:16.014000,2020-09-25 16:08:19.928000
kmkcq4wvai2g2abd,failed,not_found,861,DA60C85D526374C1DC8A8796E93F12F7CA3019F2,DC9564AE8BC7BF5F722E3677C897ED1B578C8D81,8885EA6F74A694825B13B8A7080F6CF164DF74FB,6ED3BE22B2261258017B3F0584706265985D7AE9,2020-09-25 16:08:19.928000,2020-09-25 16:08:23.186000
kmkcq4wvai2g2abd,failed,not_found,1013,DA60C85D526374C1DC8A8796E93F12F7CA3019F2,0A7208B8903DD3FF5CDFA218A3823AF498CE69CE,3BB34C63072D9D10E836EE42968713F7B9325F66,6EEF8446BF9D43DA7F7D8505BDFC49BBE64BF822,2020-09-25 16:08:23.187000,2020-09-25 16:08:33.057000
iymgc4bcnlxaipza,failed,not_found,735,DA60C85D526374C1DC8A8796E93F12F7CA3019F2,4F0E5D4E184C40E2B9A89664005B308A1DEE3756,18CA9EA099BB9861E354D2A6FF49337A7E81C2F3,B081CA58EB9BBBEBDBF7E04B630F625D2002F401,2020-09-25 16:08:10.025000,2020-09-25 16:08:16.072000
iymgc4bcnlxaipza,failed,not_found,790,DA60C85D526374C1DC8A8796E93F12F7CA3019F2,0E8DB49D5BF5FCAFFA433A78FEE34179419D1C4E,296A9A2C96249BC5D8CA8CF196EF5E3FCC80488E,B085FE1700622B72188150C54D066F382359700E,2020-09-25 16:08:16.073000,2020-09-25 16:08:18.886000
iymgc4bcnlxaipza,failed,not_found,842,DA60C85D526374C1DC8A8796E93F12F7CA3019F2,4FE1CAC1563D79D92D4107FAC0C6DB96435CCA9E,EE010EF80A27AC0B02CDC2B8B214A6201BB02D2B,573051CAA3EEEE2B75EBD096BB1F70D3FDAC5F3A,2020-09-25 16:08:18.886000,2020-09-25 16:08:21.731000
iymgc4bcnlxaipza,failed,not_found,905,DA60C85D526374C1DC8A8796E93F12F7CA3019F2,A2CD32D9D0668DB764AD68C745CE29693CA851B9,D777D31F95081D0F7223AAD5F8A74977D524145D,571DAD146B9FED394FDC91A05B18C5E05BC350EF,2020-09-25 16:08:21.732000,2020-09-25 16:08:25.472000
iymgc4bcnlxaipza,failed,not_found,987,DA60C85D526374C1DC8A8796E93F12F7CA3019F2,3E53D3979DB07EFD736661C934A1DED14127B684,51D6626BBBE283903BB2F31A047766229CD10E29,572FC2E6D89E8D773488A76F05DDEE3173A076E0,2020-09-25 16:08:25.472000,2020-09-25 16:08:33.585000
iymgc4bcnlxaipza,,,,,,,B09E23C2597234F6EB494B6EDD7334DB64221FA1,2020-09-25 16:08:33.586000,
hzybp6pqzvtfzlvd,failed,not_found,647,DA60C85D526374C1DC8A8796E93F12F7CA3019F2,599A708756048993A1029B2775EEF8C9E40BB640,3BAACE149DB31574B327BF835B594B707D12CD58,97F51AF6791AD33981CE25DC7A2618429F25B3B0,2020-09-25 16:08:10.051000,2020-09-25 16:08:11.581000
hzybp6pqzvtfzlvd,failed,not_found,685,DA60C85D526374C1DC8A8796E93F12F7CA3019F2,18EA6AFA3609A0B24752FBF411A2DAADE27DE129,6DCCA448F8EDC79553CE60E8E21030E942CCC3B9,97D2A26EA5C9972E66D23F4698E94DBDBA8F6C18,2020-09-25 16:08:11.581000,2020-09-25 16:08:13.570000
hzybp6pqzvtfzlvd,failed,not_found,732,DA60C85D526374C1DC8A8796E93F12F7CA3019F2,FE9CB0E0629636EBD8D0C71F46E387B944C01BCF,9B3E7A0AD9A054984CC87E7CA9D5C117202D45D4,9803B536ED203C9AAAFC3E53CD4935BA85FF402F,2020-09-25 16:08:13.570000,2020-09-25 16:08:16.153000
hzybp6pqzvtfzlvd,failed,not_found,792,DA60C85D526374C1DC8A8796E93F12F7CA3019F2,F3BBC088F280FDCDA5C5BD206312FE2DFA7E2DB0,0F6E56C326DC9719942E8BBA58C22F71332DA891,8F7E120C1D4371FEA19E3C158C180D7DE4EE505C,2020-09-25 16:08:16.154000,2020-09-25 16:08:19.543000
hzybp6pqzvtfzlvd,failed,not_found,837,DA60C85D526374C1DC8A8796E93F12F7CA3019F2,0C475BA4D3AA3C289B716F95954CAD616E50C4E5,89FD4FB2A5FD73B50F2E5D85C4707883F8CD5130,8F89078575FEE57675A922E9E088918F63AC750C,2020-09-25 16:08:19.544000,2020-09-25 16:08:21.337000
hzybp6pqzvtfzlvd,failed,not_found,880,DA60C85D526374C1DC8A8796E93F12F7CA3019F2,C4B21A66B27E82FEF6AC97CEAEFE42DFF5C7511C,31D270A38505D4BFBBCABF717E9FB4BCA6DDF2FF,8F8911CEB5CAA353735DE1EF566B132AB649EF4C,2020-09-25 16:08:21.337000,2020-09-25 16:08:23.435000
3qikbcipoeaar4zl,failed,not_found,648,DA60C85D526374C1DC8A8796E93F12F7CA3019F2,D24FB714345D4B9061CEA89ACBAD343081F14928,9C1E47FF205F349D69D569AE7ED15366A5554A46,C9FAA93525ACE580BDB03ABC662ED2045262BD89,2020-09-25 16:08:10.052000,2020-09-25 16:08:11.671000
3qikbcipoeaar4zl,failed,not_found,688,DA60C85D526374C1DC8A8796E93F12F7CA3019F2,82ED9AEC94184EC6DD299A5CDB3378B04BB17489,4E0C20FE5369CF91793AE0762B6D6EBFE8DD7D93,062BC90436CC706CF983BD110852E0205F53CC79,2020-09-25 16:08:11.671000,2020-09-25 16:08:14.071000
3qikbcipoeaar4zl,failed,not_found,736,DA60C85D526374C1DC8A8796E93F12F7CA3019F2,96070698714DC07AE2B377864625B7EF64E33BF5,B1289B91C190A6803C1ADA6E381C0843CE039D70,064D3C4CC1B854839B0979FE1C2F05ABAB7F9D68,2020-09-25 16:08:14.071000,2020-09-25 16:08:16.213000
3qikbcipoeaar4zl,failed,not_found,793,DA60C85D526374C1DC8A8796E93F12F7CA3019F2,92E807AC5E23CCD9FE623EA4DC020B1627A0D09B,5CCC3569C67B7F1BB733664D43DF4645F2A4B04D,CA29603FE2143C9BF06AFE76AB5D7940194271C1,2020-09-25 16:08:16.213000,2020-09-25 16:08:20.148000
3qikbcipoeaar4zl,failed,not_found,869,DA60C85D526374C1DC8A8796E93F12F7CA3019F2,77A56CB237740E24AEA2D61C8C8936232AFC1BD8,96070698714DC07AE2B377864625B7EF64E33BF5,06432D1B5A7C132071626D186D7F1A429C5BBED9,2020-09-25 16:08:20.149000,2020-09-25 16:08:23.254000
3qikbcipoeaar4zl,failed,not_found,941,DA60C85D526374C1DC8A8796E93F12F7CA3019F2,E7EF73B4722CFAF0E8AA2151D3AA78701DE5F19B,24F97F98C45E4754655BE66799049763DAEE99CE,CA0E72B38D97D7CC687F88DAE136A60509CFB6DE,2020-09-25 16:08:23.255000,2020-09-25 16:08:28.090000
c7ygpp6t4ydkhf66,failed,not_found,650,DA60C85D526374C1DC8A8796E93F12F7CA3019F2,F244C5F5DDE2F29CA1F88E4C9F9FACCC48BCA857,CA4E9DFE87DE87E502F3B503D07EC8EFCAEE2549,C8B0C7701874F0B5AFCDAB0BAE231FE303C8228D,2020-09-25 16:08:10.052000,2020-09-25 16:08:11.865000
c7ygpp6t4ydkhf66,failed,not_found,691,DA60C85D526374C1DC8A8796E93F12F7CA3019F2,4656F36592379C17C69F5295602FC0E7BD419F2C,86CDD0D92AB972538416A382D99666736CDDF141,C8ADC3A9310689F8E89B024C142E3ABEF2980E9C,2020-09-25 16:08:11.866000,2020-09-25 16:08:14.742000
c7ygpp6t4ydkhf66,failed,not_found,753,DA60C85D526374C1DC8A8796E93F12F7CA3019F2,60A5547B2203DD2E148EF9BDD6FF3891081C5DF4,1CE9AB21F6A077CFD5588DC0868AC56AED5EA504,2D418A89F79DB4A8E658BA549FBB974D1D22DD1A,2020-09-25 16:08:14.742000,2020-09-25 16:08:17.413000
c7ygpp6t4ydkhf66,failed,not_found,812,DA60C85D526374C1DC8A8796E93F12F7CA3019F2,A2CD32D9D0668DB764AD68C745CE29693CA851B9,1322D90EA6EDA85B3A8566F2C04F2D8C5C7C1EF1,C8AFC02CE1B72D7E0046C10A9C4C30D29BD8BA32,2020-09-25 16:08:17.414000,2020-09-25 16:08:20.117000
c7ygpp6t4ydkhf66,failed,not_found,867,DA60C85D526374C1DC8A8796E93F12F7CA3019F2,B70629C29A032979E5AD00CC51D2330845AAFD6A,CBB5AE37E2927A915D70FA71572D2EA203F03E83,2D6C93A2336368D9A5778416FD4DDDD97FF37D40,2020-09-25 16:08:20.117000,2020-09-25 16:08:22.981000
c7ygpp6t4ydkhf66,failed,not_found,962,DA60C85D526374C1DC8A8796E93F12F7CA3019F2,0B58A95E539FFA6C05C010F5C1DA35FB8038E3A8,F83A64E0FA85BC224807919772FE14E1BA07CEF5,2D63EC24CB7CA7ACFBC1439752A54A916195067D,2020-09-25 16:08:22.982000,2020-09-25 16:08:30.153000
6kspcx2d3wcxvkhu,failed,not_found,671,DA60C85D526374C1DC8A8796E93F12F7CA3019F2,7A3E534C033E3836BD5AF223B642853C502AB33A,D5C6F62A5D1B3C711CA5E6F9D3772A432E96F6C2,CB81BCFD44FC142616BB5983648BD8AF01930789,2020-09-25 16:08:11.005000,2020-09-25 16:08:13.443000
6kspcx2d3wcxvkhu,failed,not_found,731,DA60C85D526374C1DC8A8796E93F12F7CA3019F2,F0AE51D182DA3B1FB452666EE3E5EA906C431CBF,C05CE5DB16F4921BAFFAF58585BE90D0A3980FEB,939126EA4D25CB212A79746C133194F8A24C435B,2020-09-25 16:08:13.443000,2020-09-25 16:08:15.911000
6kspcx2d3wcxvkhu,failed,not_found,782,DA60C85D526374C1DC8A8796E93F12F7CA3019F2,64E257D94E739278D5954CC820C9D7EAC4E7A7B7,77A56CB237740E24AEA2D61C8C8936232AFC1BD8,CB92FA4D7D71F134CE1F1FFF2BFF53E88DD4A1DB,2020-09-25 16:08:15.912000,2020-09-25 16:08:18.615000
6kspcx2d3wcxvkhu,failed,not_found,835,DA60C85D526374C1DC8A8796E93F12F7CA3019F2,FFA72BD683BC2FCF988356E6BEC1E490F313FB07,40C773D9F2B16143CDB2ADB661DDC6BB12EF3E2C,CB72A74E8197DF3B33EE6A0895E5BB871D10CF92,2020-09-25 16:08:18.615000,2020-09-25 16:08:21.227000
6kspcx2d3wcxvkhu,failed,not_found,891,DA60C85D526374C1DC8A8796E93F12F7CA3019F2,6FF440DFB1D0697B942357D747900CC308DD57CC,5D41BBE918C4DFEEFD620CAD949DF862A21C5653,937F201D2797314953F268D252F5C98D3FA9F71E,2020-09-25 16:08:21.228000,2020-09-25 16:08:24.432000
6kspcx2d3wcxvkhu,failed,not_found,995,DA60C85D526374C1DC8A8796E93F12F7CA3019F2,6DCCA448F8EDC79553CE60E8E21030E942CCC3B9,B85E6AB2B5F115536B2DA847A3FB99B8A985D437,93E2C269B2E127CFF42CEA322B8BEF1AEC28C891,2020-09-25 16:08:24.433000,2020-09-25 16:08:31.541000
bg2urkrfojecyvs5,failed,not_found,672,DA60C85D526374C1DC8A8796E93F12F7CA3019F2,F0AE51D182DA3B1FB452666EE3E5EA906C431CBF,22775B953E662151549C114CB8EE5FBDBCBDAD02,1E03D81C9744DE0E3C9DE6E6FBDF1DF9DAEA5AFC,2020-09-25 16:08:11.017000,2020-09-25 16:08:12.892000
bg2urkrfojecyvs5,failed,not_found,711,DA60C85D526374C1DC8A8796E93F12F7CA3019F2,6A365870758A1E3E7A9EE0E82BCC0D6226A9EAAA,C7DE5D63F943471938CC55B2E5F705EC0C41AF41,1DFE397493D0791DE63F2D6EA5AB6EBCB7B9871A,2020-09-25 16:08:12.893000,2020-09-25 16:08:15.696000
bg2urkrfojecyvs5,failed,not_found,762,DA60C85D526374C1DC8A8796E93F12F7CA3019F2,C3D92B0696196558E784EF7252A5370192720BE5,5FC87681FDFB16BF734EB4EB351A4998C564948F,D2F4DAC5918BB082A5CFAC5275B29FAC9B399B2B,2020-09-25 16:08:15.696000,2020-09-25 16:08:17.232000
bg2urkrfojecyvs5,failed,not_found,808,DA60C85D526374C1DC8A8796E93F12F7CA3019F2,86D924EDE1498B4E1DD08D2260F3E9FE454012E1,DA8D76F5F5819693B5C96F499BA19F7404014769,D2F16CBF1BD891968D65D44CD21507E3371279F3,2020-09-25 16:08:17.232000,2020-09-25 16:08:20.263000
bg2urkrfojecyvs5,failed,not_found,873,DA60C85D526374C1DC8A8796E93F12F7CA3019F2,DEB594A54845BBF48E218828522BC204C2E3DAE1,7992F172EDBE69B99F0190651BAC14DD0FD9E5C8,1E1A7C9134637383BE653C41973995A229D81595,2020-09-25 16:08:20.263000,2020-09-25 16:08:23.362000
bg2urkrfojecyvs5,failed,not_found,943,DA60C85D526374C1DC8A8796E93F12F7CA3019F2,638D91FC9EF661348A6994D04C3499BC03F50BBE,C3636ECA4B40900056590AA7DBFC6ED09379852F,D30E9D4D639068611D6D96861C95C2099140B805,2020-09-25 16:08:23.362000,2020-09-25 16:08:29.627000
4w4qqbacjhj2bc7v,failed,not_found,673,DA60C85D526374C1DC8A8796E93F12F7CA3019F2,54DE63F4587058B79152A75A0238D7F7A0279215,071ACB713A9558A4B5750520B0A738C66033E0B1,36414078C521BA19168260F6DF23C97995976289,2020-09-25 16:08:11.034000,2020-09-25 16:08:13.121000
4w4qqbacjhj2bc7v,failed,not_found,724,DA60C85D526374C1DC8A8796E93F12F7CA3019F2,7B0D94D348D9F98C50B6674C5CB17AF35EA2605F,021DDCD687FD505B7EA7E75DA6CEF0D778AA07FB,D37DD572BDA66FC03A33F257975A7F9C167AC8E5,2020-09-25 16:08:13.121000,2020-09-25 16:08:15.909000
4w4qqbacjhj2bc7v,failed,not_found,824,DA60C85D526374C1DC8A8796E93F12F7CA3019F2,43C83536DACCD110FF11E049A890064F6F87BEB2,819C8AFEDAC733315A8F3DB80F043F13090C49F6,D35682AB6E29D91AA030E03A9BEB42700D96A1EF,2020-09-25 16:08:15.909000,2020-09-25 16:08:21.414000
4w4qqbacjhj2bc7v,failed,not_found,898,DA60C85D526374C1DC8A8796E93F12F7CA3019F2,8A59027657872BC7CB7A5F3E24EB3EAEE60467BB,F12F8DFDDE1969D4E5940781E3DAB326D28C1220,D380C57ADE8FF1989F67D22055CEAAD7F1689AD5,2020-09-25 16:08:21.415000,2020-09-25 16:08:25.662000
4w4qqbacjhj2bc7v,,,,,,,361D33C96D0F161275EE67E2C91EE10B276E778B,2020-09-25 16:08:25.663000,
ynxzafgdwvoysc7b,failed,not_found,678,DA60C85D526374C1DC8A8796E93F12F7CA3019F2,4FDDFAD51B24DDABB62FB59071F4DC421E76C685,FCE1FA95BC61BC2FF9752EE9BB5651805A30FD99,906933A309F15D7CF379127078A6791DF9B0C763,2020-09-25 16:08:11.034000,2020-09-25 16:08:12.966000
ynxzafgdwvoysc7b,failed,not_found,713,DA60C85D526374C1DC8A8796E93F12F7CA3019F2,A3AFBDEE30238E44899C9F8B7666D12B09C8EE32,72A33E374DE5AD1E617394896F0FD8B092D3E7C4,9288B75B5FF8861EFF32A6BE8825CC38A4F9F8C2,2020-09-25 16:08:12.966000,2020-09-25 16:08:14.857000
ynxzafgdwvoysc7b,failed,not_found,755,DA60C85D526374C1DC8A8796E93F12F7CA3019F2,E8ED405E47A477D92D9EFB201FADF28FF7FBAF5D,16DB78459B845F4E728405EB694E32929E2B318A,928C4709E663B0FF152FD1F1CBDD6AAFA3B548D9,2020-09-25 16:08:14.859000,2020-09-25 16:08:17.703000
ynxzafgdwvoysc7b,failed,not_found,798,DA60C85D526374C1DC8A8796E93F12F7CA3019F2,21A125136763F6D8AEA882871D7F7E4547724169,B0335F7872A698A86E5E9AC3CF323B50AEF9C081,92429BB4B6FE1B166AE0347D03B3DC3ACF578BCC,2020-09-25 16:08:17.704000,2020-09-25 16:08:19.602000
ynxzafgdwvoysc7b,failed,not_found,854,DA60C85D526374C1DC8A8796E93F12F7CA3019F2,8EB722FA1AE9DDE1914BC21FEA22819D4DE99DB4,5F58E9417DF94A66529864FA1134635614958A44,9063C7EC4A3273446DC05E9310A5C5B2F4235696,2020-09-25 16:08:19.602000,2020-09-25 16:08:22.359000
ynxzafgdwvoysc7b,failed,not_found,922,DA60C85D526374C1DC8A8796E93F12F7CA3019F2,DC40A59D4D744F2C3C7A655EC6BF3A59AFA1C66C,A59AD84F92B2E5A76EBFE3BE62D3B28AF9BFD127,90633012A1A752D8D02FEC8374A4BF98941A1900,2020-09-25 16:08:22.359000,2020-09-25 16:08:26.808000
3nkgxirczab42r2i,failed,not_found,694,DA60C85D526374C1DC8A8796E93F12F7CA3019F2,D64D25D465B9D145320E5A4A32BB45B53BFDA06F,9638D8A46D8CBA79F8122D77E038ED99EBFDAEAD,7F64B84FA7889688041D2413AD60EA3F9CA6801D,2020-09-25 16:08:12.081000,2020-09-25 16:08:14.579000
3nkgxirczab42r2i,failed,not_found,777,DA60C85D526374C1DC8A8796E93F12F7CA3019F2,1F4105C688E835A56AF3D66C787677B57240FFA2,F475E5987E44A2B7B143A2BEE3F8128EEFD7E5A3,01FDC8E92D3280847D856DA1F9BFC2B4CD2C2EE8,2020-09-25 16:08:14.579000,2020-09-25 16:08:18.508000
3nkgxirczab42r2i,failed,not_found,831,DA60C85D526374C1DC8A8796E93F12F7CA3019F2,7272FA27A7F99E88D59BE2018E3F14FB88BF9786,4623A9EC53BFD83155929E56D6F7B55B5E718C24,7F5940F7D65B07AE5C2C7A15FE8A63E7708B950E,2020-09-25 16:08:18.509000,2020-09-25 16:08:21.029000
3nkgxirczab42r2i,failed,not_found,921,DA60C85D526374C1DC8A8796E93F12F7CA3019F2,1322D90EA6EDA85B3A8566F2C04F2D8C5C7C1EF1,60F2139EA3E06410A05CBD6E8254E60A9063AD9D,01F73DBD9B56C31E3D3AAEB95F8CF1DEB7D9A72F,2020-09-25 16:08:21.029000,2020-09-25 16:08:26.738000
3nkgxirczab42r2i,failed,not_found,1026,DA60C85D526374C1DC8A8796E93F12F7CA3019F2,3E04505D362AA324E6E4E1C8516CCD9EF4D41B9C,8554E174D5CDB3E5E194E4A8F8378509255E8243,01E19A812AF0A4C9584931CD6DC3EC07CEEE3A23,2020-09-25 16:08:26.738000,2020-09-25 16:08:36.720000
3nkgxirczab42r2i,,,,,,,7F7BE7926AF718D6A3DED24D694D94C1D5FACF28,2020-09-25 16:08:36.721000,
qkpdnotcgctaa5yz,failed,not_found,698,DA60C85D526374C1DC8A8796E93F12F7CA3019F2,EE7CD2A763435C7006095BD167C790ABE5BC4DEA,D7DB8E82604F806766FC3F80213CF719A0481D0B,4381E471E9358AE4D815021302C7F2E16502BEE1,2020-09-25 16:08:12.140000,2020-09-25 16:08:14.136000
qkpdnotcgctaa5yz,failed,not_found,742,DA60C85D526374C1DC8A8796E93F12F7CA3019F2,0CC18E42E5ECADFE76862CE2EB7189EFA17A11FD,C881DDCFDA330323BDC070315C1F893A74DF91A0,438587D73152254E935FC1D387003DFA18166EC5,2020-09-25 16:08:14.136000,2020-09-25 16:08:16.610000
qkpdnotcgctaa5yz,failed,not_found,799,DA60C85D526374C1DC8A8796E93F12F7CA3019F2,D7DB8E82604F806766FC3F80213CF719A0481D0B,C72A5061DD5EB229CDF16BADA740943EEAEEFE51,7FF94320963B5CDAF9A072CE9BEE9B4F1F2B383C,2020-09-25 16:08:16.610000,2020-09-25 16:08:20.041000
qkpdnotcgctaa5yz,failed,not_found,863,DA60C85D526374C1DC8A8796E93F12F7CA3019F2,E130296683B896A117CE5DA531A5645644178734,DA8D76F5F5819693B5C96F499BA19F7404014769,7FA3FA525901A91A1310B817943668BC2C16289E,2020-09-25 16:08:20.042000,2020-09-25 16:08:22.907000
qkpdnotcgctaa5yz,failed,not_found,961,DA60C85D526374C1DC8A8796E93F12F7CA3019F2,085527CBD6485FD475AC983FA8683A2D9028BAA8,96D656384559910834CFDB128D843F819D5D2FD5,7F7BE7926AF718D6A3DED24D694D94C1D5FACF28,2020-09-25 16:08:22.908000,2020-09-25 16:08:29.714000
qkpdnotcgctaa5yz,,,,,,,435B0937725ECC8252F906800E46C90974408B63,2020-09-25 16:08:29.715000,
fw7e6sxkgtxesfva,failed,not_found,699,DA60C85D526374C1DC8A8796E93F12F7CA3019F2,CD0F9AA1A5064430B1DE8E645CBA7A502B27ED5F,B32B93C90DCAF0012328A8D55D621D26B186E11A,1B8FAEDFD428C546A9DCC9EC15E13C0550222D44,2020-09-25 16:08:12.141000,2020-09-25 16:08:14.110000
fw7e6sxkgtxesfva,failed,not_found,737,DA60C85D526374C1DC8A8796E93F12F7CA3019F2,2F2B8D5BBA29F7DBD41163FF5187A77E446C527D,6532EB51C1EA8B674F4AEFCFA31323AE4C4212E4,1B90395827F7499A37C73F09BC5AA0225808F6FC,2020-09-25 16:08:14.110000,2020-09-25 16:08:17.677000
fw7e6sxkgtxesfva,failed,not_found,814,DA60C85D526374C1DC8A8796E93F12F7CA3019F2,8841E775C3DE70E4414F0678DBD532C1F80FF62C,BA38C5688E103AE11F50D7188C8E5FDB4B0E5553,1B91B86B67317A63636FE38ABE6C4E701A2B1A99,2020-09-25 16:08:17.677000,2020-09-25 16:08:20.265000
fw7e6sxkgtxesfva,failed,not_found,875,DA60C85D526374C1DC8A8796E93F12F7CA3019F2,D245C3E824456945C6759599CB8A0547135A066D,7ED3D8AFAC750F8CC0BDF8C87FE3BCBA2BBE2209,DE72FEB474E8A3CC502CFC43621180EA9D462FE0,2020-09-25 16:08:20.265000,2020-09-25 16:08:25.010000
fw7e6sxkgtxesfva,failed,not_found,1007,DA60C85D526374C1DC8A8796E93F12F7CA3019F2,890480E14E634C8B4467C475E355A6FBF3D99CD5,F146DD71DEEBB6BB3D7A638CFFDC3BD43A75640D,DE82EEFA24410DA17CB3CA3EE3C9552349BD5F1D,2020-09-25 16:08:25.012000,2020-09-25 16:08:32.659000
fw7e6sxkgtxesfva,,,,,,,DE81E82F60AFCA34FB5F94D78F590FEEBB435CDC,2020-09-25 16:08:32.660000,
ksni6s6rtzmprfg4,failed,not_found,700,DA60C85D526374C1DC8A8796E93F12F7CA3019F2,A2FB8752350D0DC03129566E197DFD7C4B3205AA,82DA9678A0BAE60087AA68A3E1D6E6A2C4246D6D,6E30461718F9838BB1785C6863024308148E5344,2020-09-25 16:08:12.187000,2020-09-25 16:08:14.375000
ksni6s6rtzmprfg4,failed,not_found,748,DA60C85D526374C1DC8A8796E93F12F7CA3019F2,FB016E16B8CD7A0E53DEEF31ED8754E4F6B8E837,BF0FB582E37F738CD33C3651125F2772705BB8E8,19FFF04C4B4448A993F5C908C99704881DCD4767,2020-09-25 16:08:14.375000,2020-09-25 16:08:17.510000
ksni6s6rtzmprfg4,failed,not_found,813,DA60C85D526374C1DC8A8796E93F12F7CA3019F2,C239952D0C8E4EABC3E6B0A8E0B623689174E3C6,7E44E0D39CE8666A98EA5DEBCBB8E12B3906410F,6E4DC86BC268306583E6C5640F11F17677663EDE,2020-09-25 16:08:17.510000,2020-09-25 16:08:20.380000
ksni6s6rtzmprfg4,failed,not_found,946,DA60C85D526374C1DC8A8796E93F12F7CA3019F2,40A60D1F1E8AFBED22FCB30B3FBE2E275A14CF99,7A3E534C033E3836BD5AF223B642853C502AB33A,6E66D978514FF86CDEF01FE30C23A1002925AA02,2020-09-25 16:08:20.380000,2020-09-25 16:08:28.235000
ksni6s6rtzmprfg4,failed,not_found,1038,DA60C85D526374C1DC8A8796E93F12F7CA3019F2,69BE1831EC63C751D241E5E962DA4793355A6253,D0D93D5E8B46BD72B68617B402E2DBC16F8AA040,1A10F6E2BA45CA4A5EBAA6EF759FCBF4E8AFEEA8,2020-09-25 16:08:28.236000,2020-09-25 16:08:37.607000
ksni6s6rtzmprfg4,,,,,,,1A020A414D8AB25F54415C8C1E75A5562A9DD9A6,2020-09-25 16:08:37.607000,
nrnku5adajdbrzlt,failed,not_found,697,DA60C85D526374C1DC8A8796E93F12F7CA3019F2,022A5535F42B1A9F9AA755C4EAB5F36FEF9781D8,0B19BBFDC498CCEA23027B1D7BD8E20121B95E60,20CD933EDC7260B19040475B24FD6B01B73E94BB,2020-09-25 16:08:13.023000,2020-09-25 16:08:14.206000
nrnku5adajdbrzlt,failed,not_found,746,DA60C85D526374C1DC8A8796E93F12F7CA3019F2,41E041EC676622FFEE59F56BC75B99CD0D47F653,1E1A7C9134637383BE653C41973995A229D81595,20CE7E9C49A748661E66C747C6E2109CEEAA5705,2020-09-25 16:08:14.206000,2020-09-25 16:08:16.459000
nrnku5adajdbrzlt,failed,not_found,879,DA60C85D526374C1DC8A8796E93F12F7CA3019F2,509EAB4C5D10C9A9A24B4EA0CE402C047A2D64E6,58F3E2956EABB81F673E2FB90E16E001DB4AC3AE,20E39F153C8B52B9B0F6E10037BEBFA0A08D0D63,2020-09-25 16:08:16.459000,2020-09-25 16:08:24.231000
nrnku5adajdbrzlt,failed,not_found,1002,DA60C85D526374C1DC8A8796E93F12F7CA3019F2,9EFF16EA25FF27BC438A3FBF23C5315E576467AF,FCE1FA95BC61BC2FF9752EE9BB5651805A30FD99,6E4DC86BC268306583E6C5640F11F17677663EDE,2020-09-25 16:08:24.231000,2020-09-25 16:08:33.115000
nrnku5adajdbrzlt,,,,,,,6E30461718F9838BB1785C6863024308148E5344,2020-09-25 16:08:33.116000,
uqsyohay55pelyjh,failed,not_found,714,DA60C85D526374C1DC8A8796E93F12F7CA3019F2,6B9D965C6149D09DF970C1D086AC8F575643F587,F7B024DB02C601185C202E26DFFD2AD525C16A36,091BB38D8A641014A652A36A8827A9E30EEEA882,2020-09-25 16:08:13.023000,2020-09-25 16:08:15.288000
uqsyohay55pelyjh,failed,not_found,738,DA60C85D526374C1DC8A8796E93F12F7CA3019F2,AC00AEBA1AE2A80CF4184C4362157BF91487B902,8101421BEFCCF4C271D5483C5AABCAAD245BBB9D,38D3D15DAD843AB99CC257ACBABD4FACF9A3F215,2020-09-25 16:08:15.289000,2020-09-25 16:08:16.703000
uqsyohay55pelyjh,failed,not_found,800,DA60C85D526374C1DC8A8796E93F12F7CA3019F2,1C0736CF3744A3B87C2D2269B8BD3388C7E60552,B8F6E68B36BEE2BF548750BDCCC3C2A7DB56A623,091F0E777170A967C60069B10F5404C3D14E90E8,2020-09-25 16:08:16.704000,2020-09-25 16:08:20.999000
uqsyohay55pelyjh,failed,not_found,947,DA60C85D526374C1DC8A8796E93F12F7CA3019F2,B9877C7A9EAD7439C186B6B4C2885612BA379874,575F15A0A41B951BEE03E25B2A0A3FC3E8D7C7D1,0935BA9178F9E3B50C99DD53F723865FC224CFA8,2020-09-25 16:08:20.999000,2020-09-25 16:08:28.720000
uqsyohay55pelyjh,,,,,,,38A42B8D7C0E6346F4A4821617740AEE86EA885B,2020-09-25 16:08:28.721000,
b22js22bwwq2y6vz,failed,not_found,715,DA60C85D526374C1DC8A8796E93F12F7CA3019F2,01AE2DE314276C82FCCC3603A1C2F3238E6544C9,539572FE3430A83E8F502052FC7E178E20A07EE0,1A25F64FCACEB588B42429F5C463BD0396524280,2020-09-25 16:08:13.039000,2020-09-25 16:08:15.718000
b22js22bwwq2y6vz,failed,not_found,773,DA60C85D526374C1DC8A8796E93F12F7CA3019F2,B5558CFA70A5308582B25767C9698E6DBE6A90B2,3F43D0584A2613C9DB631382FF486DC6B95EA1C8,1A3AC11BF85CE386E19863F5CDF7769BA30E4A06,2020-09-25 16:08:15.719000,2020-09-25 16:08:18.571000
b22js22bwwq2y6vz,failed,not_found,832,DA60C85D526374C1DC8A8796E93F12F7CA3019F2,FC1E441E097BA36930AA2F615EFB325AF76D2595,9715C81BA8C5B0C698882035F75C67D6D643DBE3,7E006A46A222CE42F84B4A175698B3B593A7B3B7,2020-09-25 16:08:18.572000,2020-09-25 16:08:21.486000
b22js22bwwq2y6vz,failed,not_found,899,DA60C85D526374C1DC8A8796E93F12F7CA3019F2,3E13E2EB87CCF5690564EE33E9F9F9F80B229FBB,0FD48DB21166F094AB06E3E422F6E435B4D50B05,7E281CD2C315C4F7A84BC7C8721C3BC974DDBFA3,2020-09-25 16:08:21.486000,2020-09-25 16:08:25.995000
b22js22bwwq2y6vz,failed,not_found,1000,DA60C85D526374C1DC8A8796E93F12F7CA3019F2,2CE9BE1FC88B9D0FA03F387C9E4F000B5D4B2AE9,50586E25BE067FD1F739998550EDDCB1A14CA5B2,1A2B77AD0A742CD804B9DD747E2DD8E38D06C915,2020-09-25 16:08:25.996000,2020-09-25 16:08:35.069000
b22js22bwwq2y6vz,,,,,,,7E08734909378D7F38FE8FDC9429DCC1521EEB57,2020-09-25 16:08:35.069000,
f5s65i6vn2ngyu5v,failed,not_found,716,DA60C85D526374C1DC8A8796E93F12F7CA3019F2,24F97F98C45E4754655BE66799049763DAEE99CE,E45EC3830D8AD7F23FF1BEF8AC1F7519555A3515,C542D452D42DBD01A071D2DA1CE6EE15AF40F5C2,2020-09-25 16:08:13.054000,2020-09-25 16:08:15.934000
f5s65i6vn2ngyu5v,failed,not_found,783,DA60C85D526374C1DC8A8796E93F12F7CA3019F2,D1E706B9021A0BF8E9663DB207D9D9EC03A70DAC,1852D84B0341845F2BDC2CCBC673E9D42307A111,9738F8F5C386CDAF5707D0DCED428F2813CA285F,2020-09-25 16:08:15.934000,2020-09-25 16:08:18.613000
f5s65i6vn2ngyu5v,failed,not_found,834,DA60C85D526374C1DC8A8796E93F12F7CA3019F2,94890F37CE0CD5D020773CA7A0E397AA592E5AF3,D0681DAAABC320310B8616951D6C19F69F778A6F,C51701910DEA998F4F51287A71B7E94449A3E9BC,2020-09-25 16:08:18.614000,2020-09-25 16:08:21.595000
f5s65i6vn2ngyu5v,failed,not_found,902,DA60C85D526374C1DC8A8796E93F12F7CA3019F2,42D47C736518BFA495CA31AEE40AE468F0BDA2A6,0B58A95E539FFA6C05C010F5C1DA35FB8038E3A8,975DF2CA6288228044A9162FF0D38B3EE15298CD,2020-09-25 16:08:21.595000,2020-09-25 16:08:25.261000
f5s65i6vn2ngyu5v,failed,not_found,1014,DA60C85D526374C1DC8A8796E93F12F7CA3019F2,CD39C258265B25EAA4ABA4FDCB2DF98104CAA362,C22BA9ED6DEE071D2B37B9718DCCFB6A53EAD5E6,973607526BE9C8FDA03EBBAF527D67AE6FFD65DD,2020-09-25 16:08:25.261000,2020-09-25 16:08:32.550000
f5s65i6vn2ngyu5v,,,,,,,C545ED3BE029B226D74B3F798235951D2FEEE3E1,2020-09-25 16:08:32.551000,
nbcyzncr7pigtpek,failed,not_found,739,DA60C85D526374C1DC8A8796E93F12F7CA3019F2,C5A1D5B7CB0D12A7B7334F2915134E6DA8F5C46D,8679CBAFD3F447F9E9CD05A5701501248C24AA4F,8DE1211901C33379BB9C57E27BED368FF6D45127,2020-09-25 16:08:14.135000,2020-09-25 16:08:16.239000
nbcyzncr7pigtpek,failed,not_found,794,DA60C85D526374C1DC8A8796E93F12F7CA3019F2,2CE9BE1FC88B9D0FA03F387C9E4F000B5D4B2AE9,E2D9035061E3D133B2CA4DA3383AEAACCC0733E1,6C1A8CBE589906EEC6E73F4F286AC29AF7521E1D,2020-09-25 16:08:16.239000,2020-09-25 16:08:19.204000
nbcyzncr7pigtpek,failed,not_found,850,DA60C85D526374C1DC8A8796E93F12F7CA3019F2,62712B2C24A169B24336CD2FE2BE55DA67476C8B,3847862C0A4926ACCB9B5ADCD6F62B6278D88812,6C282D35C674A036B79B5F30E90D19B363D3DAB2,2020-09-25 16:08:19.205000,2020-09-25 16:08:22.618000
nbcyzncr7pigtpek,failed,not_found,925,DA60C85D526374C1DC8A8796E93F12F7CA3019F2,213F2B4AB09EE6FF8CA21B804B2E1BD8835088D3,A6C983C2F7EEADD55CE9169E540EBD95423FC260,8DCB526722FBE2B3F4C0CE9D020B0589170F8BDA,2020-09-25 16:08:22.618000,2020-09-25 16:08:26.958000
nbcyzncr7pigtpek,failed,not_found,1029,DA60C85D526374C1DC8A8796E93F12F7CA3019F2,A231513B758330E6E6DB18F5B6EC6DAAA406C31D,BB004C7F4C5C9FAE5E001864537F89388444F572,6C143720FFF8469EF6A5C5B4066366340CF6C0D1,2020-09-25 16:08:26.958000,2020-09-25 16:08:36.224000
nbcyzncr7pigtpek,,,,,,,8DC832ABDC9C97B8B71F74AB041D3CB3FA9578AA,2020-09-25 16:08:36.225000,
bnqertesgh2tappm,failed,not_found,771,DA60C85D526374C1DC8A8796E93F12F7CA3019F2,0C475BA4D3AA3C289B716F95954CAD616E50C4E5,DB621E29A90544FF5AC75E5BD0FEE679A6812F44,6565F31D9EC0C7DFFEA1920BE3BA4C73EF35B5C4,2020-09-25 16:08:14.135000,2020-09-25 16:08:18.500000
bnqertesgh2tappm,failed,not_found,830,DA60C85D526374C1DC8A8796E93F12F7CA3019F2,5E4D1E6D31413DCCC148A8050224578CBBF12883,92429BB4B6FE1B166AE0347D03B3DC3ACF578BCC,657339F813C63A826623414B31961471BAE6D790,2020-09-25 16:08:18.501000,2020-09-25 16:08:21.028000
bnqertesgh2tappm,failed,not_found,889,DA60C85D526374C1DC8A8796E93F12F7CA3019F2,516034FF15C96CE841ECCD876EF604802AA5C650,FE1B74C7CEE0493613929A92F9A1D890E58DC649,151D60935BC8D3069D89739C562E3FE179EDE82B,2020-09-25 16:08:21.028000,2020-09-25 16:08:24.066000
bnqertesgh2tappm,failed,not_found,957,DA60C85D526374C1DC8A8796E93F12F7CA3019F2,BF2CD90CECCB5C77B093B64C4B0D19EBFB462858,3D636FB9D24EA781C3C2766C051064C6CA1C0D96,654D634FC4281B16FAB7217BABDC3F179A8F2D29,2020-09-25 16:08:24.066000,2020-09-25 16:08:29.670000
bnqertesgh2tappm,,,,,,,153962FA0F2A058A97D37B039607377EE67E5885,2020-09-25 16:08:29.670000,
crwodxsu2sgpp7ge,failed,not_found,741,DA60C85D526374C1DC8A8796E93F12F7CA3019F2,D3B72ADA2F3EEDA2BA98F645D620CA1C4060AAF4,35E98FB0B591DF3B357FFEDD3DADB10DAD027D7D,620DB859CB0F86B02F81919DA10799E71D92762A,2020-09-25 16:08:14.136000,2020-09-25 16:08:17.678000
crwodxsu2sgpp7ge,failed,not_found,815,DA60C85D526374C1DC8A8796E93F12F7CA3019F2,5DB9AE27A44EB7B476CC04A66C67A71C97A001E6,2AE2CA4BD2B7754F29432C25E03314D52AC4CAF1,D245C3E824456945C6759599CB8A0547135A066D,2020-09-25 16:08:17.678000,2020-09-25 16:08:20.412000
crwodxsu2sgpp7ge,failed,not_found,882,DA60C85D526374C1DC8A8796E93F12F7CA3019F2,38F21DEE29E40DCDF9460A80662B7723562CA008,EE94030D02AF5A788C62EA56D483540C38460E10,D24FB714345D4B9061CEA89ACBAD343081F14928,2020-09-25 16:08:20.412000,2020-09-25 16:08:23.520000
crwodxsu2sgpp7ge,failed,not_found,950,DA60C85D526374C1DC8A8796E93F12F7CA3019F2,3CB4193EF4E239FCEDC4DC43468E0B0D6B67ACC3,A2C6C931D8627C6605288970889DDB88C7BA2142,D255268BACBB4562554CF20147731BDA0D8C452B,2020-09-25 16:08:23.520000,2020-09-25 16:08:28.768000
crwodxsu2sgpp7ge,,,,,,,620C95FD5C1C4DA2D212C7F05494E49C6130BDAF,2020-09-25 16:08:28.769000,
3attqgf76dzqrfsl,failed,not_found,743,DA60C85D526374C1DC8A8796E93F12F7CA3019F2,5D765770B4DB110D88787457978AB4008CF65CAC,855BC2DABE24C861CD887DB9B2E950424B49FC34,9BC648B182B92B1F3DFD022A00AB3AA1F1780750,2020-09-25 16:08:14.177000,2020-09-25 16:08:16.517000
3attqgf76dzqrfsl,failed,not_found,776,DA60C85D526374C1DC8A8796E93F12F7CA3019F2,44496B18C68356AF3A58ACAD835429C37B9432ED,8FA37B93397015B2BC5A525C908485260BE9F422,4352D58B2641E8C1787750EFD3A07A88224967AC,2020-09-25 16:08:16.518000,2020-09-25 16:08:18.717000
3attqgf76dzqrfsl,failed,not_found,836,DA60C85D526374C1DC8A8796E93F12F7CA3019F2,64E257D94E739278D5954CC820C9D7EAC4E7A7B7,645C3F0545E0975A49F69EC272C0C3EA28586825,9BEED1E03101B2BC9393C560FCF13A1E46E49352,2020-09-25 16:08:18.717000,2020-09-25 16:08:21.595000
3attqgf76dzqrfsl,failed,not_found,903,DA60C85D526374C1DC8A8796E93F12F7CA3019F2,58F3E2956EABB81F673E2FB90E16E001DB4AC3AE,F43188DAE9A3F22C643CD7B8B3C8FEDB93AA8E12,9BC9DEC371D17190F0185D7CDA42F30A617B6A7F,2020-09-25 16:08:21.596000,2020-09-25 16:08:25.324000
3attqgf76dzqrfsl,failed,not_found,985,DA60C85D526374C1DC8A8796E93F12F7CA3019F2,92BBADCB0697F5EB1792C607EE2DC1C291A98ADC,557B39146EB121C8CFA22C48AD78BDBDBC8FF3A1,4340B1D4E9118619F97DB0E54D38ED919E11C7B9,2020-09-25 16:08:25.324000,2020-09-25 16:08:32.858000
3attqgf76dzqrfsl,,,,,,,435B0937725ECC8252F906800E46C90974408B63,2020-09-25 16:08:32.858000,
pomudgpyjpoh5cqf,failed,not_found,763,DA60C85D526374C1DC8A8796E93F12F7CA3019F2,13B2354C74CCE29815B4E1F692F2F0E86C7F13DD,D6670FB54B21818CE7C13524AA003258B8E35D38,A06B527FE05AF6EA0CDF52A43CD4D8C2F0F4862D,2020-09-25 16:08:15.359000,2020-09-25 16:08:17.884000
pomudgpyjpoh5cqf,failed,not_found,821,DA60C85D526374C1DC8A8796E93F12F7CA3019F2,91517F219F7648E4B8BBF3C162C77DDC55315612,90D43CF5541ECF57C1833FED33FFDFF239C4817C,A066E7983758C7CC0097E16ACF4F7B71BAFA44E9,2020-09-25 16:08:17.884000,2020-09-25 16:08:20.409000
pomudgpyjpoh5cqf,failed,not_found,858,DA60C85D526374C1DC8A8796E93F12F7CA3019F2,2ABA928945F7EC1E9DD105A628D5C05609DB5B6D,6B5A63BFEEA8EF58DA812F4F05BE98C869809DFB,49BC7301250F6D87BCD676DFC9AF22048F96F599,2020-09-25 16:08:20.411000,2020-09-25 16:08:22.863000
pomudgpyjpoh5cqf,failed,not_found,913,DA60C85D526374C1DC8A8796E93F12F7CA3019F2,30D457317789E20449CBC12E02F5658FA23E0BEE,A0DFB31231C718829FA18EAB4D0CD51DEDBAE08C,A07272726BD6199D28E034572D754928A7E399F3,2020-09-25 16:08:22.863000,2020-09-25 16:08:26.240000
pomudgpyjpoh5cqf,failed,not_found,1017,DA60C85D526374C1DC8A8796E93F12F7CA3019F2,63B32F7E5389E8DBC5E1BCEFE48312DA7CCEF5D6,F117B31DF6A73D6F015BCEE4E6AB13474B18A16F,4987B428F2F289144B09A3B371602E3BB0FDF451,2020-09-25 16:08:26.241000,2020-09-25 16:08:35.785000
pomudgpyjpoh5cqf,,,,,,,49877399DD0E82FE123148361038823368F77193,2020-09-25 16:08:35.786000,
3dsrofdfnjpdcsm7,failed,not_found,764,DA60C85D526374C1DC8A8796E93F12F7CA3019F2,25E078CD1E537A7418318168F7E1990EF2A160C8,C5F214F7F9CCBF09324C9AA032760150243A196C,819C8AFEDAC733315A8F3DB80F043F13090C49F6,2020-09-25 16:08:15.421000,2020-09-25 16:08:17.335000
3dsrofdfnjpdcsm7,failed,not_found,810,DA60C85D526374C1DC8A8796E93F12F7CA3019F2,40DD356E8F3C53FA9251B561CF956302791AAFF5,A13281DBD8F8E484E95DD273B3EE7FC14C1B0A7A,81A1D777C023EBB1DEE9E7FA8735629BA8F7497C,2020-09-25 16:08:17.336000,2020-09-25 16:08:19.881000
3dsrofdfnjpdcsm7,failed,not_found,860,DA60C85D526374C1DC8A8796E93F12F7CA3019F2,76D2EBA82BBCCA3DF9F254A9A8372A10A26F3D14,F0AE51D182DA3B1FB452666EE3E5EA906C431CBF,81A59766272894D27FE8375C4F83A6BA453671EF,2020-09-25 16:08:19.881000,2020-09-25 16:08:22.715000
3dsrofdfnjpdcsm7,failed,not_found,927,DA60C85D526374C1DC8A8796E93F12F7CA3019F2,0C475BA4D3AA3C289B716F95954CAD616E50C4E5,2096BCFEBB95A1134F39FCF8CEB076FF41A2B48B,C22BA9ED6DEE071D2B37B9718DCCFB6A53EAD5E6,2020-09-25 16:08:22.715000,2020-09-25 16:08:27.251000
3dsrofdfnjpdcsm7,,,,,,,C215211F88FFCF8C6E70CC34C76DA0948E3DD24A,2020-09-25 16:08:27.252000,
wgmtdsbqxlfoxwft,failed,not_found,765,DA60C85D526374C1DC8A8796E93F12F7CA3019F2,81E18725397D620DA548ABBE24D9CD263DEF2FDC,D1E706B9021A0BF8E9663DB207D9D9EC03A70DAC,26B09A4C9F6A9D4815DB46EBA3626A0ED8D71E8F,2020-09-25 16:08:15.422000,2020-09-25 16:08:17.380000
wgmtdsbqxlfoxwft,failed,not_found,811,DA60C85D526374C1DC8A8796E93F12F7CA3019F2,AC61D1722091F2FC4760776AF2C230D9DC679C03,C239952D0C8E4EABC3E6B0A8E0B623689174E3C6,10B689D11CDCB8EB74BF394880508C975058C608,2020-09-25 16:08:17.380000,2020-09-25 16:08:19.989000
wgmtdsbqxlfoxwft,failed,not_found,862,DA60C85D526374C1DC8A8796E93F12F7CA3019F2,DBE82FA23B9FE3CB2462A6FCF5289DED3CBF4AEE,96D656384559910834CFDB128D843F819D5D2FD5,26ACD3A1EFECBB695CE8DF2EB769DB9242964C6C,2020-09-25 16:08:19.989000,2020-09-25 16:08:22.658000
wgmtdsbqxlfoxwft,failed,not_found,954,DA60C85D526374C1DC8A8796E93F12F7CA3019F2,9A48EC8AAFB2E8C9E20408596383DB74F1196747,33D88F331408141F2A2CC563239E54E48F7A211B,2659ACAA140B6845E38F189B4080817B9819EB9A,2020-09-25 16:08:22.659000,2020-09-25 16:08:29.311000
wgmtdsbqxlfoxwft,,,,,,,10CA859C429A17EFF704CC53D0080940148D59DA,2020-09-25 16:08:29.312000,
ikrgwup5u3dd7qug,failed,not_found,766,DA60C85D526374C1DC8A8796E93F12F7CA3019F2,23A2D8DDF761F35CC63BDF65E604B76A7E2F6971,41E041EC676622FFEE59F56BC75B99CD0D47F653,A066E7983758C7CC0097E16ACF4F7B71BAFA44E9,2020-09-25 16:08:15.446000,2020-09-25 16:08:17.702000
ikrgwup5u3dd7qug,failed,not_found,816,DA60C85D526374C1DC8A8796E93F12F7CA3019F2,67CDF7A4D06E98E55AAE595BBEBF38E64C4CCBF3,38F74AD4503689A3FD5DCADC11783F8D8255F839,3F065BB0B02FB2303E144383D16C47A7DED75AE7,2020-09-25 16:08:17.702000,2020-09-25 16:08:20.496000
ikrgwup5u3dd7qug,failed,not_found,883,DA60C85D526374C1DC8A8796E93F12F7CA3019F2,53B379F4063B3B91B24A7DFFCC2F6533F51B3245,02758CD398E3F842EF82478078AAAE0273770DB2,A07272726BD6199D28E034572D754928A7E399F3,2020-09-25 16:08:20.498000,2020-09-25 16:08:24.868000
ikrgwup5u3dd7qug,failed,not_found,1006,DA60C85D526374C1DC8A8796E93F12F7CA3019F2,60B1681670B185813E762B71F3C3B129A981F37B,BCDE75725B927738B6FD34EA2D78F4FA77B99848,A06B527FE05AF6EA0CDF52A43CD4D8C2F0F4862D,2020-09-25 16:08:24.868000,2020-09-25 16:08:31.815000
ikrgwup5u3dd7qug,,,,,,,3F129FB71EB2B019B47403A5552EB2D40E5369F2,2020-09-25 16:08:31.815000,
ax6sc2r5mc4jc7qo,failed,not_found,784,DA60C85D526374C1DC8A8796E93F12F7CA3019F2,8056080EE822B5CA1A8FFF52B7242A82C5E42FBB,5FF02D4113F0A6888D0A2EE6C57C61A158B7550C,FE59C12C9697E742CD3F7ADBAF6385EA1C8B379F,2020-09-25 16:08:16.011000,2020-09-25 16:08:18.914000
ax6sc2r5mc4jc7qo,failed,not_found,844,DA60C85D526374C1DC8A8796E93F12F7CA3019F2,BE9B12FAAB7429842D643E2308390ECD8961E0A1,B70629C29A032979E5AD00CC51D2330845AAFD6A,FE547E7D1D2B3797EA07BECD5E75C85AA94A5E4A,2020-09-25 16:08:18.914000,2020-09-25 16:08:21.731000
ax6sc2r5mc4jc7qo,failed,not_found,904,DA60C85D526374C1DC8A8796E93F12F7CA3019F2,5FB384605F53DCBF1CB02143D318DA3E8EE38A24,890480E14E634C8B4467C475E355A6FBF3D99CD5,91517F219F7648E4B8BBF3C162C77DDC55315612,2020-09-25 16:08:21.731000,2020-09-25 16:08:25.287000
ax6sc2r5mc4jc7qo,failed,not_found,1012,DA60C85D526374C1DC8A8796E93F12F7CA3019F2,2F6AE174B58695171DB61569E7F7C17D27A24F3F,D952BAC96C3FCFB37B7EFF49E615582CD63FF62E,91799AD097018FD5F83B70B978068FB83F72934F,2020-09-25 16:08:25.287000,2020-09-25 16:08:35.069000
ax6sc2r5mc4jc7qo,,,,,,,FE4A7F1610111DF2F18A564F74F695D0964EC58E,2020-09-25 16:08:35.069000,
rcskryq76rveg6nz,failed,not_found,786,DA60C85D526374C1DC8A8796E93F12F7CA3019F2,AA7630738F82C4DF26BB8EFF131564DACDEAC64C,0723AD6D05F2168ABF387025795A8D16EF02F20A,F664E5E50B4D216E5940DA7E9CF653F5F9DC561B,2020-09-25 16:08:16.013000,2020-09-25 16:08:18.832000
rcskryq76rveg6nz,failed,not_found,841,DA60C85D526374C1DC8A8796E93F12F7CA3019F2,0DB061CA620A1B9AD80983D911A419D4A6747625,B74DABBE248B935CDC1038CD5C9280878C8C94E7,FE1AF5E909002134BFF834F4AD5E1DE723779002,2020-09-25 16:08:18.832000,2020-09-25 16:08:21.836000
rcskryq76rveg6nz,failed,not_found,907,DA60C85D526374C1DC8A8796E93F12F7CA3019F2,E4A23FEACFA0D7064C6694BE91BF94805E3CE487,790EB3E544E70809FA760DC793469FC5ABAF1E28,F68A76522D356F89BEC286889A3822250567BE2E,2020-09-25 16:08:21.838000,2020-09-25 16:08:27.357000
rcskryq76rveg6nz,failed,not_found,1036,DA60C85D526374C1DC8A8796E93F12F7CA3019F2,3076FB1CCEB8341322019AD26F69BFC0AA845334,18ECBFC3A6834CB67414640C7F1E765E542CED2C,FE4A7F1610111DF2F18A564F74F695D0964EC58E,2020-09-25 16:08:27.357000,2020-09-25 16:08:37.463000
rcskryq76rveg6nz,,,,,,,FE296180018833AF03A8EACD5894A614623D3F76,2020-09-25 16:08:37.464000,
j6iumdna2vgdcm7r,failed,not_found,787,DA60C85D526374C1DC8A8796E93F12F7CA3019F2,9423A72BBC8B5C6AC9DE9F57735EB2B08E4156E8,53412DCC555335B400DB72750ED0BE08D034D779,DCB6273B2D2AD09AAC021141136CD461994D1533,2020-09-25 16:08:16.013000,2020-09-25 16:08:18.750000
j6iumdna2vgdcm7r,failed,not_found,881,DA60C85D526374C1DC8A8796E93F12F7CA3019F2,2D418A89F79DB4A8E658BA549FBB974D1D22DD1A,C36A434DB54C66E1A97A5653858CE36024352C4D,DCB5A6BF7EC2D8277459E288115706286C4B9C86,2020-09-25 16:08:18.750000,2020-09-25 16:08:25.399000
j6iumdna2vgdcm7r,failed,not_found,986,DA60C85D526374C1DC8A8796E93F12F7CA3019F2,E81993EA52B73285CFFD02FEC003569D21483001,38D3D15DAD843AB99CC257ACBABD4FACF9A3F215,DCAA176F75B04287131C6D78B7CFDDAC6F2691D9,2020-09-25 16:08:25.399000,2020-09-25 16:08:32.089000
j6iumdna2vgdcm7r,,,,,,,DF445006932A7BA942F3EBB4457D7ABF2E4006E0,2020-09-25 16:08:32.090000,
h5listbwymv7kes3,failed,not_found,788,DA60C85D526374C1DC8A8796E93F12F7CA3019F2,4D568479B37A688769F410E9A914909E8CC2A5B8,5FD8DA8E88DADB97D132A56ADE73DB60F21A9393,53E29B5FB53C367EDDCCDDFE9EDFD2D3767B393C,2020-09-25 16:08:16.013000,2020-09-25 16:08:19.262000
h5listbwymv7kes3,failed,not_found,864,DA60C85D526374C1DC8A8796E93F12F7CA3019F2,509EAB4C5D10C9A9A24B4EA0CE402C047A2D64E6,B0DB2F173F0DB364BABF7A465D796B3C048F1F33,53D9056AA6A4C568674EB37ED018C978D0348B96,2020-09-25 16:08:19.263000,2020-09-25 16:08:22.818000
h5listbwymv7kes3,failed,not_found,958,DA60C85D526374C1DC8A8796E93F12F7CA3019F2,0D99F89BBB92BF5557F8D3F895DB218A72871089,44354E35E9F7F97AF27686D03B0D591686E35394,DFA40306BEA6EAF28CEF4AFED473A2877A90F9B5,2020-09-25 16:08:22.818000,2020-09-25 16:08:29.077000
h5listbwymv7kes3,,,,,,,53D79BBFEDB5DE1C3CF4839B2875859CE54D7BB1,2020-09-25 16:08:29.078000,
5bnuhvfv5m3r5e2c,failed,not_found,866,DA60C85D526374C1DC8A8796E93F12F7CA3019F2,703E952794CD9B055391A2372870C280CF7BDA19,20571FE948D23E8B62CEDE1B33298F1BF324EE17,5C221379E5782E7697377E7DB48F72B2F649E9E4,2020-09-25 16:08:17.111000,2020-09-25 16:08:23.391000
5bnuhvfv5m3r5e2c,failed,not_found,949,DA60C85D526374C1DC8A8796E93F12F7CA3019F2,EB6C53FB4F51C5E588A2B8FACFC77BB62028D130,D54247E35545388D9C42E4716EDC59F67907789F,BDC9320BFD8A469388095F7DAF1BC69CA0148FCF,2020-09-25 16:08:23.392000,2020-09-25 16:08:28.595000
5bnuhvfv5m3r5e2c,,,,,,,BDC1174C794B556C47B7CCE61FFE65FB16727B6C,2020-09-25 16:08:28.595000,
vleej2v4ntyt4j2q,failed,not_found,802,DA60C85D526374C1DC8A8796E93F12F7CA3019F2,99339F3E68BCCC1391BF14C821D80766FE0C5956,486740353B905AA4731F82C0B4CC25821A62C6E3,54A4820B46E65509BF3E2B892E66930A41759DE9,2020-09-25 16:08:17.147000,2020-09-25 16:08:19.874000
vleej2v4ntyt4j2q,failed,not_found,859,DA60C85D526374C1DC8A8796E93F12F7CA3019F2,59CF9A030CC61A4432564738F46E30DB06893494,CF6A6080091BB210AA3892FEFE2F6A396DA08DF3,54A35E582F9E178542ECCFA48DBE14F401729969,2020-09-25 16:08:19.874000,2020-09-25 16:08:22.590000
vleej2v4ntyt4j2q,failed,not_found,951,DA60C85D526374C1DC8A8796E93F12F7CA3019F2,85FB52CF11DC1F7DB0CF16F5F2F5939AA7736A86,BF37445EA2A9F3D04F4B87DFAC624AEF21B559D5,296A9A2C96249BC5D8CA8CF196EF5E3FCC80488E,2020-09-25 16:08:22.591000,2020-09-25 16:08:28.637000
vleej2v4ntyt4j2q,failed,not_found,1033,DA60C85D526374C1DC8A8796E93F12F7CA3019F2,1424000B86DF67D1FBFF685B204073BB9591CEFD,3A9443710224E5182895C342D1D36C1D460A1206,2935E0F03B71BE44F6F265FEF976E810BAAD6F4E,2020-09-25 16:08:28.637000,2020-09-25 16:08:36.990000
vleej2v4ntyt4j2q,,,,,,,295C5C7213AE400F16DF7303AF28B3AFE16E0F7D,2020-09-25 16:08:36.990000,
3zb5tzvitrpc4zmt,failed,not_found,803,DA60C85D526374C1DC8A8796E93F12F7CA3019F2,BFA905EA10DFD54A38A0C119FAE00182DE4C173B,38F0B34A86E19A2C65B20F95BFB0CBE40E3165C9,C3443C3A0F6FE548262EA987A955D5BD4FD27C24,2020-09-25 16:08:17.148000,2020-09-25 16:08:20.175000
3zb5tzvitrpc4zmt,failed,not_found,871,DA60C85D526374C1DC8A8796E93F12F7CA3019F2,E8BAE7393740A700D50B010DED9D9EC9A66B390D,F878E3AD594F013195A051CD1072BF33D543A235,C35C9FA3FC501BDC22A83FC05102733951E386D0,2020-09-25 16:08:20.175000,2020-09-25 16:08:23.329000
3zb5tzvitrpc4zmt,failed,not_found,942,DA60C85D526374C1DC8A8796E93F12F7CA3019F2,872B18761953254914F77C71846E8A2623C52591,861BCFDD148973985E7FE97C7455C9E4AC4E13BE,8EE44717FA55705C12086F3ECD1F8D9C8676FD05,2020-09-25 16:08:23.330000,2020-09-25 16:08:29.181000
3zb5tzvitrpc4zmt,,,,,,,8EE28EAF0874AF9B03EBBD79B5EB5059E2547355,2020-09-25 16:08:29.181000,
bwbf6wnrphwefw7b,failed,not_found,807,DA60C85D526374C1DC8A8796E93F12F7CA3019F2,6E3B4821305D96F167C392DBE5A13240D6CCE024,F0A3054C76604DC75D3F57F55C27F1BFB643F107,70FF4E669EC69F8E324537D05ADDAAED76303D8D,2020-09-25 16:08:17.231000,2020-09-25 16:08:20.085000
bwbf6wnrphwefw7b,failed,not_found,865,DA60C85D526374C1DC8A8796E93F12F7CA3019F2,4FF53BC47097B50DA5B68D72C5B25CC079F4A787,6245DC873D6F613C795D48663D65BD8A2266CAF6,71026B999E15ECC0BCCA56B972E210CCA76AD96A,2020-09-25 16:08:20.086000,2020-09-25 16:08:22.906000
bwbf6wnrphwefw7b,,,,,,,181B745BC37CA8DA49B01FAB3933747F99983656,2020-09-25 16:08:22.906000,
ucqr7t4tjuxtx5qg,failed,not_found,823,DA60C85D526374C1DC8A8796E93F12F7CA3019F2,A2E6BB5C391CD46B38C55B4329C35304540771F1,B576A394DFC12B7E900D643C900484765D58C30F,529CA3EB08AD6EC1791B5110AA3540A4CFA1197F,2020-09-25 16:08:18.241000,2020-09-25 16:08:20.717000
ucqr7t4tjuxtx5qg,failed,not_found,884,DA60C85D526374C1DC8A8796E93F12F7CA3019F2,67549C743EB7A9D06A75E37BEB82417EBB22E97F,288C100FFA656938C23F32207CAF0DA932ECD247,F44CDC27499333A14D55B8E28B9240BC8B206532,2020-09-25 16:08:20.718000,2020-09-25 16:08:24.056000
ucqr7t4tjuxtx5qg,failed,not_found,955,DA60C85D526374C1DC8A8796E93F12F7CA3019F2,F836446663F1EB816F13708955F105D0B2F5C8E0,E97D754577161C2BEF19042F6E1931D8F3E57DFE,529D9C84E0D6A6141D409C1B02DB81B2B8E8E973,2020-09-25 16:08:24.056000,2020-09-25 16:08:29.625000
ucqr7t4tjuxtx5qg,failed,not_found,1041,DA60C85D526374C1DC8A8796E93F12F7CA3019F2,BFD3FC19AD1F691C01B5392DE90D3510B8D1B886,43C83536DACCD110FF11E049A890064F6F87BEB2,52A022F16D8CDBF019E132F1538A1798F167973A,2020-09-25 16:08:29.626000,2020-09-25 16:08:37.994000
ucqr7t4tjuxtx5qg,,,,,,,F4594608272C82407E9D137F1AE89A408CCFD285,2020-09-25 16:08:37.994000,
b7kscgyxsjsucuif,failed,not_found,825,DA60C85D526374C1DC8A8796E93F12F7CA3019F2,835FFE642EFA3BB7936663D2365A15D319FB6226,8859E68A7C95BD5AB403F16DAD92681E184D3710,5E4D1E6D31413DCCC148A8050224578CBBF12883,2020-09-25 16:08:18.297000,2020-09-25 16:08:20.949000
b7kscgyxsjsucuif,failed,not_found,887,DA60C85D526374C1DC8A8796E93F12F7CA3019F2,F37374DB9FA6EF14CED64FD294E8D8683F032EC8,D9F061CC5EE68CC916586CF8522E73FFB8848C3F,3AD29FE1241B73595F99BA2C6D830AF0B6874043,2020-09-25 16:08:20.950000,2020-09-25 16:08:24.344000
b7kscgyxsjsucuif,failed,not_found,1003,DA60C85D526374C1DC8A8796E93F12F7CA3019F2,02758CD398E3F842EF82478078AAAE0273770DB2,C2C1DD3C0E1F370A53784792E4293A84483AEBBD,3AE9B85D5945000C2A65F4E054171928D5BDE91E,2020-09-25 16:08:24.345000,2020-09-25 16:08:35.068000
b7kscgyxsjsucuif,,,,,,,3AB334331819AC0BA1A8AFE002D4321672109CAC,2020-09-25 16:08:35.068000,
zu77d4iofr72o2r5,failed,not_found,833,DA60C85D526374C1DC8A8796E93F12F7CA3019F2,D245C3E824456945C6759599CB8A0547135A066D,F50CF02A0E6A9D9B25F7EB220FC26F7BD1B74999,9F2856F6D2B89AD4EF6D5723FAB167DB5A53519A,2020-09-25 16:08:18.297000,2020-09-25 16:08:22.121000
zu77d4iofr72o2r5,failed,not_found,911,DA60C85D526374C1DC8A8796E93F12F7CA3019F2,DE4EB74B8105751568A75649F6672A31F2A3DE20,A3AFBDEE30238E44899C9F8B7666D12B09C8EE32,19D353B8AA0927DF82CB26E0396C57BE27C0ACC5,2020-09-25 16:08:22.121000,2020-09-25 16:08:25.698000
zu77d4iofr72o2r5,failed,not_found,992,DA60C85D526374C1DC8A8796E93F12F7CA3019F2,B143D439B72D239A419F8DCE07B8A8EB1B486FA7,A99B0D9E5FD5BC3C8F2D006EC91F8C7F40E09CB8,9F5068310818ED7C70B0BC4087AB55CB12CB4377,2020-09-25 16:08:25.698000,2020-09-25 16:08:32.662000
zu77d4iofr72o2r5,,,,,,,9F688C46E0046AD2C026C18D9343252279E42535,2020-09-25 16:08:32.662000,
2qeyutvjiwsfxm5v,failed,not_found,827,DA60C85D526374C1DC8A8796E93F12F7CA3019F2,B149064611DC466405E1825956F36B202DCE6E4A,04A28A62F27D9C4A60F9ED0C4264E98B988C65A3,F7F9A2B28AC47F328DFECAA66C592719FCCE1E8E,2020-09-25 16:08:18.386000,2020-09-25 16:08:21.595000
2qeyutvjiwsfxm5v,failed,not_found,901,DA60C85D526374C1DC8A8796E93F12F7CA3019F2,225A8EA367DF3073433E0A845DDDA26D2357E4C6,D35682AB6E29D91AA030E03A9BEB42700D96A1EF,98E659B5B701076BE433B4723F20A1811739588A,2020-09-25 16:08:21.595000,2020-09-25 16:08:25.574000
2qeyutvjiwsfxm5v,failed,not_found,988,DA60C85D526374C1DC8A8796E93F12F7CA3019F2,DBE82FA23B9FE3CB2462A6FCF5289DED3CBF4AEE,B55B11A739C43396B10CC621D9C9F9D7F3A8CDE4,F7DAFA2D91F7E0A81C987D65E9062B65CC4DF660,2020-09-25 16:08:25.574000,2020-09-25 16:08:32.137000
2qeyutvjiwsfxm5v,,,,,,,98AEF7B834D688773CE2BCC5A32761A4943CF623,2020-09-25 16:08:32.137000,
xzr5qz4qadvii7fy,failed,not_found,845,DA60C85D526374C1DC8A8796E93F12F7CA3019F2,724E86E7F5DA715529DC0ECAA013AE4BDC680E4C,3239007CE1FB2ECDFDF2067DF23B949295DC5EF6,B340E3BA587E36462D8DE44DAE0F7CAB6748F064,2020-09-25 16:08:19.125000,2020-09-25 16:08:21.774000
xzr5qz4qadvii7fy,failed,not_found,906,DA60C85D526374C1DC8A8796E93F12F7CA3019F2,DA9E02BB8080E473157052F70439B7886AA8569D,38E48C9509E18F405749859EEF299EBC1B829602,68315A0AC5FB2DFE55943A2A174AB02535CDCFA6,2020-09-25 16:08:21.775000,2020-09-25 16:08:25.697000
xzr5qz4qadvii7fy,failed,not_found,991,DA60C85D526374C1DC8A8796E93F12F7CA3019F2,FD449127D30D8F5D124653D9EF736EDF4A12B4DC,6A1B4F8A87E327F4E115A385206C0880DB051B3B,B33BFA9AA0005730C1C0E8F7E6F53CF3C5716BD6,2020-09-25 16:08:25.697000,2020-09-25 16:08:34.446000
xzr5qz4qadvii7fy,,,,,,,B32B93C90DCAF0012328A8D55D621D26B186E11A,2020-09-25 16:08:34.447000,
qvujjlruexqnlks5,failed,not_found,846,DA60C85D526374C1DC8A8796E93F12F7CA3019F2,3EDD00245D93664A33A724BA377150E5531ED033,B058FBDEA69774C28EAC1111E167BC0AD4A904E0,EAF639CC9B126F1775F9D66FCC46DBCAF2485BFB,2020-09-25 16:08:19.126000,2020-09-25 16:08:22.322000
qvujjlruexqnlks5,failed,not_found,919,DA60C85D526374C1DC8A8796E93F12F7CA3019F2,525EE34C1A7B89AB9DF585246DE30E32702913F5,0122A605B7C170D6086143448273D9A9844B69E2,EAEFC00FDF96D24F75FC007A5623BD6A3A737423,2020-09-25 16:08:22.322000,2020-09-25 16:08:26.497000
qvujjlruexqnlks5,failed,not_found,1024,DA60C85D526374C1DC8A8796E93F12F7CA3019F2,A4F11D693FAB6E949B2B7C18153C3F7989896007,0B58A95E539FFA6C05C010F5C1DA35FB8038E3A8,EB44DEFA821E3672B955ED9B14E28C36F80C5FA8,2020-09-25 16:08:26.498000,2020-09-25 16:08:36.858000
qvujjlruexqnlks5,,,,,,,9E6BA60AFBF9A4946A52770ABCDFC95703DAD6CB,2020-09-25 16:08:36.858000,
7tfbq5w53aoipxvh,failed,not_found,847,DA60C85D526374C1DC8A8796E93F12F7CA3019F2,B143D439B72D239A419F8DCE07B8A8EB1B486FA7,2DF58694C18525A4892F514D01039BCF44A05433,F5DB8E33F8D351B600932251EFE67357485405F2,2020-09-25 16:08:19.179000,2020-09-25 16:08:21.914000
7tfbq5w53aoipxvh,failed,not_found,908,DA60C85D526374C1DC8A8796E93F12F7CA3019F2,211310CD09EC290505C1F24018AE5330076412A0,ABCD041C95994C8F82DE4DB464C9A778736A9BF6,EE859849E8D8EF083EEF2025555396A6C3552A8E,2020-09-25 16:08:21.915000,2020-09-25 16:08:26.242000
7tfbq5w53aoipxvh,failed,not_found,1020,DA60C85D526374C1DC8A8796E93F12F7CA3019F2,92E7BD70682F392900E4E2CDAE8B48635E9C9BE0,A2C6C931D8627C6605288970889DDB88C7BA2142,EE94030D02AF5A788C62EA56D483540C38460E10,2020-09-25 16:08:26.242000,2020-09-25 16:08:36.152000
7tfbq5w53aoipxvh,,,,,,,F5F4019509109A07E90C45A022CEED9ECA1643C8,2020-09-25 16:08:36.152000,
q6rnvlcpvymxkrbi,failed,not_found,849,DA60C85D526374C1DC8A8796E93F12F7CA3019F2,B71E68A80C5156745DDE7741F6DE5E3202ABD092,EE010EF80A27AC0B02CDC2B8B214A6201BB02D2B,9A5754CD0C987355EB3D8AD4BEF4A2A841740520,2020-09-25 16:08:19.181000,2020-09-25 16:08:22.232000
q6rnvlcpvymxkrbi,failed,not_found,917,DA60C85D526374C1DC8A8796E93F12F7CA3019F2,0E2EEC125A6AC8D5EBF5DB36B776A3DA5510E7A0,165532BF5B1A34DF60D74375409D632D6FBEF83F,9A75CC005CA0D92FFD3F96003B2524C20B053E28,2020-09-25 16:08:22.232000,2020-09-25 16:08:26.081000
q6rnvlcpvymxkrbi,failed,not_found,1016,DA60C85D526374C1DC8A8796E93F12F7CA3019F2,24352D30196BEFE5BB29A50923F79A2804527611,F00EC2E0A2CA79A57FE7A0918A087987747D772D,A0C5DDC55CECAFC31DC3909BCB344603E6A507CF,2020-09-25 16:08:26.081000,2020-09-25 16:08:35.966000
q6rnvlcpvymxkrbi,,,,,,,9A51C5D79C30B9F3B527EC77EF901DDAB76C3AB5,2020-09-25 16:08:35.966000,
sbqbvvhmwxglj5o5,failed,not_found,868,DA60C85D526374C1DC8A8796E93F12F7CA3019F2,0B555940D37DC849728841C0B290074E1A1BDCA8,129C9F6FDF8FBA4597E0E63F604E26EFBAF3A850,E8772C96285B90F835DC4FC7B3E740E28E53A09B,2020-09-25 16:08:20.148000,2020-09-25 16:08:23.822000
sbqbvvhmwxglj5o5,failed,not_found,953,DA60C85D526374C1DC8A8796E93F12F7CA3019F2,0745857B06337B7F343635608975972A9EC14901,61B8BDC91AA7BC9A05EB5A3D652FFF88C98E6911,FE547E7D1D2B3797EA07BECD5E75C85AA94A5E4A,2020-09-25 16:08:23.822000,2020-09-25 16:08:28.981000
sbqbvvhmwxglj5o5,,,,,,,FE4A7F1610111DF2F18A564F74F695D0964EC58E,2020-09-25 16:08:28.982000,
7m6bpd57iedez37o,failed,not_found,870,DA60C85D526374C1DC8A8796E93F12F7CA3019F2,816E0058746B155EADD0EBD85C0465E3C778051F,158581827034DEF1BAB1FC248D180165452E53D3,2BA2C8E96B2590E1072AECE2BDB5C48921BF8510,2020-09-25 16:08:20.175000,2020-09-25 16:08:23.682000
7m6bpd57iedez37o,failed,not_found,952,DA60C85D526374C1DC8A8796E93F12F7CA3019F2,9127D95DAA81291F26BE45B1A73E2F1145887B94,0D99F89BBB92BF5557F8D3F895DB218A72871089,2BB85DC5BD3C6F0D81A4F2B5882176C6BF7ECF5A,2020-09-25 16:08:23.682000,2020-09-25 16:08:28.465000
7m6bpd57iedez37o,failed,not_found,1040,DA60C85D526374C1DC8A8796E93F12F7CA3019F2,724E86E7F5DA715529DC0ECAA013AE4BDC680E4C,84F0FEBFDFA8FBC6A2EA27F87EBB31F050AFD04D,2BD1936E0B4D5BB615CF99B0CFF74EAF19426888,2020-09-25 16:08:28.465000,2020-09-25 16:08:37.605000
7m6bpd57iedez37o,,,,,,,5E56738E7F97AA81DEEF59AF28494293DFBFCCDF,2020-09-25 16:08:37.606000,
y4nkmhhjx5m3ojba,failed,not_found,872,DA60C85D526374C1DC8A8796E93F12F7CA3019F2,EC38686ACAC6E373BF3BE0847B3AD6299ABA4D91,876C7CE43774366250D3E768E690DAB9D4B5D5A3,FF9FC6D130FA26AE3AE8B23688691DC419F0F22E,2020-09-25 16:08:20.263000,2020-09-25 16:08:23.222000
y4nkmhhjx5m3ojba,failed,not_found,939,DA60C85D526374C1DC8A8796E93F12F7CA3019F2,43E187B8C7361F47EA968ED5389435865D7F4FE7,D8A2D0080B0C73E1DC0EC9F33B497F64E5FB3F52,76AB50C3EC0472A63AFB9A833A535FA6BD691478,2020-09-25 16:08:23.222000,2020-09-25 16:08:27.744000
y4nkmhhjx5m3ojba,failed,not_found,1037,DA60C85D526374C1DC8A8796E93F12F7CA3019F2,9B33C0437062F12DC137F757A745FC04CEA26231,D1F2C5C820B3F96BE6144CBFB84FDDF9D0EC0810,76D2EBA82BBCCA3DF9F254A9A8372A10A26F3D14,2020-09-25 16:08:27.744000,2020-09-25 16:08:36.713000
y4nkmhhjx5m3ojba,,,,,,,FF8F56B5E1A36341F84FF72927CEB3F0AC6BC6A9,2020-09-25 16:08:36.713000,
xbs5sdyqa4onv4bk,failed,not_found,945,DA60C85D526374C1DC8A8796E93F12F7CA3019F2,638D91FC9EF661348A6994D04C3499BC03F50BBE,3FEBFB6A491D30CACC2C2995EDB41717A6F94E95,E05CAC929E391787077066C29461A9D22ECF0809,2020-09-25 16:08:20.265000,2020-09-25 16:08:28.925000
xbs5sdyqa4onv4bk,,,,,,,E05EAB588285C01E8807F00A07CDBBC4662A58D9,2020-09-25 16:08:28.925000,
ii3spy4humkiggaj,failed,not_found,918,DA60C85D526374C1DC8A8796E93F12F7CA3019F2,00B57BF614F7ED3051073B5D4526FF0B23AF217B,4011E1BB0E5B9A22AF665B553BFFDDE22A517B16,6270D21D6CEF0A4B1ABEA0730983AAE08126701A,2020-09-25 16:08:21.229000,2020-09-25 16:08:26.679000
ii3spy4humkiggaj,failed,not_found,1025,DA60C85D526374C1DC8A8796E93F12F7CA3019F2,F5FF69763918E7107AFD712F49E16BCECAF550AC,DBE82FA23B9FE3CB2462A6FCF5289DED3CBF4AEE,62712B2C24A169B24336CD2FE2BE55DA67476C8B,2020-09-25 16:08:26.680000,2020-09-25 16:08:36.525000
ii3spy4humkiggaj,,,,,,,628732744F45C7C24B94E1E6221545E04BDF48E2,2020-09-25 16:08:36.525000,
qr3vgk57exn2w36w,failed,not_found,959,DA60C85D526374C1DC8A8796E93F12F7CA3019F2,81E18725397D620DA548ABBE24D9CD263DEF2FDC,005079A42356183CEA5A3ADD239303F44F12E7EA,138B95F9A10E8BEBA6B142ADAC7331765C61ACE4,2020-09-25 16:08:21.255000,2020-09-25 16:08:29.442000
qr3vgk57exn2w36w,,,,,,,139C86C4C9BC94E89BAF79B15EBFDF9396DD5BB0,2020-09-25 16:08:29.443000,
5hhe5yx6v7iwcxml,failed,not_found,895,DA60C85D526374C1DC8A8796E93F12F7CA3019F2,722BA3958D6F4B9A7CE927001CE7FED8625A749E,11DF0017A43AF1F08825CD5D973297F81AB00FF3,E36536404200A74930DB165858BD5BB554D2BEA2,2020-09-25 16:08:21.337000,2020-09-25 16:08:24.433000
5hhe5yx6v7iwcxml,failed,not_found,998,DA60C85D526374C1DC8A8796E93F12F7CA3019F2,1322D90EA6EDA85B3A8566F2C04F2D8C5C7C1EF1,3A8557B067FBE53F168BBEAA7D14D1298AE52A52,4B16758168D4F334BE11872F7B6BAE2E44664E5B,2020-09-25 16:08:24.433000,2020-09-25 16:08:31.974000
5hhe5yx6v7iwcxml,,,,,,,4B1B02A94C0315F0376E56A6AD3A93C7976E469F,2020-09-25 16:08:31.975000,
ml4plg33khsq7vtr,failed,not_found,897,DA60C85D526374C1DC8A8796E93F12F7CA3019F2,D7230F4F13324A28C308AF94E2385D0A7F1B05F9,FFA72BD683BC2FCF988356E6BEC1E490F313FB07,4A0E54E69343B7CF6138C118843CE860E8511F78,2020-09-25 16:08:21.338000,2020-09-25 16:08:25.948000
ml4plg33khsq7vtr,failed,not_found,997,DA60C85D526374C1DC8A8796E93F12F7CA3019F2,66BD39FE805AED414ADE400CAAD862C9CC3AC34E,E5CC91BAFE7CCD68003E873D32E38027638D49D7,49F906FA05DAADDDCA677B6C4BA196CAA1042E90,2020-09-25 16:08:25.949000,2020-09-25 16:08:32.661000
ml4plg33khsq7vtr,,,,,,,49F9A350864D030C1C9E325FD4208C155F5046E6,2020-09-25 16:08:32.662000,
ja37xvbufhmij3xk,failed,not_found,910,DA60C85D526374C1DC8A8796E93F12F7CA3019F2,C333C56EAAD404ACDDE2FB3A675C5F5DA46A81E2,0A7208B8903DD3FF5CDFA218A3823AF498CE69CE,5C9CA36D31340CA64BE095CF50ED71A50085A470,2020-09-25 16:08:22.088000,2020-09-25 16:08:25.949000
ja37xvbufhmij3xk,failed,not_found,993,DA60C85D526374C1DC8A8796E93F12F7CA3019F2,BD3FBEC1D67C48A2583DB378B92A59C5E9AB4DA2,C63110BDD8736D2C2A733FF962F58D58FDE63A2D,5C9A66F40A63D9C8DF9700E6DF9E1FD47D8AD317,2020-09-25 16:08:25.949000,2020-09-25 16:08:31.716000
ja37xvbufhmij3xk,,,,,,,F68A76522D356F89BEC286889A3822250567BE2E,2020-09-25 16:08:31.716000,
tblpe5epnweiz52r,failed,not_found,914,DA60C85D526374C1DC8A8796E93F12F7CA3019F2,E7C1FAFB7525149A0E911512F511D942BA5EEAAF,2DE7F6294336C47C0BDF8F10856F548348B2FB63,2151722FC89329E9FA40448FA875B9B459901E66,2020-09-25 16:08:22.122000,2020-09-25 16:08:26.079000
tblpe5epnweiz52r,failed,not_found,1011,DA60C85D526374C1DC8A8796E93F12F7CA3019F2,929BF37C657D4F69C76324E5FEA760A62483813B,71DF8174D809D862445BFCB89F5A0980099947EC,213F2B4AB09EE6FF8CA21B804B2E1BD8835088D3,2020-09-25 16:08:26.079000,2020-09-25 16:08:32.601000
tblpe5epnweiz52r,,,,,,,21310F48066A4CAADEB2BFD324F0B38F8E1448D6,2020-09-25 16:08:32.601000,
otxzzd6wucn6ml4v,failed,not_found,915,DA60C85D526374C1DC8A8796E93F12F7CA3019F2,47C362713928A711FC105AF54993576E41CB1B7F,7992F172EDBE69B99F0190651BAC14DD0FD9E5C8,046F2D59A85FAE693676A87533717C57436261C2,2020-09-25 16:08:22.162000,2020-09-25 16:08:26.390000
otxzzd6wucn6ml4v,failed,not_found,1023,DA60C85D526374C1DC8A8796E93F12F7CA3019F2,B8805CBDBE91A5E68D268FC62DC617B5BD7CC9E7,FCF61C25093BB33BAA203D8EE7E65466D42ECF98,0443D98C0C44D3E0E6238790345DB5624DB41B28,2020-09-25 16:08:26.391000,2020-09-25 16:08:36.086000
otxzzd6wucn6ml4v,,,,,,,0451F142D2EF187FABB9A9A17725DA6C51BA3978,2020-09-25 16:08:36.086000,
bt5rz567evmyydug,failed,not_found,1001,DA60C85D526374C1DC8A8796E93F12F7CA3019F2,EEFFC0D532AB63BB3E9CAEADA822971F6D3AE8D6,1C7215BC0123DDA23BDED0F9D2849D3AD80183CB,05C383DC813C464B7132569722BE5243A9FF735C,2020-09-25 16:08:22.162000,2020-09-25 16:08:32.452000
bt5rz567evmyydug,,,,,,,D91F295BFAF865BF76DA0820485B6650DD832DC5,2020-09-25 16:08:32.454000,
poivudnxcgtehoeg,failed,not_found,966,DA60C85D526374C1DC8A8796E93F12F7CA3019F2,836460C721577873AD1FF8AB000112A9360EB3A0,F878E3AD594F013195A051CD1072BF33D543A235,DEF3365F1C012F80E56877B5EF05CE72BDEB0CCC,2020-09-25 16:08:23.188000,2020-09-25 16:08:29.573000
poivudnxcgtehoeg,,,,,,,79B207AD51842FA215D956B9307B3D01CD347368,2020-09-25 16:08:29.573000,
scurshb6os5jcj7v,failed,not_found,948,DA60C85D526374C1DC8A8796E93F12F7CA3019F2,1A3AC11BF85CE386E19863F5CDF7769BA30E4A06,A2C6C931D8627C6605288970889DDB88C7BA2142,6B6B3650F2FF83BD767AD84838600C62F937558B,2020-09-25 16:08:23.189000,2020-09-25 16:08:28.925000
scurshb6os5jcj7v,,,,,,,B81B38902BF026BF2591CA2D73B99CEEB03F0869,2020-09-25 16:08:28.926000,
xh3zvuxvtlxe6dac,failed,not_found,938,DA60C85D526374C1DC8A8796E93F12F7CA3019F2,EE010EF80A27AC0B02CDC2B8B214A6201BB02D2B,5C8B811887778DCF705F3D39F19E40A21889451F,41D2F6D866E7638138CF9F282A280F96BD020D25,2020-09-25 16:08:23.189000,2020-09-25 16:08:28.346000
xh3zvuxvtlxe6dac,failed,not_found,1039,DA60C85D526374C1DC8A8796E93F12F7CA3019F2,40C773D9F2B16143CDB2ADB661DDC6BB12EF3E2C,6DA5D1B9B239501838E19CC0ACBAFAE737AEEC5B,3910C5CA0CC5AFE22C709DF471A2B5B6B4AEDC98,2020-09-25 16:08:28.346000,2020-09-25 16:08:37.826000
xh3zvuxvtlxe6dac,,,,,,,419C3FC74B87C36EEE3AD9140ED3ECE429825CF5,2020-09-25 16:08:37.827000,
gpywvuq4evupx6ed,failed,not_found,940,DA60C85D526374C1DC8A8796E93F12F7CA3019F2,AE17FAAF8F302A506AF2167666EC62882804403F,80AB167E463DC977F0B02D6880E63DC298029875,49877399DD0E82FE123148361038823368F77193,2020-09-25 16:08:23.254000,2020-09-25 16:08:29.267000
gpywvuq4evupx6ed,,,,,,,03C8B603AEBEC0AC4C1F73E3B0CC96A02A04D83D,2020-09-25 16:08:29.267000,
igvai3ufpphxq4i6,failed,not_found,989,DA60C85D526374C1DC8A8796E93F12F7CA3019F2,47A83EC4D144FB8094A57DC5AEB39E9F6F174036,A6E0F950CAC74AF867CA21976069529D6D4D3E30,1CBFDCABD9012B06471FF868FE02B6BCC0133520,2020-09-25 16:08:24.138000,2020-09-25 16:08:33.524000
igvai3ufpphxq4i6,,,,,,,1CD17CB202063C51C7DAD3BACEF87ECE81C2350F,2020-09-25 16:08:33.524000,
jswk2y4c6577gp35,failed,not_found,964,DA60C85D526374C1DC8A8796E93F12F7CA3019F2,C5A1D5B7CB0D12A7B7334F2915134E6DA8F5C46D,E459E02374D0385D2E2515CBBE707EA208966BCF,C8F402FDF89E5B51D862AD68D8C17DFA5A371BA0,2020-09-25 16:08:24.139000,2020-09-25 16:08:29.351000
jswk2y4c6577gp35,,,,,,,C8FB78B704A62F01CDBC90004783D3C227874028,2020-09-25 16:08:29.351000,
mlbbi63gowmbhkb2,failed,not_found,965,DA60C85D526374C1DC8A8796E93F12F7CA3019F2,06432D1B5A7C132071626D186D7F1A429C5BBED9,40CDE936B04B4573A47223396006443CA5EAC845,C7E332093AD8D8CBBED8AA6136BDDBC337A87BF4,2020-09-25 16:08:24.228000,2020-09-25 16:08:29.352000
mlbbi63gowmbhkb2,,,,,,,C7D48FA375F1DE6EA39FD95333A7475BBD83931D,2020-09-25 16:08:29.352000,
rkn4qqnutgboo2jy,failed,not_found,994,DA60C85D526374C1DC8A8796E93F12F7CA3019F2,58332DDDA15415CB3D13F5ECA3D54BE961B8C458,E39A758BD81DD27E8AA27998688E816D0A13DC82,6F7E602D79D16C871F8984B98658F2C9928F2FD9,2020-09-25 16:08:24.230000,2020-09-25 16:08:32.231000
rkn4qqnutgboo2jy,,,,,,,8DE1211901C33379BB9C57E27BED368FF6D45127,2020-09-25 16:08:32.231000,
gevvpttq4flge2qk,failed,not_found,1008,DA60C85D526374C1DC8A8796E93F12F7CA3019F2,BCD2F039FC8B8F1D33742E72E15D710F777F664E,EE7CD2A763435C7006095BD167C790ABE5BC4DEA,4C8B019E2B132FDD831419E13F59E7B7FA80476A,2020-09-25 16:08:25.138000,2020-09-25 16:08:32.288000
gevvpttq4flge2qk,,,,,,,C63D7C4FAE5424D6286411D33497A2191882EB0A,2020-09-25 16:08:32.289000,
u2osh6vqdypjy3ma,failed,not_found,1009,DA60C85D526374C1DC8A8796E93F12F7CA3019F2,3D615DEF97F387631F50201FAFA6E7B67FDF3FEF,8A5E7C2D09835974B4D58252BAD51FD8AD54F9CE,3CAA25A190B2F030DE86D0E99329E4D399472FB4,2020-09-25 16:08:25.253000,2020-09-25 16:08:32.350000
u2osh6vqdypjy3ma,,,,,,,3CB4193EF4E239FCEDC4DC43468E0B0D6B67ACC3,2020-09-25 16:08:32.385000,
bpe6qyhkcbaqzgji,failed,not_found,1010,DA60C85D526374C1DC8A8796E93F12F7CA3019F2,823183CEB754CDE8E76A3722D783CA031E7E160A,0C039F35C2E40DCB71CD8A07E97C7FD7787D42D6,68701181F3F08C0D13E6460CFB149E010104EF03,2020-09-25 16:08:25.261000,2020-09-25 16:08:32.502000
bpe6qyhkcbaqzgji,,,,,,,68514D6AF3A500C61E5C8A03B0C1E1ADDAC62462,2020-09-25 16:08:32.503000,
vg4uikzst3ckdcju,failed,not_found,967,DA60C85D526374C1DC8A8796E93F12F7CA3019F2,625743FAF41B791AAFC2D4BF859DA4AAA2E81FE7,74F44514E060866912DFFE1554D0D135C9DC5148,90FD830C357A5109AB3C505287713F1AC811174C,2020-09-25 16:08:25.286000,2020-09-25 16:08:29.713000
vg4uikzst3ckdcju,,,,,,,A2CD32D9D0668DB764AD68C745CE29693CA851B9,2020-09-25 16:08:29.714000,
ixtocn4thag4vrrf,failed,not_found,1018,DA60C85D526374C1DC8A8796E93F12F7CA3019F2,4CE6D83FFA8AD24767007E8C972F371F2468F09A,645C3F0545E0975A49F69EC272C0C3EA28586825,9BB6624A2DE95FC73CCC46C034A83494172EE4D3,2020-09-25 16:08:26.242000,2020-09-25 16:08:36.857000
ixtocn4thag4vrrf,,,,,,,9BAAA9CBA3109C2C807F2E84D5C9C0C8C147DCE6,2020-09-25 16:08:36.858000,
u3lnxiu7f3lthxum,failed,not_found,1019,DA60C85D526374C1DC8A8796E93F12F7CA3019F2,9A48EC8AAFB2E8C9E20408596383DB74F1196747,24F97F98C45E4754655BE66799049763DAEE99CE,B7ECD9C6A910A170B55165742049CBCC777494F2,2020-09-25 16:08:26.242000,2020-09-25 16:08:35.196000
u3lnxiu7f3lthxum,,,,,,,B7D773E2196DB5B4129D3C050C063DB0F8DF91A5,2020-09-25 16:08:35.196000,
vygukz2scgjbsuox,failed,not_found,1015,DA60C85D526374C1DC8A8796E93F12F7CA3019F2,39CF2F22E5018C01FD57DEB1AB8FDFA4592633FB,A678DA60A6C7CB746553430D84AF45272ECDDA95,1C41B62A48C9B86E2D0AA6C27F25D73CCC848D83,2020-09-25 16:08:26.324000,2020-09-25 16:08:34.294000
vygukz2scgjbsuox,,,,,,,1C70C2AA7F3772CE07C4EF6B18A6E330150372EE,2020-09-25 16:08:34.294000,
soieg6t3lagj4tfq,failed,not_found,1022,DA60C85D526374C1DC8A8796E93F12F7CA3019F2,8056080EE822B5CA1A8FFF52B7242A82C5E42FBB,FFA72BD683BC2FCF988356E6BEC1E490F313FB07,9E4CC64C4F94C359D43C5BA09094323FDBEFD975,2020-09-25 16:08:26.332000,2020-09-25 16:08:35.611000
soieg6t3lagj4tfq,,,,,,,B7A115C65ED1AA30C15E11A19A68EB5AAE7ED0C4,2020-09-25 16:08:35.611000,
aqqltolsieekyy75,failed,not_found,1030,DA60C85D526374C1DC8A8796E93F12F7CA3019F2,2DE6CA505E2FEDA6547B641A96C0B5C38E9F9F4C,855BC2DABE24C861CD887DB9B2E950424B49FC34,04A28A62F27D9C4A60F9ED0C4264E98B988C65A3,2020-09-25 16:08:27.022000,2020-09-25 16:08:35.906000
aqqltolsieekyy75,,,,,,,046F2D59A85FAE693676A87533717C57436261C2,2020-09-25 16:08:35.907000,
joomr4rticbb7zmf,failed,not_found,1031,DA60C85D526374C1DC8A8796E93F12F7CA3019F2,03DC081E4409631006EFCD3AF13AFAAF2B553FFC,875F74A3DC14737BECA06F8B500022154D1A29D1,30D457317789E20449CBC12E02F5658FA23E0BEE,2020-09-25 16:08:27.065000,2020-09-25 16:08:36.344000
joomr4rticbb7zmf,,,,,,,30C19B81981F450C402306E2E7CFB6C3F79CB6B2,2020-09-25 16:08:36.344000,
fdutfo3lsfgugsqy,failed,not_found,1032,DA60C85D526374C1DC8A8796E93F12F7CA3019F2,EE7CD2A763435C7006095BD167C790ABE5BC4DEA,6C71AC0B8FB6E0255C100DCAE0C283FB3F2F1CC2,60769652C04712912E6E21CED1F08DC797789A75,2020-09-25 16:08:27.065000,2020-09-25 16:08:36.343000
fdutfo3lsfgugsqy,,,,,,,038C30D2AD053147C91EFB1291527ED621D7D1B1,2020-09-25 16:08:36.343000,
mynzpdgh5jp526eu,failed,not_found,1034,DA60C85D526374C1DC8A8796E93F12F7CA3019F2,50A39337EC55FC25E863868E80771220E468FC4C,E8BAE7393740A700D50B010DED9D9EC9A66B390D,318CB7FC0EAEB92311EB51B5B78E3CAD45EBCF21,2020-09-25 16:08:27.066000,2020-09-25 16:08:37.192000
mynzpdgh5jp526eu,,,,,,,CEFBCB5FCE5FB37784AD489BCDEC46F1D59C06CB,2020-09-25 16:08:37.193000,
tnlk6qbfyrcwmdel,failed,not_found,1021,DA60C85D526374C1DC8A8796E93F12F7CA3019F2,1CD48F4ED0F1821FFBF1940802A13EEFD4C27502,842B1F6C4B9E41FC9059DF675C5DF5BDA9F0FC73,6D72E970EB5218702C854BE250EC0663CC14D9BD,2020-09-25 16:08:28.466000,2020-09-25 16:08:35.849000
tnlk6qbfyrcwmdel,,,,,,,6D6EC2A2E2ED8BFF2D4834F8D669D82FC2A9FA8D,2020-09-25 16:08:35.850000,
grb25olcgxkwdad6,failed,not_found,1042,DA60C85D526374C1DC8A8796E93F12F7CA3019F2,40CDE936B04B4573A47223396006443CA5EAC845,A99B0D9E5FD5BC3C8F2D006EC91F8C7F40E09CB8,4B170476D09459328438F3E68ED19516C9F75A80,2020-09-25 16:08:28.467000,2020-09-25 16:08:39.406000
grb25olcgxkwdad6,,,,,,,6E66D978514FF86CDEF01FE30C23A1002925AA02,2020-09-25 16:08:39.407000,
t5q6mzpy4a5tbdza,failed,not_found,956,DA60C85D526374C1DC8A8796E93F12F7CA3019F2,F674AF7E68B3FC870A6B9278536EE0CAC2BE541D,12D552E8AF7AA2B71B218B5BBF6A5FEFA6F26BA0,C2A3F4315DEC7F4E31D18818E1002B0C6A2E5535,2020-09-25 16:08:28.592000,2020-09-25 16:08:39.405000
t5q6mzpy4a5tbdza,,,,,,,C291114640EA333A6AC5801B5E0EC95C012DFE6B,2020-09-25 16:08:39.405000,
y5is3eo4kd6ubmca,failed,not_found,1044,DA60C85D526374C1DC8A8796E93F12F7CA3019F2,A1699AF5D7E0294E45D42FFA697F762BA26340E9,F0C9513539800F762ECAE37F16370D7CBA5E52C2,7AB8B08DF8B90D108EFC37D74CA90A7B939A023D,2020-09-25 16:08:28.593000,2020-09-25 16:08:39.187000
y5is3eo4kd6ubmca,,,,,,,7ABA39F796B24333F85FA500A057DE9D700E1534,2020-09-25 16:08:39.187000,
owm5zhniubpqgecz,,,,,,,1EDE608C5E190C8682A2F827664E758416104670,2020-09-25 16:08:29.181000,
lf4ehokmhjdzhhzl,,,,,,,44FAF1249D46C79CE33A5234D8501261C40E670D,2020-09-25 16:08:29.266000,
wxrkardiii4vxfcd,,,,,,,49CA9262801E9DC9B414A143A58A68255149367A,2020-09-25 16:08:29.266000,
naqtcnxppff2myuc,,,,,,,957354D72042719C310A907FBFE42A3232C78757,2020-09-25 16:08:29.267000,
ecqi3purq7xqufcb,,,,,,,259078C74CB230969A6AFCD8535C0B35AECFF868,2020-09-25 16:08:30.015000,
w2vfs264qwo4zx4z,,,,,,,061E0496931D23A81A2B685C9339D36857DD0FA1,2020-09-25 16:08:30.064000,
npo2fuqjlqdszibf,,,,,,,FBCD5D8428C342B02D94156F52358B02B3F2E519,2020-09-25 16:08:30.152000,
5rnm6iz7jqaa4rlm,,,,,,,E351F94CF18E8CE8837549497B48559FA9D8B229,2020-09-25 16:08:30.257000,
72tg565i2uwjbj6s,,,,,,,EF6604B95A942F1C7AD807DF10F93B9E00C47A6B,2020-09-25 16:08:31.543000,
5hxepqxlojrzyrjy,,,,,,,4B582F3F4BB4DE56D7728DEB22AA255350870F98,2020-09-25 16:08:31.715000,
3474rojwz2uealkj,,,,,,,34DF8443F6ACD1A543AAA10A7621A389E31A4422,2020-09-25 16:08:31.716000,
wqtyrk6ibxoasbdr,,,,,,,945AA2F6C2EC644B533D048C79E035A6CF092C4F,2020-09-25 16:08:31.759000,
goha7vgurqvb2ngx,,,,,,,1D8ED54EA9DF2D46558AD0096DD5D9DD297F13A8,2020-09-25 16:08:32.182000,
y6l353eafuvwcav3,,,,,,,8DF22EEAAE24835783E0581FB2C7CFFE80A5C070,2020-09-25 16:08:32.183000,
mgahkp3wiv32fta3,,,,,,,435B0937725ECC8252F906800E46C90974408B63,2020-09-25 16:08:32.183000,
ohpcfnx6l2j74byi,,,,,,,C6604D457AC319E53DC314B81F0EF9D16CB937A0,2020-09-25 16:08:32.232000,
phncsjes5jrgokhl,,,,,,,025B66CEBC070FCB0519D206CF0CF4965C20C96E,2020-09-25 16:08:33.221000,
oat4vi3rc6igcftj,,,,,,,5F276A6F7AA74AFB2AF100EADA28C7A6F48BA50F,2020-09-25 16:08:33.222000,
mncld5tbghidftdl,,,,,,,D408EA531AA2FA90F25BD14283D38FDBB2094BA3,2020-09-25 16:08:33.222000,
jafe73u24pbuvpff,,,,,,,FBBC3BD58B471F6227DC0F05265C6A37C770905F,2020-09-25 16:08:33.327000,
xobys6ugf3hmentg,,,,,,,4089AFC68F3CBEA8D135F5D7110DAA8A14F3928B,2020-09-25 16:08:34.694000,
ns7byidhxrogl65j,,,,,,,ECD596275BBD4B19157001E84C5726DB44783DA5,2020-09-25 16:08:34.694000,
flpezgk2c34swjbq,,,,,,,D195E5CE8AE77BAC91673E6CFB7BD0AF57281646,2020-09-25 16:08:34.825000,
u4cvz3etb3z4ngic,,,,,,,4B1B02A94C0315F0376E56A6AD3A93C7976E469F,2020-09-25 16:08:34.945000,
ucp5egs3akazggza,,,,,,,173EBA1FACA59718499AE8023187E5F95E8BF1C7,2020-09-25 16:08:35.375000,
s4o3qwrre57zll5h,,,,,,,64FC9B3852BA7EC74E79BD4099D850C338009E77,2020-09-25 16:08:35.485000,
jplbkocrwawjvrq6,,,,,,,06D0FB9C6860E8D7FB99EA310A016707AFAA71CE,2020-09-25 16:08:35.485000,
eivpndq5hz4zrn57,,,,,,,F2E60DE0F39BEA826B50EB619A014ADCE9619359,2020-09-25 16:08:35.527000,
q4f5sl4aolyauazw,,,,,,,82B94663F141978FB2252A166A7FCFF0BA3A1701,2020-09-25 16:08:36.224000,
avkhg5lhwp7ynldb,,,,,,,BA9D7FB9AB4ED0FBCA56941DA22CF7770BA1A4BC,2020-09-25 16:08:36.343000,
ttiwef4d5bnqa7bl,,,,,,,19D353B8AA0927DF82CB26E0396C57BE27C0ACC5,2020-09-25 16:08:36.343000,
mjj6kjnmek7npc5b,,,,,,,AFE05115595A1D028E91AD41F6A07239DB04CEBC,2020-09-25 16:08:36.344000,
3c3vqbzkdroqsnzb,,,,,,,88AE3BC088396F1D3FCC4F2F588C0DC837599D20,2020-09-25 16:08:37.257000,
x4nezh4eue7haplz,,,,,,,CC33FBAF8FC92A8EC28913F7C9B1B092BB2C9897,2020-09-25 16:08:37.394000,
2rbkq6mkji7ugsj3,,,,,,,81A1D777C023EBB1DEE9E7FA8735629BA8F7497C,2020-09-25 16:08:37.394000,
zyya3edmsi6ugj7x,,,,,,,72A33E374DE5AD1E617394896F0FD8B092D3E7C4,2020-09-25 16:08:37.395000,
jz6r6pur3zccxoq5,,,,,,,5D263037FC175596B3A344132B0B755EB8FB1D1C,2020-09-25 16:08:38.429000,
d7a55b26kepizhob,,,,,,,3F065BB0B02FB2303E144383D16C47A7DED75AE7,2020-09-25 16:08:38.575000,
bwwqw4psc7ruyznn,,,,,,,425835370C1FBE178C21CB53C76672F12BDE091A,2020-09-25 16:08:38.575000,
5zqyjgryjgbuknyu,,,,,,,A541C211909264081DC3A4F8E105F06139DDCD8B,2020-09-25 16:08:38.727000,
cewrl4vcbgemr3j6,,,,,,,D405FCCF06ADEDF898DF2F29C9348DCB623031BA,2020-09-25 16:08:39.638000,
vqbjdehm5fuadgsw,,,,,,,F1B6FA0ED8C60E9C7317AF027E7C0E5C1AE1DD39,2020-09-25 16:08:39.638000,
ddekkfhbr4nt6omt,,,,,,,4BC2C524ADCEE939E6EB0863813DCC98D4C87D44,2020-09-25 16:08:39.862000,
b7v54ilthe4parl6,,,,,,,3D7B08458C7BC081358BC9FAA4FFB2593FFE0576,2020-09-25 16:08:39.937000,
